# minsup
1
# graph
G_portein_file\CDK2\2UZD.pdb
# node ID, label
0 A
1 A
2 A
3 A
4 A
5 A
6 A
7 A
8 A
9 A
10 A
11 A
12 A
13 A
14 A
15 A
16 A
17 A
18 A
19 A
20 A
21 A
22 A
23 A
24 A
25 A
26 A
27 A
28 A
29 A
30 A
31 A
32 A
33 A
34 A
35 A
36 A
37 A
38 A
39 A
40 A
41 A
42 A
43 A
44 A
45 A
46 A
47 A
48 A
49 A
50 A
51 A
52 A
53 A
54 A
55 C
56 C
57 C
58 C
59 D
60 D
61 D
62 D
63 D
64 D
65 D
66 D
67 D
68 D
69 D
70 D
71 D
72 D
73 D
74 D
75 D
76 D
77 D
78 D
79 D
80 D
81 E
82 E
83 E
84 E
85 E
86 E
87 E
88 E
89 E
90 E
91 E
92 E
93 E
94 E
95 E
96 E
97 E
98 E
99 E
100 E
101 E
102 E
103 E
104 E
105 F
106 F
107 F
108 F
109 F
110 F
111 F
112 F
113 F
114 F
115 F
116 F
117 F
118 F
119 F
120 F
121 F
122 F
123 F
124 F
125 F
126 F
127 F
128 F
129 F
130 F
131 F
132 F
133 F
134 F
135 F
136 G
137 G
138 G
139 G
140 G
141 G
142 G
143 G
144 G
145 G
146 G
147 G
148 G
149 G
150 G
151 G
152 G
153 G
154 G
155 G
156 G
157 G
158 G
159 H
160 H
161 H
162 H
163 H
164 H
165 H
166 H
167 H
168 H
169 H
170 H
171 H
172 H
173 H
174 H
175 H
176 H
177 H
178 I
179 I
180 I
181 I
182 I
183 I
184 I
185 I
186 I
187 I
188 I
189 I
190 I
191 I
192 I
193 I
194 I
195 I
196 I
197 I
198 I
199 I
200 I
201 I
202 I
203 I
204 I
205 I
206 I
207 I
208 I
209 I
210 I
211 I
212 I
213 K
214 K
215 K
216 K
217 K
218 K
219 K
220 K
221 K
222 K
223 K
224 K
225 K
226 K
227 K
228 K
229 K
230 K
231 K
232 K
233 K
234 K
235 K
236 K
237 K
238 L
239 L
240 L
241 L
242 L
243 L
244 L
245 L
246 L
247 L
248 L
249 L
250 L
251 L
252 L
253 L
254 L
255 L
256 L
257 L
258 L
259 L
260 L
261 L
262 L
263 L
264 L
265 L
266 L
267 L
268 L
269 L
270 L
271 L
272 L
273 L
274 L
275 L
276 L
277 L
278 L
279 L
280 L
281 L
282 L
283 L
284 L
285 L
286 L
287 L
288 L
289 L
290 L
291 L
292 L
293 L
294 L
295 L
296 L
297 L
298 L
299 L
300 L
301 L
302 L
303 L
304 L
305 L
306 L
307 L
308 L
309 L
310 L
311 L
312 L
313 L
314 L
315 L
316 L
317 L
318 L
319 L
320 L
321 L
322 L
323 L
324 L
325 L
326 L
327 L
328 L
329 L
330 L
331 L
332 L
333 L
334 L
335 L
336 L
337 L
338 L
339 L
340 L
341 L
342 L
343 L
344 M
345 M
346 M
347 M
348 M
349 M
350 M
351 M
352 M
353 M
354 M
355 M
356 M
357 M
358 N
359 N
360 N
361 N
362 N
363 N
364 N
365 N
366 N
367 N
368 N
369 N
370 N
371 N
372 N
373 N
374 N
375 N
376 N
377 P
378 P
379 P
380 P
381 P
382 P
383 P
384 P
385 P
386 P
387 P
388 P
389 P
390 P
391 P
392 P
393 P
394 P
395 P
396 P
397 P
398 P
399 P
400 P
401 P
402 Q
403 Q
404 Q
405 Q
406 Q
407 Q
408 Q
409 Q
410 Q
411 Q
412 Q
413 Q
414 Q
415 Q
416 Q
417 Q
418 Q
419 Q
420 Q
421 Q
422 R
423 R
424 R
425 R
426 R
427 R
428 R
429 R
430 R
431 R
432 R
433 R
434 R
435 R
436 R
437 R
438 R
439 R
440 R
441 R
442 R
443 R
444 R
445 R
446 R
447 R
448 R
449 R
450 R
451 S
452 S
453 S
454 S
455 S
456 S
457 S
458 S
459 S
460 S
461 S
462 S
463 S
464 S
465 S
466 S
467 S
468 S
469 S
470 S
471 S
472 S
473 S
474 S
475 S
476 S
477 S
478 S
479 S
480 S
481 S
482 S
483 T
484 T
485 T
486 T
487 T
488 T
489 T
490 T
491 T
492 T
493 T
494 T
495 T
496 T
497 T
498 T
499 T
500 T
501 T
502 T
503 T
504 T
505 T
506 T
507 T
508 T
509 V
510 V
511 V
512 V
513 V
514 V
515 V
516 V
517 V
518 V
519 V
520 V
521 V
522 V
523 V
524 V
525 V
526 V
527 V
528 V
529 V
530 V
531 V
532 V
533 V
534 V
535 V
536 V
537 V
538 V
539 V
540 V
541 V
542 V
543 V
544 V
545 V
546 V
547 V
548 V
549 V
550 V
551 W
552 W
553 W
554 W
555 W
556 W
557 W
558 W
559 Y
560 Y
561 Y
562 Y
563 Y
564 Y
565 Y
566 Y
567 Y
568 Y
569 Y
570 Y
571 Y
572 Y
573 Y
574 Y
575 Y
576 Y
577 Y
# node ID1, node ID2, number of bounds
1 0 1
6 2 1
7 6 1
9 8 1
11 3 1
11 9 1
12 3 1
12 11 1
13 3 1
13 11 1
13 12 1
14 11 1
14 12 1
14 13 1
17 16 1
18 16 1
18 17 1
19 16 1
19 17 1
19 18 1
20 7 1
20 19 1
21 16 1
21 20 1
23 22 1
24 22 1
24 23 1
25 22 1
25 23 1
25 24 1
27 26 1
30 29 1
35 34 1
37 36 1
39 38 1
40 31 1
40 37 1
41 31 1
41 40 1
42 31 1
42 40 1
42 41 1
43 40 1
43 41 1
43 42 1
46 45 1
47 45 1
47 46 1
48 45 1
48 46 1
48 47 1
49 35 1
49 48 1
50 45 1
50 49 1
52 51 1
53 51 1
53 52 1
54 51 1
54 52 1
54 53 1
55 3 1
55 6 1
55 7 1
55 11 1
56 8 1
56 10 1
57 31 1
57 34 1
57 35 1
57 40 1
58 36 1
58 38 1
58 39 1
60 5 1
60 6 1
61 5 1
61 6 1
61 60 1
62 8 1
62 9 1
62 11 1
62 60 1
64 9 1
66 15 1
67 16 1
68 20 1
68 21 1
69 15 1
70 33 1
71 29 1
71 30 1
72 33 1
72 34 1
73 33 1
73 34 1
73 72 1
74 36 1
74 37 1
74 40 1
74 72 1
76 36 1
76 37 1
78 44 1
79 45 1
80 49 1
80 50 1
81 0 1
82 2 1
82 6 1
82 61 1
83 1 1
83 59 1
83 81 1
84 8 1
84 9 1
84 64 1
85 10 1
85 56 1
86 63 1
87 66 1
88 16 1
88 19 1
89 7 1
89 19 1
89 20 1
89 88 1
90 19 1
90 88 1
90 89 1
91 17 1
91 18 1
92 22 1
92 23 1
92 25 1
92 66 1
92 69 1
93 26 1
94 28 1
94 33 1
94 34 1
94 73 1
95 27 1
95 93 1
96 36 1
96 37 1
96 76 1
97 38 1
97 39 1
97 58 1
98 75 1
98 76 1
99 78 1
100 45 1
100 48 1
101 35 1
101 48 1
101 49 1
101 100 1
102 48 1
102 100 1
102 101 1
103 46 1
103 47 1
104 51 1
104 52 1
104 54 1
105 1 1
105 5 1
105 59 1
105 83 1
106 0 1
106 1 1
106 81 1
106 83 1
106 105 1
107 11 1
107 13 1
107 14 1
108 3 1
108 11 1
108 55 1
108 65 1
109 2 1
109 5 1
109 6 1
109 60 1
109 61 1
109 82 1
110 6 1
110 7 1
110 89 1
111 10 1
111 56 1
111 85 1
113 112 1
114 18 1
114 67 1
115 2 1
115 7 1
115 19 1
115 20 1
115 82 1
115 89 1
115 90 1
116 2 1
116 20 1
116 68 1
116 82 1
117 23 1
118 22 1
118 25 1
118 92 1
119 22 1
119 23 1
119 24 1
119 25 1
119 117 1
120 27 1
120 33 1
120 95 1
121 26 1
121 27 1
121 93 1
121 95 1
121 120 1
122 29 1
122 30 1
122 70 1
122 71 1
123 40 1
123 42 1
123 43 1
124 31 1
124 40 1
124 57 1
124 77 1
125 28 1
125 33 1
125 34 1
125 72 1
125 73 1
125 94 1
126 34 1
126 35 1
126 101 1
127 38 1
127 39 1
127 58 1
127 97 1
128 38 1
128 39 1
128 58 1
128 97 1
129 128 1
130 128 1
130 129 1
131 47 1
131 79 1
132 28 1
132 35 1
132 48 1
132 49 1
132 94 1
132 101 1
132 102 1
133 49 1
133 80 1
133 94 1
134 52 1
135 51 1
135 54 1
135 104 1
136 0 1
136 81 1
137 3 1
137 5 1
137 11 1
137 55 1
137 107 1
137 108 1
138 2 1
138 5 1
138 6 1
138 60 1
138 61 1
138 82 1
138 109 1
139 8 1
139 10 1
139 56 1
139 62 1
139 85 1
139 111 1
140 63 1
140 112 1
140 113 1
141 63 1
141 64 1
141 86 1
142 87 1
142 88 1
144 16 1
144 17 1
144 18 1
144 67 1
144 91 1
144 114 1
145 22 1
145 23 1
145 24 1
145 25 1
145 92 1
145 118 1
145 119 1
146 22 1
146 23 1
146 24 1
146 25 1
146 117 1
146 119 1
146 145 1
147 26 1
147 93 1
147 143 1
148 29 1
148 30 1
148 71 1
149 31 1
149 40 1
149 57 1
149 123 1
149 124 1
150 32 1
151 28 1
151 33 1
151 34 1
151 72 1
151 73 1
151 94 1
151 125 1
152 38 1
152 58 1
152 74 1
152 97 1
152 127 1
153 75 1
153 129 1
153 130 1
154 75 1
154 76 1
154 98 1
155 136 1
156 45 1
156 46 1
156 47 1
156 79 1
156 103 1
156 131 1
157 51 1
157 52 1
157 53 1
157 54 1
157 104 1
157 135 1
158 51 1
158 52 1
158 53 1
158 54 1
158 134 1
158 157 1
159 55 1
159 108 1
159 137 1
160 3 1
160 7 1
160 9 1
160 11 1
160 55 1
160 62 1
160 65 1
160 108 1
160 110 1
160 137 1
161 3 1
161 7 1
161 55 1
161 65 1
161 108 1
161 110 1
161 160 1
162 5 1
162 6 1
162 7 1
162 55 1
162 60 1
162 61 1
162 62 1
162 82 1
162 109 1
162 138 1
162 160 1
163 8 1
163 9 1
163 64 1
163 139 1
164 12 1
164 13 1
164 14 1
164 107 1
165 65 1
165 117 1
165 161 1
166 16 1
166 19 1
166 21 1
166 88 1
166 92 1
166 145 1
167 17 1
167 91 1
167 116 1
168 57 1
168 124 1
168 149 1
169 27 1
169 70 1
169 121 1
170 31 1
170 35 1
170 37 1
170 40 1
170 57 1
170 74 1
170 77 1
170 124 1
170 126 1
170 149 1
171 31 1
171 35 1
171 57 1
171 77 1
171 124 1
171 126 1
171 170 1
172 33 1
172 34 1
172 35 1
172 57 1
172 72 1
172 73 1
172 74 1
172 125 1
172 151 1
172 170 1
173 36 1
173 37 1
173 76 1
173 152 1
174 41 1
174 42 1
174 43 1
175 77 1
175 134 1
175 171 1
176 45 1
176 48 1
176 50 1
176 100 1
176 104 1
176 157 1
177 46 1
177 103 1
177 133 1
178 2 1
178 19 1
178 20 1
178 68 1
178 82 1
178 115 1
178 116 1
178 138 1
179 2 1
179 59 1
179 68 1
179 82 1
179 109 1
179 116 1
179 138 1
179 178 1
180 5 1
180 55 1
180 61 1
180 108 1
180 109 1
180 137 1
180 159 1
181 4 1
181 5 1
181 107 1
181 137 1
181 180 1
182 8 1
182 84 1
183 3 1
183 8 1
183 9 1
183 11 1
183 13 1
183 56 1
183 62 1
183 139 1
183 163 1
184 10 1
184 56 1
184 85 1
184 111 1
184 139 1
184 183 1
185 8 1
185 112 1
185 113 1
185 140 1
186 9 1
186 11 1
186 12 1
186 13 1
186 64 1
186 163 1
186 164 1
186 183 1
187 65 1
187 110 1
187 160 1
187 161 1
187 165 1
188 143 1
189 15 1
189 66 1
189 69 1
190 16 1
190 17 1
190 18 1
190 67 1
190 114 1
190 144 1
190 166 1
191 89 1
191 90 1
191 115 1
192 15 1
192 66 1
192 69 1
192 92 1
192 145 1
192 189 1
193 22 1
193 23 1
193 24 1
193 25 1
193 117 1
193 119 1
193 145 1
193 146 1
194 66 1
194 87 1
194 92 1
194 118 1
194 192 1
195 28 1
195 48 1
195 80 1
195 94 1
195 132 1
195 133 1
195 151 1
196 28 1
196 80 1
196 94 1
196 125 1
196 133 1
196 151 1
196 195 1
197 33 1
197 57 1
197 73 1
197 124 1
197 125 1
197 149 1
197 168 1
198 29 1
198 30 1
198 122 1
198 148 1
199 38 1
199 97 1
199 123 1
199 127 1
199 148 1
199 198 1
200 32 1
200 70 1
200 121 1
200 122 1
200 150 1
200 169 1
201 32 1
201 33 1
201 70 1
201 123 1
201 149 1
201 150 1
201 197 1
201 200 1
202 36 1
202 96 1
203 31 1
203 36 1
203 37 1
203 40 1
203 42 1
203 58 1
203 74 1
203 152 1
203 172 1
203 173 1
204 38 1
204 39 1
204 58 1
204 97 1
204 127 1
204 152 1
204 203 1
205 36 1
205 128 1
205 129 1
205 130 1
205 153 1
206 37 1
206 40 1
206 41 1
206 42 1
206 173 1
206 203 1
207 77 1
207 126 1
207 170 1
207 171 1
207 175 1
208 44 1
208 78 1
209 45 1
209 46 1
209 47 1
209 79 1
209 131 1
209 156 1
210 101 1
210 102 1
210 132 1
211 44 1
211 78 1
211 104 1
211 157 1
211 208 1
212 51 1
212 52 1
212 53 1
212 54 1
212 134 1
212 157 1
212 158 1
213 0 1
213 1 1
213 83 1
213 105 1
213 106 1
214 0 1
214 81 1
214 136 1
215 1 1
215 61 1
215 105 1
215 213 1
216 20 1
216 59 1
216 68 1
216 82 1
216 116 1
216 179 1
217 5 1
217 59 1
217 83 1
217 105 1
217 106 1
217 159 1
217 180 1
217 216 1
218 107 1
218 111 1
219 5 1
219 56 1
219 60 1
219 61 1
219 62 1
219 184 1
220 4 1
220 5 1
220 61 1
220 137 1
220 159 1
220 180 1
220 181 1
220 217 1
221 9 1
221 64 1
221 163 1
221 186 1
222 3 1
222 11 1
222 12 1
222 13 1
222 14 1
222 108 1
222 137 1
222 160 1
222 164 1
222 186 1
223 93 1
223 143 1
223 144 1
223 147 1
223 188 1
224 2 1
224 18 1
224 19 1
224 89 1
224 90 1
224 115 1
224 178 1
224 191 1
225 68 1
225 91 1
225 114 1
225 116 1
225 167 1
226 26 1
226 93 1
226 147 1
226 223 1
227 33 1
227 95 1
227 120 1
227 121 1
227 168 1
227 197 1
228 29 1
228 70 1
228 71 1
228 97 1
228 122 1
228 204 1
229 29 1
229 30 1
229 70 1
229 71 1
229 122 1
229 200 1
229 228 1
230 123 1
230 127 1
230 198 1
230 199 1
231 33 1
231 58 1
231 70 1
231 72 1
231 74 1
231 204 1
231 228 1
232 32 1
232 33 1
232 70 1
232 73 1
232 149 1
232 168 1
232 197 1
232 200 1
232 201 1
232 227 1
233 37 1
233 76 1
233 173 1
233 206 1
234 31 1
234 40 1
234 41 1
234 42 1
234 43 1
234 124 1
234 149 1
234 170 1
234 174 1
234 206 1
235 81 1
235 136 1
235 155 1
235 156 1
235 214 1
236 28 1
236 47 1
236 48 1
236 101 1
236 102 1
236 132 1
236 195 1
236 210 1
237 80 1
237 103 1
237 131 1
237 133 1
237 177 1
238 81 1
238 136 1
238 155 1
238 214 1
238 235 1
239 0 1
239 1 1
239 59 1
239 83 1
239 105 1
239 106 1
239 213 1
239 215 1
240 2 1
240 6 1
240 7 1
240 20 1
240 55 1
240 68 1
240 82 1
240 109 1
240 116 1
240 138 1
240 161 1
240 162 1
240 178 1
240 179 1
240 216 1
241 5 1
241 6 1
241 55 1
241 61 1
241 68 1
241 82 1
241 109 1
241 138 1
241 159 1
241 179 1
241 180 1
241 216 1
241 217 1
241 240 1
242 55 1
242 108 1
242 137 1
242 159 1
242 161 1
242 179 1
242 180 1
242 216 1
242 217 1
242 240 1
242 241 1
243 1 1
243 59 1
243 82 1
243 83 1
243 105 1
243 106 1
243 179 1
243 180 1
243 216 1
243 217 1
243 239 1
243 241 1
243 242 1
244 1 1
244 59 1
244 83 1
244 105 1
244 216 1
244 217 1
244 241 1
244 243 1
245 1 1
245 2 1
245 59 1
245 82 1
245 105 1
245 179 1
245 215 1
245 239 1
245 243 1
245 244 1
246 1 1
246 4 1
246 83 1
246 105 1
246 106 1
246 181 1
246 213 1
246 220 1
247 13 1
247 107 1
247 111 1
247 137 1
247 139 1
247 181 1
247 184 1
247 218 1
248 3 1
248 4 1
248 11 1
248 107 1
248 111 1
248 137 1
248 180 1
248 181 1
248 218 1
248 220 1
248 247 1
249 3 1
249 11 1
249 12 1
249 13 1
249 55 1
249 107 1
249 108 1
249 137 1
249 183 1
249 222 1
249 247 1
249 248 1
250 3 1
250 11 1
250 55 1
250 62 1
250 107 1
250 108 1
250 137 1
250 160 1
250 161 1
250 162 1
250 180 1
250 183 1
250 220 1
250 222 1
250 248 1
250 249 1
251 6 1
251 7 1
251 9 1
251 55 1
251 60 1
251 62 1
251 109 1
251 110 1
251 160 1
251 161 1
251 162 1
251 250 1
252 5 1
252 6 1
252 56 1
252 60 1
252 61 1
252 62 1
252 109 1
252 162 1
252 183 1
252 184 1
252 219 1
252 250 1
252 251 1
253 5 1
253 60 1
253 61 1
253 180 1
253 181 1
253 184 1
253 219 1
253 220 1
253 246 1
253 248 1
253 252 1
254 4 1
254 5 1
254 61 1
254 106 1
254 180 1
254 181 1
254 220 1
254 246 1
254 248 1
254 253 1
255 5 1
255 55 1
255 60 1
255 61 1
255 109 1
255 137 1
255 159 1
255 162 1
255 180 1
255 181 1
255 217 1
255 219 1
255 220 1
255 248 1
255 249 1
255 250 1
255 252 1
255 253 1
255 254 1
256 2 1
256 6 1
256 60 1
256 61 1
256 82 1
256 109 1
256 138 1
256 162 1
256 251 1
256 252 1
257 8 1
257 60 1
257 219 1
258 8 1
258 84 1
258 182 1
258 257 1
259 8 1
259 84 1
259 182 1
259 258 1
260 9 1
260 10 1
260 11 1
260 56 1
260 62 1
260 85 1
260 111 1
260 139 1
260 183 1
260 184 1
260 219 1
260 247 1
260 248 1
260 249 1
260 250 1
260 252 1
261 8 1
261 112 1
261 113 1
261 185 1
261 257 1
261 258 1
261 259 1
262 112 1
262 113 1
262 140 1
262 163 1
262 185 1
263 13 1
263 111 1
263 139 1
263 164 1
263 186 1
264 10 1
264 13 1
264 56 1
264 111 1
264 139 1
264 163 1
264 186 1
264 260 1
264 263 1
265 8 1
265 9 1
265 56 1
265 64 1
265 139 1
265 163 1
265 183 1
265 185 1
265 186 1
265 221 1
265 260 1
265 262 1
265 263 1
265 264 1
266 3 1
266 11 1
266 12 1
266 13 1
266 14 1
266 107 1
266 164 1
266 222 1
266 247 1
266 249 1
267 20 1
267 21 1
267 65 1
267 117 1
267 161 1
267 165 1
267 187 1
268 15 1
268 66 1
268 87 1
268 144 1
268 189 1
268 190 1
268 192 1
269 15 1
269 16 1
269 18 1
269 66 1
269 87 1
269 142 1
269 144 1
269 166 1
269 189 1
269 268 1
270 88 1
270 89 1
270 90 1
270 142 1
270 191 1
271 16 1
271 18 1
271 19 1
271 88 1
271 89 1
271 92 1
271 142 1
271 166 1
271 269 1
271 270 1
272 16 1
272 18 1
272 19 1
272 20 1
272 21 1
272 88 1
272 89 1
272 115 1
272 166 1
272 190 1
272 271 1
273 67 1
273 114 1
273 188 1
273 190 1
274 93 1
274 143 1
274 147 1
274 188 1
274 223 1
275 143 1
275 144 1
275 147 1
275 188 1
275 190 1
275 223 1
275 268 1
275 273 1
275 274 1
276 17 1
276 18 1
276 91 1
276 143 1
276 144 1
276 223 1
276 268 1
276 275 1
277 16 1
277 17 1
277 18 1
277 19 1
277 89 1
277 91 1
277 115 1
277 144 1
277 224 1
278 16 1
278 17 1
278 18 1
278 19 1
278 89 1
278 90 1
278 91 1
278 115 1
278 144 1
278 167 1
278 178 1
278 224 1
278 272 1
278 277 1
279 17 1
279 91 1
279 167 1
279 277 1
280 17 1
280 91 1
280 114 1
280 167 1
280 225 1
280 279 1
281 17 1
281 18 1
281 68 1
281 91 1
281 114 1
281 116 1
281 167 1
281 178 1
281 225 1
281 278 1
281 280 1
282 68 1
282 114 1
282 116 1
282 190 1
282 225 1
282 280 1
282 281 1
283 16 1
283 19 1
283 20 1
283 21 1
283 68 1
283 89 1
283 115 1
283 116 1
283 178 1
283 179 1
283 216 1
283 240 1
283 272 1
283 278 1
283 281 1
283 282 1
284 22 1
284 23 1
284 24 1
284 25 1
284 117 1
284 119 1
284 145 1
284 146 1
284 193 1
285 22 1
285 25 1
285 92 1
285 118 1
285 119 1
285 145 1
286 22 1
286 23 1
286 24 1
286 25 1
286 92 1
286 118 1
286 119 1
286 145 1
286 193 1
286 194 1
286 285 1
287 22 1
287 25 1
287 66 1
287 69 1
287 92 1
287 118 1
287 145 1
287 192 1
287 194 1
287 286 1
288 15 1
288 66 1
288 69 1
288 92 1
288 145 1
288 166 1
288 192 1
288 271 1
288 286 1
288 287 1
289 67 1
289 69 1
289 193 1
289 288 1
290 23 1
290 146 1
290 193 1
290 289 1
291 93 1
291 143 1
291 147 1
291 223 1
291 226 1
291 274 1
291 275 1
291 276 1
291 280 1
292 28 1
292 34 1
292 35 1
292 49 1
292 57 1
292 80 1
292 94 1
292 125 1
292 133 1
292 151 1
292 171 1
292 195 1
292 196 1
293 33 1
293 34 1
293 57 1
293 73 1
293 80 1
293 94 1
293 125 1
293 151 1
293 168 1
293 196 1
293 197 1
293 227 1
293 292 1
294 57 1
294 124 1
294 149 1
294 168 1
294 171 1
294 196 1
294 197 1
294 227 1
294 292 1
294 293 1
295 27 1
295 33 1
295 94 1
295 95 1
295 120 1
295 121 1
295 196 1
295 197 1
295 227 1
295 293 1
295 294 1
296 27 1
296 95 1
296 120 1
296 227 1
296 293 1
296 295 1
297 27 1
297 32 1
297 70 1
297 95 1
297 120 1
297 121 1
297 169 1
297 200 1
297 201 1
297 232 1
298 29 1
298 70 1
298 71 1
298 122 1
298 200 1
298 201 1
298 204 1
298 228 1
298 229 1
298 231 1
298 232 1
299 29 1
299 30 1
299 71 1
299 148 1
299 198 1
300 148 1
300 198 1
300 199 1
300 230 1
301 123 1
301 150 1
301 198 1
301 199 1
301 230 1
301 300 1
302 42 1
302 123 1
302 127 1
302 152 1
302 199 1
302 201 1
302 204 1
302 230 1
302 301 1
303 31 1
303 32 1
303 40 1
303 123 1
303 124 1
303 149 1
303 197 1
303 201 1
303 232 1
303 302 1
304 31 1
304 40 1
304 41 1
304 42 1
304 57 1
304 123 1
304 124 1
304 149 1
304 203 1
304 234 1
304 302 1
304 303 1
305 31 1
305 40 1
305 57 1
305 74 1
305 123 1
305 124 1
305 149 1
305 168 1
305 170 1
305 171 1
305 172 1
305 197 1
305 203 1
305 232 1
305 234 1
305 303 1
305 304 1
306 34 1
306 35 1
306 37 1
306 57 1
306 72 1
306 74 1
306 125 1
306 126 1
306 170 1
306 171 1
306 172 1
306 292 1
306 305 1
307 33 1
307 58 1
307 72 1
307 73 1
307 74 1
307 125 1
307 172 1
307 203 1
307 204 1
307 231 1
307 303 1
307 305 1
308 33 1
308 70 1
308 72 1
308 73 1
308 197 1
308 200 1
308 201 1
308 228 1
308 231 1
308 232 1
308 297 1
308 298 1
308 303 1
308 307 1
309 32 1
309 33 1
309 70 1
309 73 1
309 121 1
309 122 1
309 169 1
309 197 1
309 200 1
309 201 1
309 228 1
309 229 1
309 232 1
309 297 1
309 298 1
309 308 1
310 33 1
310 57 1
310 72 1
310 73 1
310 125 1
310 149 1
310 168 1
310 172 1
310 197 1
310 200 1
310 201 1
310 227 1
310 231 1
310 232 1
310 303 1
310 304 1
310 305 1
310 307 1
310 308 1
310 309 1
311 28 1
311 34 1
311 72 1
311 73 1
311 94 1
311 125 1
311 151 1
311 172 1
311 306 1
311 307 1
312 36 1
312 96 1
312 202 1
313 36 1
313 96 1
313 202 1
313 312 1
314 37 1
314 38 1
314 40 1
314 58 1
314 74 1
314 97 1
314 127 1
314 152 1
314 203 1
314 204 1
314 231 1
314 302 1
314 303 1
314 304 1
314 305 1
314 307 1
315 38 1
315 39 1
315 58 1
315 97 1
315 127 1
315 128 1
315 152 1
315 204 1
315 205 1
316 36 1
316 128 1
316 129 1
316 130 1
316 205 1
316 312 1
316 313 1
317 129 1
317 130 1
317 153 1
317 173 1
317 205 1
318 42 1
318 127 1
318 152 1
318 174 1
318 206 1
319 38 1
319 42 1
319 58 1
319 127 1
319 152 1
319 173 1
319 204 1
319 206 1
319 314 1
319 318 1
320 36 1
320 37 1
320 58 1
320 76 1
320 152 1
320 173 1
320 203 1
320 205 1
320 206 1
320 233 1
320 314 1
320 317 1
320 318 1
320 319 1
321 31 1
321 40 1
321 41 1
321 42 1
321 43 1
321 123 1
321 174 1
321 234 1
321 302 1
321 303 1
321 304 1
322 50 1
322 77 1
322 134 1
322 171 1
322 175 1
322 207 1
323 44 1
323 78 1
323 99 1
323 156 1
323 208 1
323 209 1
323 211 1
324 44 1
324 45 1
324 47 1
324 78 1
324 99 1
324 156 1
324 208 1
324 323 1
325 48 1
325 99 1
325 100 1
325 101 1
325 102 1
325 210 1
326 45 1
326 47 1
326 48 1
326 99 1
326 100 1
326 101 1
326 104 1
326 176 1
326 324 1
326 325 1
327 45 1
327 47 1
327 48 1
327 49 1
327 50 1
327 100 1
327 101 1
327 132 1
327 176 1
327 209 1
327 326 1
328 79 1
328 131 1
328 209 1
329 81 1
329 136 1
329 155 1
329 235 1
329 238 1
330 136 1
330 155 1
330 156 1
330 209 1
330 235 1
330 238 1
330 323 1
330 328 1
330 329 1
331 46 1
331 47 1
331 103 1
331 155 1
331 156 1
331 235 1
331 238 1
331 330 1
332 45 1
332 46 1
332 47 1
332 48 1
332 102 1
332 103 1
332 132 1
332 156 1
332 236 1
333 45 1
333 46 1
333 47 1
333 48 1
333 101 1
333 102 1
333 103 1
333 132 1
333 156 1
333 177 1
333 195 1
333 236 1
333 327 1
333 332 1
334 46 1
334 103 1
334 177 1
334 331 1
334 332 1
335 46 1
335 103 1
335 131 1
335 177 1
335 237 1
335 238 1
335 334 1
336 46 1
336 47 1
336 80 1
336 103 1
336 131 1
336 133 1
336 177 1
336 195 1
336 237 1
336 333 1
336 335 1
337 80 1
337 131 1
337 133 1
337 209 1
337 237 1
337 335 1
337 336 1
338 45 1
338 48 1
338 49 1
338 50 1
338 80 1
338 101 1
338 132 1
338 133 1
338 195 1
338 196 1
338 292 1
338 327 1
338 333 1
338 336 1
338 337 1
339 51 1
339 52 1
339 54 1
339 134 1
339 157 1
339 158 1
339 212 1
340 51 1
340 52 1
340 53 1
340 54 1
340 104 1
340 135 1
340 157 1
340 212 1
341 51 1
341 54 1
341 78 1
341 104 1
341 135 1
341 157 1
341 211 1
341 340 1
342 44 1
342 78 1
342 104 1
342 157 1
342 176 1
342 211 1
342 326 1
342 340 1
342 341 1
343 52 1
343 158 1
343 212 1
344 9 1
344 11 1
344 13 1
344 56 1
344 62 1
344 111 1
344 139 1
344 163 1
344 183 1
344 186 1
344 221 1
344 260 1
344 263 1
344 264 1
344 265 1
345 15 1
345 66 1
345 188 1
345 189 1
345 192 1
345 268 1
345 275 1
346 93 1
346 114 1
346 273 1
346 274 1
346 296 1
347 16 1
347 17 1
347 18 1
347 19 1
347 91 1
347 115 1
347 142 1
347 144 1
347 166 1
347 190 1
347 224 1
347 269 1
347 271 1
347 272 1
347 276 1
347 277 1
347 278 1
348 17 1
348 18 1
348 91 1
348 144 1
348 167 1
348 223 1
348 225 1
348 226 1
348 276 1
348 279 1
348 280 1
348 281 1
348 291 1
349 22 1
349 23 1
349 25 1
349 92 1
349 118 1
349 119 1
349 145 1
349 284 1
349 285 1
349 286 1
349 287 1
350 29 1
350 30 1
350 70 1
350 71 1
350 97 1
350 122 1
350 148 1
350 198 1
350 228 1
350 229 1
350 298 1
350 299 1
351 30 1
351 38 1
351 39 1
351 58 1
351 97 1
351 122 1
351 127 1
351 148 1
351 152 1
351 198 1
351 199 1
351 204 1
351 228 1
351 230 1
351 298 1
351 300 1
351 301 1
351 302 1
351 315 1
351 350 1
352 37 1
352 40 1
352 42 1
352 58 1
352 74 1
352 127 1
352 152 1
352 173 1
352 203 1
352 206 1
352 233 1
352 314 1
352 318 1
352 319 1
352 320 1
353 44 1
353 78 1
353 208 1
353 211 1
353 323 1
353 330 1
354 79 1
354 81 1
354 131 1
354 244 1
354 328 1
354 329 1
355 45 1
355 46 1
355 47 1
355 48 1
355 103 1
355 132 1
355 156 1
355 176 1
355 209 1
355 236 1
355 324 1
355 325 1
355 326 1
355 327 1
355 331 1
355 332 1
355 333 1
356 46 1
356 47 1
356 103 1
356 156 1
356 177 1
356 214 1
356 235 1
356 237 1
356 238 1
356 331 1
356 334 1
356 335 1
356 336 1
357 51 1
357 52 1
357 54 1
357 104 1
357 135 1
357 157 1
357 339 1
357 340 1
357 341 1
358 0 1
358 81 1
358 136 1
358 214 1
358 238 1
359 55 1
359 108 1
359 137 1
359 159 1
359 180 1
359 216 1
359 217 1
359 240 1
359 241 1
359 242 1
359 243 1
360 4 1
360 5 1
360 108 1
360 137 1
360 159 1
360 180 1
360 181 1
360 217 1
360 220 1
360 242 1
360 248 1
360 249 1
360 250 1
360 253 1
360 254 1
360 255 1
360 359 1
361 5 1
361 60 1
361 61 1
361 109 1
361 219 1
361 220 1
361 252 1
361 253 1
361 254 1
361 255 1
362 9 1
362 64 1
362 163 1
362 186 1
362 221 1
363 15 1
363 69 1
363 188 1
363 189 1
363 192 1
363 268 1
363 345 1
364 16 1
364 88 1
364 92 1
364 142 1
364 166 1
364 270 1
364 271 1
364 272 1
364 349 1
365 16 1
365 18 1
365 19 1
365 21 1
365 67 1
365 114 1
365 166 1
365 190 1
365 271 1
365 272 1
365 273 1
365 283 1
365 288 1
365 289 1
366 22 1
366 23 1
366 88 1
366 92 1
366 117 1
366 145 1
366 166 1
366 193 1
366 271 1
366 272 1
366 284 1
366 349 1
366 364 1
367 26 1
367 93 1
367 147 1
367 226 1
367 291 1
368 57 1
368 124 1
368 149 1
368 168 1
368 197 1
368 227 1
368 292 1
368 293 1
368 294 1
368 295 1
369 32 1
369 33 1
369 123 1
369 124 1
369 149 1
369 168 1
369 197 1
369 200 1
369 201 1
369 227 1
369 232 1
369 294 1
369 303 1
369 304 1
369 305 1
369 308 1
369 309 1
369 310 1
369 368 1
370 33 1
370 70 1
370 72 1
370 73 1
370 125 1
370 200 1
370 228 1
370 231 1
370 232 1
370 298 1
370 307 1
370 308 1
370 309 1
370 310 1
371 32 1
371 70 1
371 121 1
371 150 1
371 169 1
371 200 1
371 201 1
371 232 1
371 297 1
371 298 1
371 309 1
372 37 1
372 76 1
372 173 1
372 206 1
372 233 1
373 44 1
373 208 1
373 211 1
373 323 1
373 353 1
374 100 1
374 101 1
374 104 1
374 176 1
374 325 1
374 326 1
374 327 1
374 357 1
375 45 1
375 47 1
375 48 1
375 50 1
375 79 1
375 131 1
375 176 1
375 209 1
375 326 1
375 327 1
375 328 1
375 338 1
375 342 1
376 51 1
376 52 1
376 100 1
376 104 1
376 134 1
376 157 1
376 176 1
376 212 1
376 326 1
376 327 1
376 339 1
376 357 1
376 374 1
377 2 1
377 115 1
377 138 1
377 178 1
377 224 1
377 278 1
378 4 1
378 137 1
378 159 1
378 180 1
378 181 1
378 217 1
378 220 1
378 242 1
378 255 1
378 359 1
378 360 1
379 5 1
379 56 1
379 60 1
379 85 1
379 111 1
379 184 1
379 219 1
379 252 1
379 253 1
379 254 1
379 255 1
379 260 1
379 361 1
380 8 1
380 64 1
380 84 1
380 113 1
380 163 1
380 182 1
380 185 1
380 258 1
380 259 1
380 261 1
380 265 1
381 63 1
381 64 1
381 86 1
381 113 1
381 140 1
381 141 1
381 185 1
381 262 1
381 380 1
382 63 1
382 64 1
382 86 1
382 141 1
382 381 1
383 8 1
383 9 1
383 64 1
383 84 1
383 163 1
383 183 1
383 186 1
383 221 1
383 265 1
383 344 1
383 362 1
383 380 1
384 19 1
384 89 1
384 90 1
384 115 1
384 191 1
384 224 1
384 270 1
384 277 1
384 278 1
384 347 1
385 90 1
385 191 1
385 224 1
385 270 1
385 277 1
385 384 1
386 20 1
386 21 1
386 88 1
386 117 1
386 165 1
386 166 1
386 267 1
386 272 1
386 283 1
386 290 1
386 365 1
386 366 1
387 69 1
387 192 1
387 289 1
388 23 1
388 24 1
388 117 1
388 145 1
388 146 1
388 193 1
388 267 1
388 284 1
388 289 1
388 290 1
388 366 1
388 386 1
389 32 1
389 124 1
389 149 1
389 168 1
389 197 1
389 201 1
389 227 1
389 232 1
389 294 1
389 310 1
389 368 1
389 369 1
390 148 1
390 198 1
390 199 1
390 230 1
390 300 1
390 301 1
390 351 1
391 198 1
391 199 1
391 230 1
391 300 1
391 301 1
391 302 1
391 390 1
392 39 1
392 58 1
392 70 1
392 72 1
392 97 1
392 122 1
392 127 1
392 204 1
392 228 1
392 229 1
392 231 1
392 298 1
392 307 1
392 308 1
392 309 1
392 310 1
392 314 1
392 350 1
392 351 1
392 370 1
393 36 1
393 76 1
393 96 1
393 130 1
393 173 1
393 202 1
393 205 1
393 312 1
393 313 1
393 316 1
393 320 1
394 75 1
394 76 1
394 98 1
394 130 1
394 153 1
394 173 1
394 205 1
394 317 1
394 393 1
395 75 1
395 76 1
395 98 1
395 154 1
395 394 1
396 36 1
396 37 1
396 76 1
396 96 1
396 173 1
396 203 1
396 206 1
396 233 1
396 320 1
396 352 1
396 372 1
396 393 1
397 42 1
397 43 1
397 174 1
397 318 1
397 321 1
398 48 1
398 101 1
398 102 1
398 132 1
398 210 1
398 236 1
398 325 1
398 332 1
398 333 1
398 355 1
399 102 1
399 210 1
399 236 1
399 325 1
399 332 1
399 355 1
399 398 1
400 49 1
400 50 1
400 100 1
400 134 1
400 175 1
400 176 1
400 322 1
400 327 1
400 338 1
400 343 1
400 375 1
400 376 1
401 52 1
401 53 1
401 134 1
401 157 1
401 158 1
401 212 1
401 322 1
401 339 1
401 343 1
401 376 1
401 400 1
402 3 1
402 4 1
402 107 1
402 137 1
402 180 1
402 181 1
402 218 1
402 220 1
402 247 1
402 248 1
402 249 1
402 250 1
402 255 1
402 266 1
402 360 1
402 378 1
403 3 1
403 11 1
403 13 1
403 55 1
403 107 1
403 108 1
403 137 1
403 159 1
403 160 1
403 180 1
403 220 1
403 222 1
403 247 1
403 248 1
403 249 1
403 250 1
403 255 1
403 266 1
403 360 1
403 378 1
403 402 1
404 5 1
404 60 1
404 61 1
404 219 1
404 252 1
404 253 1
404 254 1
404 255 1
404 361 1
404 379 1
405 8 1
405 112 1
405 113 1
405 185 1
405 257 1
405 258 1
405 261 1
405 380 1
406 13 1
406 64 1
406 139 1
406 163 1
406 183 1
406 186 1
406 221 1
406 263 1
406 264 1
406 265 1
406 344 1
407 19 1
407 88 1
407 89 1
407 90 1
407 142 1
407 166 1
407 270 1
407 271 1
407 364 1
408 17 1
408 18 1
408 143 1
408 144 1
408 189 1
408 223 1
408 268 1
408 269 1
408 274 1
408 275 1
408 276 1
408 345 1
409 17 1
409 91 1
409 167 1
409 226 1
409 276 1
409 279 1
409 291 1
409 348 1
410 21 1
410 23 1
410 88 1
410 110 1
410 117 1
410 165 1
410 166 1
410 267 1
410 284 1
410 366 1
410 386 1
410 388 1
411 66 1
411 87 1
411 189 1
411 194 1
411 287 1
412 70 1
412 121 1
412 122 1
412 169 1
412 200 1
412 201 1
412 228 1
412 229 1
412 297 1
412 298 1
412 308 1
412 309 1
412 371 1
413 31 1
413 32 1
413 123 1
413 149 1
413 150 1
413 197 1
413 201 1
413 230 1
413 232 1
413 302 1
413 303 1
413 304 1
413 305 1
413 310 1
413 321 1
413 369 1
413 389 1
414 31 1
414 40 1
414 42 1
414 57 1
414 123 1
414 124 1
414 149 1
414 168 1
414 197 1
414 232 1
414 234 1
414 302 1
414 303 1
414 304 1
414 305 1
414 310 1
414 321 1
414 369 1
414 389 1
414 413 1
415 33 1
415 70 1
415 72 1
415 73 1
415 122 1
415 228 1
415 229 1
415 231 1
415 298 1
415 307 1
415 308 1
415 309 1
415 310 1
415 370 1
415 392 1
415 412 1
416 36 1
416 128 1
416 129 1
416 130 1
416 205 1
416 312 1
416 316 1
416 393 1
417 42 1
417 152 1
417 173 1
417 203 1
417 206 1
417 233 1
417 318 1
417 319 1
417 320 1
417 352 1
418 100 1
418 101 1
418 102 1
418 176 1
418 210 1
418 325 1
418 326 1
418 374 1
419 46 1
419 47 1
419 155 1
419 156 1
419 208 1
419 235 1
419 323 1
419 324 1
419 329 1
419 330 1
419 331 1
419 353 1
420 46 1
420 103 1
420 177 1
420 214 1
420 238 1
420 331 1
420 334 1
420 356 1
421 50 1
421 52 1
421 100 1
421 126 1
421 134 1
421 175 1
421 176 1
421 322 1
421 339 1
421 376 1
421 400 1
421 401 1
422 0 1
422 1 1
422 81 1
422 106 1
422 136 1
422 213 1
422 214 1
422 238 1
422 239 1
422 358 1
423 2 1
423 6 1
423 7 1
423 20 1
423 68 1
423 82 1
423 89 1
423 109 1
423 115 1
423 116 1
423 138 1
423 178 1
423 179 1
423 224 1
423 240 1
423 241 1
423 256 1
423 283 1
423 377 1
424 3 1
424 7 1
424 20 1
424 55 1
424 65 1
424 108 1
424 110 1
424 160 1
424 161 1
424 165 1
424 187 1
424 240 1
424 251 1
424 267 1
425 6 1
425 8 1
425 9 1
425 60 1
425 61 1
425 62 1
425 109 1
425 138 1
425 162 1
425 183 1
425 219 1
425 251 1
425 252 1
425 256 1
426 6 1
426 7 1
426 20 1
426 82 1
426 89 1
426 109 1
426 110 1
426 115 1
426 138 1
426 162 1
426 240 1
426 251 1
426 256 1
426 423 1
426 424 1
426 425 1
427 8 1
427 56 1
427 60 1
427 62 1
427 84 1
427 182 1
427 219 1
427 252 1
427 257 1
427 258 1
427 261 1
427 380 1
427 405 1
427 425 1
428 112 1
428 113 1
428 140 1
428 185 1
428 261 1
428 262 1
428 405 1
429 112 1
429 113 1
429 140 1
429 185 1
429 261 1
429 262 1
429 405 1
429 428 1
430 9 1
430 11 1
430 64 1
430 163 1
430 183 1
430 186 1
430 221 1
430 265 1
430 344 1
430 362 1
430 383 1
430 406 1
431 117 1
431 165 1
431 187 1
431 267 1
431 290 1
431 386 1
431 388 1
432 15 1
432 66 1
432 67 1
432 69 1
432 144 1
432 188 1
432 189 1
432 190 1
432 192 1
432 268 1
432 273 1
432 275 1
432 288 1
432 345 1
432 363 1
432 408 1
433 16 1
433 67 1
433 114 1
433 190 1
433 273 1
433 282 1
433 346 1
433 365 1
434 143 1
434 147 1
434 188 1
434 223 1
434 274 1
434 275 1
434 276 1
434 345 1
434 408 1
434 432 1
435 17 1
435 91 1
435 167 1
435 226 1
435 279 1
435 280 1
435 281 1
435 291 1
435 348 1
435 409 1
436 26 1
436 27 1
436 93 1
436 121 1
436 147 1
436 226 1
436 291 1
436 367 1
437 28 1
437 34 1
437 35 1
437 49 1
437 80 1
437 94 1
437 101 1
437 125 1
437 132 1
437 133 1
437 151 1
437 195 1
437 196 1
437 236 1
437 292 1
437 293 1
437 311 1
437 338 1
438 31 1
438 35 1
438 57 1
438 77 1
438 124 1
438 126 1
438 170 1
438 171 1
438 172 1
438 175 1
438 207 1
438 292 1
438 306 1
438 322 1
439 34 1
439 72 1
439 74 1
439 125 1
439 151 1
439 172 1
439 203 1
439 231 1
439 306 1
439 307 1
439 311 1
440 34 1
440 35 1
440 49 1
440 94 1
440 101 1
440 125 1
440 126 1
440 132 1
440 151 1
440 172 1
440 292 1
440 306 1
440 311 1
440 437 1
440 438 1
440 439 1
441 36 1
441 58 1
441 72 1
441 74 1
441 96 1
441 128 1
441 202 1
441 231 1
441 307 1
441 312 1
441 316 1
441 393 1
441 416 1
441 439 1
442 29 1
442 30 1
442 38 1
442 39 1
442 71 1
442 97 1
442 122 1
442 127 1
442 148 1
442 198 1
442 204 1
442 228 1
442 299 1
442 315 1
442 350 1
442 351 1
443 128 1
443 129 1
443 130 1
443 153 1
443 205 1
443 315 1
443 316 1
443 317 1
443 416 1
444 128 1
444 129 1
444 130 1
444 153 1
444 205 1
444 316 1
444 317 1
444 416 1
444 443 1
445 37 1
445 40 1
445 76 1
445 173 1
445 203 1
445 206 1
445 233 1
445 320 1
445 352 1
445 372 1
445 396 1
445 417 1
446 77 1
446 134 1
446 175 1
446 207 1
446 322 1
446 343 1
446 400 1
446 401 1
447 44 1
447 78 1
447 79 1
447 156 1
447 208 1
447 209 1
447 211 1
447 323 1
447 330 1
447 342 1
447 353 1
447 373 1
447 419 1
448 45 1
448 79 1
448 131 1
448 209 1
448 328 1
448 337 1
448 354 1
448 375 1
449 136 1
449 155 1
449 235 1
449 329 1
449 330 1
449 331 1
449 353 1
449 419 1
449 447 1
450 46 1
450 103 1
450 177 1
450 214 1
450 238 1
450 331 1
450 334 1
450 335 1
450 336 1
450 356 1
450 420 1
451 2 1
451 19 1
451 82 1
451 89 1
451 90 1
451 115 1
451 138 1
451 178 1
451 191 1
451 224 1
451 256 1
451 278 1
451 377 1
451 384 1
451 423 1
452 2 1
452 7 1
452 20 1
452 21 1
452 68 1
452 82 1
452 109 1
452 115 1
452 116 1
452 178 1
452 179 1
452 216 1
452 240 1
452 241 1
452 242 1
452 283 1
452 423 1
452 426 1
453 4 1
453 107 1
453 181 1
453 218 1
453 247 1
453 248 1
453 249 1
453 402 1
454 3 1
454 11 1
454 55 1
454 65 1
454 108 1
454 160 1
454 161 1
454 165 1
454 187 1
454 222 1
454 250 1
454 251 1
454 424 1
455 9 1
455 62 1
455 110 1
455 160 1
455 183 1
455 251 1
455 362 1
455 383 1
455 424 1
455 425 1
456 8 1
456 9 1
456 10 1
456 56 1
456 60 1
456 62 1
456 111 1
456 139 1
456 183 1
456 184 1
456 219 1
456 252 1
456 260 1
456 265 1
456 344 1
456 379 1
456 425 1
456 427 1
457 164 1
457 263 1
457 264 1
457 344 1
457 406 1
458 139 1
458 163 1
458 186 1
458 262 1
458 263 1
458 264 1
458 265 1
458 344 1
458 406 1
458 430 1
458 457 1
459 3 1
459 9 1
459 11 1
459 12 1
459 13 1
459 62 1
459 160 1
459 183 1
459 186 1
459 221 1
459 222 1
459 249 1
459 250 1
459 266 1
459 344 1
459 362 1
459 383 1
459 406 1
459 430 1
460 15 1
460 69 1
460 188 1
460 189 1
460 192 1
460 268 1
460 345 1
460 363 1
460 432 1
461 67 1
461 114 1
461 190 1
461 273 1
461 346 1
461 433 1
462 67 1
462 114 1
462 273 1
462 282 1
462 296 1
462 346 1
462 433 1
462 461 1
463 93 1
463 114 1
463 147 1
463 188 1
463 273 1
463 274 1
463 275 1
463 346 1
463 367 1
463 461 1
463 462 1
464 16 1
464 17 1
464 18 1
464 19 1
464 88 1
464 89 1
464 90 1
464 115 1
464 142 1
464 191 1
464 224 1
464 270 1
464 271 1
464 272 1
464 277 1
464 278 1
464 347 1
464 384 1
464 385 1
464 407 1
464 451 1
465 23 1
465 25 1
465 69 1
465 92 1
465 118 1
465 145 1
465 192 1
465 193 1
465 286 1
465 287 1
465 288 1
465 289 1
465 387 1
465 388 1
466 23 1
466 24 1
466 25 1
466 117 1
466 146 1
466 165 1
466 193 1
466 267 1
466 284 1
466 290 1
466 366 1
466 386 1
466 388 1
466 410 1
466 431 1
467 66 1
467 87 1
467 189 1
467 194 1
467 269 1
467 287 1
467 411 1
468 28 1
468 35 1
468 49 1
468 50 1
468 80 1
468 94 1
468 125 1
468 132 1
468 133 1
468 195 1
468 196 1
468 292 1
468 293 1
468 294 1
468 338 1
468 437 1
468 440 1
469 29 1
469 30 1
469 71 1
469 122 1
469 148 1
469 198 1
469 228 1
469 229 1
469 299 1
469 350 1
469 351 1
469 390 1
469 442 1
470 32 1
470 123 1
470 150 1
470 199 1
470 201 1
470 230 1
470 300 1
470 301 1
470 302 1
470 303 1
470 304 1
470 391 1
470 413 1
471 31 1
471 40 1
471 57 1
471 77 1
471 124 1
471 149 1
471 170 1
471 171 1
471 175 1
471 207 1
471 234 1
471 305 1
471 306 1
471 438 1
472 36 1
472 37 1
472 38 1
472 58 1
472 72 1
472 74 1
472 127 1
472 152 1
472 203 1
472 204 1
472 231 1
472 307 1
472 314 1
472 320 1
472 352 1
472 392 1
472 439 1
472 441 1
473 174 1
473 318 1
473 319 1
473 352 1
473 397 1
473 417 1
474 152 1
474 173 1
474 206 1
474 317 1
474 318 1
474 319 1
474 320 1
474 352 1
474 417 1
474 445 1
474 473 1
475 31 1
475 37 1
475 40 1
475 41 1
475 42 1
475 74 1
475 170 1
475 203 1
475 206 1
475 233 1
475 234 1
475 304 1
475 305 1
475 321 1
475 352 1
475 372 1
475 396 1
475 417 1
475 445 1
476 44 1
476 208 1
476 211 1
476 323 1
476 353 1
476 373 1
476 447 1
477 79 1
477 131 1
477 209 1
477 328 1
477 354 1
477 448 1
478 79 1
478 131 1
478 244 1
478 328 1
478 337 1
478 354 1
478 448 1
478 477 1
479 81 1
479 131 1
479 136 1
479 328 1
479 329 1
479 330 1
479 354 1
479 358 1
479 449 1
479 477 1
479 478 1
480 45 1
480 46 1
480 47 1
480 48 1
480 100 1
480 101 1
480 102 1
480 132 1
480 210 1
480 236 1
480 325 1
480 326 1
480 327 1
480 332 1
480 333 1
480 355 1
480 398 1
480 399 1
480 418 1
481 52 1
481 54 1
481 104 1
481 135 1
481 157 1
481 211 1
481 212 1
481 340 1
481 341 1
481 342 1
481 401 1
482 52 1
482 53 1
482 54 1
482 134 1
482 158 1
482 175 1
482 212 1
482 322 1
482 339 1
482 343 1
482 376 1
482 400 1
482 401 1
482 421 1
482 446 1
483 81 1
483 136 1
483 155 1
483 214 1
483 235 1
483 238 1
483 328 1
483 329 1
483 330 1
483 331 1
483 335 1
483 354 1
483 356 1
483 358 1
483 422 1
483 449 1
483 479 1
484 2 1
484 6 1
484 82 1
484 109 1
484 115 1
484 138 1
484 178 1
484 179 1
484 224 1
484 256 1
484 377 1
484 423 1
484 426 1
484 451 1
485 8 1
485 60 1
485 219 1
485 252 1
485 257 1
485 425 1
485 427 1
485 456 1
486 3 1
486 9 1
486 11 1
486 55 1
486 62 1
486 110 1
486 160 1
486 162 1
486 183 1
486 250 1
486 251 1
486 383 1
486 424 1
486 425 1
486 430 1
486 454 1
486 455 1
486 459 1
487 112 1
487 113 1
487 140 1
487 185 1
487 262 1
487 428 1
487 429 1
488 63 1
488 112 1
488 113 1
488 140 1
488 185 1
488 261 1
488 262 1
488 381 1
488 428 1
488 429 1
488 487 1
489 65 1
489 161 1
489 165 1
489 187 1
489 267 1
489 431 1
489 454 1
490 15 1
490 188 1
490 345 1
490 363 1
490 432 1
490 434 1
490 460 1
491 16 1
491 18 1
491 19 1
491 88 1
491 89 1
491 90 1
491 115 1
491 142 1
491 166 1
491 224 1
491 269 1
491 270 1
491 271 1
491 272 1
491 277 1
491 278 1
491 347 1
491 364 1
491 365 1
491 366 1
491 407 1
491 464 1
492 16 1
492 17 1
492 18 1
492 19 1
492 91 1
492 144 1
492 190 1
492 223 1
492 268 1
492 269 1
492 275 1
492 276 1
492 277 1
492 278 1
492 279 1
492 347 1
492 348 1
492 408 1
493 276 1
493 279 1
493 409 1
493 435 1
494 68 1
494 116 1
494 179 1
494 216 1
494 225 1
494 280 1
494 281 1
494 282 1
494 283 1
494 452 1
495 16 1
495 20 1
495 21 1
495 23 1
495 88 1
495 117 1
495 145 1
495 166 1
495 193 1
495 267 1
495 271 1
495 272 1
495 284 1
495 290 1
495 365 1
495 366 1
495 386 1
495 388 1
495 410 1
495 466 1
495 491 1
496 22 1
496 23 1
496 117 1
496 284 1
496 349 1
496 366 1
496 410 1
497 93 1
497 143 1
497 147 1
497 223 1
497 226 1
497 273 1
497 274 1
497 275 1
497 276 1
497 280 1
497 291 1
497 346 1
497 348 1
497 367 1
497 434 1
497 436 1
497 463 1
498 29 1
498 30 1
498 148 1
498 198 1
498 299 1
498 350 1
498 390 1
498 442 1
498 469 1
499 31 1
499 37 1
499 40 1
499 57 1
499 74 1
499 126 1
499 170 1
499 172 1
499 203 1
499 206 1
499 305 1
499 306 1
499 372 1
499 396 1
499 438 1
499 439 1
499 445 1
499 471 1
499 475 1
500 30 1
500 38 1
500 39 1
500 97 1
500 127 1
500 148 1
500 198 1
500 204 1
500 299 1
500 315 1
500 350 1
500 351 1
500 442 1
500 469 1
501 128 1
501 129 1
501 130 1
501 153 1
501 205 1
501 315 1
501 317 1
501 443 1
501 444 1
502 75 1
502 129 1
502 130 1
502 153 1
502 205 1
502 316 1
502 317 1
502 394 1
502 443 1
502 444 1
502 501 1
503 77 1
503 171 1
503 175 1
503 207 1
503 322 1
503 446 1
503 471 1
504 45 1
504 47 1
504 48 1
504 100 1
504 101 1
504 102 1
504 132 1
504 176 1
504 236 1
504 325 1
504 326 1
504 327 1
504 332 1
504 333 1
504 355 1
504 374 1
504 375 1
504 376 1
504 418 1
504 480 1
505 45 1
505 46 1
505 47 1
505 48 1
505 103 1
505 156 1
505 209 1
505 235 1
505 323 1
505 324 1
505 330 1
505 331 1
505 332 1
505 333 1
505 334 1
505 355 1
505 356 1
505 419 1
506 80 1
506 133 1
506 196 1
506 237 1
506 335 1
506 336 1
506 337 1
506 338 1
506 468 1
507 49 1
507 50 1
507 52 1
507 100 1
507 134 1
507 157 1
507 176 1
507 212 1
507 322 1
507 326 1
507 327 1
507 339 1
507 343 1
507 374 1
507 375 1
507 376 1
507 400 1
507 401 1
507 421 1
507 482 1
507 504 1
508 51 1
508 52 1
508 134 1
508 339 1
508 357 1
508 376 1
508 421 1
509 0 1
509 1 1
509 81 1
509 83 1
509 105 1
509 106 1
509 136 1
509 213 1
509 214 1
509 239 1
509 246 1
509 329 1
509 358 1
509 422 1
509 479 1
509 483 1
510 0 1
510 1 1
510 81 1
510 83 1
510 105 1
510 106 1
510 136 1
510 213 1
510 239 1
510 243 1
510 244 1
510 246 1
510 358 1
510 422 1
510 509 1
511 5 1
511 61 1
511 83 1
511 105 1
511 106 1
511 109 1
511 137 1
511 159 1
511 180 1
511 181 1
511 217 1
511 220 1
511 241 1
511 242 1
511 243 1
511 244 1
511 246 1
511 253 1
511 254 1
511 255 1
511 359 1
511 360 1
511 378 1
512 0 1
512 1 1
512 59 1
512 83 1
512 105 1
512 106 1
512 213 1
512 215 1
512 217 1
512 239 1
512 243 1
512 244 1
512 245 1
512 510 1
513 3 1
513 6 1
513 7 1
513 55 1
513 108 1
513 109 1
513 110 1
513 160 1
513 161 1
513 162 1
513 187 1
513 240 1
513 241 1
513 242 1
513 250 1
513 251 1
513 424 1
513 425 1
513 426 1
513 454 1
513 455 1
513 486 1
514 6 1
514 8 1
514 60 1
514 62 1
514 162 1
514 182 1
514 219 1
514 252 1
514 256 1
514 257 1
514 425 1
514 427 1
514 456 1
514 485 1
515 8 1
515 9 1
515 60 1
515 62 1
515 84 1
515 162 1
515 182 1
515 183 1
515 251 1
515 252 1
515 260 1
515 344 1
515 380 1
515 383 1
515 425 1
515 427 1
515 430 1
515 455 1
515 456 1
515 486 1
515 514 1
516 63 1
516 86 1
516 141 1
516 381 1
516 382 1
517 63 1
517 64 1
517 86 1
517 140 1
517 141 1
517 163 1
517 221 1
517 381 1
517 382 1
517 488 1
517 516 1
518 63 1
518 64 1
518 84 1
518 86 1
518 141 1
518 259 1
518 380 1
518 381 1
518 382 1
518 516 1
518 517 1
519 15 1
519 16 1
519 66 1
519 69 1
519 87 1
519 92 1
519 144 1
519 166 1
519 189 1
519 190 1
519 192 1
519 194 1
519 268 1
519 269 1
519 271 1
519 287 1
519 288 1
519 345 1
519 408 1
519 432 1
519 460 1
519 467 1
520 66 1
520 87 1
520 92 1
520 142 1
520 166 1
520 192 1
520 194 1
520 268 1
520 269 1
520 270 1
520 271 1
520 288 1
520 364 1
520 411 1
520 467 1
520 519 1
521 66 1
521 87 1
521 142 1
521 269 1
521 270 1
521 271 1
521 347 1
521 467 1
521 492 1
521 519 1
521 520 1
522 16 1
522 18 1
522 19 1
522 67 1
522 114 1
522 144 1
522 166 1
522 190 1
522 192 1
522 268 1
522 269 1
522 271 1
522 272 1
522 288 1
522 347 1
522 365 1
522 432 1
522 433 1
522 491 1
522 495 1
522 519 1
523 93 1
523 114 1
523 143 1
523 147 1
523 188 1
523 223 1
523 273 1
523 274 1
523 275 1
523 276 1
523 291 1
523 346 1
523 367 1
523 434 1
523 462 1
523 463 1
523 497 1
524 16 1
524 17 1
524 18 1
524 91 1
524 114 1
524 144 1
524 190 1
524 223 1
524 268 1
524 273 1
524 275 1
524 276 1
524 277 1
524 280 1
524 291 1
524 347 1
524 348 1
524 408 1
524 492 1
524 497 1
524 523 1
525 17 1
525 18 1
525 91 1
525 144 1
525 167 1
525 276 1
525 277 1
525 279 1
525 280 1
525 291 1
525 348 1
525 409 1
525 435 1
525 492 1
525 493 1
525 524 1
526 17 1
526 18 1
526 91 1
526 114 1
526 116 1
526 144 1
526 167 1
526 190 1
526 225 1
526 273 1
526 278 1
526 279 1
526 280 1
526 281 1
526 282 1
526 346 1
526 348 1
526 433 1
526 435 1
526 494 1
526 524 1
527 68 1
527 114 1
527 116 1
527 167 1
527 225 1
527 273 1
527 280 1
527 281 1
527 282 1
527 346 1
527 433 1
527 462 1
527 494 1
527 526 1
528 23 1
528 25 1
528 88 1
528 92 1
528 117 1
528 145 1
528 146 1
528 166 1
528 193 1
528 272 1
528 284 1
528 288 1
528 290 1
528 349 1
528 366 1
528 386 1
528 388 1
528 410 1
528 465 1
528 466 1
528 495 1
528 496 1
529 23 1
529 24 1
529 25 1
529 117 1
529 119 1
529 146 1
529 193 1
529 290 1
529 388 1
529 466 1
529 528 1
530 26 1
530 27 1
530 93 1
530 95 1
530 120 1
530 121 1
530 147 1
530 226 1
530 274 1
530 297 1
530 367 1
530 436 1
530 463 1
530 497 1
530 523 1
531 26 1
531 27 1
531 93 1
531 95 1
531 120 1
531 121 1
531 147 1
531 296 1
531 297 1
531 367 1
531 436 1
531 530 1
532 33 1
532 73 1
532 95 1
532 120 1
532 121 1
532 125 1
532 149 1
532 168 1
532 197 1
532 200 1
532 201 1
532 227 1
532 232 1
532 293 1
532 294 1
532 295 1
532 296 1
532 297 1
532 308 1
532 309 1
532 310 1
532 368 1
532 369 1
532 389 1
533 26 1
533 27 1
533 95 1
533 120 1
533 121 1
533 227 1
533 295 1
533 296 1
533 531 1
534 31 1
534 34 1
534 35 1
534 57 1
534 124 1
534 125 1
534 126 1
534 170 1
534 171 1
534 172 1
534 207 1
534 292 1
534 293 1
534 294 1
534 305 1
534 306 1
534 438 1
534 439 1
534 440 1
534 471 1
534 499 1
535 36 1
535 37 1
535 72 1
535 74 1
535 96 1
535 152 1
535 172 1
535 202 1
535 203 1
535 306 1
535 307 1
535 314 1
535 320 1
535 352 1
535 393 1
535 396 1
535 439 1
535 441 1
535 445 1
535 472 1
535 499 1
536 38 1
536 39 1
536 97 1
536 127 1
536 148 1
536 198 1
536 199 1
536 204 1
536 230 1
536 300 1
536 315 1
536 350 1
536 351 1
536 390 1
536 442 1
536 500 1
537 75 1
537 98 1
537 154 1
537 394 1
537 395 1
538 75 1
538 76 1
538 98 1
538 153 1
538 154 1
538 173 1
538 233 1
538 394 1
538 395 1
538 502 1
538 537 1
539 75 1
539 76 1
539 96 1
539 98 1
539 154 1
539 313 1
539 393 1
539 394 1
539 395 1
539 537 1
539 538 1
540 44 1
540 45 1
540 78 1
540 99 1
540 156 1
540 176 1
540 208 1
540 209 1
540 211 1
540 323 1
540 324 1
540 326 1
540 341 1
540 342 1
540 353 1
540 419 1
540 447 1
541 78 1
541 99 1
541 104 1
541 176 1
541 211 1
541 323 1
541 324 1
541 325 1
541 326 1
541 342 1
541 374 1
541 504 1
541 540 1
542 78 1
542 99 1
542 324 1
542 325 1
542 326 1
542 355 1
542 505 1
542 540 1
542 541 1
543 45 1
543 47 1
543 48 1
543 79 1
543 131 1
543 156 1
543 176 1
543 209 1
543 211 1
543 323 1
543 324 1
543 326 1
543 327 1
543 342 1
543 355 1
543 375 1
543 447 1
543 448 1
543 504 1
543 507 1
543 540 1
544 81 1
544 131 1
544 136 1
544 155 1
544 235 1
544 238 1
544 328 1
544 329 1
544 330 1
544 331 1
544 354 1
544 358 1
544 419 1
544 449 1
544 478 1
544 479 1
544 483 1
544 509 1
545 45 1
545 46 1
545 47 1
545 103 1
545 131 1
545 155 1
545 156 1
545 209 1
545 235 1
545 238 1
545 323 1
545 328 1
545 330 1
545 331 1
545 335 1
545 355 1
545 356 1
545 419 1
545 483 1
545 505 1
545 544 1
546 46 1
546 47 1
546 103 1
546 156 1
546 177 1
546 238 1
546 331 1
546 332 1
546 334 1
546 335 1
546 356 1
546 419 1
546 420 1
546 450 1
546 505 1
546 545 1
547 46 1
547 47 1
547 103 1
547 131 1
547 133 1
547 156 1
547 177 1
547 209 1
547 237 1
547 328 1
547 333 1
547 334 1
547 335 1
547 336 1
547 337 1
547 354 1
547 356 1
547 448 1
547 450 1
547 506 1
547 545 1
548 80 1
548 103 1
548 131 1
548 133 1
548 177 1
548 237 1
548 328 1
548 335 1
548 336 1
548 337 1
548 354 1
548 448 1
548 477 1
548 478 1
548 506 1
548 547 1
549 51 1
549 52 1
549 54 1
549 100 1
549 104 1
549 134 1
549 157 1
549 158 1
549 176 1
549 212 1
549 327 1
549 339 1
549 340 1
549 342 1
549 343 1
549 357 1
549 376 1
549 400 1
549 401 1
549 421 1
549 481 1
549 482 1
549 507 1
549 508 1
550 52 1
550 53 1
550 54 1
550 134 1
550 158 1
550 212 1
550 343 1
550 401 1
550 482 1
550 549 1
551 8 1
551 56 1
551 184 1
551 185 1
551 219 1
551 257 1
551 405 1
551 427 1
551 428 1
551 456 1
551 485 1
551 514 1
552 8 1
552 9 1
552 56 1
552 62 1
552 111 1
552 139 1
552 163 1
552 183 1
552 184 1
552 186 1
552 252 1
552 260 1
552 264 1
552 265 1
552 344 1
552 380 1
552 383 1
552 406 1
552 427 1
552 430 1
552 456 1
552 486 1
552 515 1
553 63 1
553 64 1
553 86 1
553 141 1
553 163 1
553 221 1
553 362 1
553 381 1
553 382 1
553 383 1
553 516 1
553 517 1
553 518 1
554 15 1
554 66 1
554 87 1
554 142 1
554 144 1
554 189 1
554 194 1
554 268 1
554 269 1
554 408 1
554 411 1
554 432 1
554 467 1
554 519 1
554 520 1
554 521 1
555 36 1
555 39 1
555 58 1
555 128 1
555 204 1
555 205 1
555 231 1
555 315 1
555 316 1
555 416 1
555 441 1
555 443 1
555 472 1
556 36 1
556 37 1
556 58 1
556 74 1
556 127 1
556 152 1
556 173 1
556 203 1
556 204 1
556 206 1
556 307 1
556 314 1
556 319 1
556 320 1
556 352 1
556 393 1
556 396 1
556 417 1
556 441 1
556 445 1
556 472 1
556 499 1
556 535 1
557 75 1
557 76 1
557 98 1
557 154 1
557 173 1
557 233 1
557 372 1
557 394 1
557 395 1
557 396 1
557 537 1
557 538 1
557 539 1
558 44 1
558 78 1
558 99 1
558 156 1
558 208 1
558 323 1
558 324 1
558 419 1
558 447 1
558 540 1
558 541 1
558 542 1
559 4 1
559 107 1
559 111 1
559 181 1
559 218 1
559 220 1
559 247 1
559 248 1
559 249 1
559 253 1
559 360 1
559 402 1
559 403 1
559 453 1
560 89 1
560 90 1
560 110 1
560 191 1
560 426 1
560 455 1
561 8 1
561 56 1
561 60 1
561 62 1
561 139 1
561 183 1
561 184 1
561 219 1
561 252 1
561 257 1
561 260 1
561 379 1
561 380 1
561 405 1
561 425 1
561 427 1
561 456 1
561 485 1
561 514 1
561 515 1
561 551 1
561 552 1
562 8 1
562 9 1
562 84 1
562 182 1
562 362 1
562 383 1
562 455 1
562 486 1
562 515 1
562 560 1
563 8 1
563 63 1
563 64 1
563 84 1
563 113 1
563 140 1
563 163 1
563 185 1
563 221 1
563 262 1
563 265 1
563 344 1
563 362 1
563 380 1
563 381 1
563 382 1
563 383 1
563 406 1
563 430 1
563 458 1
563 488 1
563 517 1
563 518 1
563 552 1
563 553 1
564 65 1
564 161 1
564 165 1
564 187 1
564 267 1
564 386 1
564 424 1
564 431 1
564 454 1
564 489 1
565 16 1
565 17 1
565 18 1
565 19 1
565 21 1
565 67 1
565 68 1
565 114 1
565 144 1
565 166 1
565 190 1
565 272 1
565 273 1
565 278 1
565 281 1
565 282 1
565 283 1
565 347 1
565 365 1
565 433 1
565 461 1
565 522 1
565 524 1
565 526 1
565 527 1
566 89 1
566 90 1
566 191 1
566 224 1
566 270 1
566 384 1
566 385 1
566 464 1
567 223 1
567 276 1
567 408 1
567 409 1
567 492 1
567 493 1
567 525 1
568 69 1
568 192 1
568 193 1
568 287 1
568 288 1
568 289 1
568 290 1
568 387 1
568 388 1
568 465 1
569 23 1
569 193 1
569 289 1
569 290 1
569 387 1
569 388 1
569 465 1
569 466 1
569 529 1
569 568 1
570 32 1
570 123 1
570 127 1
570 150 1
570 199 1
570 200 1
570 201 1
570 230 1
570 232 1
570 298 1
570 300 1
570 301 1
570 302 1
570 303 1
570 304 1
570 351 1
570 369 1
570 391 1
570 413 1
570 414 1
570 470 1
571 36 1
571 39 1
571 58 1
571 72 1
571 74 1
571 128 1
571 152 1
571 203 1
571 204 1
571 231 1
571 307 1
571 314 1
571 315 1
571 392 1
571 393 1
571 416 1
571 439 1
571 441 1
571 472 1
571 535 1
571 555 1
571 556 1
572 36 1
572 75 1
572 76 1
572 96 1
572 130 1
572 153 1
572 173 1
572 205 1
572 233 1
572 317 1
572 320 1
572 352 1
572 372 1
572 393 1
572 394 1
572 395 1
572 396 1
572 417 1
572 445 1
572 474 1
572 502 1
572 538 1
572 539 1
572 556 1
572 557 1
573 77 1
573 171 1
573 175 1
573 207 1
573 322 1
573 400 1
573 438 1
573 446 1
573 471 1
573 503 1
574 45 1
574 46 1
574 47 1
574 48 1
574 50 1
574 79 1
574 80 1
574 131 1
574 156 1
574 176 1
574 209 1
574 327 1
574 328 1
574 333 1
574 336 1
574 337 1
574 338 1
574 355 1
574 375 1
574 448 1
574 477 1
574 543 1
574 545 1
574 547 1
574 548 1
575 235 1
575 331 1
575 419 1
575 420 1
575 505 1
575 546 1
576 211 1
576 212 1
576 341 1
576 342 1
576 343 1
576 401 1
576 481 1
577 52 1
577 212 1
577 343 1
577 401 1
577 481 1
577 482 1
577 550 1
577 576 1
