# minsup
1
# graph
G_portein_file\CDK2\2UZE.pdb
# node ID, label
0 A
1 A
2 A
3 A
4 A
5 A
6 A
7 A
8 A
9 A
10 A
11 A
12 A
13 A
14 A
15 A
16 A
17 A
18 A
19 A
20 A
21 A
22 A
23 A
24 A
25 C
26 C
27 C
28 C
29 D
30 D
31 D
32 D
33 D
34 D
35 E
36 E
37 E
38 E
39 E
40 F
41 F
42 F
43 F
44 F
45 F
46 F
47 F
48 F
49 F
50 F
51 F
52 F
53 F
54 F
55 F
56 G
57 G
58 G
59 G
60 G
61 G
62 G
63 G
64 G
65 G
66 G
67 G
68 G
69 H
70 H
71 H
72 H
73 H
74 H
75 H
76 H
77 H
78 I
79 I
80 I
81 I
82 I
83 I
84 I
85 I
86 I
87 I
88 I
89 I
90 I
91 I
92 I
93 I
94 I
95 I
96 I
97 I
98 K
99 K
100 K
101 K
102 L
103 L
104 L
105 L
106 L
107 L
108 L
109 L
110 L
111 L
112 L
113 L
114 L
115 L
116 L
117 L
118 L
119 L
120 L
121 L
122 L
123 L
124 L
125 L
126 L
127 L
128 L
129 L
130 L
131 L
132 L
133 L
134 L
135 L
136 L
137 L
138 L
139 L
140 L
141 L
142 L
143 L
144 L
145 M
146 M
147 M
148 N
149 N
150 N
151 P
152 P
153 P
154 Q
155 Q
156 Q
157 Q
158 Q
159 Q
160 Q
161 R
162 R
163 R
164 R
165 R
166 R
167 R
168 R
169 R
170 R
171 R
172 R
173 S
174 S
175 S
176 S
177 S
178 S
179 S
180 S
181 S
182 S
183 S
184 T
185 T
186 T
187 T
188 T
189 T
190 T
191 T
192 T
193 T
194 V
195 V
196 V
197 V
198 V
199 V
200 V
201 V
202 V
203 V
204 V
205 V
206 V
207 V
208 V
209 V
210 V
211 V
212 W
213 W
214 W
215 Y
216 Y
217 Y
218 Y
219 Y
220 Y
221 Y
222 Y
223 Y
# node ID1, node ID2, number of bounds
3 2 1
5 4 1
8 7 1
9 7 1
9 8 1
10 7 1
10 8 1
10 9 1
12 11 1
16 15 1
18 17 1
20 19 1
21 19 1
21 20 1
22 19 1
22 20 1
22 21 1
24 23 1
25 0 1
25 2 1
25 3 1
26 4 1
26 6 1
27 13 1
27 15 1
27 16 1
28 17 1
29 4 1
29 5 1
29 26 1
31 7 1
32 17 1
32 18 1
32 28 1
34 19 1
35 4 1
35 5 1
36 3 1
36 10 1
37 10 1
37 36 1
38 16 1
38 22 1
39 22 1
39 38 1
41 0 1
41 25 1
42 2 1
42 3 1
42 36 1
43 6 1
43 26 1
44 9 1
44 31 1
45 3 1
45 10 1
45 36 1
45 37 1
46 12 1
47 11 1
49 13 1
49 27 1
50 14 1
50 15 1
51 15 1
51 16 1
51 38 1
52 21 1
52 34 1
53 16 1
53 22 1
53 38 1
53 39 1
54 23 1
56 0 1
56 25 1
56 40 1
56 41 1
57 3 1
57 42 1
57 46 1
58 6 1
58 26 1
58 29 1
58 43 1
59 7 1
59 8 1
59 9 1
59 31 1
59 44 1
60 11 1
60 12 1
60 47 1
61 11 1
61 12 1
61 46 1
61 60 1
62 13 1
62 27 1
62 48 1
62 49 1
63 14 1
63 15 1
63 50 1
64 16 1
64 51 1
64 54 1
65 28 1
65 32 1
66 19 1
66 20 1
66 21 1
66 34 1
67 23 1
67 24 1
67 55 1
68 23 1
68 24 1
68 54 1
68 67 1
69 0 1
69 3 1
69 5 1
69 25 1
69 29 1
69 41 1
69 42 1
69 56 1
70 0 1
70 3 1
70 25 1
70 41 1
70 42 1
70 69 1
71 1 1
71 2 1
71 3 1
71 25 1
71 29 1
71 69 1
72 46 1
72 70 1
73 7 1
73 10 1
73 60 1
74 13 1
74 16 1
74 18 1
74 27 1
74 32 1
74 49 1
74 51 1
74 62 1
75 14 1
75 15 1
75 16 1
75 27 1
75 32 1
75 50 1
75 63 1
75 74 1
76 54 1
77 19 1
77 22 1
77 67 1
78 1 1
78 25 1
78 41 1
78 56 1
79 4 1
79 35 1
80 0 1
80 4 1
80 5 1
80 26 1
80 29 1
80 58 1
81 6 1
81 26 1
81 43 1
81 58 1
81 80 1
82 5 1
82 80 1
83 42 1
83 57 1
83 69 1
83 70 1
83 72 1
84 30 1
85 7 1
85 8 1
85 9 1
85 31 1
85 44 1
85 59 1
86 36 1
86 37 1
86 45 1
87 11 1
87 12 1
87 46 1
87 60 1
87 61 1
88 14 1
88 27 1
88 49 1
88 50 1
88 62 1
89 14 1
89 48 1
89 62 1
89 88 1
90 13 1
90 17 1
90 18 1
90 28 1
90 32 1
90 65 1
91 28 1
91 65 1
91 90 1
92 18 1
92 90 1
93 64 1
93 74 1
93 76 1
94 33 1
95 19 1
95 20 1
95 21 1
95 34 1
95 52 1
95 66 1
96 38 1
96 39 1
96 53 1
97 23 1
97 24 1
97 54 1
97 67 1
97 68 1
98 1 1
98 56 1
98 78 1
99 9 1
99 10 1
99 36 1
99 37 1
99 45 1
99 86 1
100 14 1
100 62 1
100 88 1
100 89 1
101 21 1
101 22 1
101 38 1
101 39 1
101 53 1
101 96 1
102 40 1
102 43 1
102 56 1
102 58 1
102 81 1
103 0 1
103 40 1
103 41 1
103 43 1
103 56 1
103 78 1
103 98 1
103 102 1
104 0 1
104 25 1
104 29 1
104 40 1
104 41 1
104 56 1
104 80 1
104 102 1
104 103 1
105 0 1
105 25 1
105 29 1
105 40 1
105 41 1
105 56 1
105 69 1
105 70 1
105 71 1
105 78 1
105 80 1
105 98 1
105 103 1
105 104 1
106 2 1
106 3 1
106 5 1
106 25 1
106 29 1
106 42 1
106 69 1
106 70 1
106 71 1
106 105 1
107 1 1
107 25 1
107 56 1
107 71 1
107 78 1
107 98 1
107 103 1
107 104 1
107 105 1
108 2 1
108 71 1
108 106 1
109 4 1
109 35 1
109 79 1
110 5 1
110 6 1
110 26 1
110 29 1
110 43 1
110 58 1
110 80 1
110 81 1
110 102 1
110 103 1
110 104 1
110 105 1
111 4 1
111 5 1
111 26 1
111 58 1
111 80 1
111 82 1
111 110 1
112 46 1
112 70 1
112 72 1
112 83 1
113 30 1
113 59 1
113 84 1
113 85 1
114 7 1
114 9 1
114 30 1
114 59 1
114 73 1
114 84 1
114 113 1
115 7 1
115 9 1
115 10 1
115 36 1
115 73 1
115 114 1
116 7 1
116 9 1
116 10 1
116 36 1
116 45 1
116 73 1
116 85 1
116 115 1
117 8 1
117 9 1
117 59 1
118 7 1
118 8 1
118 9 1
118 10 1
118 45 1
118 59 1
118 99 1
119 7 1
119 8 1
119 9 1
119 10 1
119 36 1
119 37 1
119 45 1
119 59 1
119 99 1
119 116 1
119 118 1
120 8 1
120 44 1
121 11 1
121 12 1
121 46 1
121 60 1
121 61 1
121 87 1
122 11 1
122 12 1
122 47 1
122 60 1
122 87 1
123 30 1
123 60 1
123 73 1
123 115 1
123 122 1
124 48 1
124 62 1
124 65 1
124 89 1
124 91 1
125 13 1
125 48 1
125 49 1
125 62 1
125 88 1
125 89 1
125 100 1
125 124 1
126 13 1
126 27 1
126 32 1
126 48 1
126 49 1
126 62 1
126 90 1
126 124 1
126 125 1
127 13 1
127 27 1
127 32 1
127 48 1
127 49 1
127 62 1
127 74 1
127 75 1
127 88 1
127 90 1
127 100 1
127 125 1
127 126 1
128 15 1
128 16 1
128 18 1
128 27 1
128 32 1
128 50 1
128 51 1
128 74 1
128 75 1
128 127 1
129 14 1
129 27 1
129 50 1
129 62 1
129 75 1
129 88 1
129 89 1
129 100 1
129 125 1
129 126 1
129 127 1
130 15 1
130 50 1
130 63 1
130 75 1
130 128 1
131 18 1
131 28 1
131 32 1
131 65 1
131 90 1
131 91 1
131 124 1
131 125 1
131 126 1
131 127 1
132 17 1
132 18 1
132 28 1
132 65 1
132 90 1
132 92 1
132 131 1
133 54 1
133 76 1
133 93 1
134 33 1
134 66 1
134 94 1
135 19 1
135 21 1
135 33 1
135 66 1
135 77 1
135 94 1
135 134 1
136 19 1
136 21 1
136 22 1
136 38 1
136 77 1
136 135 1
137 19 1
137 21 1
137 22 1
137 38 1
137 53 1
137 77 1
137 95 1
137 136 1
138 34 1
138 52 1
138 95 1
139 20 1
139 21 1
139 66 1
140 19 1
140 20 1
140 21 1
140 22 1
140 38 1
140 39 1
140 53 1
140 66 1
140 101 1
141 19 1
141 20 1
141 21 1
141 22 1
141 38 1
141 39 1
141 53 1
141 66 1
141 101 1
141 137 1
141 140 1
142 20 1
142 52 1
143 23 1
143 54 1
143 67 1
143 68 1
143 97 1
144 23 1
144 24 1
144 55 1
144 67 1
144 97 1
145 5 1
145 26 1
145 29 1
145 43 1
145 58 1
145 80 1
145 82 1
145 110 1
145 111 1
146 7 1
146 8 1
146 9 1
146 10 1
146 45 1
146 59 1
146 73 1
146 85 1
146 99 1
146 114 1
146 115 1
146 116 1
146 117 1
146 118 1
146 119 1
147 19 1
147 20 1
147 21 1
147 22 1
147 53 1
147 66 1
147 77 1
147 95 1
147 101 1
147 135 1
147 136 1
147 137 1
147 139 1
147 140 1
147 141 1
148 7 1
148 9 1
148 10 1
148 31 1
148 44 1
148 73 1
148 85 1
148 115 1
148 116 1
148 123 1
149 14 1
149 48 1
149 49 1
149 62 1
149 88 1
149 89 1
149 100 1
149 125 1
149 126 1
149 127 1
149 129 1
150 19 1
150 21 1
150 22 1
150 34 1
150 52 1
150 77 1
150 95 1
150 136 1
150 137 1
151 4 1
151 35 1
151 79 1
151 109 1
151 111 1
152 12 1
152 46 1
152 60 1
152 61 1
152 73 1
152 87 1
152 112 1
152 121 1
153 23 1
153 24 1
153 54 1
153 67 1
153 68 1
153 97 1
153 133 1
153 143 1
154 0 1
154 40 1
154 56 1
154 78 1
154 98 1
154 102 1
154 103 1
154 104 1
154 105 1
154 107 1
155 0 1
155 25 1
155 40 1
155 41 1
155 56 1
155 69 1
155 78 1
155 98 1
155 102 1
155 103 1
155 104 1
155 105 1
155 154 1
156 8 1
156 9 1
156 59 1
156 84 1
156 113 1
156 114 1
156 117 1
157 30 1
157 84 1
157 113 1
158 13 1
158 48 1
158 62 1
158 88 1
158 89 1
158 100 1
158 124 1
158 125 1
158 126 1
158 127 1
158 129 1
158 149 1
159 13 1
159 27 1
159 48 1
159 49 1
159 62 1
159 88 1
159 100 1
159 124 1
159 125 1
159 126 1
159 127 1
159 149 1
159 158 1
160 23 1
160 51 1
160 54 1
160 64 1
160 76 1
160 77 1
160 133 1
160 143 1
160 153 1
161 0 1
161 3 1
161 25 1
161 41 1
161 42 1
161 57 1
161 69 1
161 70 1
161 71 1
161 72 1
161 83 1
161 106 1
161 112 1
162 2 1
162 29 1
162 71 1
162 80 1
162 106 1
162 108 1
163 2 1
163 3 1
163 36 1
163 42 1
163 45 1
163 57 1
163 71 1
163 106 1
163 108 1
163 161 1
163 162 1
164 4 1
164 26 1
164 29 1
164 35 1
164 79 1
164 109 1
164 151 1
164 162 1
165 46 1
165 72 1
165 83 1
165 112 1
165 152 1
166 7 1
166 31 1
166 44 1
166 85 1
166 148 1
167 13 1
167 16 1
167 27 1
167 49 1
167 51 1
167 64 1
167 74 1
167 75 1
167 76 1
167 93 1
167 128 1
167 133 1
168 15 1
168 32 1
168 50 1
168 63 1
168 75 1
168 90 1
168 128 1
168 130 1
169 15 1
169 16 1
169 38 1
169 50 1
169 51 1
169 53 1
169 63 1
169 64 1
169 75 1
169 128 1
169 130 1
169 167 1
169 168 1
170 17 1
170 28 1
170 32 1
170 168 1
171 54 1
171 76 1
171 93 1
171 133 1
171 153 1
172 19 1
172 34 1
172 52 1
172 95 1
172 138 1
172 150 1
173 0 1
173 25 1
173 41 1
173 69 1
173 70 1
173 72 1
173 83 1
173 105 1
173 106 1
173 161 1
174 5 1
174 29 1
174 35 1
174 42 1
174 57 1
174 69 1
174 71 1
174 80 1
174 106 1
174 161 1
174 162 1
175 4 1
175 5 1
175 26 1
175 29 1
175 43 1
175 58 1
175 80 1
175 81 1
175 110 1
175 111 1
175 145 1
175 162 1
175 164 1
176 0 1
176 5 1
176 29 1
176 69 1
176 80 1
176 82 1
176 104 1
176 105 1
176 145 1
177 7 1
177 8 1
177 9 1
177 10 1
177 36 1
177 37 1
177 45 1
177 86 1
177 99 1
177 115 1
177 116 1
177 118 1
177 119 1
177 146 1
178 12 1
178 46 1
178 61 1
178 72 1
178 87 1
178 112 1
178 121 1
178 152 1
178 165 1
179 48 1
179 89 1
179 124 1
179 125 1
179 126 1
179 158 1
180 17 1
180 18 1
180 28 1
180 32 1
180 65 1
180 90 1
180 91 1
180 131 1
180 132 1
180 168 1
180 170 1
181 13 1
181 18 1
181 32 1
181 74 1
181 90 1
181 92 1
181 126 1
181 127 1
182 19 1
182 20 1
182 21 1
182 22 1
182 38 1
182 39 1
182 53 1
182 96 1
182 101 1
182 136 1
182 137 1
182 140 1
182 141 1
182 147 1
183 23 1
183 24 1
183 54 1
183 68 1
183 76 1
183 97 1
183 133 1
183 143 1
183 153 1
183 160 1
183 171 1
184 0 1
184 5 1
184 25 1
184 29 1
184 42 1
184 69 1
184 71 1
184 80 1
184 82 1
184 105 1
184 106 1
184 161 1
184 162 1
184 173 1
184 174 1
184 176 1
185 70 1
185 72 1
185 83 1
185 112 1
185 165 1
185 173 1
186 7 1
186 9 1
186 10 1
186 36 1
186 37 1
186 45 1
186 73 1
186 99 1
186 114 1
186 115 1
186 116 1
186 118 1
186 119 1
186 146 1
186 148 1
186 177 1
187 7 1
187 8 1
187 9 1
187 10 1
187 59 1
187 85 1
187 113 1
187 114 1
187 117 1
187 118 1
187 119 1
187 146 1
187 156 1
188 12 1
188 46 1
188 60 1
188 73 1
188 87 1
188 112 1
188 115 1
188 116 1
188 121 1
188 148 1
188 152 1
188 178 1
188 186 1
189 11 1
189 12 1
189 46 1
189 57 1
189 121 1
190 13 1
190 18 1
190 27 1
190 32 1
190 51 1
190 74 1
190 75 1
190 90 1
190 127 1
190 128 1
190 167 1
190 168 1
190 181 1
191 76 1
191 93 1
191 133 1
191 171 1
192 19 1
192 21 1
192 22 1
192 38 1
192 39 1
192 53 1
192 77 1
192 101 1
192 135 1
192 136 1
192 137 1
192 140 1
192 141 1
192 147 1
192 150 1
192 182 1
193 19 1
193 20 1
193 21 1
193 22 1
193 66 1
193 95 1
193 134 1
193 135 1
193 139 1
193 140 1
193 141 1
193 147 1
194 0 1
194 2 1
194 3 1
194 25 1
194 41 1
194 42 1
194 57 1
194 69 1
194 70 1
194 71 1
194 83 1
194 105 1
194 106 1
194 161 1
194 162 1
194 163 1
194 173 1
194 174 1
194 184 1
195 42 1
195 46 1
195 57 1
195 72 1
195 83 1
195 121 1
195 161 1
195 174 1
195 189 1
196 4 1
196 5 1
196 29 1
196 35 1
196 58 1
196 71 1
196 79 1
196 80 1
196 106 1
196 110 1
196 111 1
196 145 1
196 151 1
196 162 1
196 164 1
196 174 1
196 175 1
196 184 1
197 7 1
197 30 1
197 59 1
197 73 1
197 84 1
197 85 1
197 113 1
197 114 1
197 115 1
197 123 1
197 156 1
197 157 1
198 30 1
198 73 1
198 113 1
198 114 1
198 115 1
198 123 1
198 197 1
199 7 1
199 9 1
199 10 1
199 31 1
199 44 1
199 59 1
199 73 1
199 85 1
199 113 1
199 114 1
199 115 1
199 116 1
199 123 1
199 146 1
199 148 1
199 166 1
199 186 1
199 188 1
199 197 1
200 7 1
200 8 1
200 9 1
200 44 1
200 59 1
200 85 1
200 113 1
200 117 1
200 118 1
200 120 1
200 146 1
200 156 1
200 187 1
201 8 1
201 9 1
201 44 1
201 59 1
201 85 1
201 119 1
201 120 1
201 166 1
201 200 1
202 11 1
202 12 1
202 46 1
202 60 1
202 61 1
202 73 1
202 87 1
202 116 1
202 121 1
202 123 1
202 152 1
202 178 1
202 188 1
202 189 1
203 12 1
203 46 1
203 61 1
203 87 1
203 121 1
203 152 1
203 178 1
203 202 1
204 13 1
204 15 1
204 16 1
204 27 1
204 49 1
204 50 1
204 51 1
204 64 1
204 74 1
204 75 1
204 93 1
204 127 1
204 128 1
204 167 1
204 168 1
204 169 1
204 190 1
205 17 1
205 18 1
205 32 1
205 65 1
205 75 1
205 90 1
205 128 1
205 131 1
205 132 1
205 168 1
205 170 1
205 180 1
205 190 1
206 19 1
206 33 1
206 66 1
206 77 1
206 94 1
206 95 1
206 134 1
206 135 1
206 136 1
207 33 1
207 77 1
207 134 1
207 135 1
207 136 1
207 206 1
208 19 1
208 21 1
208 22 1
208 34 1
208 52 1
208 66 1
208 77 1
208 95 1
208 134 1
208 135 1
208 136 1
208 137 1
208 147 1
208 150 1
208 172 1
208 192 1
208 206 1
209 19 1
209 20 1
209 21 1
209 52 1
209 66 1
209 95 1
209 134 1
209 138 1
209 139 1
209 142 1
209 147 1
209 193 1
210 20 1
210 21 1
210 52 1
210 95 1
210 138 1
210 141 1
210 142 1
210 172 1
210 209 1
211 23 1
211 24 1
211 54 1
211 68 1
211 97 1
211 153 1
211 183 1
212 4 1
212 5 1
212 26 1
212 29 1
212 43 1
212 58 1
212 80 1
212 81 1
212 82 1
212 110 1
212 111 1
212 145 1
212 151 1
212 164 1
212 175 1
212 184 1
212 196 1
213 30 1
213 59 1
213 84 1
213 113 1
213 114 1
213 156 1
213 157 1
213 197 1
213 198 1
214 17 1
214 18 1
214 28 1
214 32 1
214 65 1
214 90 1
214 91 1
214 92 1
214 131 1
214 132 1
214 170 1
214 180 1
214 181 1
214 190 1
214 205 1
215 40 1
215 43 1
215 98 1
215 102 1
215 103 1
215 104 1
215 154 1
215 155 1
216 4 1
216 26 1
216 29 1
216 58 1
216 80 1
216 81 1
216 110 1
216 151 1
216 162 1
216 164 1
216 175 1
216 196 1
216 212 1
217 4 1
217 5 1
217 35 1
217 79 1
217 106 1
217 174 1
217 184 1
217 196 1
218 70 1
218 72 1
218 83 1
218 112 1
218 161 1
218 165 1
218 173 1
218 185 1
219 7 1
219 8 1
219 9 1
219 10 1
219 31 1
219 44 1
219 59 1
219 73 1
219 85 1
219 116 1
219 119 1
219 146 1
219 148 1
219 166 1
219 199 1
219 200 1
219 201 1
220 48 1
220 89 1
220 100 1
220 124 1
220 125 1
220 126 1
220 149 1
220 158 1
220 159 1
220 179 1
221 17 1
221 28 1
221 32 1
221 65 1
221 90 1
221 91 1
221 131 1
221 168 1
221 170 1
221 180 1
221 205 1
221 214 1
222 76 1
222 93 1
222 133 1
222 167 1
222 171 1
222 191 1
223 19 1
223 20 1
223 21 1
223 22 1
223 34 1
223 52 1
223 66 1
223 77 1
223 95 1
223 136 1
223 137 1
223 138 1
223 141 1
223 147 1
223 150 1
223 172 1
223 208 1
223 209 1
223 210 1
