# minsup
1
# graph
G_portein_file\CDK2\2UZL.pdb
# node ID, label
0 A
1 A
2 A
3 A
4 A
5 A
6 A
7 A
8 A
9 A
10 A
11 A
12 A
13 A
14 A
15 A
16 A
17 A
18 A
19 A
20 A
21 A
22 A
23 A
24 A
25 A
26 A
27 A
28 A
29 A
30 A
31 A
32 A
33 A
34 A
35 A
36 A
37 A
38 A
39 A
40 A
41 A
42 A
43 A
44 A
45 A
46 A
47 A
48 A
49 A
50 A
51 A
52 C
53 C
54 C
55 C
56 D
57 D
58 D
59 D
60 D
61 D
62 D
63 D
64 D
65 D
66 D
67 D
68 D
69 D
70 D
71 D
72 D
73 D
74 D
75 E
76 E
77 E
78 E
79 E
80 E
81 E
82 E
83 E
84 E
85 E
86 E
87 E
88 E
89 E
90 E
91 E
92 E
93 E
94 E
95 E
96 E
97 E
98 E
99 E
100 E
101 F
102 F
103 F
104 F
105 F
106 F
107 F
108 F
109 F
110 F
111 F
112 F
113 F
114 F
115 F
116 F
117 F
118 F
119 F
120 F
121 F
122 F
123 F
124 F
125 F
126 F
127 F
128 F
129 F
130 F
131 F
132 F
133 F
134 F
135 F
136 F
137 G
138 G
139 G
140 G
141 G
142 G
143 G
144 G
145 G
146 G
147 G
148 G
149 G
150 G
151 G
152 G
153 G
154 G
155 G
156 G
157 G
158 H
159 H
160 H
161 H
162 H
163 H
164 H
165 H
166 H
167 H
168 H
169 H
170 H
171 H
172 H
173 H
174 I
175 I
176 I
177 I
178 I
179 I
180 I
181 I
182 I
183 I
184 I
185 I
186 I
187 I
188 I
189 I
190 I
191 I
192 I
193 I
194 I
195 I
196 I
197 I
198 I
199 I
200 I
201 I
202 I
203 I
204 I
205 I
206 I
207 I
208 I
209 K
210 K
211 K
212 K
213 K
214 K
215 K
216 K
217 K
218 K
219 K
220 K
221 K
222 K
223 K
224 K
225 K
226 K
227 L
228 L
229 L
230 L
231 L
232 L
233 L
234 L
235 L
236 L
237 L
238 L
239 L
240 L
241 L
242 L
243 L
244 L
245 L
246 L
247 L
248 L
249 L
250 L
251 L
252 L
253 L
254 L
255 L
256 L
257 L
258 L
259 L
260 L
261 L
262 L
263 L
264 L
265 L
266 L
267 L
268 L
269 L
270 L
271 L
272 L
273 L
274 L
275 L
276 L
277 L
278 L
279 L
280 L
281 L
282 L
283 L
284 L
285 L
286 L
287 L
288 L
289 L
290 L
291 L
292 L
293 L
294 L
295 L
296 L
297 L
298 L
299 L
300 L
301 L
302 L
303 L
304 L
305 L
306 L
307 L
308 L
309 L
310 L
311 L
312 L
313 L
314 L
315 L
316 L
317 L
318 L
319 L
320 L
321 L
322 L
323 M
324 M
325 M
326 M
327 M
328 M
329 M
330 M
331 M
332 M
333 M
334 M
335 M
336 N
337 N
338 N
339 N
340 N
341 N
342 N
343 N
344 N
345 N
346 P
347 P
348 P
349 P
350 P
351 P
352 P
353 P
354 P
355 P
356 P
357 P
358 P
359 P
360 P
361 P
362 P
363 P
364 P
365 Q
366 Q
367 Q
368 Q
369 Q
370 Q
371 Q
372 Q
373 Q
374 Q
375 Q
376 Q
377 Q
378 Q
379 Q
380 Q
381 Q
382 Q
383 Q
384 Q
385 Q
386 Q
387 Q
388 Q
389 R
390 R
391 R
392 R
393 R
394 R
395 R
396 R
397 R
398 R
399 R
400 R
401 R
402 R
403 R
404 R
405 R
406 R
407 R
408 R
409 R
410 R
411 R
412 R
413 R
414 R
415 R
416 R
417 S
418 S
419 S
420 S
421 S
422 S
423 S
424 S
425 S
426 S
427 S
428 S
429 S
430 S
431 S
432 S
433 S
434 S
435 S
436 S
437 S
438 S
439 S
440 S
441 S
442 S
443 S
444 S
445 S
446 S
447 T
448 T
449 T
450 T
451 T
452 T
453 T
454 T
455 T
456 T
457 T
458 T
459 T
460 T
461 T
462 T
463 T
464 T
465 T
466 T
467 T
468 T
469 T
470 T
471 T
472 T
473 T
474 V
475 V
476 V
477 V
478 V
479 V
480 V
481 V
482 V
483 V
484 V
485 V
486 V
487 V
488 V
489 V
490 V
491 V
492 V
493 V
494 V
495 V
496 V
497 V
498 V
499 V
500 V
501 V
502 V
503 V
504 V
505 V
506 V
507 V
508 V
509 V
510 V
511 V
512 W
513 W
514 W
515 W
516 W
517 W
518 Y
519 Y
520 Y
521 Y
522 Y
523 Y
524 Y
525 Y
526 Y
527 Y
528 Y
529 Y
530 Y
531 Y
532 Y
533 Y
534 Y
535 Y
536 Y
537 Y
538 Y
539 Y
540 Y
541 Y
542 Y
543 Y
544 Y
545 Y
# node ID1, node ID2, number of bounds
5 4 1
7 6 1
9 1 1
9 7 1
10 1 1
10 9 1
11 1 1
11 9 1
11 10 1
14 13 1
15 13 1
15 14 1
16 13 1
16 14 1
16 15 1
18 5 1
18 16 1
19 5 1
19 13 1
19 18 1
21 12 1
22 20 1
23 20 1
23 22 1
24 20 1
24 22 1
24 23 1
25 12 1
31 30 1
33 32 1
35 27 1
35 33 1
36 27 1
36 35 1
37 27 1
37 35 1
37 36 1
38 35 1
38 36 1
38 37 1
41 40 1
42 40 1
42 41 1
43 40 1
43 41 1
43 42 1
45 31 1
45 43 1
46 31 1
46 40 1
46 45 1
48 39 1
49 47 1
50 47 1
50 49 1
51 47 1
51 49 1
51 50 1
52 1 1
52 4 1
52 5 1
52 9 1
53 6 1
53 8 1
54 27 1
54 30 1
54 31 1
54 35 1
55 32 1
55 34 1
56 3 1
56 4 1
57 3 1
57 4 1
57 56 1
58 1 1
58 6 1
58 7 1
58 9 1
58 53 1
58 56 1
60 7 1
61 12 1
61 25 1
62 13 1
62 21 1
63 18 1
63 19 1
64 12 1
64 21 1
65 21 1
65 64 1
66 29 1
66 30 1
67 29 1
67 30 1
67 66 1
68 32 1
68 33 1
68 35 1
68 55 1
68 66 1
70 33 1
71 39 1
72 40 1
72 48 1
73 45 1
73 46 1
74 39 1
74 48 1
76 0 1
76 3 1
76 4 1
76 57 1
77 6 1
77 7 1
77 60 1
78 8 1
78 53 1
80 19 1
80 79 1
81 61 1
82 13 1
82 16 1
83 5 1
83 16 1
83 18 1
83 82 1
84 16 1
84 82 1
84 83 1
85 17 1
86 14 1
86 15 1
87 20 1
87 22 1
87 24 1
87 61 1
87 64 1
87 82 1
89 26 1
89 29 1
89 30 1
89 67 1
90 88 1
91 32 1
91 33 1
91 70 1
93 46 1
93 92 1
94 71 1
95 40 1
95 43 1
96 31 1
96 43 1
96 45 1
96 95 1
97 43 1
97 95 1
97 96 1
98 44 1
99 41 1
99 42 1
100 47 1
100 49 1
100 51 1
100 71 1
100 74 1
101 3 1
102 9 1
102 11 1
103 1 1
103 9 1
103 52 1
104 0 1
104 3 1
104 4 1
104 56 1
104 57 1
104 76 1
105 4 1
105 5 1
105 83 1
106 8 1
106 53 1
106 78 1
107 8 1
107 53 1
107 59 1
107 78 1
108 59 1
108 107 1
109 59 1
109 108 1
110 108 1
110 109 1
111 15 1
111 62 1
112 0 1
112 5 1
112 16 1
112 18 1
112 76 1
112 83 1
112 84 1
113 14 1
113 17 1
113 85 1
114 18 1
114 63 1
114 76 1
115 22 1
116 20 1
116 115 1
117 20 1
117 24 1
117 87 1
118 20 1
118 22 1
118 23 1
118 24 1
118 115 1
118 116 1
119 29 1
119 90 1
120 88 1
120 90 1
120 119 1
121 35 1
121 37 1
121 38 1
122 27 1
122 35 1
122 54 1
123 26 1
123 29 1
123 30 1
123 66 1
123 67 1
123 89 1
124 30 1
124 31 1
124 45 1
124 96 1
125 34 1
125 55 1
126 34 1
126 55 1
126 69 1
127 69 1
127 126 1
128 69 1
128 127 1
129 42 1
129 72 1
130 26 1
130 31 1
130 43 1
130 45 1
130 89 1
130 96 1
130 97 1
131 41 1
131 44 1
131 98 1
132 45 1
132 73 1
132 89 1
133 49 1
134 47 1
134 133 1
135 47 1
135 51 1
135 100 1
136 47 1
136 49 1
136 50 1
136 51 1
136 133 1
136 134 1
137 1 1
137 9 1
137 52 1
137 102 1
137 103 1
138 0 1
138 3 1
138 4 1
138 56 1
138 57 1
138 76 1
138 104 1
139 5 1
139 82 1
139 105 1
139 115 1
140 8 1
140 53 1
140 58 1
140 78 1
140 106 1
141 108 1
141 109 1
142 81 1
144 13 1
144 14 1
144 15 1
144 62 1
144 86 1
144 111 1
145 20 1
145 22 1
145 23 1
145 24 1
145 87 1
145 117 1
145 118 1
146 20 1
146 22 1
146 23 1
146 24 1
146 115 1
146 118 1
146 145 1
147 88 1
148 27 1
148 35 1
148 54 1
148 121 1
148 122 1
149 26 1
149 29 1
149 30 1
149 66 1
149 67 1
149 89 1
149 123 1
150 31 1
150 95 1
150 124 1
150 133 1
151 34 1
151 55 1
151 68 1
151 125 1
152 127 1
152 128 1
153 94 1
155 40 1
155 41 1
155 42 1
155 72 1
155 99 1
155 129 1
156 47 1
156 49 1
156 50 1
156 51 1
156 100 1
156 135 1
156 136 1
157 47 1
157 49 1
157 50 1
157 51 1
157 133 1
157 136 1
157 156 1
158 52 1
158 103 1
158 137 1
159 1 1
159 5 1
159 7 1
159 9 1
159 52 1
159 58 1
159 103 1
159 105 1
159 137 1
160 1 1
160 5 1
160 52 1
160 103 1
160 105 1
160 159 1
161 3 1
161 4 1
161 5 1
161 52 1
161 56 1
161 57 1
161 58 1
161 76 1
161 104 1
161 138 1
161 159 1
162 6 1
162 7 1
162 60 1
162 140 1
163 79 1
163 115 1
163 160 1
164 13 1
164 16 1
164 19 1
164 82 1
164 87 1
164 145 1
165 14 1
165 86 1
165 114 1
166 54 1
166 122 1
166 148 1
167 27 1
167 31 1
167 33 1
167 35 1
167 54 1
167 68 1
167 122 1
167 124 1
167 148 1
168 27 1
168 31 1
168 54 1
168 122 1
168 124 1
168 167 1
169 29 1
169 30 1
169 31 1
169 54 1
169 66 1
169 67 1
169 68 1
169 89 1
169 123 1
169 149 1
169 167 1
170 32 1
170 33 1
170 70 1
170 151 1
171 92 1
171 133 1
171 168 1
172 40 1
172 43 1
172 46 1
172 95 1
172 100 1
172 156 1
173 41 1
173 99 1
173 132 1
174 0 1
174 16 1
174 18 1
174 63 1
174 76 1
174 112 1
174 114 1
174 138 1
175 0 1
175 63 1
175 76 1
175 104 1
175 114 1
175 138 1
175 174 1
176 3 1
176 52 1
176 57 1
176 103 1
176 104 1
176 137 1
176 158 1
177 8 1
177 102 1
177 106 1
178 2 1
178 3 1
178 102 1
178 137 1
178 176 1
179 6 1
179 77 1
180 1 1
180 6 1
180 7 1
180 9 1
180 11 1
180 53 1
180 58 1
180 140 1
180 162 1
181 8 1
181 53 1
181 78 1
181 106 1
181 140 1
181 180 1
182 59 1
182 108 1
182 110 1
183 6 1
183 59 1
183 107 1
183 108 1
183 109 1
183 141 1
183 182 1
184 7 1
184 9 1
184 10 1
184 11 1
184 60 1
184 162 1
184 180 1
185 79 1
185 105 1
185 139 1
185 159 1
185 160 1
185 163 1
186 12 1
186 25 1
186 61 1
186 64 1
187 13 1
187 14 1
187 15 1
187 62 1
187 111 1
187 144 1
188 83 1
188 84 1
188 112 1
189 12 1
189 21 1
189 61 1
189 64 1
189 65 1
189 87 1
189 145 1
189 186 1
190 20 1
190 22 1
190 23 1
190 24 1
190 87 1
190 115 1
190 118 1
190 145 1
190 146 1
191 61 1
191 81 1
191 87 1
191 117 1
191 189 1
192 26 1
192 43 1
192 73 1
192 89 1
192 130 1
192 132 1
192 149 1
193 26 1
193 73 1
193 89 1
193 123 1
193 132 1
193 149 1
193 192 1
194 29 1
194 54 1
194 67 1
194 122 1
194 123 1
194 148 1
194 166 1
195 34 1
195 121 1
195 125 1
196 28 1
196 29 1
196 121 1
196 148 1
196 194 1
197 32 1
197 91 1
198 27 1
198 32 1
198 33 1
198 35 1
198 37 1
198 55 1
198 68 1
198 151 1
198 170 1
199 34 1
199 55 1
199 125 1
199 151 1
199 195 1
199 198 1
200 32 1
200 69 1
200 126 1
200 127 1
200 128 1
200 152 1
201 33 1
201 35 1
201 36 1
201 37 1
201 70 1
201 170 1
201 198 1
202 92 1
202 124 1
202 150 1
202 167 1
202 168 1
202 171 1
203 39 1
203 71 1
203 74 1
204 40 1
204 41 1
204 42 1
204 72 1
204 129 1
204 155 1
205 96 1
205 97 1
205 130 1
206 39 1
206 48 1
206 71 1
206 74 1
206 100 1
206 156 1
206 203 1
207 47 1
207 49 1
207 50 1
207 51 1
207 100 1
207 133 1
207 136 1
207 156 1
207 157 1
208 71 1
208 94 1
208 100 1
208 135 1
208 206 1
209 3 1
209 101 1
209 158 1
209 176 1
210 102 1
210 106 1
210 177 1
211 3 1
211 53 1
211 56 1
211 58 1
211 181 1
212 2 1
212 3 1
212 137 1
212 158 1
212 176 1
212 178 1
212 209 1
213 1 1
213 9 1
213 10 1
213 11 1
213 103 1
213 159 1
213 184 1
214 81 1
214 84 1
214 142 1
215 143 1
215 144 1
216 0 1
216 15 1
216 16 1
216 83 1
216 84 1
216 112 1
216 174 1
216 188 1
217 63 1
217 86 1
217 111 1
217 114 1
217 165 1
218 29 1
218 90 1
218 119 1
218 120 1
218 166 1
218 194 1
219 121 1
219 125 1
219 195 1
220 29 1
220 55 1
220 66 1
220 68 1
220 199 1
221 28 1
221 29 1
221 148 1
221 166 1
221 194 1
221 196 1
221 218 1
222 27 1
222 35 1
222 36 1
222 37 1
222 38 1
222 122 1
222 167 1
222 201 1
223 94 1
223 153 1
224 154 1
224 155 1
225 26 1
225 42 1
225 43 1
225 96 1
225 97 1
225 130 1
225 192 1
225 205 1
226 73 1
226 99 1
226 129 1
226 132 1
226 173 1
227 0 1
227 4 1
227 5 1
227 18 1
227 52 1
227 63 1
227 76 1
227 104 1
227 114 1
227 138 1
227 160 1
227 161 1
227 174 1
227 175 1
228 3 1
228 76 1
228 101 1
228 175 1
228 176 1
228 209 1
229 11 1
229 102 1
229 106 1
229 137 1
229 140 1
229 177 1
229 178 1
229 181 1
229 210 1
230 1 1
230 2 1
230 9 1
230 102 1
230 103 1
230 106 1
230 137 1
230 176 1
230 178 1
230 210 1
230 212 1
230 229 1
231 1 1
231 9 1
231 10 1
231 11 1
231 52 1
231 58 1
231 102 1
231 103 1
231 137 1
231 180 1
231 213 1
231 229 1
231 230 1
232 1 1
232 9 1
232 52 1
232 58 1
232 102 1
232 103 1
232 137 1
232 158 1
232 159 1
232 160 1
232 161 1
232 176 1
232 180 1
232 212 1
232 213 1
232 230 1
232 231 1
233 4 1
233 5 1
233 7 1
233 52 1
233 56 1
233 58 1
233 104 1
233 105 1
233 159 1
233 160 1
233 161 1
233 227 1
233 232 1
234 3 1
234 53 1
234 56 1
234 57 1
234 58 1
234 104 1
234 161 1
234 180 1
234 181 1
234 211 1
234 230 1
234 232 1
235 3 1
235 56 1
235 57 1
235 176 1
235 178 1
235 211 1
235 212 1
235 230 1
235 234 1
236 2 1
236 3 1
236 57 1
236 176 1
236 178 1
236 212 1
236 235 1
237 3 1
237 52 1
237 56 1
237 57 1
237 104 1
237 137 1
237 158 1
237 161 1
237 176 1
237 178 1
237 209 1
237 211 1
237 212 1
237 230 1
237 231 1
237 232 1
237 234 1
237 235 1
237 236 1
238 0 1
238 4 1
238 56 1
238 57 1
238 76 1
238 104 1
238 138 1
238 161 1
238 233 1
238 234 1
239 6 1
239 56 1
239 59 1
239 107 1
239 211 1
240 6 1
240 77 1
240 179 1
240 182 1
240 239 1
241 6 1
241 77 1
241 179 1
241 182 1
241 240 1
242 7 1
242 8 1
242 9 1
242 53 1
242 58 1
242 78 1
242 106 1
242 140 1
242 180 1
242 181 1
242 211 1
242 229 1
242 230 1
242 231 1
242 232 1
242 234 1
243 8 1
243 53 1
243 78 1
243 106 1
243 107 1
243 140 1
243 181 1
243 183 1
244 6 1
244 59 1
244 107 1
244 108 1
244 109 1
244 110 1
244 182 1
244 183 1
244 239 1
244 240 1
244 241 1
245 108 1
245 109 1
245 141 1
245 162 1
245 183 1
246 11 1
246 106 1
246 140 1
246 162 1
246 184 1
247 8 1
247 11 1
247 53 1
247 106 1
247 140 1
247 162 1
247 180 1
247 184 1
247 242 1
247 246 1
248 6 1
248 7 1
248 53 1
248 60 1
248 140 1
248 162 1
248 180 1
248 183 1
248 184 1
248 242 1
248 245 1
248 246 1
248 247 1
249 1 1
249 9 1
249 10 1
249 11 1
249 102 1
249 184 1
249 213 1
249 229 1
249 230 1
249 231 1
249 246 1
250 19 1
250 79 1
250 80 1
250 115 1
250 160 1
250 163 1
250 185 1
251 12 1
251 61 1
251 81 1
251 144 1
251 186 1
251 189 1
252 12 1
252 13 1
252 61 1
252 81 1
252 142 1
252 144 1
252 164 1
252 186 1
252 251 1
253 81 1
253 82 1
253 83 1
253 84 1
253 142 1
253 188 1
253 214 1
254 13 1
254 15 1
254 16 1
254 82 1
254 83 1
254 87 1
254 142 1
254 164 1
254 252 1
254 253 1
255 13 1
255 15 1
255 16 1
255 18 1
255 19 1
255 82 1
255 83 1
255 112 1
255 164 1
255 187 1
255 254 1
256 62 1
256 111 1
256 187 1
257 143 1
257 215 1
258 143 1
258 144 1
258 187 1
258 215 1
258 251 1
258 256 1
258 257 1
259 14 1
259 15 1
259 86 1
259 113 1
259 143 1
259 144 1
259 215 1
259 258 1
260 13 1
260 14 1
260 15 1
260 16 1
260 83 1
260 85 1
260 86 1
260 112 1
260 113 1
260 144 1
260 216 1
261 13 1
261 14 1
261 15 1
261 16 1
261 83 1
261 84 1
261 86 1
261 112 1
261 144 1
261 165 1
261 174 1
261 216 1
261 255 1
261 260 1
262 14 1
262 86 1
262 165 1
262 259 1
262 260 1
263 14 1
263 86 1
263 111 1
263 165 1
263 217 1
263 262 1
264 14 1
264 15 1
264 63 1
264 86 1
264 111 1
264 114 1
264 165 1
264 174 1
264 217 1
264 261 1
264 263 1
265 63 1
265 111 1
265 114 1
265 165 1
265 187 1
265 217 1
265 263 1
265 264 1
266 13 1
266 15 1
266 16 1
266 18 1
266 19 1
266 63 1
266 83 1
266 112 1
266 114 1
266 174 1
266 175 1
266 227 1
266 255 1
266 261 1
266 264 1
266 265 1
267 20 1
267 22 1
267 24 1
267 115 1
267 116 1
267 118 1
267 145 1
267 146 1
267 190 1
268 20 1
268 24 1
268 87 1
268 117 1
268 118 1
268 145 1
269 20 1
269 22 1
269 23 1
269 24 1
269 87 1
269 117 1
269 118 1
269 145 1
269 190 1
269 191 1
269 268 1
270 20 1
270 24 1
270 61 1
270 64 1
270 87 1
270 117 1
270 145 1
270 189 1
270 191 1
270 269 1
271 12 1
271 21 1
271 61 1
271 64 1
271 65 1
271 87 1
271 145 1
271 164 1
271 189 1
271 254 1
271 269 1
271 270 1
272 21 1
272 62 1
272 64 1
272 65 1
272 190 1
272 271 1
273 22 1
273 80 1
273 190 1
273 272 1
274 88 1
274 147 1
275 26 1
275 30 1
275 31 1
275 45 1
275 54 1
275 73 1
275 89 1
275 123 1
275 132 1
275 149 1
275 168 1
275 169 1
275 192 1
275 193 1
276 29 1
276 30 1
276 54 1
276 67 1
276 73 1
276 89 1
276 123 1
276 149 1
276 166 1
276 193 1
276 194 1
276 218 1
276 275 1
277 29 1
277 89 1
277 90 1
277 119 1
277 193 1
277 194 1
277 218 1
277 276 1
278 90 1
278 119 1
278 218 1
278 276 1
278 277 1
279 28 1
279 121 1
279 195 1
279 219 1
280 37 1
280 121 1
280 125 1
280 148 1
280 151 1
280 195 1
280 196 1
280 199 1
280 219 1
280 279 1
281 27 1
281 28 1
281 35 1
281 121 1
281 122 1
281 125 1
281 148 1
281 194 1
281 196 1
281 219 1
281 221 1
281 280 1
282 27 1
282 35 1
282 36 1
282 37 1
282 54 1
282 68 1
282 121 1
282 122 1
282 148 1
282 198 1
282 222 1
282 280 1
282 281 1
283 27 1
283 35 1
283 54 1
283 68 1
283 121 1
283 122 1
283 148 1
283 166 1
283 167 1
283 168 1
283 169 1
283 194 1
283 198 1
283 221 1
283 222 1
283 281 1
283 282 1
284 30 1
284 31 1
284 33 1
284 54 1
284 66 1
284 68 1
284 123 1
284 124 1
284 167 1
284 168 1
284 169 1
284 275 1
284 283 1
285 29 1
285 55 1
285 66 1
285 67 1
285 68 1
285 123 1
285 169 1
285 198 1
285 199 1
285 220 1
285 281 1
285 283 1
286 29 1
286 66 1
286 67 1
286 194 1
286 196 1
286 220 1
286 221 1
286 281 1
286 285 1
287 28 1
287 29 1
287 67 1
287 120 1
287 194 1
287 196 1
287 221 1
287 286 1
288 29 1
288 54 1
288 66 1
288 67 1
288 123 1
288 148 1
288 166 1
288 169 1
288 194 1
288 196 1
288 218 1
288 220 1
288 221 1
288 281 1
288 282 1
288 283 1
288 285 1
288 286 1
288 287 1
289 26 1
289 30 1
289 66 1
289 67 1
289 89 1
289 123 1
289 149 1
289 169 1
289 284 1
289 285 1
290 32 1
290 66 1
290 126 1
290 220 1
291 32 1
291 91 1
291 197 1
291 290 1
292 32 1
292 91 1
292 197 1
292 291 1
293 33 1
293 34 1
293 35 1
293 55 1
293 68 1
293 125 1
293 151 1
293 198 1
293 199 1
293 220 1
293 280 1
293 281 1
293 282 1
293 283 1
293 285 1
294 32 1
294 69 1
294 126 1
294 127 1
294 128 1
294 200 1
294 291 1
294 292 1
295 127 1
295 128 1
295 152 1
295 170 1
295 200 1
296 37 1
296 125 1
296 151 1
296 201 1
297 34 1
297 37 1
297 55 1
297 125 1
297 151 1
297 170 1
297 198 1
297 201 1
297 293 1
297 296 1
298 32 1
298 33 1
298 55 1
298 70 1
298 151 1
298 170 1
298 198 1
298 200 1
298 201 1
298 293 1
298 295 1
298 296 1
298 297 1
299 27 1
299 35 1
299 36 1
299 37 1
299 38 1
299 121 1
299 201 1
299 222 1
299 280 1
299 281 1
299 282 1
299 296 1
300 45 1
300 46 1
300 92 1
300 93 1
300 133 1
300 168 1
300 171 1
300 202 1
301 39 1
301 71 1
301 94 1
301 155 1
301 203 1
301 206 1
302 39 1
302 40 1
302 71 1
302 94 1
302 153 1
302 155 1
302 172 1
302 203 1
302 301 1
303 95 1
303 96 1
303 97 1
303 153 1
303 205 1
303 223 1
304 40 1
304 42 1
304 43 1
304 95 1
304 96 1
304 100 1
304 153 1
304 172 1
304 302 1
304 303 1
305 40 1
305 42 1
305 43 1
305 45 1
305 46 1
305 95 1
305 96 1
305 130 1
305 172 1
305 204 1
305 304 1
306 72 1
306 129 1
306 204 1
307 154 1
307 224 1
308 154 1
308 155 1
308 204 1
308 224 1
308 301 1
308 306 1
308 307 1
309 41 1
309 42 1
309 99 1
309 131 1
309 154 1
309 155 1
309 224 1
309 308 1
310 40 1
310 41 1
310 42 1
310 43 1
310 96 1
310 97 1
310 98 1
310 99 1
310 130 1
310 131 1
310 155 1
310 225 1
311 40 1
311 41 1
311 42 1
311 43 1
311 96 1
311 97 1
311 99 1
311 130 1
311 155 1
311 173 1
311 192 1
311 225 1
311 305 1
311 310 1
312 41 1
312 99 1
312 173 1
312 309 1
312 310 1
313 41 1
313 99 1
313 129 1
313 173 1
313 226 1
313 312 1
314 41 1
314 42 1
314 73 1
314 99 1
314 129 1
314 132 1
314 173 1
314 192 1
314 226 1
314 311 1
314 313 1
315 73 1
315 129 1
315 132 1
315 173 1
315 204 1
315 226 1
315 313 1
315 314 1
316 40 1
316 42 1
316 43 1
316 45 1
316 46 1
316 73 1
316 96 1
316 130 1
316 132 1
316 192 1
316 193 1
316 275 1
316 305 1
316 311 1
316 314 1
316 315 1
317 47 1
317 49 1
317 51 1
317 133 1
317 134 1
317 136 1
317 156 1
317 157 1
317 207 1
318 47 1
318 51 1
318 100 1
318 135 1
318 136 1
318 156 1
319 47 1
319 49 1
319 50 1
319 51 1
319 100 1
319 135 1
319 136 1
319 156 1
319 207 1
319 208 1
319 318 1
320 47 1
320 51 1
320 71 1
320 74 1
320 100 1
320 135 1
320 156 1
320 206 1
320 208 1
320 319 1
321 39 1
321 48 1
321 71 1
321 74 1
321 100 1
321 156 1
321 172 1
321 206 1
321 207 1
321 304 1
321 319 1
321 320 1
322 49 1
322 93 1
322 207 1
323 8 1
323 53 1
323 78 1
323 106 1
323 140 1
323 177 1
323 181 1
323 210 1
323 229 1
323 243 1
324 7 1
324 9 1
324 11 1
324 53 1
324 58 1
324 106 1
324 140 1
324 162 1
324 180 1
324 184 1
324 242 1
324 246 1
324 247 1
324 248 1
325 18 1
325 19 1
325 79 1
325 80 1
325 163 1
325 250 1
326 12 1
326 61 1
326 186 1
326 189 1
326 251 1
326 258 1
327 62 1
327 111 1
327 256 1
327 257 1
328 13 1
328 14 1
328 15 1
328 16 1
328 86 1
328 112 1
328 113 1
328 142 1
328 144 1
328 164 1
328 187 1
328 216 1
328 252 1
328 253 1
328 254 1
328 255 1
328 259 1
328 260 1
328 261 1
329 14 1
329 15 1
329 86 1
329 144 1
329 165 1
329 215 1
329 217 1
329 259 1
329 262 1
329 263 1
329 264 1
330 33 1
330 35 1
330 37 1
330 55 1
330 68 1
330 125 1
330 151 1
330 170 1
330 198 1
330 201 1
330 293 1
330 296 1
330 297 1
330 298 1
331 45 1
331 46 1
331 92 1
331 93 1
331 171 1
331 300 1
332 39 1
332 71 1
332 203 1
332 301 1
332 308 1
333 72 1
333 129 1
333 306 1
333 307 1
334 40 1
334 41 1
334 42 1
334 43 1
334 99 1
334 130 1
334 131 1
334 153 1
334 155 1
334 172 1
334 204 1
334 225 1
334 302 1
334 304 1
334 305 1
334 309 1
334 310 1
334 311 1
335 41 1
335 42 1
335 99 1
335 155 1
335 173 1
335 224 1
335 226 1
335 309 1
335 312 1
335 313 1
335 314 1
336 2 1
336 3 1
336 103 1
336 137 1
336 158 1
336 176 1
336 178 1
336 209 1
336 212 1
336 230 1
336 231 1
336 232 1
336 235 1
336 236 1
336 237 1
337 3 1
337 56 1
337 57 1
337 104 1
337 211 1
337 212 1
337 234 1
337 235 1
337 236 1
337 237 1
338 82 1
338 83 1
338 87 1
338 117 1
338 142 1
338 164 1
338 214 1
338 253 1
338 254 1
338 255 1
339 13 1
339 15 1
339 16 1
339 18 1
339 19 1
339 62 1
339 111 1
339 164 1
339 187 1
339 254 1
339 255 1
339 266 1
339 271 1
340 20 1
340 22 1
340 82 1
340 87 1
340 115 1
340 139 1
340 145 1
340 164 1
340 190 1
340 254 1
340 255 1
340 267 1
340 338 1
341 28 1
341 29 1
341 121 1
341 122 1
341 148 1
341 166 1
341 194 1
341 196 1
341 218 1
341 221 1
341 281 1
341 282 1
341 283 1
341 286 1
341 287 1
341 288 1
342 29 1
342 66 1
342 67 1
342 123 1
342 220 1
342 221 1
342 285 1
342 286 1
342 287 1
342 288 1
343 95 1
343 96 1
343 100 1
343 153 1
343 172 1
343 223 1
343 303 1
343 304 1
343 305 1
344 40 1
344 42 1
344 43 1
344 46 1
344 72 1
344 129 1
344 172 1
344 204 1
344 304 1
344 305 1
344 316 1
344 321 1
345 47 1
345 49 1
345 95 1
345 100 1
345 133 1
345 150 1
345 156 1
345 172 1
345 207 1
345 304 1
345 305 1
345 317 1
345 343 1
346 0 1
346 76 1
346 112 1
346 138 1
346 174 1
346 216 1
346 261 1
347 2 1
347 103 1
347 137 1
347 158 1
347 176 1
347 178 1
347 209 1
347 212 1
347 237 1
347 336 1
348 53 1
348 56 1
348 78 1
348 106 1
348 181 1
348 211 1
348 234 1
348 235 1
348 236 1
348 237 1
348 242 1
348 323 1
348 337 1
349 105 1
349 116 1
349 139 1
350 6 1
350 60 1
350 77 1
350 109 1
350 162 1
350 179 1
350 183 1
350 240 1
350 241 1
350 244 1
350 248 1
351 108 1
351 109 1
351 110 1
351 141 1
352 6 1
352 7 1
352 60 1
352 77 1
352 162 1
352 180 1
352 184 1
352 248 1
352 324 1
352 350 1
353 16 1
353 83 1
353 84 1
353 85 1
353 112 1
353 188 1
353 214 1
353 216 1
353 253 1
353 260 1
353 261 1
353 328 1
354 17 1
354 84 1
354 85 1
354 113 1
354 188 1
354 214 1
354 216 1
354 253 1
354 260 1
354 328 1
354 353 1
355 18 1
355 19 1
355 79 1
355 80 1
355 82 1
355 115 1
355 139 1
355 163 1
355 164 1
355 250 1
355 255 1
355 266 1
355 273 1
355 325 1
355 339 1
355 340 1
356 21 1
356 64 1
356 65 1
356 189 1
356 272 1
357 22 1
357 23 1
357 80 1
357 115 1
357 145 1
357 146 1
357 190 1
357 250 1
357 267 1
357 272 1
357 273 1
357 340 1
357 355 1
358 28 1
358 122 1
358 148 1
358 166 1
358 194 1
358 196 1
358 218 1
358 221 1
358 288 1
358 341 1
359 55 1
359 66 1
359 125 1
359 199 1
359 220 1
359 285 1
359 286 1
359 287 1
359 288 1
359 293 1
359 342 1
360 32 1
360 70 1
360 91 1
360 128 1
360 170 1
360 197 1
360 200 1
360 291 1
360 292 1
360 294 1
360 298 1
361 43 1
361 96 1
361 97 1
361 98 1
361 130 1
361 205 1
361 223 1
361 225 1
361 303 1
361 310 1
361 311 1
361 334 1
362 44 1
362 97 1
362 98 1
362 131 1
362 205 1
362 223 1
362 225 1
362 303 1
362 310 1
362 334 1
362 361 1
363 45 1
363 46 1
363 92 1
363 93 1
363 95 1
363 133 1
363 150 1
363 172 1
363 300 1
363 305 1
363 316 1
363 322 1
363 331 1
363 344 1
363 345 1
364 49 1
364 50 1
364 93 1
364 133 1
364 156 1
364 157 1
364 207 1
364 300 1
364 317 1
364 322 1
364 345 1
364 363 1
365 1 1
365 2 1
365 102 1
365 137 1
365 176 1
365 177 1
365 178 1
365 210 1
365 212 1
365 229 1
365 230 1
365 231 1
365 232 1
365 237 1
365 249 1
365 336 1
365 347 1
366 1 1
366 9 1
366 11 1
366 52 1
366 102 1
366 103 1
366 137 1
366 158 1
366 176 1
366 212 1
366 213 1
366 229 1
366 230 1
366 231 1
366 232 1
366 237 1
366 249 1
366 336 1
366 347 1
366 365 1
367 3 1
367 56 1
367 57 1
367 211 1
367 234 1
367 235 1
367 236 1
367 237 1
367 337 1
367 348 1
368 6 1
368 59 1
368 107 1
368 108 1
368 109 1
368 182 1
368 183 1
368 239 1
368 240 1
368 244 1
368 350 1
369 11 1
369 60 1
369 140 1
369 162 1
369 180 1
369 184 1
369 246 1
369 247 1
369 248 1
369 324 1
370 82 1
370 83 1
370 84 1
370 142 1
370 164 1
370 188 1
370 214 1
370 253 1
370 254 1
370 338 1
371 14 1
371 15 1
371 143 1
371 144 1
371 186 1
371 215 1
371 251 1
371 252 1
371 257 1
371 258 1
371 259 1
371 326 1
372 14 1
372 86 1
372 165 1
372 259 1
372 262 1
372 329 1
373 19 1
373 22 1
373 82 1
373 105 1
373 115 1
373 139 1
373 163 1
373 164 1
373 250 1
373 267 1
373 340 1
373 349 1
373 355 1
373 357 1
374 22 1
374 115 1
374 116 1
374 139 1
374 163 1
374 185 1
374 267 1
374 340 1
374 349 1
374 373 1
375 12 1
375 25 1
375 61 1
375 64 1
375 186 1
375 189 1
375 191 1
375 251 1
375 270 1
376 25 1
376 61 1
376 81 1
376 186 1
376 191 1
376 270 1
376 375 1
377 27 1
377 28 1
377 121 1
377 148 1
377 194 1
377 196 1
377 219 1
377 221 1
377 280 1
377 281 1
377 282 1
377 283 1
377 288 1
377 299 1
377 341 1
377 358 1
378 27 1
378 35 1
378 37 1
378 54 1
378 121 1
378 122 1
378 148 1
378 166 1
378 167 1
378 194 1
378 221 1
378 222 1
378 280 1
378 281 1
378 282 1
378 283 1
378 288 1
378 299 1
378 341 1
378 358 1
378 377 1
379 29 1
379 66 1
379 67 1
379 220 1
379 285 1
379 286 1
379 287 1
379 288 1
379 342 1
379 359 1
380 32 1
380 69 1
380 126 1
380 127 1
380 128 1
380 200 1
380 290 1
380 291 1
380 294 1
380 360 1
381 37 1
381 70 1
381 151 1
381 170 1
381 198 1
381 201 1
381 296 1
381 297 1
381 298 1
381 330 1
382 43 1
382 95 1
382 96 1
382 97 1
382 153 1
382 172 1
382 205 1
382 223 1
382 303 1
382 304 1
382 343 1
383 41 1
383 42 1
383 154 1
383 155 1
383 203 1
383 224 1
383 301 1
383 302 1
383 307 1
383 308 1
383 309 1
383 332 1
384 41 1
384 99 1
384 173 1
384 309 1
384 312 1
384 335 1
385 46 1
385 49 1
385 95 1
385 124 1
385 133 1
385 150 1
385 171 1
385 172 1
385 300 1
385 317 1
385 345 1
385 363 1
385 364 1
386 49 1
386 133 1
386 134 1
386 150 1
386 171 1
386 202 1
386 317 1
386 345 1
386 385 1
387 39 1
387 71 1
387 74 1
387 203 1
387 206 1
387 208 1
387 301 1
387 320 1
388 71 1
388 94 1
388 203 1
388 208 1
388 320 1
388 387 1
389 0 1
389 4 1
389 5 1
389 18 1
389 63 1
389 76 1
389 83 1
389 104 1
389 112 1
389 114 1
389 138 1
389 174 1
389 175 1
389 216 1
389 227 1
389 238 1
389 261 1
389 266 1
389 346 1
390 1 1
390 5 1
390 52 1
390 103 1
390 105 1
390 139 1
390 159 1
390 160 1
390 163 1
390 185 1
390 227 1
390 233 1
390 250 1
391 4 1
391 56 1
391 57 1
391 58 1
391 104 1
391 138 1
391 161 1
391 211 1
391 233 1
391 234 1
391 238 1
392 4 1
392 5 1
392 18 1
392 76 1
392 83 1
392 104 1
392 105 1
392 112 1
392 138 1
392 139 1
392 161 1
392 227 1
392 233 1
392 238 1
392 389 1
392 390 1
392 391 1
393 105 1
393 139 1
393 349 1
394 6 1
394 53 1
394 56 1
394 58 1
394 77 1
394 107 1
394 179 1
394 211 1
394 234 1
394 239 1
394 240 1
394 244 1
394 350 1
394 368 1
394 391 1
395 59 1
395 107 1
395 108 1
395 109 1
395 141 1
395 182 1
395 183 1
395 243 1
395 244 1
395 245 1
395 368 1
396 107 1
396 108 1
396 109 1
396 141 1
396 183 1
396 244 1
396 245 1
396 351 1
396 395 1
397 7 1
397 9 1
397 10 1
397 11 1
397 60 1
397 162 1
397 180 1
397 184 1
397 248 1
397 324 1
397 352 1
397 369 1
398 79 1
398 80 1
398 115 1
398 163 1
398 185 1
398 250 1
398 273 1
398 325 1
398 355 1
398 357 1
399 12 1
399 21 1
399 61 1
399 62 1
399 64 1
399 144 1
399 186 1
399 187 1
399 189 1
399 251 1
399 258 1
399 271 1
399 326 1
399 371 1
400 13 1
400 62 1
400 111 1
400 187 1
400 256 1
400 265 1
400 327 1
400 339 1
401 143 1
401 215 1
401 257 1
401 258 1
401 259 1
401 326 1
401 371 1
401 399 1
402 14 1
402 86 1
402 165 1
402 259 1
402 262 1
402 263 1
402 329 1
402 372 1
403 26 1
403 30 1
403 31 1
403 45 1
403 73 1
403 89 1
403 96 1
403 123 1
403 130 1
403 132 1
403 149 1
403 192 1
403 193 1
403 225 1
403 275 1
403 276 1
403 289 1
403 311 1
403 316 1
404 27 1
404 31 1
404 45 1
404 54 1
404 122 1
404 124 1
404 150 1
404 167 1
404 168 1
404 169 1
404 171 1
404 202 1
404 275 1
404 284 1
404 300 1
405 30 1
405 33 1
405 66 1
405 67 1
405 68 1
405 123 1
405 149 1
405 169 1
405 198 1
405 220 1
405 284 1
405 285 1
405 289 1
406 30 1
406 31 1
406 45 1
406 89 1
406 96 1
406 123 1
406 124 1
406 130 1
406 149 1
406 150 1
406 169 1
406 275 1
406 284 1
406 289 1
406 403 1
406 404 1
406 405 1
407 124 1
407 150 1
407 382 1
408 32 1
408 55 1
408 66 1
408 68 1
408 91 1
408 126 1
408 197 1
408 220 1
408 285 1
408 290 1
408 291 1
408 294 1
408 360 1
408 380 1
408 405 1
409 69 1
409 126 1
409 127 1
409 128 1
409 152 1
409 200 1
409 294 1
409 295 1
409 380 1
410 126 1
410 127 1
410 128 1
410 152 1
410 200 1
410 294 1
410 295 1
410 380 1
410 409 1
411 33 1
411 35 1
411 36 1
411 37 1
411 70 1
411 170 1
411 198 1
411 201 1
411 298 1
411 330 1
411 381 1
412 92 1
412 93 1
412 133 1
412 171 1
412 202 1
412 300 1
412 322 1
412 331 1
412 363 1
412 364 1
413 39 1
413 48 1
413 71 1
413 72 1
413 74 1
413 155 1
413 203 1
413 204 1
413 206 1
413 301 1
413 308 1
413 321 1
413 332 1
413 383 1
414 40 1
414 72 1
414 129 1
414 204 1
414 306 1
414 315 1
414 333 1
414 344 1
415 154 1
415 224 1
415 307 1
415 308 1
415 309 1
415 332 1
415 383 1
415 413 1
416 41 1
416 99 1
416 173 1
416 309 1
416 312 1
416 313 1
416 314 1
416 335 1
416 384 1
417 0 1
417 16 1
417 76 1
417 83 1
417 84 1
417 112 1
417 138 1
417 174 1
417 175 1
417 216 1
417 238 1
417 260 1
417 261 1
417 346 1
417 353 1
417 389 1
418 0 1
418 5 1
418 18 1
418 19 1
418 63 1
418 76 1
418 104 1
418 112 1
418 114 1
418 174 1
418 175 1
418 227 1
418 264 1
418 266 1
418 389 1
419 2 1
419 102 1
419 177 1
419 178 1
419 210 1
419 229 1
419 230 1
419 365 1
420 1 1
420 9 1
420 52 1
420 103 1
420 159 1
420 160 1
420 163 1
420 185 1
420 213 1
420 232 1
420 233 1
420 390 1
421 7 1
421 58 1
421 77 1
421 105 1
421 139 1
421 159 1
421 179 1
421 180 1
421 233 1
421 349 1
421 352 1
421 390 1
421 391 1
421 393 1
422 6 1
422 7 1
422 53 1
422 56 1
422 58 1
422 106 1
422 140 1
422 180 1
422 181 1
422 211 1
422 234 1
422 239 1
422 242 1
422 248 1
422 324 1
422 348 1
422 391 1
422 394 1
423 140 1
423 162 1
423 184 1
423 245 1
423 246 1
423 247 1
423 248 1
423 324 1
423 369 1
423 397 1
424 1 1
424 7 1
424 9 1
424 10 1
424 11 1
424 58 1
424 159 1
424 180 1
424 184 1
424 213 1
424 231 1
424 232 1
424 249 1
424 324 1
424 352 1
424 369 1
424 397 1
425 62 1
425 111 1
425 187 1
425 256 1
425 327 1
425 400 1
426 62 1
426 111 1
426 256 1
426 265 1
426 327 1
426 400 1
426 425 1
427 111 1
427 256 1
427 257 1
427 258 1
427 327 1
427 401 1
427 425 1
427 426 1
428 13 1
428 14 1
428 15 1
428 16 1
428 82 1
428 83 1
428 84 1
428 112 1
428 142 1
428 188 1
428 216 1
428 253 1
428 254 1
428 255 1
428 260 1
428 261 1
428 328 1
428 353 1
428 354 1
428 370 1
428 417 1
429 20 1
429 117 1
429 118 1
429 145 1
429 268 1
429 269 1
430 21 1
430 22 1
430 24 1
430 64 1
430 65 1
430 87 1
430 117 1
430 145 1
430 189 1
430 190 1
430 269 1
430 270 1
430 271 1
430 272 1
430 356 1
431 22 1
431 23 1
431 24 1
431 80 1
431 115 1
431 146 1
431 163 1
431 190 1
431 250 1
431 267 1
431 273 1
431 340 1
431 355 1
431 357 1
431 373 1
431 398 1
432 25 1
432 61 1
432 81 1
432 186 1
432 191 1
432 252 1
432 270 1
432 375 1
432 376 1
433 26 1
433 31 1
433 45 1
433 46 1
433 73 1
433 89 1
433 123 1
433 130 1
433 132 1
433 192 1
433 193 1
433 275 1
433 276 1
433 314 1
433 316 1
433 403 1
434 28 1
434 121 1
434 195 1
434 196 1
434 219 1
434 279 1
434 280 1
434 281 1
434 377 1
435 27 1
435 35 1
435 54 1
435 122 1
435 167 1
435 168 1
435 171 1
435 202 1
435 222 1
435 283 1
435 284 1
435 404 1
436 33 1
436 68 1
436 91 1
436 124 1
436 150 1
436 167 1
436 198 1
436 284 1
436 404 1
436 405 1
436 407 1
437 32 1
437 33 1
437 55 1
437 66 1
437 68 1
437 125 1
437 151 1
437 198 1
437 199 1
437 220 1
437 285 1
437 290 1
437 293 1
437 298 1
437 330 1
437 359 1
437 405 1
437 408 1
438 151 1
438 170 1
438 201 1
438 295 1
438 296 1
438 297 1
438 298 1
438 330 1
438 381 1
438 411 1
439 27 1
439 33 1
439 35 1
439 36 1
439 37 1
439 68 1
439 167 1
439 198 1
439 201 1
439 222 1
439 282 1
439 283 1
439 299 1
439 330 1
439 381 1
439 411 1
440 72 1
440 129 1
440 204 1
440 306 1
440 333 1
440 414 1
441 72 1
441 129 1
441 306 1
441 315 1
441 333 1
441 414 1
441 440 1
442 129 1
442 306 1
442 307 1
442 308 1
442 333 1
442 415 1
442 440 1
442 441 1
443 40 1
443 41 1
443 42 1
443 43 1
443 95 1
443 96 1
443 97 1
443 130 1
443 153 1
443 205 1
443 225 1
443 303 1
443 304 1
443 305 1
443 310 1
443 311 1
443 334 1
443 361 1
443 362 1
443 382 1
444 48 1
444 49 1
444 51 1
444 74 1
444 100 1
444 135 1
444 156 1
444 206 1
444 207 1
444 319 1
444 320 1
444 321 1
444 364 1
445 49 1
445 50 1
445 51 1
445 93 1
445 133 1
445 157 1
445 171 1
445 207 1
445 300 1
445 317 1
445 322 1
445 345 1
445 363 1
445 364 1
445 385 1
445 412 1
446 71 1
446 94 1
446 208 1
446 302 1
446 320 1
446 387 1
446 388 1
447 75 1
448 0 1
448 4 1
448 57 1
448 76 1
448 104 1
448 112 1
448 138 1
448 174 1
448 175 1
448 216 1
448 238 1
448 346 1
448 389 1
448 392 1
448 417 1
449 105 1
449 188 1
449 393 1
449 421 1
450 6 1
450 56 1
450 211 1
450 234 1
450 239 1
450 391 1
450 394 1
450 422 1
451 1 1
451 7 1
451 9 1
451 52 1
451 58 1
451 105 1
451 159 1
451 161 1
451 180 1
451 184 1
451 232 1
451 233 1
451 352 1
451 390 1
451 391 1
451 397 1
451 420 1
451 421 1
451 424 1
452 107 1
452 108 1
452 109 1
452 141 1
452 183 1
452 243 1
452 245 1
452 395 1
452 396 1
453 108 1
453 109 1
453 110 1
453 141 1
453 183 1
453 244 1
453 245 1
453 351 1
453 395 1
453 396 1
453 452 1
454 79 1
454 160 1
454 163 1
454 185 1
454 250 1
454 325 1
454 398 1
454 420 1
455 13 1
455 15 1
455 16 1
455 82 1
455 83 1
455 84 1
455 112 1
455 142 1
455 164 1
455 216 1
455 252 1
455 253 1
455 254 1
455 255 1
455 260 1
455 261 1
455 328 1
455 338 1
455 339 1
455 340 1
455 353 1
455 370 1
455 428 1
456 13 1
456 14 1
456 15 1
456 16 1
456 86 1
456 113 1
456 144 1
456 187 1
456 215 1
456 251 1
456 252 1
456 258 1
456 259 1
456 260 1
456 261 1
456 262 1
456 328 1
456 329 1
456 371 1
457 17 1
457 113 1
457 259 1
457 262 1
457 372 1
457 402 1
458 63 1
458 114 1
458 175 1
458 217 1
458 263 1
458 264 1
458 265 1
458 266 1
458 418 1
459 18 1
459 19 1
459 22 1
459 80 1
459 82 1
459 115 1
459 145 1
459 164 1
459 190 1
459 250 1
459 254 1
459 255 1
459 267 1
459 273 1
459 339 1
459 340 1
459 355 1
459 357 1
459 373 1
459 431 1
459 455 1
460 20 1
460 22 1
460 115 1
460 116 1
460 118 1
460 139 1
460 267 1
460 340 1
460 349 1
460 373 1
460 374 1
461 88 1
461 147 1
461 274 1
462 26 1
462 30 1
462 89 1
462 123 1
462 130 1
462 149 1
462 192 1
462 193 1
462 225 1
462 289 1
462 403 1
462 406 1
463 124 1
463 205 1
463 407 1
463 436 1
464 32 1
464 66 1
464 220 1
464 285 1
464 290 1
464 405 1
464 408 1
464 437 1
465 27 1
465 33 1
465 35 1
465 54 1
465 68 1
465 124 1
465 167 1
465 169 1
465 198 1
465 283 1
465 284 1
465 404 1
465 405 1
465 411 1
465 435 1
465 436 1
465 439 1
466 126 1
466 127 1
466 128 1
466 152 1
466 200 1
466 295 1
466 409 1
466 410 1
467 92 1
467 168 1
467 171 1
467 202 1
467 300 1
467 331 1
467 412 1
467 435 1
468 40 1
468 42 1
468 43 1
468 95 1
468 96 1
468 97 1
468 130 1
468 153 1
468 172 1
468 225 1
468 303 1
468 304 1
468 305 1
468 310 1
468 311 1
468 334 1
468 343 1
468 344 1
468 345 1
468 361 1
468 382 1
468 443 1
469 40 1
469 41 1
469 42 1
469 43 1
469 99 1
469 131 1
469 155 1
469 204 1
469 301 1
469 302 1
469 308 1
469 309 1
469 310 1
469 311 1
469 312 1
469 334 1
469 335 1
469 383 1
470 44 1
470 131 1
470 309 1
470 312 1
470 384 1
470 416 1
471 73 1
471 132 1
471 193 1
471 226 1
471 313 1
471 314 1
471 315 1
471 316 1
471 433 1
472 40 1
472 45 1
472 46 1
472 49 1
472 93 1
472 95 1
472 133 1
472 156 1
472 172 1
472 207 1
472 300 1
472 304 1
472 305 1
472 317 1
472 322 1
472 343 1
472 344 1
472 345 1
472 363 1
472 364 1
472 385 1
472 445 1
472 468 1
473 47 1
473 49 1
473 133 1
473 134 1
473 136 1
473 150 1
473 317 1
473 345 1
473 385 1
473 386 1
474 0 1
474 86 1
474 165 1
474 174 1
474 216 1
474 261 1
474 262 1
474 264 1
474 346 1
474 417 1
474 448 1
475 3 1
475 57 1
475 101 1
475 104 1
475 137 1
475 158 1
475 176 1
475 178 1
475 209 1
475 212 1
475 228 1
475 235 1
475 236 1
475 237 1
475 336 1
475 347 1
476 1 1
476 4 1
476 5 1
476 52 1
476 103 1
476 104 1
476 105 1
476 139 1
476 159 1
476 160 1
476 161 1
476 185 1
476 227 1
476 232 1
476 233 1
476 390 1
476 391 1
476 392 1
476 420 1
476 421 1
476 451 1
477 105 1
477 115 1
477 116 1
477 139 1
477 163 1
477 185 1
477 267 1
477 349 1
477 373 1
477 374 1
477 390 1
477 393 1
477 421 1
477 460 1
478 105 1
478 139 1
478 349 1
478 374 1
478 393 1
478 421 1
478 449 1
478 451 1
478 460 1
478 477 1
479 6 1
479 56 1
479 58 1
479 161 1
479 179 1
479 211 1
479 234 1
479 238 1
479 239 1
479 391 1
479 394 1
479 422 1
479 450 1
480 6 1
480 7 1
480 56 1
480 58 1
480 77 1
480 161 1
480 179 1
480 180 1
480 233 1
480 234 1
480 242 1
480 248 1
480 324 1
480 350 1
480 352 1
480 391 1
480 394 1
480 397 1
480 421 1
480 422 1
480 451 1
480 479 1
481 12 1
481 13 1
481 61 1
481 64 1
481 81 1
481 87 1
481 144 1
481 164 1
481 186 1
481 187 1
481 189 1
481 191 1
481 251 1
481 252 1
481 254 1
481 270 1
481 271 1
481 326 1
481 371 1
481 375 1
481 399 1
481 432 1
482 61 1
482 81 1
482 87 1
482 142 1
482 164 1
482 186 1
482 189 1
482 191 1
482 251 1
482 252 1
482 253 1
482 254 1
482 271 1
482 338 1
482 376 1
482 432 1
482 455 1
482 481 1
483 61 1
483 81 1
483 113 1
483 142 1
483 214 1
483 252 1
483 253 1
483 254 1
483 328 1
483 456 1
483 481 1
483 482 1
484 13 1
484 15 1
484 16 1
484 62 1
484 82 1
484 111 1
484 144 1
484 164 1
484 187 1
484 189 1
484 251 1
484 252 1
484 254 1
484 255 1
484 271 1
484 328 1
484 339 1
484 399 1
484 400 1
484 455 1
484 459 1
484 481 1
485 111 1
485 143 1
485 215 1
485 256 1
485 257 1
485 258 1
485 259 1
485 327 1
485 401 1
485 426 1
485 427 1
486 13 1
486 14 1
486 15 1
486 86 1
486 111 1
486 144 1
486 187 1
486 215 1
486 251 1
486 256 1
486 258 1
486 259 1
486 260 1
486 263 1
486 328 1
486 329 1
486 371 1
486 372 1
486 456 1
486 485 1
487 14 1
487 17 1
487 85 1
487 113 1
487 260 1
487 262 1
487 353 1
487 354 1
487 456 1
487 457 1
488 14 1
488 17 1
488 85 1
488 113 1
488 259 1
488 372 1
488 456 1
488 457 1
488 487 1
489 14 1
489 15 1
489 17 1
489 86 1
489 113 1
489 144 1
489 165 1
489 259 1
489 260 1
489 262 1
489 263 1
489 329 1
489 372 1
489 402 1
489 456 1
489 457 1
489 486 1
489 487 1
489 488 1
490 14 1
490 15 1
490 86 1
490 111 1
490 114 1
490 144 1
490 165 1
490 187 1
490 217 1
490 256 1
490 261 1
490 263 1
490 264 1
490 265 1
490 266 1
490 327 1
490 329 1
490 400 1
490 402 1
490 458 1
490 486 1
491 63 1
491 111 1
491 114 1
491 165 1
491 217 1
491 256 1
491 263 1
491 264 1
491 265 1
491 327 1
491 400 1
491 425 1
491 426 1
491 458 1
491 490 1
492 20 1
492 22 1
492 24 1
492 80 1
492 82 1
492 87 1
492 115 1
492 145 1
492 146 1
492 164 1
492 190 1
492 255 1
492 267 1
492 271 1
492 273 1
492 340 1
492 355 1
492 357 1
492 373 1
492 430 1
492 431 1
492 459 1
492 460 1
493 22 1
493 23 1
493 24 1
493 115 1
493 118 1
493 146 1
493 190 1
493 273 1
493 357 1
493 431 1
493 492 1
494 88 1
494 90 1
494 119 1
494 120 1
494 147 1
494 461 1
495 88 1
495 90 1
495 119 1
495 120 1
495 147 1
495 277 1
495 278 1
495 494 1
496 29 1
496 67 1
496 90 1
496 119 1
496 120 1
496 123 1
496 148 1
496 166 1
496 194 1
496 196 1
496 218 1
496 221 1
496 276 1
496 277 1
496 278 1
496 286 1
496 287 1
496 288 1
496 341 1
496 342 1
496 358 1
497 27 1
497 30 1
497 31 1
497 54 1
497 122 1
497 123 1
497 124 1
497 150 1
497 167 1
497 168 1
497 169 1
497 202 1
497 275 1
497 276 1
497 283 1
497 284 1
497 404 1
497 405 1
497 406 1
497 435 1
497 436 1
497 465 1
498 32 1
498 33 1
498 66 1
498 68 1
498 91 1
498 151 1
498 169 1
498 197 1
498 198 1
498 284 1
498 285 1
498 293 1
498 298 1
498 330 1
498 360 1
498 405 1
498 408 1
498 411 1
498 436 1
498 437 1
498 465 1
499 39 1
499 40 1
499 71 1
499 74 1
499 94 1
499 100 1
499 155 1
499 172 1
499 203 1
499 204 1
499 206 1
499 208 1
499 301 1
499 302 1
499 304 1
499 320 1
499 321 1
499 332 1
499 383 1
499 387 1
499 413 1
499 446 1
500 71 1
500 94 1
500 100 1
500 153 1
500 172 1
500 203 1
500 206 1
500 208 1
500 301 1
500 302 1
500 303 1
500 304 1
500 321 1
500 343 1
500 388 1
500 446 1
500 499 1
501 71 1
501 94 1
501 131 1
501 153 1
501 223 1
501 302 1
501 303 1
501 304 1
501 334 1
501 469 1
501 499 1
501 500 1
502 40 1
502 42 1
502 43 1
502 72 1
502 95 1
502 129 1
502 155 1
502 172 1
502 204 1
502 206 1
502 301 1
502 302 1
502 304 1
502 305 1
502 321 1
502 334 1
502 344 1
502 413 1
502 414 1
502 468 1
502 472 1
502 499 1
503 129 1
503 154 1
503 224 1
503 306 1
503 307 1
503 308 1
503 333 1
503 415 1
503 441 1
503 442 1
504 40 1
504 41 1
504 42 1
504 99 1
504 129 1
504 154 1
504 155 1
504 204 1
504 224 1
504 301 1
504 306 1
504 308 1
504 309 1
504 310 1
504 313 1
504 334 1
504 335 1
504 383 1
504 469 1
504 503 1
505 41 1
505 44 1
505 98 1
505 131 1
505 310 1
505 312 1
505 361 1
505 362 1
505 469 1
505 470 1
506 41 1
506 44 1
506 98 1
506 131 1
506 309 1
506 384 1
506 469 1
506 470 1
506 505 1
507 41 1
507 42 1
507 44 1
507 99 1
507 131 1
507 155 1
507 173 1
507 309 1
507 310 1
507 312 1
507 313 1
507 335 1
507 384 1
507 416 1
507 469 1
507 470 1
507 504 1
507 505 1
507 506 1
508 41 1
508 42 1
508 99 1
508 129 1
508 132 1
508 155 1
508 173 1
508 204 1
508 226 1
508 306 1
508 311 1
508 312 1
508 313 1
508 314 1
508 315 1
508 333 1
508 335 1
508 414 1
508 416 1
508 471 1
508 504 1
509 73 1
509 99 1
509 129 1
509 132 1
509 173 1
509 226 1
509 306 1
509 313 1
509 314 1
509 315 1
509 333 1
509 414 1
509 440 1
509 441 1
509 471 1
509 508 1
510 47 1
510 49 1
510 51 1
510 93 1
510 95 1
510 100 1
510 133 1
510 156 1
510 157 1
510 172 1
510 207 1
510 305 1
510 317 1
510 321 1
510 322 1
510 345 1
510 363 1
510 364 1
510 385 1
510 444 1
510 445 1
510 472 1
510 473 1
511 49 1
511 50 1
511 51 1
511 133 1
511 136 1
511 157 1
511 207 1
511 322 1
511 364 1
511 445 1
511 510 1
512 6 1
512 53 1
512 107 1
512 181 1
512 183 1
512 211 1
512 239 1
512 243 1
512 244 1
512 368 1
512 394 1
512 395 1
512 422 1
512 450 1
512 479 1
513 6 1
513 7 1
513 53 1
513 58 1
513 106 1
513 140 1
513 162 1
513 180 1
513 181 1
513 184 1
513 234 1
513 242 1
513 247 1
513 248 1
513 324 1
513 350 1
513 352 1
513 369 1
513 394 1
513 397 1
513 422 1
513 451 1
513 480 1
514 12 1
514 61 1
514 81 1
514 142 1
514 144 1
514 186 1
514 191 1
514 251 1
514 252 1
514 371 1
514 375 1
514 376 1
514 399 1
514 432 1
514 481 1
514 482 1
514 483 1
515 32 1
515 55 1
515 126 1
515 199 1
515 220 1
515 290 1
515 380 1
515 408 1
515 409 1
515 437 1
515 464 1
516 32 1
516 33 1
516 55 1
516 68 1
516 125 1
516 151 1
516 170 1
516 198 1
516 199 1
516 201 1
516 285 1
516 293 1
516 297 1
516 298 1
516 330 1
516 360 1
516 381 1
516 408 1
516 411 1
516 437 1
516 438 1
516 439 1
516 465 1
516 498 1
517 39 1
517 71 1
517 94 1
517 153 1
517 155 1
517 203 1
517 208 1
517 301 1
517 302 1
517 383 1
517 387 1
517 388 1
517 413 1
517 446 1
517 499 1
517 500 1
517 501 1
518 2 1
518 102 1
518 106 1
518 177 1
518 178 1
518 210 1
518 212 1
518 229 1
518 230 1
518 231 1
518 235 1
518 323 1
518 336 1
518 365 1
518 366 1
518 419 1
519 83 1
519 84 1
519 105 1
519 188 1
519 392 1
519 393 1
519 421 1
519 449 1
519 478 1
520 6 1
520 53 1
520 56 1
520 58 1
520 107 1
520 140 1
520 180 1
520 181 1
520 211 1
520 234 1
520 239 1
520 242 1
520 243 1
520 348 1
520 350 1
520 368 1
520 391 1
520 394 1
520 422 1
520 450 1
520 479 1
520 480 1
520 512 1
520 513 1
521 77 1
521 179 1
521 349 1
521 393 1
521 421 1
521 449 1
521 478 1
521 519 1
522 6 1
522 7 1
522 77 1
522 179 1
522 352 1
522 393 1
522 421 1
522 449 1
522 451 1
522 478 1
522 480 1
522 519 1
522 521 1
523 6 1
523 7 1
523 60 1
523 77 1
523 109 1
523 141 1
523 162 1
523 183 1
523 245 1
523 248 1
523 324 1
523 350 1
523 352 1
523 369 1
523 397 1
523 423 1
523 453 1
523 513 1
524 79 1
524 80 1
524 160 1
524 163 1
524 185 1
524 250 1
524 325 1
524 355 1
524 390 1
524 398 1
524 420 1
524 454 1
525 81 1
525 85 1
525 113 1
525 142 1
525 214 1
525 253 1
525 353 1
525 354 1
525 370 1
525 483 1
526 13 1
526 14 1
526 15 1
526 16 1
526 18 1
526 19 1
526 62 1
526 63 1
526 111 1
526 144 1
526 164 1
526 187 1
526 255 1
526 256 1
526 261 1
526 264 1
526 265 1
526 266 1
526 328 1
526 339 1
526 400 1
526 425 1
526 484 1
526 486 1
526 490 1
526 491 1
527 83 1
527 84 1
527 188 1
527 214 1
527 216 1
527 253 1
527 353 1
527 354 1
527 428 1
527 525 1
528 17 1
528 85 1
528 113 1
528 457 1
528 487 1
528 488 1
529 113 1
529 215 1
529 259 1
529 371 1
529 372 1
529 456 1
529 457 1
529 488 1
529 489 1
529 528 1
530 22 1
530 115 1
530 116 1
530 118 1
530 146 1
530 267 1
530 340 1
530 373 1
530 374 1
530 431 1
530 460 1
530 477 1
531 21 1
531 64 1
531 65 1
531 189 1
531 190 1
531 270 1
531 271 1
531 272 1
531 273 1
531 356 1
531 357 1
531 430 1
532 21 1
532 22 1
532 190 1
532 272 1
532 273 1
532 356 1
532 357 1
532 430 1
532 431 1
532 493 1
532 531 1
533 28 1
533 121 1
533 125 1
533 195 1
533 196 1
533 219 1
533 221 1
533 279 1
533 280 1
533 281 1
533 282 1
533 286 1
533 341 1
533 377 1
533 378 1
533 434 1
534 96 1
534 97 1
534 124 1
534 205 1
534 406 1
534 407 1
534 436 1
534 463 1
535 32 1
535 55 1
535 66 1
535 68 1
535 126 1
535 151 1
535 198 1
535 199 1
535 220 1
535 285 1
535 290 1
535 293 1
535 359 1
535 360 1
535 380 1
535 405 1
535 408 1
535 437 1
535 464 1
535 498 1
535 515 1
535 516 1
536 32 1
536 33 1
536 91 1
536 197 1
536 284 1
536 407 1
536 436 1
536 463 1
536 465 1
536 498 1
536 534 1
537 32 1
537 70 1
537 91 1
537 152 1
537 170 1
537 200 1
537 295 1
537 298 1
537 330 1
537 360 1
537 381 1
537 411 1
537 438 1
537 516 1
538 92 1
538 93 1
538 168 1
538 171 1
538 202 1
538 300 1
538 331 1
538 363 1
538 404 1
538 412 1
538 435 1
538 467 1
539 40 1
539 41 1
539 42 1
539 43 1
539 45 1
539 46 1
539 72 1
539 73 1
539 129 1
539 155 1
539 172 1
539 204 1
539 305 1
539 306 1
539 311 1
539 314 1
539 315 1
539 316 1
539 334 1
539 344 1
539 414 1
539 440 1
539 502 1
539 504 1
539 508 1
539 509 1
540 96 1
540 97 1
540 205 1
540 223 1
540 225 1
540 303 1
540 361 1
540 362 1
540 443 1
541 44 1
541 98 1
541 131 1
541 470 1
541 505 1
541 506 1
542 131 1
542 224 1
542 309 1
542 383 1
542 384 1
542 469 1
542 470 1
542 506 1
542 507 1
542 541 1
543 49 1
543 133 1
543 134 1
543 136 1
543 157 1
543 317 1
543 345 1
543 385 1
543 386 1
543 445 1
543 473 1
544 48 1
544 74 1
544 206 1
544 207 1
544 320 1
544 321 1
544 322 1
544 364 1
544 444 1
545 48 1
545 49 1
545 207 1
545 322 1
545 364 1
545 444 1
545 445 1
545 511 1
545 544 1
