# minsup
1
# graph
G_./3BL2.pdb
# node ID, label
0 A
1 A
2 A
3 A
4 A
5 A
6 A
7 A
8 A
9 A
10 C
11 C
12 C
13 C
14 C
15 C
16 C
17 C
18 D
19 D
20 D
21 D
22 D
23 D
24 D
25 D
26 D
27 D
28 D
29 D
30 D
31 D
32 D
33 D
34 D
35 D
36 D
37 D
38 D
39 D
40 D
41 E
42 E
43 E
44 E
45 E
46 E
47 E
48 E
49 E
50 E
51 E
52 E
53 E
54 E
55 E
56 E
57 E
58 E
59 F
60 F
61 F
62 F
63 F
64 F
65 F
66 F
67 F
68 F
69 F
70 F
71 F
72 F
73 F
74 F
75 F
76 F
77 F
78 F
79 G
80 G
81 G
82 G
83 G
84 G
85 G
86 G
87 G
88 G
89 G
90 G
91 G
92 G
93 H
94 H
95 H
96 H
97 H
98 H
99 H
100 H
101 I
102 I
103 I
104 I
105 I
106 I
107 I
108 I
109 I
110 I
111 I
112 I
113 K
114 K
115 K
116 K
117 K
118 K
119 K
120 K
121 K
122 K
123 K
124 K
125 K
126 K
127 K
128 K
129 L
130 L
131 L
132 L
133 L
134 L
135 L
136 L
137 L
138 L
139 L
140 L
141 L
142 L
143 L
144 L
145 L
146 L
147 L
148 L
149 L
150 L
151 L
152 L
153 L
154 L
155 L
156 L
157 L
158 L
159 L
160 L
161 L
162 M
163 M
164 M
165 M
166 M
167 M
168 N
169 N
170 N
171 N
172 N
173 N
174 N
175 N
176 N
177 N
178 N
179 N
180 N
181 N
182 P
183 P
184 P
185 P
186 P
187 P
188 Q
189 Q
190 R
191 R
192 R
193 R
194 R
195 R
196 R
197 R
198 R
199 R
200 R
201 R
202 R
203 R
204 R
205 R
206 S
207 S
208 S
209 S
210 S
211 S
212 S
213 S
214 S
215 S
216 S
217 S
218 S
219 S
220 S
221 S
222 S
223 S
224 S
225 S
226 T
227 T
228 T
229 T
230 T
231 T
232 T
233 T
234 T
235 T
236 T
237 T
238 T
239 T
240 T
241 T
242 T
243 T
244 T
245 T
246 T
247 T
248 V
249 V
250 V
251 V
252 V
253 V
254 V
255 V
256 V
257 V
258 V
259 V
260 V
261 V
262 V
263 V
264 V
265 V
266 V
267 V
268 V
269 V
270 V
271 V
272 V
273 V
274 V
275 V
276 W
277 W
278 W
279 W
280 W
281 W
282 Y
283 Y
284 Y
285 Y
286 Y
287 Y
288 Y
289 Y
290 Y
291 Y
# node ID1, node ID2, number of bounds
1 0 1
2 0 1
2 1 1
4 3 1
6 5 1
7 5 1
7 6 1
8 3 1
9 8 1
10 0 1
10 1 1
10 2 1
11 1 1
12 11 1
13 0 1
13 1 1
13 11 1
14 5 1
14 6 1
14 7 1
15 6 1
16 15 1
17 5 1
17 6 1
17 15 1
18 0 1
18 1 1
18 2 1
18 10 1
19 0 1
19 1 1
19 2 1
19 10 1
19 18 1
20 0 1
20 1 1
20 2 1
20 10 1
20 19 1
21 3 1
22 3 1
22 4 1
22 11 1
22 21 1
23 4 1
23 13 1
25 1 1
25 3 1
25 4 1
25 11 1
25 13 1
25 20 1
25 21 1
25 22 1
26 11 1
26 12 1
26 13 1
26 23 1
27 0 1
27 1 1
27 11 1
27 13 1
27 23 1
27 26 1
28 5 1
28 6 1
28 7 1
28 14 1
29 5 1
29 6 1
29 7 1
29 14 1
29 28 1
30 5 1
30 6 1
30 7 1
30 29 1
31 8 1
32 8 1
32 9 1
32 15 1
32 31 1
33 9 1
33 17 1
35 6 1
35 9 1
35 15 1
35 17 1
35 30 1
35 31 1
35 32 1
36 15 1
36 16 1
36 17 1
36 33 1
37 5 1
37 6 1
37 15 1
37 17 1
37 33 1
37 36 1
38 21 1
38 24 1
38 25 1
39 25 1
39 38 1
40 31 1
40 34 1
40 35 1
41 1 1
41 10 1
41 11 1
41 12 1
41 18 1
42 1 1
42 10 1
42 18 1
42 41 1
43 21 1
43 25 1
43 38 1
43 39 1
44 1 1
44 11 1
44 12 1
44 22 1
44 25 1
44 26 1
44 41 1
45 3 1
45 4 1
45 11 1
45 12 1
45 22 1
45 25 1
45 26 1
45 44 1
46 11 1
46 12 1
46 13 1
46 26 1
46 27 1
47 0 1
47 1 1
47 11 1
47 12 1
47 13 1
47 18 1
47 26 1
47 27 1
47 44 1
47 46 1
48 0 1
48 13 1
48 27 1
49 6 1
49 14 1
49 15 1
49 16 1
49 28 1
49 29 1
50 6 1
50 7 1
50 14 1
50 28 1
50 29 1
50 49 1
51 31 1
51 32 1
51 35 1
51 40 1
52 6 1
52 15 1
52 16 1
52 32 1
52 35 1
52 36 1
52 49 1
53 8 1
53 9 1
53 15 1
53 16 1
53 31 1
53 32 1
53 35 1
53 36 1
53 52 1
54 15 1
54 16 1
54 17 1
54 36 1
54 37 1
55 5 1
55 6 1
55 15 1
55 16 1
55 17 1
55 36 1
55 37 1
55 50 1
55 52 1
55 54 1
56 5 1
56 17 1
56 37 1
57 3 1
57 4 1
57 8 1
57 22 1
57 23 1
57 24 1
58 3 1
58 8 1
58 9 1
58 32 1
58 33 1
58 34 1
59 0 1
59 1 1
59 2 1
59 10 1
59 11 1
59 13 1
59 18 1
59 19 1
59 20 1
59 25 1
59 27 1
59 41 1
59 42 1
59 44 1
59 47 1
60 3 1
60 21 1
60 22 1
60 25 1
60 38 1
60 39 1
60 43 1
61 4 1
61 13 1
61 23 1
61 24 1
61 25 1
61 27 1
61 48 1
61 57 1
62 13 1
62 23 1
62 24 1
62 25 1
62 38 1
62 48 1
62 57 1
62 61 1
63 0 1
63 4 1
63 11 1
63 13 1
63 22 1
63 23 1
63 24 1
63 25 1
63 27 1
63 38 1
63 39 1
63 43 1
63 44 1
63 48 1
63 57 1
63 59 1
63 60 1
63 61 1
63 62 1
64 0 1
64 1 1
64 11 1
64 13 1
64 20 1
64 25 1
64 27 1
64 38 1
64 43 1
64 44 1
64 45 1
64 59 1
64 60 1
64 61 1
64 62 1
64 63 1
65 0 1
65 13 1
65 23 1
65 25 1
65 27 1
65 47 1
65 48 1
65 61 1
65 62 1
65 63 1
65 64 1
66 0 1
66 1 1
66 13 1
66 25 1
66 27 1
66 47 1
66 48 1
66 59 1
66 61 1
66 62 1
66 63 1
66 64 1
66 65 1
67 0 1
67 20 1
67 25 1
67 38 1
67 39 1
67 48 1
67 60 1
67 62 1
67 63 1
67 64 1
67 65 1
67 66 1
68 5 1
68 6 1
68 7 1
68 14 1
68 15 1
68 17 1
68 28 1
68 29 1
68 30 1
68 35 1
68 37 1
68 49 1
68 50 1
68 52 1
68 55 1
69 8 1
69 31 1
69 32 1
69 35 1
69 40 1
69 51 1
70 9 1
70 17 1
70 33 1
70 34 1
70 35 1
70 37 1
70 56 1
70 58 1
71 17 1
71 33 1
71 34 1
71 35 1
71 40 1
71 56 1
71 58 1
71 70 1
72 5 1
72 9 1
72 15 1
72 17 1
72 32 1
72 33 1
72 34 1
72 35 1
72 37 1
72 40 1
72 51 1
72 52 1
72 56 1
72 58 1
72 68 1
72 69 1
72 70 1
72 71 1
73 5 1
73 6 1
73 15 1
73 17 1
73 30 1
73 32 1
73 35 1
73 37 1
73 40 1
73 51 1
73 52 1
73 53 1
73 68 1
73 69 1
73 70 1
73 71 1
73 72 1
74 5 1
74 17 1
74 33 1
74 35 1
74 37 1
74 55 1
74 56 1
74 70 1
74 71 1
74 72 1
74 73 1
75 5 1
75 6 1
75 17 1
75 35 1
75 37 1
75 55 1
75 56 1
75 68 1
75 70 1
75 71 1
75 72 1
75 73 1
75 74 1
76 5 1
76 30 1
76 35 1
76 40 1
76 56 1
76 69 1
76 71 1
76 72 1
76 73 1
76 74 1
76 75 1
77 21 1
77 25 1
77 38 1
77 39 1
77 43 1
77 60 1
77 63 1
77 64 1
77 67 1
78 31 1
78 35 1
78 38 1
78 40 1
78 51 1
78 69 1
78 71 1
78 72 1
78 73 1
78 76 1
79 0 1
79 1 1
79 2 1
79 13 1
79 20 1
79 27 1
79 48 1
79 65 1
79 66 1
79 67 1
80 3 1
80 4 1
80 11 1
80 12 1
80 21 1
80 22 1
80 23 1
80 25 1
80 44 1
80 45 1
80 57 1
80 63 1
81 24 1
81 25 1
81 38 1
81 39 1
81 43 1
81 60 1
81 61 1
81 62 1
81 63 1
81 64 1
81 66 1
81 67 1
81 77 1
82 3 1
82 4 1
82 11 1
82 21 1
82 22 1
82 25 1
82 38 1
82 39 1
82 43 1
82 44 1
82 57 1
82 59 1
82 60 1
82 61 1
82 62 1
82 63 1
82 64 1
82 65 1
82 66 1
82 67 1
82 77 1
82 80 1
82 81 1
83 0 1
83 1 1
83 4 1
83 11 1
83 12 1
83 13 1
83 22 1
83 23 1
83 25 1
83 26 1
83 27 1
83 43 1
83 44 1
83 45 1
83 46 1
83 47 1
83 59 1
83 60 1
83 61 1
83 63 1
83 64 1
83 65 1
83 66 1
83 80 1
83 81 1
83 82 1
84 1 1
84 11 1
84 12 1
84 18 1
84 26 1
84 41 1
84 42 1
84 44 1
84 45 1
84 46 1
84 47 1
84 59 1
85 5 1
85 6 1
85 7 1
85 17 1
85 29 1
85 30 1
85 37 1
85 56 1
85 74 1
85 75 1
85 76 1
86 8 1
86 9 1
86 15 1
86 16 1
86 31 1
86 32 1
86 33 1
86 35 1
86 52 1
86 53 1
86 58 1
86 72 1
87 31 1
87 34 1
87 35 1
87 40 1
87 51 1
87 69 1
87 70 1
87 71 1
87 72 1
87 73 1
87 75 1
87 76 1
87 78 1
88 9 1
88 15 1
88 17 1
88 31 1
88 32 1
88 34 1
88 35 1
88 40 1
88 51 1
88 52 1
88 58 1
88 68 1
88 69 1
88 70 1
88 71 1
88 72 1
88 73 1
88 74 1
88 75 1
88 76 1
88 78 1
88 86 1
88 87 1
89 5 1
89 6 1
89 9 1
89 15 1
89 16 1
89 17 1
89 32 1
89 33 1
89 35 1
89 36 1
89 37 1
89 51 1
89 52 1
89 53 1
89 54 1
89 55 1
89 68 1
89 69 1
89 70 1
89 72 1
89 73 1
89 74 1
89 75 1
89 86 1
89 87 1
89 88 1
90 6 1
90 15 1
90 16 1
90 36 1
90 49 1
90 50 1
90 52 1
90 53 1
90 54 1
90 55 1
90 68 1
91 21 1
91 24 1
91 25 1
91 38 1
91 39 1
91 43 1
91 60 1
91 61 1
91 62 1
91 63 1
91 64 1
91 67 1
91 77 1
91 81 1
91 82 1
91 83 1
92 31 1
92 32 1
92 34 1
92 35 1
92 40 1
92 51 1
92 58 1
92 69 1
92 70 1
92 71 1
92 72 1
92 73 1
92 76 1
92 78 1
92 87 1
92 88 1
92 89 1
93 3 1
93 21 1
93 22 1
93 25 1
93 38 1
93 39 1
93 40 1
93 43 1
93 60 1
93 63 1
93 64 1
93 77 1
93 81 1
93 82 1
93 91 1
94 0 1
94 1 1
94 11 1
94 12 1
94 13 1
94 18 1
94 25 1
94 26 1
94 27 1
94 41 1
94 42 1
94 44 1
94 45 1
94 46 1
94 47 1
94 59 1
94 64 1
94 83 1
94 84 1
95 0 1
95 13 1
95 23 1
95 27 1
95 47 1
95 48 1
95 61 1
95 62 1
95 63 1
95 64 1
95 65 1
95 66 1
95 79 1
95 83 1
95 94 1
96 20 1
96 24 1
96 38 1
96 39 1
96 48 1
96 62 1
96 63 1
96 64 1
96 65 1
96 66 1
96 67 1
96 77 1
96 79 1
96 81 1
96 82 1
96 91 1
97 8 1
97 31 1
97 32 1
97 35 1
97 38 1
97 40 1
97 51 1
97 69 1
97 72 1
97 73 1
97 78 1
97 87 1
97 88 1
97 92 1
98 5 1
98 6 1
98 15 1
98 16 1
98 17 1
98 35 1
98 36 1
98 37 1
98 49 1
98 50 1
98 52 1
98 53 1
98 54 1
98 55 1
98 68 1
98 73 1
98 89 1
98 90 1
99 5 1
99 17 1
99 33 1
99 37 1
99 55 1
99 56 1
99 70 1
99 71 1
99 72 1
99 73 1
99 74 1
99 75 1
99 85 1
99 89 1
99 98 1
100 30 1
100 34 1
100 40 1
100 56 1
100 71 1
100 72 1
100 73 1
100 74 1
100 75 1
100 76 1
100 78 1
100 85 1
100 87 1
100 88 1
100 92 1
101 0 1
101 1 1
101 2 1
101 10 1
101 11 1
101 13 1
101 18 1
101 19 1
101 20 1
101 25 1
101 26 1
101 27 1
101 47 1
101 48 1
101 59 1
101 61 1
101 63 1
101 64 1
101 65 1
101 66 1
101 67 1
101 79 1
101 82 1
101 83 1
101 94 1
101 95 1
102 0 1
102 1 1
102 2 1
102 11 1
102 20 1
102 25 1
102 39 1
102 43 1
102 44 1
102 59 1
102 60 1
102 63 1
102 64 1
102 66 1
102 67 1
102 77 1
102 81 1
102 82 1
102 83 1
102 91 1
102 96 1
102 101 1
103 1 1
103 2 1
103 11 1
103 20 1
103 25 1
103 43 1
103 44 1
103 45 1
103 59 1
103 60 1
103 63 1
103 64 1
103 67 1
103 77 1
103 81 1
103 82 1
103 83 1
103 93 1
103 101 1
103 102 1
104 24 1
104 38 1
104 39 1
104 48 1
104 61 1
104 62 1
104 63 1
104 64 1
104 65 1
104 66 1
104 67 1
104 77 1
104 81 1
104 82 1
104 91 1
104 96 1
105 0 1
105 13 1
105 20 1
105 24 1
105 25 1
105 38 1
105 39 1
105 43 1
105 48 1
105 59 1
105 60 1
105 61 1
105 62 1
105 63 1
105 64 1
105 65 1
105 66 1
105 67 1
105 77 1
105 81 1
105 82 1
105 83 1
105 91 1
105 93 1
105 95 1
105 96 1
105 101 1
105 102 1
105 103 1
105 104 1
106 0 1
106 13 1
106 27 1
106 48 1
106 61 1
106 62 1
106 63 1
106 64 1
106 65 1
106 66 1
106 67 1
106 79 1
106 95 1
106 96 1
106 101 1
106 104 1
106 105 1
107 5 1
107 6 1
107 7 1
107 15 1
107 17 1
107 28 1
107 29 1
107 30 1
107 35 1
107 36 1
107 37 1
107 49 1
107 50 1
107 55 1
107 56 1
107 68 1
107 72 1
107 73 1
107 74 1
107 75 1
107 76 1
107 85 1
107 88 1
107 89 1
107 98 1
107 99 1
108 5 1
108 6 1
108 7 1
108 15 1
108 29 1
108 30 1
108 35 1
108 51 1
108 52 1
108 68 1
108 69 1
108 72 1
108 73 1
108 75 1
108 76 1
108 78 1
108 87 1
108 88 1
108 89 1
108 92 1
108 100 1
108 107 1
109 6 1
109 15 1
109 30 1
109 35 1
109 51 1
109 52 1
109 53 1
109 68 1
109 69 1
109 72 1
109 73 1
109 76 1
109 87 1
109 88 1
109 89 1
109 97 1
109 107 1
109 108 1
110 34 1
110 40 1
110 56 1
110 70 1
110 71 1
110 72 1
110 73 1
110 74 1
110 75 1
110 76 1
110 78 1
110 87 1
110 88 1
110 92 1
110 100 1
111 5 1
111 17 1
111 30 1
111 34 1
111 35 1
111 40 1
111 51 1
111 56 1
111 68 1
111 69 1
111 70 1
111 71 1
111 72 1
111 73 1
111 74 1
111 75 1
111 76 1
111 78 1
111 87 1
111 88 1
111 89 1
111 92 1
111 97 1
111 99 1
111 100 1
111 107 1
111 108 1
111 109 1
111 110 1
112 5 1
112 17 1
112 37 1
112 56 1
112 70 1
112 71 1
112 72 1
112 73 1
112 74 1
112 75 1
112 76 1
112 85 1
112 99 1
112 100 1
112 107 1
112 110 1
112 111 1
113 0 1
113 2 1
113 19 1
113 20 1
113 48 1
113 66 1
113 67 1
113 79 1
113 96 1
113 101 1
113 106 1
114 0 1
114 1 1
114 10 1
114 11 1
114 12 1
114 13 1
114 18 1
114 19 1
114 20 1
114 25 1
114 26 1
114 27 1
114 41 1
114 42 1
114 44 1
114 45 1
114 46 1
114 47 1
114 59 1
114 64 1
114 83 1
114 84 1
114 94 1
114 101 1
114 102 1
114 103 1
115 1 1
115 10 1
115 11 1
115 12 1
115 18 1
115 26 1
115 41 1
115 42 1
115 44 1
115 45 1
115 47 1
115 59 1
115 83 1
115 84 1
115 94 1
115 101 1
115 103 1
115 114 1
116 1 1
116 2 1
116 19 1
116 20 1
116 25 1
116 43 1
116 59 1
116 60 1
116 63 1
116 64 1
116 67 1
116 81 1
116 82 1
116 83 1
116 101 1
116 102 1
116 103 1
116 105 1
116 114 1
117 3 1
117 4 1
117 11 1
117 12 1
117 22 1
117 23 1
117 26 1
117 44 1
117 45 1
117 57 1
117 80 1
117 83 1
117 94 1
118 4 1
118 11 1
118 12 1
118 13 1
118 23 1
118 26 1
118 27 1
118 45 1
118 46 1
118 47 1
118 61 1
118 65 1
118 80 1
118 83 1
118 94 1
118 95 1
118 117 1
119 4 1
119 13 1
119 23 1
119 24 1
119 27 1
119 48 1
119 57 1
119 61 1
119 62 1
119 63 1
119 65 1
119 66 1
119 82 1
119 83 1
119 95 1
119 117 1
119 118 1
120 5 1
120 7 1
120 29 1
120 30 1
120 75 1
120 76 1
120 85 1
120 100 1
120 107 1
120 112 1
121 5 1
121 6 1
121 7 1
121 14 1
121 15 1
121 16 1
121 17 1
121 28 1
121 29 1
121 30 1
121 35 1
121 36 1
121 37 1
121 49 1
121 50 1
121 52 1
121 53 1
121 54 1
121 55 1
121 68 1
121 73 1
121 89 1
121 90 1
121 98 1
121 107 1
121 108 1
121 109 1
122 6 1
122 15 1
122 16 1
122 28 1
122 29 1
122 36 1
122 49 1
122 50 1
122 52 1
122 53 1
122 55 1
122 68 1
122 89 1
122 90 1
122 98 1
122 107 1
122 109 1
122 121 1
123 6 1
123 7 1
123 29 1
123 30 1
123 35 1
123 51 1
123 68 1
123 69 1
123 72 1
123 73 1
123 76 1
123 87 1
123 88 1
123 89 1
123 107 1
123 108 1
123 109 1
123 111 1
123 121 1
124 8 1
124 9 1
124 15 1
124 16 1
124 32 1
124 33 1
124 36 1
124 52 1
124 53 1
124 58 1
124 86 1
124 89 1
125 9 1
125 15 1
125 17 1
125 33 1
125 36 1
125 37 1
125 53 1
125 54 1
125 55 1
125 70 1
125 74 1
125 86 1
125 89 1
125 98 1
125 99 1
125 124 1
126 9 1
126 17 1
126 33 1
126 34 1
126 37 1
126 56 1
126 58 1
126 70 1
126 71 1
126 72 1
126 74 1
126 75 1
126 88 1
126 89 1
126 99 1
126 124 1
126 125 1
127 3 1
127 4 1
127 21 1
127 22 1
127 24 1
127 25 1
127 31 1
127 38 1
127 39 1
127 43 1
127 57 1
127 60 1
127 61 1
127 62 1
127 63 1
127 64 1
127 77 1
127 81 1
127 82 1
127 91 1
127 93 1
127 97 1
127 104 1
127 105 1
127 119 1
128 9 1
128 21 1
128 31 1
128 32 1
128 34 1
128 35 1
128 40 1
128 58 1
128 69 1
128 70 1
128 71 1
128 72 1
128 73 1
128 78 1
128 87 1
128 88 1
128 92 1
128 93 1
128 97 1
128 110 1
128 111 1
128 126 1
129 0 1
129 1 1
129 2 1
129 10 1
129 13 1
129 18 1
129 19 1
129 20 1
129 25 1
129 27 1
129 47 1
129 59 1
129 63 1
129 64 1
129 65 1
129 66 1
129 67 1
129 79 1
129 83 1
129 94 1
129 95 1
129 101 1
129 102 1
129 103 1
129 105 1
129 106 1
129 113 1
129 114 1
129 116 1
130 0 1
130 1 1
130 10 1
130 11 1
130 12 1
130 13 1
130 18 1
130 20 1
130 25 1
130 26 1
130 27 1
130 41 1
130 42 1
130 44 1
130 45 1
130 46 1
130 47 1
130 59 1
130 63 1
130 64 1
130 65 1
130 66 1
130 82 1
130 83 1
130 84 1
130 94 1
130 95 1
130 101 1
130 102 1
130 103 1
130 105 1
130 114 1
130 115 1
130 116 1
130 129 1
131 0 1
131 1 1
131 2 1
131 10 1
131 18 1
131 19 1
131 20 1
131 42 1
131 59 1
131 101 1
131 102 1
131 103 1
131 114 1
131 115 1
131 116 1
131 129 1
131 130 1
132 20 1
132 21 1
132 25 1
132 38 1
132 39 1
132 43 1
132 59 1
132 60 1
132 63 1
132 64 1
132 67 1
132 77 1
132 81 1
132 82 1
132 83 1
132 91 1
132 93 1
132 96 1
132 101 1
132 102 1
132 103 1
132 105 1
132 116 1
132 129 1
132 130 1
132 131 1
133 3 1
133 4 1
133 11 1
133 12 1
133 13 1
133 22 1
133 23 1
133 25 1
133 26 1
133 44 1
133 45 1
133 57 1
133 61 1
133 63 1
133 64 1
133 80 1
133 82 1
133 83 1
133 94 1
133 117 1
133 118 1
133 119 1
134 4 1
134 11 1
134 13 1
134 23 1
134 25 1
134 26 1
134 27 1
134 47 1
134 57 1
134 61 1
134 62 1
134 63 1
134 64 1
134 65 1
134 66 1
134 80 1
134 82 1
134 83 1
134 94 1
134 95 1
134 105 1
134 117 1
134 118 1
134 119 1
134 127 1
134 133 1
135 4 1
135 13 1
135 23 1
135 24 1
135 25 1
135 27 1
135 48 1
135 57 1
135 61 1
135 62 1
135 63 1
135 64 1
135 65 1
135 66 1
135 80 1
135 82 1
135 83 1
135 91 1
135 95 1
135 104 1
135 105 1
135 117 1
135 118 1
135 119 1
135 127 1
135 133 1
135 134 1
136 4 1
136 13 1
136 23 1
136 24 1
136 25 1
136 38 1
136 48 1
136 57 1
136 60 1
136 61 1
136 62 1
136 63 1
136 64 1
136 65 1
136 66 1
136 67 1
136 77 1
136 81 1
136 82 1
136 83 1
136 91 1
136 95 1
136 96 1
136 104 1
136 105 1
136 106 1
136 119 1
136 127 1
136 133 1
136 134 1
136 135 1
137 4 1
137 11 1
137 12 1
137 25 1
137 26 1
137 41 1
137 44 1
137 45 1
137 46 1
137 47 1
137 59 1
137 80 1
137 83 1
137 84 1
137 94 1
137 114 1
137 115 1
137 117 1
137 118 1
137 130 1
137 133 1
137 134 1
138 0 1
138 1 1
138 11 1
138 12 1
138 13 1
138 23 1
138 26 1
138 27 1
138 46 1
138 47 1
138 59 1
138 61 1
138 64 1
138 65 1
138 66 1
138 83 1
138 94 1
138 95 1
138 101 1
138 114 1
138 117 1
138 118 1
138 119 1
138 130 1
138 133 1
138 134 1
138 135 1
138 137 1
139 0 1
139 1 1
139 11 1
139 12 1
139 13 1
139 23 1
139 25 1
139 26 1
139 27 1
139 44 1
139 45 1
139 46 1
139 47 1
139 59 1
139 61 1
139 63 1
139 64 1
139 65 1
139 66 1
139 82 1
139 83 1
139 94 1
139 95 1
139 101 1
139 106 1
139 114 1
139 117 1
139 118 1
139 119 1
139 129 1
139 130 1
139 133 1
139 134 1
139 135 1
139 137 1
139 138 1
140 0 1
140 13 1
140 20 1
140 24 1
140 25 1
140 27 1
140 48 1
140 61 1
140 62 1
140 63 1
140 64 1
140 65 1
140 66 1
140 67 1
140 79 1
140 81 1
140 82 1
140 91 1
140 95 1
140 96 1
140 101 1
140 102 1
140 104 1
140 105 1
140 106 1
140 113 1
140 129 1
140 136 1
141 2 1
141 20 1
141 39 1
141 43 1
141 59 1
141 60 1
141 63 1
141 64 1
141 66 1
141 67 1
141 77 1
141 81 1
141 82 1
141 96 1
141 101 1
141 102 1
141 103 1
141 105 1
141 113 1
141 116 1
141 129 1
141 131 1
141 132 1
141 140 1
142 5 1
142 6 1
142 7 1
142 14 1
142 17 1
142 28 1
142 29 1
142 30 1
142 35 1
142 37 1
142 49 1
142 50 1
142 55 1
142 68 1
142 72 1
142 73 1
142 74 1
142 75 1
142 76 1
142 85 1
142 89 1
142 98 1
142 99 1
142 107 1
142 108 1
142 109 1
142 111 1
142 112 1
142 120 1
142 121 1
142 123 1
143 5 1
143 6 1
143 15 1
143 16 1
143 17 1
143 28 1
143 29 1
143 30 1
143 35 1
143 36 1
143 37 1
143 49 1
143 50 1
143 52 1
143 53 1
143 54 1
143 55 1
143 68 1
143 72 1
143 73 1
143 74 1
143 75 1
143 88 1
143 89 1
143 90 1
143 98 1
143 99 1
143 107 1
143 108 1
143 109 1
143 111 1
143 121 1
143 122 1
143 123 1
143 142 1
144 5 1
144 6 1
144 7 1
144 14 1
144 28 1
144 29 1
144 30 1
144 49 1
144 50 1
144 68 1
144 90 1
144 107 1
144 121 1
144 122 1
144 142 1
144 143 1
145 5 1
145 6 1
145 7 1
145 14 1
145 28 1
145 29 1
145 30 1
145 49 1
145 50 1
145 68 1
145 107 1
145 108 1
145 109 1
145 120 1
145 121 1
145 122 1
145 123 1
145 142 1
145 143 1
145 144 1
146 30 1
146 31 1
146 35 1
146 40 1
146 51 1
146 68 1
146 69 1
146 72 1
146 73 1
146 76 1
146 78 1
146 87 1
146 88 1
146 89 1
146 92 1
146 97 1
146 100 1
146 107 1
146 108 1
146 109 1
146 111 1
146 123 1
146 142 1
146 143 1
146 145 1
147 8 1
147 9 1
147 15 1
147 17 1
147 32 1
147 33 1
147 35 1
147 36 1
147 52 1
147 53 1
147 58 1
147 70 1
147 72 1
147 73 1
147 86 1
147 88 1
147 89 1
147 98 1
147 124 1
147 125 1
147 126 1
148 9 1
148 15 1
148 17 1
148 33 1
148 35 1
148 36 1
148 37 1
148 55 1
148 58 1
148 70 1
148 71 1
148 72 1
148 73 1
148 74 1
148 75 1
148 86 1
148 88 1
148 89 1
148 98 1
148 99 1
148 111 1
148 124 1
148 125 1
148 126 1
148 147 1
149 9 1
149 17 1
149 33 1
149 34 1
149 35 1
149 37 1
149 58 1
149 70 1
149 71 1
149 72 1
149 73 1
149 74 1
149 75 1
149 86 1
149 88 1
149 89 1
149 92 1
149 99 1
149 110 1
149 111 1
149 124 1
149 125 1
149 126 1
149 128 1
149 147 1
149 148 1
150 9 1
150 17 1
150 33 1
150 34 1
150 35 1
150 40 1
150 56 1
150 58 1
150 69 1
150 70 1
150 71 1
150 72 1
150 73 1
150 74 1
150 75 1
150 78 1
150 87 1
150 88 1
150 89 1
150 92 1
150 99 1
150 100 1
150 110 1
150 111 1
150 126 1
150 128 1
150 147 1
150 148 1
150 149 1
151 15 1
151 16 1
151 35 1
151 36 1
151 52 1
151 53 1
151 54 1
151 55 1
151 68 1
151 86 1
151 89 1
151 90 1
151 98 1
151 121 1
151 122 1
151 124 1
151 125 1
151 143 1
151 147 1
151 148 1
152 5 1
152 6 1
152 15 1
152 16 1
152 17 1
152 33 1
152 36 1
152 37 1
152 54 1
152 55 1
152 68 1
152 70 1
152 73 1
152 74 1
152 75 1
152 89 1
152 98 1
152 99 1
152 107 1
152 121 1
152 124 1
152 125 1
152 126 1
152 143 1
152 147 1
152 148 1
152 149 1
152 151 1
153 5 1
153 6 1
153 15 1
153 16 1
153 17 1
153 33 1
153 35 1
153 36 1
153 37 1
153 52 1
153 53 1
153 54 1
153 55 1
153 68 1
153 70 1
153 72 1
153 73 1
153 74 1
153 75 1
153 88 1
153 89 1
153 98 1
153 99 1
153 107 1
153 112 1
153 121 1
153 124 1
153 125 1
153 126 1
153 142 1
153 143 1
153 147 1
153 148 1
153 149 1
153 151 1
153 152 1
154 5 1
154 17 1
154 30 1
154 34 1
154 35 1
154 37 1
154 56 1
154 70 1
154 71 1
154 72 1
154 73 1
154 74 1
154 75 1
154 76 1
154 85 1
154 87 1
154 88 1
154 89 1
154 92 1
154 99 1
154 100 1
154 107 1
154 108 1
154 110 1
154 111 1
154 112 1
154 120 1
154 142 1
154 150 1
155 7 1
155 30 1
155 51 1
155 68 1
155 72 1
155 73 1
155 75 1
155 76 1
155 87 1
155 88 1
155 100 1
155 107 1
155 108 1
155 109 1
155 111 1
155 120 1
155 123 1
155 142 1
155 145 1
155 146 1
155 154 1
156 3 1
156 4 1
156 8 1
156 21 1
156 22 1
156 23 1
156 25 1
156 31 1
156 38 1
156 57 1
156 60 1
156 61 1
156 62 1
156 63 1
156 64 1
156 80 1
156 81 1
156 82 1
156 83 1
156 91 1
156 93 1
156 105 1
156 117 1
156 119 1
156 127 1
156 133 1
156 134 1
156 135 1
156 136 1
157 3 1
157 4 1
157 21 1
157 22 1
157 24 1
157 25 1
157 31 1
157 38 1
157 39 1
157 43 1
157 57 1
157 60 1
157 61 1
157 62 1
157 63 1
157 64 1
157 77 1
157 80 1
157 81 1
157 82 1
157 83 1
157 91 1
157 93 1
157 104 1
157 105 1
157 119 1
157 127 1
157 132 1
157 133 1
157 134 1
157 135 1
157 136 1
157 156 1
158 21 1
158 31 1
158 38 1
158 39 1
158 40 1
158 43 1
158 60 1
158 62 1
158 63 1
158 77 1
158 78 1
158 81 1
158 82 1
158 91 1
158 92 1
158 93 1
158 97 1
158 104 1
158 105 1
158 127 1
158 132 1
158 136 1
158 157 1
159 3 1
159 8 1
159 9 1
159 31 1
159 32 1
159 33 1
159 35 1
159 40 1
159 58 1
159 69 1
159 70 1
159 71 1
159 72 1
159 73 1
159 86 1
159 87 1
159 88 1
159 89 1
159 92 1
159 97 1
159 111 1
159 124 1
159 126 1
159 128 1
159 147 1
159 148 1
159 149 1
159 150 1
160 8 1
160 9 1
160 21 1
160 31 1
160 32 1
160 34 1
160 35 1
160 40 1
160 51 1
160 58 1
160 69 1
160 70 1
160 71 1
160 72 1
160 73 1
160 78 1
160 86 1
160 87 1
160 88 1
160 89 1
160 92 1
160 97 1
160 110 1
160 111 1
160 126 1
160 128 1
160 146 1
160 147 1
160 148 1
160 149 1
160 150 1
160 159 1
161 21 1
161 31 1
161 38 1
161 39 1
161 40 1
161 51 1
161 69 1
161 71 1
161 72 1
161 77 1
161 78 1
161 87 1
161 88 1
161 91 1
161 92 1
161 93 1
161 97 1
161 110 1
161 111 1
161 128 1
161 146 1
161 150 1
161 158 1
161 160 1
162 0 1
162 1 1
162 11 1
162 13 1
162 23 1
162 25 1
162 26 1
162 27 1
162 46 1
162 47 1
162 48 1
162 59 1
162 61 1
162 62 1
162 63 1
162 64 1
162 65 1
162 66 1
162 67 1
162 79 1
162 82 1
162 83 1
162 94 1
162 95 1
162 101 1
162 102 1
162 105 1
162 106 1
162 114 1
162 118 1
162 119 1
162 129 1
162 130 1
162 133 1
162 134 1
162 135 1
162 136 1
162 138 1
162 139 1
162 140 1
163 0 1
163 20 1
163 48 1
163 59 1
163 61 1
163 62 1
163 63 1
163 64 1
163 65 1
163 66 1
163 67 1
163 79 1
163 81 1
163 82 1
163 95 1
163 96 1
163 101 1
163 102 1
163 104 1
163 105 1
163 106 1
163 113 1
163 116 1
163 129 1
163 140 1
163 141 1
163 162 1
164 5 1
164 6 1
164 15 1
164 17 1
164 33 1
164 35 1
164 36 1
164 37 1
164 54 1
164 55 1
164 56 1
164 68 1
164 70 1
164 71 1
164 72 1
164 73 1
164 74 1
164 75 1
164 76 1
164 85 1
164 88 1
164 89 1
164 98 1
164 99 1
164 107 1
164 108 1
164 111 1
164 112 1
164 121 1
164 125 1
164 126 1
164 142 1
164 143 1
164 147 1
164 148 1
164 149 1
164 150 1
164 152 1
164 153 1
164 154 1
165 5 1
165 30 1
165 56 1
165 71 1
165 72 1
165 73 1
165 74 1
165 75 1
165 76 1
165 85 1
165 87 1
165 88 1
165 99 1
165 100 1
165 107 1
165 108 1
165 110 1
165 111 1
165 112 1
165 120 1
165 123 1
165 142 1
165 154 1
165 155 1
165 164 1
166 3 1
166 4 1
166 22 1
166 23 1
166 25 1
166 57 1
166 61 1
166 62 1
166 63 1
166 80 1
166 82 1
166 83 1
166 117 1
166 118 1
166 119 1
166 127 1
166 133 1
166 134 1
166 135 1
166 136 1
166 156 1
166 157 1
167 8 1
167 9 1
167 32 1
167 33 1
167 58 1
167 70 1
167 71 1
167 72 1
167 86 1
167 88 1
167 89 1
167 124 1
167 125 1
167 126 1
167 128 1
167 147 1
167 148 1
167 149 1
167 150 1
167 159 1
167 160 1
168 4 1
168 11 1
168 13 1
168 22 1
168 23 1
168 26 1
168 45 1
168 57 1
168 61 1
168 80 1
168 83 1
168 94 1
168 117 1
168 118 1
168 119 1
168 133 1
168 134 1
168 135 1
168 137 1
168 138 1
168 139 1
168 156 1
168 166 1
169 24 1
169 25 1
169 38 1
169 39 1
169 60 1
169 61 1
169 62 1
169 63 1
169 64 1
169 65 1
169 66 1
169 67 1
169 77 1
169 81 1
169 82 1
169 91 1
169 96 1
169 102 1
169 104 1
169 105 1
169 106 1
169 127 1
169 132 1
169 136 1
169 140 1
169 141 1
169 157 1
169 158 1
169 163 1
170 0 1
170 1 1
170 11 1
170 12 1
170 13 1
170 18 1
170 23 1
170 25 1
170 26 1
170 27 1
170 44 1
170 46 1
170 47 1
170 48 1
170 59 1
170 61 1
170 63 1
170 64 1
170 65 1
170 66 1
170 79 1
170 83 1
170 94 1
170 95 1
170 101 1
170 106 1
170 114 1
170 115 1
170 118 1
170 129 1
170 130 1
170 134 1
170 135 1
170 137 1
170 138 1
170 139 1
170 162 1
171 0 1
171 13 1
171 24 1
171 27 1
171 48 1
171 61 1
171 62 1
171 63 1
171 64 1
171 65 1
171 66 1
171 67 1
171 79 1
171 95 1
171 96 1
171 101 1
171 104 1
171 105 1
171 106 1
171 113 1
171 119 1
171 135 1
171 136 1
171 140 1
171 162 1
171 163 1
171 169 1
172 0 1
172 13 1
172 24 1
172 48 1
172 61 1
172 62 1
172 63 1
172 64 1
172 65 1
172 66 1
172 67 1
172 79 1
172 95 1
172 96 1
172 101 1
172 104 1
172 105 1
172 106 1
172 113 1
172 129 1
172 136 1
172 140 1
172 141 1
172 162 1
172 163 1
172 169 1
172 171 1
173 0 1
173 48 1
173 62 1
173 63 1
173 65 1
173 66 1
173 67 1
173 79 1
173 81 1
173 95 1
173 96 1
173 104 1
173 105 1
173 106 1
173 113 1
173 129 1
173 140 1
173 141 1
173 163 1
173 169 1
173 171 1
173 172 1
174 9 1
174 15 1
174 17 1
174 32 1
174 33 1
174 36 1
174 53 1
174 58 1
174 70 1
174 86 1
174 89 1
174 98 1
174 124 1
174 125 1
174 126 1
174 147 1
174 148 1
174 149 1
174 151 1
174 152 1
174 153 1
174 159 1
174 167 1
175 34 1
175 35 1
175 40 1
175 69 1
175 70 1
175 71 1
175 72 1
175 73 1
175 74 1
175 75 1
175 76 1
175 78 1
175 87 1
175 88 1
175 92 1
175 100 1
175 108 1
175 110 1
175 111 1
175 112 1
175 128 1
175 146 1
175 150 1
175 154 1
175 155 1
175 160 1
175 161 1
175 165 1
176 5 1
176 6 1
176 15 1
176 17 1
176 29 1
176 33 1
176 35 1
176 36 1
176 37 1
176 52 1
176 54 1
176 55 1
176 56 1
176 68 1
176 70 1
176 72 1
176 73 1
176 74 1
176 75 1
176 85 1
176 89 1
176 98 1
176 99 1
176 107 1
176 112 1
176 121 1
176 122 1
176 125 1
176 142 1
176 143 1
176 148 1
176 149 1
176 151 1
176 152 1
176 153 1
176 164 1
177 5 1
177 17 1
177 34 1
177 37 1
177 56 1
177 70 1
177 71 1
177 72 1
177 73 1
177 74 1
177 75 1
177 76 1
177 85 1
177 88 1
177 99 1
177 100 1
177 107 1
177 110 1
177 111 1
177 112 1
177 126 1
177 149 1
177 150 1
177 154 1
177 164 1
177 165 1
177 175 1
178 5 1
178 17 1
178 34 1
178 56 1
178 70 1
178 71 1
178 72 1
178 73 1
178 74 1
178 75 1
178 76 1
178 85 1
178 99 1
178 100 1
178 107 1
178 110 1
178 111 1
178 112 1
178 120 1
178 142 1
178 150 1
178 154 1
178 155 1
178 164 1
178 165 1
178 175 1
178 177 1
179 5 1
179 30 1
179 56 1
179 71 1
179 72 1
179 74 1
179 75 1
179 76 1
179 85 1
179 87 1
179 100 1
179 110 1
179 111 1
179 112 1
179 120 1
179 154 1
179 155 1
179 165 1
179 175 1
179 177 1
179 178 1
180 3 1
180 4 1
180 8 1
180 21 1
180 22 1
180 23 1
180 31 1
180 32 1
180 57 1
180 61 1
180 62 1
180 63 1
180 80 1
180 82 1
180 91 1
180 117 1
180 119 1
180 127 1
180 133 1
180 134 1
180 135 1
180 136 1
180 156 1
180 157 1
180 166 1
180 168 1
181 3 1
181 8 1
181 9 1
181 21 1
181 22 1
181 31 1
181 32 1
181 33 1
181 58 1
181 70 1
181 71 1
181 72 1
181 86 1
181 88 1
181 92 1
181 124 1
181 126 1
181 128 1
181 147 1
181 148 1
181 149 1
181 150 1
181 159 1
181 160 1
181 167 1
181 174 1
182 3 1
182 4 1
182 21 1
182 22 1
182 23 1
182 44 1
182 45 1
182 57 1
182 80 1
182 83 1
182 117 1
182 118 1
182 133 1
182 134 1
182 135 1
182 137 1
182 156 1
182 157 1
182 166 1
182 168 1
182 180 1
183 1 1
183 11 1
183 12 1
183 26 1
183 41 1
183 42 1
183 44 1
183 45 1
183 46 1
183 47 1
183 59 1
183 83 1
183 84 1
183 94 1
183 114 1
183 115 1
183 130 1
183 137 1
183 139 1
183 170 1
184 2 1
184 20 1
184 39 1
184 63 1
184 64 1
184 66 1
184 67 1
184 77 1
184 79 1
184 81 1
184 82 1
184 91 1
184 96 1
184 101 1
184 102 1
184 103 1
184 104 1
184 105 1
184 106 1
184 113 1
184 116 1
184 129 1
184 132 1
184 140 1
184 141 1
184 163 1
184 169 1
184 171 1
184 172 1
184 173 1
185 8 1
185 9 1
185 31 1
185 32 1
185 33 1
185 52 1
185 53 1
185 58 1
185 86 1
185 89 1
185 124 1
185 125 1
185 147 1
185 148 1
185 149 1
185 151 1
185 159 1
185 160 1
185 167 1
185 174 1
185 181 1
186 6 1
186 15 1
186 16 1
186 36 1
186 49 1
186 50 1
186 52 1
186 53 1
186 54 1
186 55 1
186 68 1
186 89 1
186 90 1
186 98 1
186 121 1
186 122 1
186 143 1
186 151 1
186 153 1
187 30 1
187 72 1
187 73 1
187 75 1
187 76 1
187 78 1
187 85 1
187 87 1
187 88 1
187 100 1
187 108 1
187 109 1
187 110 1
187 111 1
187 112 1
187 120 1
187 123 1
187 142 1
187 146 1
187 154 1
187 155 1
187 165 1
187 175 1
187 178 1
187 179 1
188 11 1
188 20 1
188 21 1
188 22 1
188 25 1
188 39 1
188 43 1
188 44 1
188 45 1
188 59 1
188 60 1
188 63 1
188 64 1
188 77 1
188 81 1
188 82 1
188 83 1
188 91 1
188 93 1
188 102 1
188 103 1
188 105 1
188 116 1
188 130 1
188 132 1
188 157 1
188 158 1
189 15 1
189 30 1
189 31 1
189 32 1
189 35 1
189 51 1
189 52 1
189 53 1
189 68 1
189 69 1
189 72 1
189 73 1
189 78 1
189 87 1
189 88 1
189 89 1
189 92 1
189 97 1
189 108 1
189 109 1
189 111 1
189 123 1
189 143 1
189 146 1
189 160 1
190 3 1
190 11 1
190 21 1
190 22 1
190 25 1
190 38 1
190 39 1
190 43 1
190 44 1
190 45 1
190 60 1
190 63 1
190 64 1
190 77 1
190 80 1
190 81 1
190 82 1
190 83 1
190 91 1
190 93 1
190 102 1
190 103 1
190 105 1
190 116 1
190 127 1
190 132 1
190 156 1
190 157 1
190 158 1
190 188 1
191 3 1
191 21 1
191 22 1
191 25 1
191 38 1
191 39 1
191 43 1
191 60 1
191 63 1
191 64 1
191 77 1
191 81 1
191 82 1
191 91 1
191 93 1
191 102 1
191 103 1
191 127 1
191 132 1
191 157 1
191 158 1
191 188 1
191 190 1
192 3 1
192 4 1
192 8 1
192 21 1
192 22 1
192 58 1
192 60 1
192 80 1
192 93 1
192 128 1
192 156 1
192 157 1
192 159 1
192 160 1
192 167 1
192 180 1
192 181 1
192 182 1
192 190 1
192 191 1
193 4 1
193 13 1
193 23 1
193 26 1
193 27 1
193 46 1
193 47 1
193 57 1
193 61 1
193 65 1
193 80 1
193 83 1
193 94 1
193 117 1
193 118 1
193 119 1
193 133 1
193 134 1
193 135 1
193 137 1
193 138 1
193 139 1
193 162 1
193 166 1
193 168 1
193 170 1
193 182 1
194 24 1
194 25 1
194 38 1
194 39 1
194 43 1
194 57 1
194 60 1
194 61 1
194 62 1
194 63 1
194 64 1
194 65 1
194 66 1
194 67 1
194 77 1
194 81 1
194 82 1
194 83 1
194 91 1
194 93 1
194 96 1
194 102 1
194 103 1
194 104 1
194 105 1
194 119 1
194 127 1
194 132 1
194 134 1
194 135 1
194 136 1
194 140 1
194 141 1
194 156 1
194 157 1
194 158 1
194 162 1
194 163 1
194 169 1
194 171 1
194 172 1
194 173 1
194 180 1
194 184 1
194 188 1
194 190 1
194 191 1
195 1 1
195 4 1
195 11 1
195 12 1
195 13 1
195 20 1
195 22 1
195 25 1
195 26 1
195 27 1
195 43 1
195 44 1
195 45 1
195 47 1
195 59 1
195 60 1
195 61 1
195 63 1
195 64 1
195 80 1
195 82 1
195 83 1
195 84 1
195 94 1
195 101 1
195 102 1
195 103 1
195 105 1
195 114 1
195 115 1
195 116 1
195 117 1
195 118 1
195 129 1
195 130 1
195 132 1
195 133 1
195 134 1
195 135 1
195 137 1
195 138 1
195 139 1
195 157 1
195 162 1
195 170 1
195 183 1
195 188 1
195 190 1
195 191 1
195 194 1
196 8 1
196 15 1
196 31 1
196 32 1
196 35 1
196 40 1
196 51 1
196 52 1
196 53 1
196 69 1
196 72 1
196 73 1
196 78 1
196 86 1
196 87 1
196 88 1
196 89 1
196 92 1
196 97 1
196 108 1
196 109 1
196 111 1
196 123 1
196 128 1
196 146 1
196 159 1
196 160 1
196 161 1
196 189 1
197 8 1
197 31 1
197 32 1
197 35 1
197 40 1
197 51 1
197 69 1
197 72 1
197 73 1
197 78 1
197 87 1
197 88 1
197 92 1
197 97 1
197 108 1
197 109 1
197 128 1
197 146 1
197 160 1
197 161 1
197 189 1
197 196 1
198 3 1
198 8 1
198 9 1
198 31 1
198 32 1
198 57 1
198 69 1
198 86 1
198 97 1
198 127 1
198 156 1
198 157 1
198 159 1
198 160 1
198 166 1
198 180 1
198 181 1
198 185 1
198 192 1
198 196 1
198 197 1
199 9 1
199 17 1
199 33 1
199 36 1
199 37 1
199 54 1
199 55 1
199 58 1
199 70 1
199 74 1
199 86 1
199 89 1
199 98 1
199 124 1
199 125 1
199 126 1
199 147 1
199 148 1
199 149 1
199 152 1
199 153 1
199 164 1
199 167 1
199 174 1
199 176 1
199 185 1
200 34 1
200 35 1
200 40 1
200 51 1
200 58 1
200 69 1
200 70 1
200 71 1
200 72 1
200 73 1
200 74 1
200 75 1
200 76 1
200 78 1
200 87 1
200 88 1
200 89 1
200 92 1
200 97 1
200 100 1
200 108 1
200 109 1
200 110 1
200 111 1
200 126 1
200 128 1
200 146 1
200 148 1
200 149 1
200 150 1
200 154 1
200 155 1
200 159 1
200 160 1
200 161 1
200 164 1
200 165 1
200 175 1
200 177 1
200 178 1
200 179 1
200 181 1
200 187 1
200 189 1
200 196 1
200 197 1
201 6 1
201 9 1
201 15 1
201 16 1
201 17 1
201 30 1
201 31 1
201 32 1
201 35 1
201 36 1
201 37 1
201 51 1
201 52 1
201 53 1
201 55 1
201 68 1
201 69 1
201 70 1
201 72 1
201 73 1
201 75 1
201 86 1
201 87 1
201 88 1
201 89 1
201 90 1
201 98 1
201 107 1
201 108 1
201 109 1
201 111 1
201 121 1
201 122 1
201 123 1
201 124 1
201 125 1
201 142 1
201 143 1
201 146 1
201 147 1
201 148 1
201 149 1
201 151 1
201 152 1
201 153 1
201 160 1
201 164 1
201 176 1
201 186 1
201 189 1
201 196 1
201 197 1
201 200 1
202 3 1
202 4 1
202 8 1
202 21 1
202 22 1
202 23 1
202 24 1
202 25 1
202 31 1
202 38 1
202 57 1
202 60 1
202 61 1
202 62 1
202 63 1
202 77 1
202 81 1
202 82 1
202 91 1
202 93 1
202 97 1
202 104 1
202 105 1
202 119 1
202 127 1
202 133 1
202 134 1
202 135 1
202 136 1
202 156 1
202 157 1
202 158 1
202 166 1
202 169 1
202 180 1
202 182 1
202 190 1
202 192 1
202 194 1
202 197 1
202 198 1
203 3 1
203 4 1
203 8 1
203 21 1
203 22 1
203 24 1
203 25 1
203 31 1
203 38 1
203 39 1
203 57 1
203 60 1
203 61 1
203 62 1
203 63 1
203 64 1
203 77 1
203 80 1
203 81 1
203 82 1
203 91 1
203 93 1
203 97 1
203 104 1
203 105 1
203 119 1
203 127 1
203 133 1
203 135 1
203 136 1
203 156 1
203 157 1
203 158 1
203 166 1
203 169 1
203 180 1
203 182 1
203 190 1
203 191 1
203 192 1
203 194 1
203 198 1
203 202 1
204 3 1
204 8 1
204 9 1
204 21 1
204 31 1
204 32 1
204 33 1
204 34 1
204 35 1
204 40 1
204 58 1
204 69 1
204 70 1
204 71 1
204 72 1
204 78 1
204 87 1
204 88 1
204 92 1
204 93 1
204 97 1
204 110 1
204 111 1
204 126 1
204 128 1
204 147 1
204 148 1
204 149 1
204 150 1
204 159 1
204 160 1
204 161 1
204 167 1
204 175 1
204 181 1
204 185 1
204 192 1
204 196 1
204 198 1
204 200 1
205 3 1
205 8 1
205 9 1
205 21 1
205 31 1
205 32 1
205 34 1
205 35 1
205 40 1
205 58 1
205 69 1
205 70 1
205 71 1
205 72 1
205 73 1
205 78 1
205 86 1
205 87 1
205 88 1
205 92 1
205 93 1
205 97 1
205 110 1
205 111 1
205 126 1
205 128 1
205 147 1
205 149 1
205 150 1
205 159 1
205 160 1
205 161 1
205 167 1
205 175 1
205 181 1
205 185 1
205 192 1
205 196 1
205 197 1
205 198 1
205 200 1
205 203 1
205 204 1
206 0 1
206 2 1
206 19 1
206 20 1
206 48 1
206 66 1
206 67 1
206 79 1
206 95 1
206 96 1
206 101 1
206 106 1
206 113 1
206 129 1
206 140 1
206 141 1
206 163 1
206 171 1
206 172 1
206 173 1
206 184 1
207 1 1
207 11 1
207 12 1
207 18 1
207 25 1
207 26 1
207 41 1
207 42 1
207 44 1
207 45 1
207 46 1
207 47 1
207 59 1
207 64 1
207 83 1
207 84 1
207 94 1
207 101 1
207 102 1
207 103 1
207 114 1
207 115 1
207 129 1
207 130 1
207 131 1
207 137 1
207 138 1
207 139 1
207 162 1
207 170 1
207 183 1
207 188 1
207 195 1
208 1 1
208 2 1
208 10 1
208 18 1
208 19 1
208 20 1
208 59 1
208 101 1
208 102 1
208 116 1
208 129 1
208 131 1
208 141 1
209 1 1
209 2 1
209 10 1
209 19 1
209 20 1
209 25 1
209 43 1
209 59 1
209 60 1
209 64 1
209 67 1
209 83 1
209 101 1
209 102 1
209 103 1
209 114 1
209 115 1
209 116 1
209 129 1
209 130 1
209 131 1
209 132 1
209 141 1
209 184 1
209 188 1
209 195 1
209 207 1
209 208 1
210 3 1
210 21 1
210 22 1
210 34 1
210 38 1
210 40 1
210 43 1
210 58 1
210 60 1
210 77 1
210 78 1
210 82 1
210 91 1
210 92 1
210 93 1
210 127 1
210 128 1
210 156 1
210 157 1
210 158 1
210 159 1
210 160 1
210 161 1
210 181 1
210 188 1
210 190 1
210 191 1
210 192 1
210 203 1
210 204 1
210 205 1
211 4 1
211 13 1
211 23 1
211 25 1
211 26 1
211 27 1
211 47 1
211 48 1
211 57 1
211 61 1
211 62 1
211 63 1
211 64 1
211 65 1
211 66 1
211 82 1
211 83 1
211 94 1
211 95 1
211 105 1
211 106 1
211 117 1
211 118 1
211 119 1
211 133 1
211 134 1
211 135 1
211 136 1
211 138 1
211 139 1
211 140 1
211 156 1
211 157 1
211 162 1
211 166 1
211 168 1
211 170 1
211 171 1
211 180 1
211 193 1
211 194 1
211 202 1
212 4 1
212 13 1
212 23 1
212 24 1
212 38 1
212 48 1
212 57 1
212 61 1
212 62 1
212 63 1
212 64 1
212 65 1
212 66 1
212 81 1
212 82 1
212 91 1
212 104 1
212 105 1
212 119 1
212 127 1
212 133 1
212 134 1
212 135 1
212 136 1
212 140 1
212 156 1
212 157 1
212 162 1
212 166 1
212 169 1
212 171 1
212 180 1
212 193 1
212 194 1
212 202 1
212 203 1
212 211 1
213 20 1
213 24 1
213 25 1
213 38 1
213 39 1
213 43 1
213 60 1
213 61 1
213 62 1
213 63 1
213 64 1
213 66 1
213 67 1
213 77 1
213 81 1
213 82 1
213 91 1
213 93 1
213 96 1
213 102 1
213 103 1
213 104 1
213 105 1
213 106 1
213 116 1
213 127 1
213 132 1
213 136 1
213 140 1
213 141 1
213 157 1
213 158 1
213 163 1
213 169 1
213 171 1
213 172 1
213 173 1
213 184 1
213 188 1
213 190 1
213 194 1
214 1 1
214 11 1
214 12 1
214 18 1
214 26 1
214 41 1
214 42 1
214 44 1
214 45 1
214 46 1
214 47 1
214 59 1
214 84 1
214 94 1
214 114 1
214 115 1
214 130 1
214 137 1
214 138 1
214 139 1
214 170 1
214 183 1
214 195 1
214 207 1
215 5 1
215 7 1
215 29 1
215 30 1
215 56 1
215 75 1
215 76 1
215 85 1
215 99 1
215 100 1
215 107 1
215 112 1
215 120 1
215 142 1
215 154 1
215 155 1
215 165 1
215 177 1
215 178 1
215 179 1
215 187 1
216 6 1
216 15 1
216 16 1
216 29 1
216 35 1
216 36 1
216 49 1
216 50 1
216 52 1
216 53 1
216 54 1
216 55 1
216 68 1
216 73 1
216 89 1
216 90 1
216 98 1
216 107 1
216 108 1
216 109 1
216 121 1
216 122 1
216 142 1
216 143 1
216 144 1
216 145 1
216 151 1
216 152 1
216 153 1
216 164 1
216 176 1
216 186 1
216 201 1
217 5 1
217 6 1
217 7 1
217 14 1
217 28 1
217 29 1
217 30 1
217 49 1
217 50 1
217 68 1
217 107 1
217 120 1
217 121 1
217 123 1
217 142 1
217 143 1
217 144 1
217 145 1
218 6 1
218 7 1
218 29 1
218 30 1
218 35 1
218 49 1
218 51 1
218 68 1
218 69 1
218 73 1
218 76 1
218 89 1
218 107 1
218 108 1
218 109 1
218 121 1
218 122 1
218 123 1
218 142 1
218 143 1
218 144 1
218 145 1
218 146 1
218 155 1
218 187 1
218 189 1
218 201 1
218 216 1
218 217 1
219 8 1
219 24 1
219 31 1
219 32 1
219 38 1
219 40 1
219 51 1
219 57 1
219 69 1
219 78 1
219 88 1
219 91 1
219 92 1
219 97 1
219 127 1
219 128 1
219 156 1
219 157 1
219 158 1
219 159 1
219 160 1
219 161 1
219 180 1
219 189 1
219 196 1
219 197 1
219 198 1
219 202 1
219 203 1
219 205 1
220 9 1
220 17 1
220 33 1
220 35 1
220 36 1
220 37 1
220 55 1
220 56 1
220 58 1
220 70 1
220 71 1
220 72 1
220 73 1
220 74 1
220 75 1
220 88 1
220 89 1
220 98 1
220 99 1
220 111 1
220 112 1
220 124 1
220 125 1
220 126 1
220 147 1
220 148 1
220 149 1
220 150 1
220 152 1
220 153 1
220 154 1
220 159 1
220 160 1
220 164 1
220 167 1
220 174 1
220 176 1
220 177 1
220 199 1
220 200 1
221 9 1
221 17 1
221 33 1
221 34 1
221 40 1
221 56 1
221 58 1
221 70 1
221 71 1
221 72 1
221 73 1
221 74 1
221 75 1
221 87 1
221 88 1
221 92 1
221 110 1
221 111 1
221 126 1
221 128 1
221 147 1
221 148 1
221 149 1
221 150 1
221 154 1
221 159 1
221 160 1
221 164 1
221 167 1
221 175 1
221 177 1
221 181 1
221 199 1
221 200 1
221 204 1
221 205 1
221 220 1
222 30 1
222 34 1
222 35 1
222 40 1
222 51 1
222 69 1
222 70 1
222 71 1
222 72 1
222 73 1
222 75 1
222 76 1
222 78 1
222 87 1
222 88 1
222 92 1
222 97 1
222 100 1
222 108 1
222 109 1
222 110 1
222 111 1
222 112 1
222 123 1
222 128 1
222 146 1
222 150 1
222 154 1
222 155 1
222 160 1
222 161 1
222 165 1
222 175 1
222 177 1
222 178 1
222 179 1
222 187 1
222 189 1
222 196 1
222 200 1
223 6 1
223 15 1
223 16 1
223 36 1
223 49 1
223 50 1
223 52 1
223 53 1
223 54 1
223 55 1
223 68 1
223 90 1
223 98 1
223 121 1
223 122 1
223 143 1
223 144 1
223 151 1
223 152 1
223 153 1
223 176 1
223 186 1
223 201 1
223 216 1
224 3 1
224 4 1
224 21 1
224 22 1
224 23 1
224 24 1
224 25 1
224 31 1
224 38 1
224 57 1
224 60 1
224 61 1
224 62 1
224 63 1
224 64 1
224 77 1
224 80 1
224 81 1
224 82 1
224 83 1
224 91 1
224 104 1
224 105 1
224 117 1
224 119 1
224 127 1
224 133 1
224 134 1
224 135 1
224 136 1
224 156 1
224 157 1
224 158 1
224 166 1
224 168 1
224 169 1
224 180 1
224 182 1
224 190 1
224 192 1
224 194 1
224 198 1
224 202 1
224 203 1
224 211 1
224 212 1
224 219 1
225 8 1
225 9 1
225 31 1
225 32 1
225 33 1
225 34 1
225 35 1
225 40 1
225 58 1
225 69 1
225 70 1
225 71 1
225 72 1
225 73 1
225 78 1
225 86 1
225 87 1
225 88 1
225 89 1
225 92 1
225 110 1
225 111 1
225 124 1
225 126 1
225 128 1
225 147 1
225 148 1
225 149 1
225 150 1
225 159 1
225 160 1
225 161 1
225 167 1
225 174 1
225 175 1
225 181 1
225 185 1
225 192 1
225 196 1
225 200 1
225 204 1
225 205 1
225 210 1
225 220 1
225 221 1
226 0 1
226 1 1
226 2 1
226 19 1
226 20 1
226 27 1
226 48 1
226 59 1
226 65 1
226 66 1
226 79 1
226 95 1
226 101 1
226 106 1
226 113 1
226 129 1
226 131 1
226 140 1
226 162 1
226 163 1
226 170 1
226 171 1
226 172 1
226 173 1
226 206 1
227 0 1
227 1 1
227 2 1
227 10 1
227 13 1
227 18 1
227 19 1
227 20 1
227 27 1
227 47 1
227 59 1
227 64 1
227 65 1
227 66 1
227 79 1
227 94 1
227 95 1
227 101 1
227 102 1
227 106 1
227 113 1
227 114 1
227 129 1
227 130 1
227 131 1
227 139 1
227 140 1
227 162 1
227 163 1
227 170 1
227 206 1
227 208 1
227 209 1
227 226 1
228 0 1
228 1 1
228 2 1
228 10 1
228 11 1
228 13 1
228 18 1
228 19 1
228 20 1
228 25 1
228 26 1
228 27 1
228 41 1
228 42 1
228 44 1
228 46 1
228 47 1
228 59 1
228 63 1
228 64 1
228 65 1
228 66 1
228 79 1
228 83 1
228 84 1
228 94 1
228 95 1
228 101 1
228 102 1
228 103 1
228 106 1
228 114 1
228 115 1
228 116 1
228 129 1
228 130 1
228 131 1
228 138 1
228 139 1
228 162 1
228 163 1
228 170 1
228 183 1
228 195 1
228 206 1
228 207 1
228 208 1
228 209 1
228 214 1
228 226 1
228 227 1
229 0 1
229 1 1
229 2 1
229 10 1
229 11 1
229 12 1
229 18 1
229 19 1
229 20 1
229 25 1
229 41 1
229 42 1
229 44 1
229 45 1
229 47 1
229 59 1
229 64 1
229 83 1
229 84 1
229 94 1
229 101 1
229 102 1
229 103 1
229 114 1
229 115 1
229 116 1
229 129 1
229 130 1
229 131 1
229 132 1
229 137 1
229 139 1
229 170 1
229 183 1
229 188 1
229 195 1
229 207 1
229 208 1
229 209 1
229 214 1
229 227 1
229 228 1
230 1 1
230 20 1
230 25 1
230 39 1
230 43 1
230 44 1
230 59 1
230 60 1
230 63 1
230 64 1
230 67 1
230 77 1
230 81 1
230 82 1
230 83 1
230 91 1
230 93 1
230 101 1
230 102 1
230 103 1
230 105 1
230 116 1
230 129 1
230 130 1
230 131 1
230 132 1
230 141 1
230 184 1
230 188 1
230 190 1
230 191 1
230 194 1
230 195 1
230 209 1
230 213 1
230 229 1
231 11 1
231 20 1
231 21 1
231 22 1
231 25 1
231 38 1
231 39 1
231 43 1
231 44 1
231 45 1
231 59 1
231 60 1
231 63 1
231 64 1
231 67 1
231 77 1
231 81 1
231 82 1
231 83 1
231 91 1
231 93 1
231 101 1
231 102 1
231 103 1
231 105 1
231 116 1
231 127 1
231 129 1
231 130 1
231 132 1
231 141 1
231 157 1
231 158 1
231 162 1
231 169 1
231 184 1
231 188 1
231 190 1
231 191 1
231 194 1
231 195 1
231 203 1
231 207 1
231 209 1
231 210 1
231 213 1
231 229 1
231 230 1
232 13 1
232 23 1
232 24 1
232 27 1
232 48 1
232 57 1
232 61 1
232 62 1
232 63 1
232 64 1
232 65 1
232 66 1
232 82 1
232 83 1
232 91 1
232 95 1
232 104 1
232 105 1
232 106 1
232 118 1
232 119 1
232 127 1
232 133 1
232 134 1
232 135 1
232 136 1
232 139 1
232 140 1
232 156 1
232 157 1
232 162 1
232 166 1
232 169 1
232 171 1
232 172 1
232 180 1
232 193 1
232 194 1
232 202 1
232 203 1
232 211 1
232 212 1
232 224 1
233 1 1
233 11 1
233 12 1
233 13 1
233 18 1
233 26 1
233 27 1
233 41 1
233 42 1
233 44 1
233 45 1
233 46 1
233 47 1
233 59 1
233 83 1
233 84 1
233 94 1
233 114 1
233 115 1
233 118 1
233 130 1
233 137 1
233 138 1
233 139 1
233 170 1
233 183 1
233 195 1
233 207 1
233 214 1
233 228 1
233 229 1
234 0 1
234 1 1
234 11 1
234 13 1
234 25 1
234 26 1
234 27 1
234 46 1
234 47 1
234 48 1
234 59 1
234 61 1
234 62 1
234 63 1
234 64 1
234 65 1
234 66 1
234 67 1
234 79 1
234 82 1
234 83 1
234 94 1
234 95 1
234 101 1
234 102 1
234 105 1
234 106 1
234 113 1
234 114 1
234 118 1
234 119 1
234 129 1
234 130 1
234 134 1
234 135 1
234 138 1
234 139 1
234 140 1
234 162 1
234 163 1
234 170 1
234 171 1
234 172 1
234 173 1
234 195 1
234 206 1
234 211 1
234 226 1
234 227 1
234 228 1
234 232 1
235 5 1
235 6 1
235 7 1
235 14 1
235 28 1
235 29 1
235 30 1
235 37 1
235 56 1
235 68 1
235 74 1
235 75 1
235 85 1
235 99 1
235 107 1
235 112 1
235 120 1
235 142 1
235 145 1
235 154 1
235 164 1
235 165 1
235 176 1
235 177 1
235 178 1
235 179 1
235 215 1
235 217 1
236 5 1
236 6 1
236 7 1
236 14 1
236 17 1
236 28 1
236 29 1
236 30 1
236 37 1
236 50 1
236 55 1
236 68 1
236 73 1
236 74 1
236 75 1
236 85 1
236 89 1
236 98 1
236 99 1
236 107 1
236 108 1
236 112 1
236 120 1
236 121 1
236 123 1
236 142 1
236 143 1
236 144 1
236 145 1
236 152 1
236 153 1
236 154 1
236 164 1
236 165 1
236 176 1
236 215 1
236 217 1
236 218 1
236 235 1
237 5 1
237 6 1
237 7 1
237 14 1
237 15 1
237 17 1
237 28 1
237 29 1
237 30 1
237 35 1
237 36 1
237 37 1
237 49 1
237 50 1
237 52 1
237 54 1
237 55 1
237 68 1
237 72 1
237 73 1
237 74 1
237 75 1
237 85 1
237 89 1
237 90 1
237 98 1
237 99 1
237 107 1
237 108 1
237 109 1
237 112 1
237 121 1
237 122 1
237 123 1
237 142 1
237 143 1
237 144 1
237 145 1
237 152 1
237 153 1
237 164 1
237 176 1
237 186 1
237 201 1
237 215 1
237 216 1
237 217 1
237 218 1
237 223 1
237 235 1
237 236 1
238 5 1
238 6 1
238 7 1
238 14 1
238 15 1
238 16 1
238 28 1
238 29 1
238 30 1
238 35 1
238 49 1
238 50 1
238 52 1
238 53 1
238 55 1
238 68 1
238 73 1
238 89 1
238 90 1
238 98 1
238 107 1
238 108 1
238 109 1
238 121 1
238 122 1
238 123 1
238 142 1
238 143 1
238 144 1
238 145 1
238 146 1
238 151 1
238 153 1
238 176 1
238 186 1
238 189 1
238 201 1
238 216 1
238 217 1
238 218 1
238 223 1
238 236 1
238 237 1
239 6 1
239 30 1
239 35 1
239 51 1
239 52 1
239 68 1
239 69 1
239 72 1
239 73 1
239 76 1
239 78 1
239 87 1
239 88 1
239 89 1
239 92 1
239 97 1
239 107 1
239 108 1
239 109 1
239 111 1
239 123 1
239 142 1
239 143 1
239 145 1
239 146 1
239 155 1
239 187 1
239 189 1
239 196 1
239 197 1
239 200 1
239 201 1
239 218 1
239 222 1
239 238 1
240 6 1
240 15 1
240 30 1
240 31 1
240 32 1
240 35 1
240 40 1
240 51 1
240 52 1
240 53 1
240 68 1
240 69 1
240 72 1
240 73 1
240 76 1
240 78 1
240 87 1
240 88 1
240 89 1
240 92 1
240 97 1
240 107 1
240 108 1
240 109 1
240 111 1
240 123 1
240 128 1
240 142 1
240 143 1
240 146 1
240 155 1
240 160 1
240 161 1
240 175 1
240 187 1
240 189 1
240 196 1
240 197 1
240 200 1
240 201 1
240 205 1
240 216 1
240 218 1
240 219 1
240 222 1
240 238 1
240 239 1
241 17 1
241 33 1
241 34 1
241 37 1
241 56 1
241 58 1
241 70 1
241 71 1
241 72 1
241 73 1
241 74 1
241 75 1
241 88 1
241 89 1
241 92 1
241 99 1
241 110 1
241 111 1
241 112 1
241 125 1
241 126 1
241 128 1
241 147 1
241 148 1
241 149 1
241 150 1
241 153 1
241 154 1
241 159 1
241 160 1
241 164 1
241 167 1
241 175 1
241 177 1
241 178 1
241 181 1
241 199 1
241 200 1
241 204 1
241 205 1
241 220 1
241 221 1
241 225 1
242 6 1
242 15 1
242 16 1
242 17 1
242 36 1
242 37 1
242 49 1
242 50 1
242 52 1
242 54 1
242 55 1
242 89 1
242 90 1
242 98 1
242 121 1
242 122 1
242 125 1
242 143 1
242 151 1
242 152 1
242 153 1
242 176 1
242 186 1
242 216 1
242 223 1
242 237 1
242 238 1
243 5 1
243 6 1
243 17 1
243 35 1
243 36 1
243 37 1
243 54 1
243 55 1
243 56 1
243 68 1
243 70 1
243 71 1
243 72 1
243 73 1
243 74 1
243 75 1
243 76 1
243 85 1
243 88 1
243 89 1
243 98 1
243 99 1
243 107 1
243 108 1
243 111 1
243 112 1
243 120 1
243 121 1
243 125 1
243 126 1
243 142 1
243 143 1
243 148 1
243 149 1
243 152 1
243 153 1
243 154 1
243 164 1
243 165 1
243 176 1
243 177 1
243 178 1
243 179 1
243 201 1
243 215 1
243 220 1
243 235 1
243 236 1
243 237 1
243 241 1
244 3 1
244 4 1
244 8 1
244 22 1
244 23 1
244 57 1
244 61 1
244 80 1
244 117 1
244 118 1
244 119 1
244 127 1
244 133 1
244 134 1
244 135 1
244 136 1
244 156 1
244 157 1
244 166 1
244 168 1
244 180 1
244 182 1
244 192 1
244 193 1
244 198 1
244 202 1
244 203 1
244 211 1
244 212 1
244 224 1
244 232 1
245 3 1
245 21 1
245 22 1
245 24 1
245 25 1
245 31 1
245 38 1
245 39 1
245 43 1
245 57 1
245 60 1
245 61 1
245 62 1
245 63 1
245 64 1
245 77 1
245 81 1
245 82 1
245 91 1
245 93 1
245 97 1
245 104 1
245 105 1
245 127 1
245 132 1
245 135 1
245 136 1
245 156 1
245 157 1
245 158 1
245 161 1
245 169 1
245 180 1
245 188 1
245 190 1
245 191 1
245 192 1
245 194 1
245 198 1
245 202 1
245 203 1
245 205 1
245 210 1
245 212 1
245 213 1
245 219 1
245 224 1
245 231 1
246 3 1
246 8 1
246 9 1
246 32 1
246 33 1
246 58 1
246 70 1
246 86 1
246 124 1
246 126 1
246 128 1
246 147 1
246 148 1
246 149 1
246 150 1
246 159 1
246 160 1
246 167 1
246 174 1
246 181 1
246 185 1
246 192 1
246 198 1
246 199 1
246 204 1
246 205 1
246 220 1
246 221 1
246 225 1
247 8 1
247 21 1
247 31 1
247 32 1
247 34 1
247 35 1
247 38 1
247 40 1
247 51 1
247 58 1
247 69 1
247 70 1
247 71 1
247 72 1
247 73 1
247 78 1
247 87 1
247 88 1
247 92 1
247 93 1
247 97 1
247 110 1
247 111 1
247 128 1
247 146 1
247 149 1
247 150 1
247 158 1
247 159 1
247 160 1
247 161 1
247 175 1
247 181 1
247 189 1
247 192 1
247 196 1
247 197 1
247 198 1
247 200 1
247 203 1
247 204 1
247 205 1
247 210 1
247 219 1
247 221 1
247 222 1
247 225 1
247 240 1
247 245 1
248 1 1
248 11 1
248 12 1
248 18 1
248 20 1
248 25 1
248 26 1
248 41 1
248 42 1
248 44 1
248 45 1
248 47 1
248 59 1
248 63 1
248 64 1
248 82 1
248 83 1
248 84 1
248 94 1
248 101 1
248 102 1
248 103 1
248 114 1
248 115 1
248 116 1
248 129 1
248 130 1
248 131 1
248 132 1
248 137 1
248 139 1
248 162 1
248 170 1
248 183 1
248 188 1
248 190 1
248 195 1
248 207 1
248 209 1
248 214 1
248 227 1
248 228 1
248 229 1
248 230 1
248 231 1
248 233 1
249 1 1
249 10 1
249 11 1
249 12 1
249 18 1
249 26 1
249 41 1
249 42 1
249 44 1
249 45 1
249 46 1
249 47 1
249 59 1
249 83 1
249 84 1
249 94 1
249 101 1
249 114 1
249 115 1
249 129 1
249 130 1
249 131 1
249 137 1
249 139 1
249 170 1
249 183 1
249 195 1
249 207 1
249 214 1
249 228 1
249 229 1
249 233 1
249 248 1
250 0 1
250 1 1
250 2 1
250 10 1
250 18 1
250 19 1
250 20 1
250 41 1
250 42 1
250 59 1
250 101 1
250 114 1
250 129 1
250 130 1
250 131 1
250 206 1
250 208 1
250 209 1
250 226 1
250 227 1
250 228 1
250 229 1
250 249 1
251 0 1
251 1 1
251 2 1
251 10 1
251 18 1
251 19 1
251 20 1
251 59 1
251 67 1
251 79 1
251 101 1
251 102 1
251 103 1
251 113 1
251 114 1
251 116 1
251 129 1
251 130 1
251 131 1
251 141 1
251 163 1
251 184 1
251 206 1
251 208 1
251 209 1
251 226 1
251 227 1
251 228 1
251 229 1
251 230 1
251 234 1
251 248 1
251 250 1
252 1 1
252 2 1
252 10 1
252 18 1
252 19 1
252 20 1
252 59 1
252 67 1
252 101 1
252 102 1
252 103 1
252 113 1
252 114 1
252 116 1
252 129 1
252 130 1
252 131 1
252 132 1
252 141 1
252 184 1
252 208 1
252 209 1
252 227 1
252 228 1
252 229 1
252 230 1
252 231 1
252 248 1
252 250 1
252 251 1
253 0 1
253 1 1
253 2 1
253 10 1
253 11 1
253 18 1
253 19 1
253 20 1
253 25 1
253 43 1
253 59 1
253 63 1
253 64 1
253 67 1
253 82 1
253 83 1
253 101 1
253 102 1
253 103 1
253 105 1
253 113 1
253 114 1
253 115 1
253 116 1
253 129 1
253 130 1
253 131 1
253 132 1
253 141 1
253 162 1
253 163 1
253 170 1
253 184 1
253 188 1
253 195 1
253 207 1
253 208 1
253 209 1
253 226 1
253 227 1
253 228 1
253 229 1
253 230 1
253 231 1
253 234 1
253 248 1
253 249 1
253 250 1
253 251 1
253 252 1
254 3 1
254 8 1
254 21 1
254 22 1
254 31 1
254 38 1
254 39 1
254 40 1
254 43 1
254 58 1
254 60 1
254 77 1
254 78 1
254 81 1
254 82 1
254 91 1
254 92 1
254 93 1
254 97 1
254 127 1
254 128 1
254 156 1
254 157 1
254 158 1
254 159 1
254 160 1
254 161 1
254 180 1
254 181 1
254 188 1
254 190 1
254 191 1
254 192 1
254 198 1
254 202 1
254 203 1
254 204 1
254 205 1
254 210 1
254 219 1
254 224 1
254 225 1
254 245 1
254 247 1
255 24 1
255 38 1
255 48 1
255 57 1
255 61 1
255 62 1
255 63 1
255 65 1
255 66 1
255 81 1
255 82 1
255 91 1
255 96 1
255 104 1
255 105 1
255 119 1
255 127 1
255 134 1
255 135 1
255 136 1
255 140 1
255 156 1
255 157 1
255 166 1
255 169 1
255 171 1
255 172 1
255 180 1
255 194 1
255 202 1
255 203 1
255 211 1
255 212 1
255 213 1
255 224 1
255 232 1
256 24 1
256 38 1
256 39 1
256 48 1
256 61 1
256 62 1
256 63 1
256 65 1
256 66 1
256 67 1
256 77 1
256 81 1
256 82 1
256 91 1
256 96 1
256 104 1
256 105 1
256 127 1
256 135 1
256 136 1
256 140 1
256 157 1
256 158 1
256 163 1
256 169 1
256 171 1
256 172 1
256 173 1
256 194 1
256 202 1
256 203 1
256 212 1
256 213 1
256 224 1
256 232 1
256 245 1
256 255 1
257 20 1
257 21 1
257 25 1
257 38 1
257 39 1
257 43 1
257 59 1
257 60 1
257 61 1
257 62 1
257 63 1
257 64 1
257 65 1
257 66 1
257 67 1
257 77 1
257 81 1
257 82 1
257 83 1
257 91 1
257 93 1
257 96 1
257 101 1
257 102 1
257 103 1
257 104 1
257 105 1
257 116 1
257 127 1
257 129 1
257 130 1
257 132 1
257 135 1
257 136 1
257 140 1
257 141 1
257 156 1
257 157 1
257 158 1
257 162 1
257 163 1
257 169 1
257 171 1
257 172 1
257 173 1
257 184 1
257 188 1
257 190 1
257 191 1
257 194 1
257 195 1
257 202 1
257 203 1
257 209 1
257 212 1
257 213 1
257 224 1
257 230 1
257 231 1
257 232 1
257 234 1
257 245 1
257 248 1
257 253 1
257 256 1
258 3 1
258 4 1
258 11 1
258 13 1
258 21 1
258 22 1
258 23 1
258 25 1
258 26 1
258 27 1
258 43 1
258 44 1
258 45 1
258 57 1
258 59 1
258 60 1
258 61 1
258 62 1
258 63 1
258 64 1
258 65 1
258 66 1
258 77 1
258 80 1
258 81 1
258 82 1
258 83 1
258 91 1
258 93 1
258 94 1
258 101 1
258 102 1
258 103 1
258 105 1
258 114 1
258 117 1
258 118 1
258 119 1
258 127 1
258 130 1
258 132 1
258 133 1
258 134 1
258 135 1
258 136 1
258 137 1
258 138 1
258 139 1
258 156 1
258 157 1
258 162 1
258 166 1
258 168 1
258 170 1
258 180 1
258 182 1
258 188 1
258 190 1
258 191 1
258 193 1
258 194 1
258 195 1
258 202 1
258 203 1
258 207 1
258 211 1
258 212 1
258 213 1
258 224 1
258 228 1
258 229 1
258 230 1
258 231 1
258 232 1
258 234 1
258 244 1
258 245 1
258 248 1
258 253 1
258 257 1
259 1 1
259 4 1
259 11 1
259 12 1
259 13 1
259 22 1
259 23 1
259 25 1
259 26 1
259 27 1
259 44 1
259 45 1
259 46 1
259 47 1
259 59 1
259 61 1
259 63 1
259 64 1
259 80 1
259 82 1
259 83 1
259 84 1
259 94 1
259 101 1
259 103 1
259 114 1
259 115 1
259 117 1
259 118 1
259 130 1
259 133 1
259 134 1
259 135 1
259 137 1
259 138 1
259 139 1
259 156 1
259 157 1
259 162 1
259 166 1
259 168 1
259 170 1
259 182 1
259 183 1
259 188 1
259 190 1
259 193 1
259 195 1
259 207 1
259 211 1
259 214 1
259 228 1
259 229 1
259 231 1
259 233 1
259 234 1
259 248 1
259 249 1
259 257 1
259 258 1
260 4 1
260 11 1
260 12 1
260 22 1
260 23 1
260 25 1
260 26 1
260 44 1
260 45 1
260 46 1
260 47 1
260 64 1
260 80 1
260 83 1
260 84 1
260 94 1
260 114 1
260 115 1
260 117 1
260 118 1
260 130 1
260 133 1
260 134 1
260 137 1
260 138 1
260 139 1
260 168 1
260 170 1
260 182 1
260 183 1
260 193 1
260 195 1
260 207 1
260 214 1
260 233 1
260 248 1
260 249 1
260 258 1
260 259 1
261 6 1
261 15 1
261 16 1
261 29 1
261 30 1
261 35 1
261 36 1
261 49 1
261 50 1
261 52 1
261 53 1
261 55 1
261 68 1
261 72 1
261 73 1
261 89 1
261 90 1
261 98 1
261 107 1
261 108 1
261 109 1
261 121 1
261 122 1
261 123 1
261 142 1
261 143 1
261 144 1
261 145 1
261 146 1
261 151 1
261 153 1
261 164 1
261 176 1
261 186 1
261 189 1
261 196 1
261 201 1
261 216 1
261 218 1
261 223 1
261 236 1
261 237 1
261 238 1
261 239 1
261 240 1
261 242 1
262 6 1
262 15 1
262 16 1
262 28 1
262 29 1
262 36 1
262 49 1
262 50 1
262 52 1
262 53 1
262 54 1
262 55 1
262 68 1
262 89 1
262 90 1
262 98 1
262 107 1
262 121 1
262 122 1
262 142 1
262 143 1
262 144 1
262 145 1
262 151 1
262 153 1
262 176 1
262 186 1
262 201 1
262 216 1
262 217 1
262 218 1
262 223 1
262 236 1
262 237 1
262 238 1
262 242 1
262 261 1
263 5 1
263 6 1
263 7 1
263 14 1
263 28 1
263 29 1
263 30 1
263 49 1
263 50 1
263 68 1
263 85 1
263 107 1
263 120 1
263 121 1
263 142 1
263 143 1
263 144 1
263 145 1
263 215 1
263 217 1
263 235 1
263 236 1
263 237 1
263 238 1
264 5 1
264 6 1
264 7 1
264 14 1
264 28 1
264 29 1
264 30 1
264 50 1
264 68 1
264 76 1
264 85 1
264 107 1
264 108 1
264 109 1
264 120 1
264 121 1
264 123 1
264 142 1
264 143 1
264 144 1
264 145 1
264 155 1
264 165 1
264 187 1
264 215 1
264 217 1
264 218 1
264 235 1
264 236 1
264 237 1
264 238 1
264 239 1
264 243 1
264 261 1
264 263 1
265 5 1
265 6 1
265 7 1
265 14 1
265 28 1
265 29 1
265 30 1
265 68 1
265 76 1
265 107 1
265 108 1
265 109 1
265 120 1
265 121 1
265 123 1
265 142 1
265 143 1
265 144 1
265 145 1
265 146 1
265 155 1
265 187 1
265 217 1
265 218 1
265 236 1
265 237 1
265 238 1
265 239 1
265 240 1
265 261 1
265 263 1
265 264 1
266 5 1
266 6 1
266 7 1
266 14 1
266 15 1
266 28 1
266 29 1
266 30 1
266 35 1
266 49 1
266 50 1
266 51 1
266 68 1
266 72 1
266 73 1
266 76 1
266 88 1
266 89 1
266 107 1
266 108 1
266 109 1
266 111 1
266 120 1
266 121 1
266 122 1
266 123 1
266 142 1
266 143 1
266 144 1
266 145 1
266 146 1
266 155 1
266 164 1
266 165 1
266 176 1
266 187 1
266 189 1
266 201 1
266 216 1
266 217 1
266 218 1
266 235 1
266 236 1
266 237 1
266 238 1
266 239 1
266 240 1
266 243 1
266 261 1
266 262 1
266 263 1
266 264 1
266 265 1
267 3 1
267 8 1
267 21 1
267 31 1
267 32 1
267 38 1
267 40 1
267 51 1
267 57 1
267 69 1
267 77 1
267 78 1
267 87 1
267 88 1
267 91 1
267 92 1
267 93 1
267 97 1
267 127 1
267 128 1
267 136 1
267 156 1
267 157 1
267 158 1
267 159 1
267 160 1
267 161 1
267 180 1
267 181 1
267 189 1
267 192 1
267 194 1
267 196 1
267 197 1
267 198 1
267 202 1
267 203 1
267 204 1
267 205 1
267 210 1
267 219 1
267 224 1
267 225 1
267 245 1
267 247 1
267 254 1
268 34 1
268 40 1
268 56 1
268 58 1
268 70 1
268 71 1
268 72 1
268 74 1
268 75 1
268 87 1
268 88 1
268 92 1
268 100 1
268 110 1
268 111 1
268 126 1
268 128 1
268 148 1
268 149 1
268 150 1
268 154 1
268 159 1
268 160 1
268 167 1
268 175 1
268 177 1
268 178 1
268 181 1
268 200 1
268 204 1
268 205 1
268 220 1
268 221 1
268 222 1
268 225 1
268 241 1
269 34 1
269 40 1
269 56 1
269 70 1
269 71 1
269 72 1
269 74 1
269 75 1
269 76 1
269 78 1
269 87 1
269 88 1
269 92 1
269 100 1
269 110 1
269 111 1
269 128 1
269 149 1
269 150 1
269 154 1
269 160 1
269 161 1
269 165 1
269 175 1
269 177 1
269 178 1
269 179 1
269 200 1
269 204 1
269 205 1
269 221 1
269 222 1
269 225 1
269 241 1
269 247 1
269 268 1
270 30 1
270 31 1
270 35 1
270 40 1
270 51 1
270 68 1
270 69 1
270 70 1
270 71 1
270 72 1
270 73 1
270 74 1
270 75 1
270 76 1
270 78 1
270 87 1
270 88 1
270 89 1
270 92 1
270 97 1
270 100 1
270 107 1
270 108 1
270 109 1
270 110 1
270 111 1
270 112 1
270 123 1
270 128 1
270 142 1
270 143 1
270 146 1
270 149 1
270 150 1
270 154 1
270 155 1
270 159 1
270 160 1
270 161 1
270 164 1
270 165 1
270 175 1
270 177 1
270 178 1
270 179 1
270 187 1
270 189 1
270 196 1
270 197 1
270 200 1
270 201 1
270 204 1
270 205 1
270 218 1
270 221 1
270 222 1
270 225 1
270 239 1
270 240 1
270 241 1
270 243 1
270 247 1
270 261 1
270 266 1
270 269 1
271 8 1
271 9 1
271 15 1
271 17 1
271 31 1
271 32 1
271 33 1
271 35 1
271 36 1
271 37 1
271 51 1
271 52 1
271 53 1
271 58 1
271 68 1
271 69 1
271 70 1
271 71 1
271 72 1
271 73 1
271 74 1
271 75 1
271 78 1
271 86 1
271 87 1
271 88 1
271 89 1
271 92 1
271 97 1
271 98 1
271 107 1
271 108 1
271 109 1
271 111 1
271 121 1
271 124 1
271 125 1
271 126 1
271 128 1
271 143 1
271 146 1
271 147 1
271 148 1
271 149 1
271 150 1
271 151 1
271 152 1
271 153 1
271 159 1
271 160 1
271 164 1
271 167 1
271 174 1
271 176 1
271 181 1
271 185 1
271 189 1
271 196 1
271 197 1
271 199 1
271 200 1
271 201 1
271 204 1
271 205 1
271 216 1
271 220 1
271 221 1
271 222 1
271 225 1
271 237 1
271 238 1
271 239 1
271 240 1
271 241 1
271 243 1
271 246 1
271 247 1
271 261 1
271 266 1
271 270 1
272 6 1
272 9 1
272 15 1
272 16 1
272 17 1
272 32 1
272 33 1
272 35 1
272 36 1
272 37 1
272 52 1
272 53 1
272 54 1
272 55 1
272 68 1
272 70 1
272 72 1
272 73 1
272 86 1
272 88 1
272 89 1
272 90 1
272 98 1
272 107 1
272 109 1
272 121 1
272 122 1
272 124 1
272 125 1
272 143 1
272 147 1
272 148 1
272 149 1
272 151 1
272 152 1
272 153 1
272 159 1
272 164 1
272 167 1
272 174 1
272 176 1
272 185 1
272 186 1
272 189 1
272 196 1
272 199 1
272 201 1
272 216 1
272 220 1
272 223 1
272 237 1
272 238 1
272 240 1
272 242 1
272 243 1
272 261 1
272 262 1
272 270 1
272 271 1
273 9 1
273 15 1
273 16 1
273 32 1
273 33 1
273 35 1
273 36 1
273 52 1
273 53 1
273 54 1
273 55 1
273 73 1
273 86 1
273 89 1
273 90 1
273 98 1
273 121 1
273 122 1
273 124 1
273 125 1
273 143 1
273 147 1
273 148 1
273 151 1
273 152 1
273 153 1
273 174 1
273 176 1
273 185 1
273 186 1
273 199 1
273 201 1
273 216 1
273 223 1
273 242 1
273 261 1
273 262 1
273 271 1
273 272 1
274 3 1
274 8 1
274 21 1
274 22 1
274 24 1
274 25 1
274 31 1
274 38 1
274 39 1
274 43 1
274 57 1
274 60 1
274 61 1
274 62 1
274 63 1
274 77 1
274 78 1
274 81 1
274 82 1
274 91 1
274 93 1
274 97 1
274 104 1
274 105 1
274 127 1
274 135 1
274 136 1
274 156 1
274 157 1
274 158 1
274 161 1
274 166 1
274 169 1
274 180 1
274 190 1
274 191 1
274 192 1
274 194 1
274 197 1
274 198 1
274 202 1
274 203 1
274 205 1
274 210 1
274 212 1
274 213 1
274 219 1
274 224 1
274 231 1
274 245 1
274 247 1
274 254 1
274 255 1
274 256 1
274 257 1
274 258 1
274 267 1
275 3 1
275 8 1
275 21 1
275 31 1
275 32 1
275 34 1
275 35 1
275 40 1
275 51 1
275 58 1
275 69 1
275 70 1
275 71 1
275 72 1
275 77 1
275 78 1
275 87 1
275 88 1
275 92 1
275 93 1
275 97 1
275 110 1
275 111 1
275 128 1
275 149 1
275 150 1
275 158 1
275 159 1
275 160 1
275 161 1
275 167 1
275 175 1
275 181 1
275 191 1
275 192 1
275 196 1
275 197 1
275 198 1
275 200 1
275 203 1
275 204 1
275 205 1
275 210 1
275 219 1
275 221 1
275 222 1
275 225 1
275 240 1
275 245 1
275 247 1
275 254 1
275 267 1
275 268 1
275 269 1
275 270 1
275 271 1
275 274 1
276 0 1
276 1 1
276 2 1
276 13 1
276 19 1
276 20 1
276 27 1
276 48 1
276 59 1
276 63 1
276 64 1
276 65 1
276 66 1
276 67 1
276 79 1
276 83 1
276 95 1
276 96 1
276 101 1
276 102 1
276 103 1
276 105 1
276 106 1
276 113 1
276 114 1
276 116 1
276 129 1
276 130 1
276 131 1
276 139 1
276 140 1
276 141 1
276 162 1
276 163 1
276 170 1
276 171 1
276 172 1
276 173 1
276 184 1
276 206 1
276 208 1
276 209 1
276 226 1
276 227 1
276 228 1
276 229 1
276 234 1
276 250 1
276 251 1
276 252 1
276 253 1
276 257 1
277 4 1
277 11 1
277 12 1
277 13 1
277 22 1
277 23 1
277 25 1
277 26 1
277 27 1
277 44 1
277 45 1
277 46 1
277 47 1
277 57 1
277 61 1
277 63 1
277 64 1
277 65 1
277 80 1
277 83 1
277 94 1
277 117 1
277 118 1
277 119 1
277 133 1
277 134 1
277 135 1
277 136 1
277 137 1
277 138 1
277 139 1
277 156 1
277 162 1
277 166 1
277 168 1
277 170 1
277 180 1
277 182 1
277 193 1
277 195 1
277 211 1
277 212 1
277 224 1
277 232 1
277 244 1
277 258 1
277 259 1
277 260 1
278 1 1
278 11 1
278 12 1
278 18 1
278 26 1
278 27 1
278 41 1
278 42 1
278 44 1
278 45 1
278 46 1
278 47 1
278 59 1
278 83 1
278 84 1
278 94 1
278 101 1
278 114 1
278 115 1
278 130 1
278 137 1
278 138 1
278 139 1
278 170 1
278 183 1
278 195 1
278 207 1
278 214 1
278 228 1
278 229 1
278 233 1
278 248 1
278 249 1
278 259 1
278 260 1
279 5 1
279 6 1
279 7 1
279 17 1
279 28 1
279 29 1
279 30 1
279 37 1
279 56 1
279 68 1
279 72 1
279 73 1
279 74 1
279 75 1
279 76 1
279 85 1
279 89 1
279 99 1
279 100 1
279 107 1
279 108 1
279 109 1
279 111 1
279 112 1
279 120 1
279 121 1
279 123 1
279 142 1
279 143 1
279 145 1
279 153 1
279 154 1
279 155 1
279 164 1
279 165 1
279 176 1
279 177 1
279 178 1
279 179 1
279 187 1
279 215 1
279 217 1
279 218 1
279 235 1
279 236 1
279 237 1
279 243 1
279 263 1
279 264 1
279 265 1
279 266 1
279 270 1
280 9 1
280 15 1
280 16 1
280 17 1
280 32 1
280 33 1
280 35 1
280 36 1
280 37 1
280 52 1
280 53 1
280 54 1
280 55 1
280 58 1
280 70 1
280 72 1
280 73 1
280 74 1
280 86 1
280 89 1
280 98 1
280 124 1
280 125 1
280 126 1
280 147 1
280 148 1
280 149 1
280 150 1
280 151 1
280 152 1
280 153 1
280 159 1
280 164 1
280 167 1
280 174 1
280 176 1
280 181 1
280 185 1
280 199 1
280 201 1
280 220 1
280 221 1
280 225 1
280 241 1
280 246 1
280 271 1
280 272 1
280 273 1
281 6 1
281 15 1
281 16 1
281 28 1
281 36 1
281 37 1
281 49 1
281 50 1
281 52 1
281 53 1
281 54 1
281 55 1
281 68 1
281 89 1
281 90 1
281 98 1
281 107 1
281 121 1
281 122 1
281 143 1
281 144 1
281 151 1
281 152 1
281 153 1
281 176 1
281 186 1
281 201 1
281 216 1
281 223 1
281 236 1
281 237 1
281 238 1
281 242 1
281 261 1
281 262 1
281 272 1
281 273 1
282 0 1
282 1 1
282 2 1
282 10 1
282 18 1
282 19 1
282 20 1
282 27 1
282 48 1
282 59 1
282 65 1
282 66 1
282 67 1
282 79 1
282 95 1
282 101 1
282 102 1
282 106 1
282 113 1
282 129 1
282 130 1
282 131 1
282 140 1
282 141 1
282 162 1
282 163 1
282 170 1
282 172 1
282 173 1
282 184 1
282 206 1
282 208 1
282 226 1
282 227 1
282 228 1
282 234 1
282 250 1
282 251 1
282 252 1
282 253 1
282 276 1
283 3 1
283 4 1
283 21 1
283 22 1
283 25 1
283 38 1
283 39 1
283 43 1
283 60 1
283 63 1
283 64 1
283 77 1
283 80 1
283 81 1
283 82 1
283 83 1
283 91 1
283 93 1
283 105 1
283 127 1
283 128 1
283 132 1
283 136 1
283 156 1
283 157 1
283 158 1
283 161 1
283 180 1
283 181 1
283 182 1
283 188 1
283 190 1
283 191 1
283 192 1
283 194 1
283 195 1
283 202 1
283 203 1
283 204 1
283 205 1
283 210 1
283 219 1
283 224 1
283 230 1
283 231 1
283 245 1
283 247 1
283 254 1
283 257 1
283 258 1
283 267 1
283 274 1
283 275 1
284 3 1
284 4 1
284 8 1
284 21 1
284 22 1
284 31 1
284 32 1
284 38 1
284 40 1
284 43 1
284 57 1
284 58 1
284 60 1
284 77 1
284 80 1
284 82 1
284 91 1
284 92 1
284 93 1
284 97 1
284 127 1
284 128 1
284 156 1
284 157 1
284 158 1
284 159 1
284 160 1
284 161 1
284 166 1
284 167 1
284 180 1
284 181 1
284 182 1
284 190 1
284 191 1
284 192 1
284 198 1
284 202 1
284 203 1
284 204 1
284 205 1
284 210 1
284 219 1
284 224 1
284 225 1
284 244 1
284 245 1
284 246 1
284 247 1
284 254 1
284 267 1
284 274 1
284 275 1
284 283 1
285 3 1
285 4 1
285 11 1
285 21 1
285 22 1
285 23 1
285 25 1
285 44 1
285 45 1
285 57 1
285 60 1
285 61 1
285 63 1
285 64 1
285 80 1
285 82 1
285 83 1
285 91 1
285 93 1
285 117 1
285 118 1
285 119 1
285 127 1
285 133 1
285 134 1
285 135 1
285 136 1
285 137 1
285 156 1
285 157 1
285 166 1
285 168 1
285 180 1
285 182 1
285 188 1
285 190 1
285 191 1
285 192 1
285 194 1
285 195 1
285 202 1
285 203 1
285 210 1
285 224 1
285 231 1
285 244 1
285 245 1
285 254 1
285 257 1
285 258 1
285 259 1
285 260 1
285 274 1
285 277 1
285 283 1
285 284 1
286 3 1
286 4 1
286 11 1
286 12 1
286 13 1
286 21 1
286 22 1
286 25 1
286 26 1
286 43 1
286 44 1
286 45 1
286 59 1
286 60 1
286 61 1
286 63 1
286 64 1
286 80 1
286 82 1
286 83 1
286 84 1
286 93 1
286 94 1
286 101 1
286 102 1
286 103 1
286 105 1
286 114 1
286 115 1
286 117 1
286 118 1
286 130 1
286 132 1
286 133 1
286 134 1
286 135 1
286 137 1
286 138 1
286 139 1
286 156 1
286 157 1
286 162 1
286 166 1
286 168 1
286 170 1
286 182 1
286 183 1
286 188 1
286 190 1
286 191 1
286 194 1
286 195 1
286 207 1
286 224 1
286 228 1
286 229 1
286 230 1
286 231 1
286 248 1
286 257 1
286 258 1
286 259 1
286 260 1
286 277 1
286 278 1
286 283 1
286 285 1
287 5 1
287 6 1
287 7 1
287 14 1
287 28 1
287 29 1
287 30 1
287 37 1
287 56 1
287 68 1
287 74 1
287 75 1
287 76 1
287 85 1
287 99 1
287 107 1
287 108 1
287 112 1
287 120 1
287 142 1
287 143 1
287 144 1
287 145 1
287 154 1
287 155 1
287 164 1
287 165 1
287 176 1
287 178 1
287 179 1
287 187 1
287 215 1
287 217 1
287 235 1
287 236 1
287 237 1
287 243 1
287 263 1
287 264 1
287 265 1
287 266 1
287 279 1
288 8 1
288 9 1
288 31 1
288 32 1
288 35 1
288 38 1
288 40 1
288 51 1
288 69 1
288 72 1
288 73 1
288 78 1
288 86 1
288 87 1
288 88 1
288 89 1
288 92 1
288 97 1
288 111 1
288 127 1
288 128 1
288 146 1
288 150 1
288 158 1
288 159 1
288 160 1
288 161 1
288 180 1
288 181 1
288 185 1
288 189 1
288 192 1
288 196 1
288 197 1
288 198 1
288 200 1
288 201 1
288 202 1
288 203 1
288 204 1
288 205 1
288 210 1
288 219 1
288 225 1
288 239 1
288 240 1
288 245 1
288 247 1
288 254 1
288 267 1
288 270 1
288 271 1
288 274 1
288 275 1
288 284 1
289 3 1
289 8 1
289 9 1
289 21 1
289 22 1
289 31 1
289 32 1
289 38 1
289 40 1
289 51 1
289 57 1
289 58 1
289 69 1
289 78 1
289 86 1
289 88 1
289 91 1
289 92 1
289 93 1
289 97 1
289 127 1
289 128 1
289 156 1
289 157 1
289 158 1
289 159 1
289 160 1
289 161 1
289 166 1
289 167 1
289 180 1
289 181 1
289 185 1
289 192 1
289 196 1
289 197 1
289 198 1
289 202 1
289 203 1
289 204 1
289 205 1
289 210 1
289 219 1
289 224 1
289 225 1
289 244 1
289 245 1
289 246 1
289 247 1
289 254 1
289 267 1
289 274 1
289 275 1
289 283 1
289 284 1
289 288 1
290 8 1
290 9 1
290 15 1
290 31 1
290 32 1
290 33 1
290 35 1
290 52 1
290 53 1
290 58 1
290 69 1
290 70 1
290 72 1
290 73 1
290 86 1
290 88 1
290 89 1
290 92 1
290 97 1
290 124 1
290 125 1
290 126 1
290 128 1
290 147 1
290 148 1
290 149 1
290 150 1
290 151 1
290 159 1
290 160 1
290 167 1
290 174 1
290 181 1
290 185 1
290 189 1
290 196 1
290 197 1
290 198 1
290 200 1
290 201 1
290 204 1
290 205 1
290 219 1
290 225 1
290 240 1
290 246 1
290 247 1
290 267 1
290 270 1
290 271 1
290 272 1
290 273 1
290 275 1
290 280 1
290 288 1
290 289 1
291 8 1
291 9 1
291 15 1
291 16 1
291 17 1
291 31 1
291 32 1
291 33 1
291 35 1
291 36 1
291 51 1
291 52 1
291 53 1
291 68 1
291 69 1
291 70 1
291 72 1
291 73 1
291 86 1
291 88 1
291 89 1
291 97 1
291 98 1
291 107 1
291 108 1
291 109 1
291 111 1
291 121 1
291 122 1
291 124 1
291 125 1
291 143 1
291 146 1
291 147 1
291 148 1
291 149 1
291 151 1
291 152 1
291 153 1
291 159 1
291 160 1
291 164 1
291 167 1
291 174 1
291 176 1
291 185 1
291 186 1
291 189 1
291 196 1
291 197 1
291 200 1
291 201 1
291 205 1
291 216 1
291 225 1
291 237 1
291 238 1
291 239 1
291 240 1
291 261 1
291 270 1
291 271 1
291 272 1
291 273 1
291 280 1
291 288 1
291 290 1
