# minsup
1
# graph
G_./3DVU.pdb
# node ID, label
0 A
1 A
2 A
3 A
4 A
5 C
6 C
7 C
8 C
9 C
10 C
11 D
12 D
13 D
14 D
15 D
16 D
17 D
18 D
19 D
20 E
21 E
22 E
23 E
24 E
25 F
26 F
27 F
28 F
29 F
30 F
31 F
32 F
33 F
34 F
35 F
36 F
37 F
38 F
39 F
40 G
41 G
42 G
43 G
44 G
45 G
46 G
47 G
48 G
49 G
50 G
51 G
52 G
53 G
54 H
55 H
56 I
57 I
58 I
59 I
60 I
61 I
62 I
63 I
64 I
65 I
66 I
67 K
68 K
69 K
70 K
71 K
72 K
73 L
74 L
75 L
76 L
77 L
78 L
79 L
80 L
81 L
82 L
83 L
84 L
85 L
86 L
87 L
88 L
89 L
90 L
91 L
92 L
93 L
94 L
95 L
96 M
97 M
98 M
99 N
100 N
101 N
102 N
103 N
104 N
105 P
106 P
107 Q
108 Q
109 Q
110 R
111 R
112 R
113 R
114 R
115 R
116 R
117 R
118 R
119 S
120 S
121 S
122 S
123 S
124 S
125 S
126 S
127 S
128 S
129 S
130 S
131 S
132 T
133 T
134 T
135 T
136 T
137 T
138 T
139 T
140 T
141 T
142 T
143 T
144 T
145 T
146 T
147 T
148 V
149 V
150 V
151 V
152 V
153 V
154 V
155 V
156 V
157 V
158 V
159 V
160 V
161 V
162 V
163 V
164 V
165 V
166 V
167 W
168 W
169 Y
170 Y
171 Y
172 Y
173 Y
174 Y
# node ID1, node ID2, number of bounds
1 0 1
2 0 1
2 1 1
4 3 1
5 0 1
5 1 1
5 2 1
6 1 1
7 0 1
7 1 1
7 6 1
8 3 1
8 4 1
9 4 1
10 3 1
10 4 1
10 9 1
11 0 1
11 1 1
11 2 1
11 5 1
12 0 1
12 1 1
12 2 1
14 1 1
14 6 1
14 7 1
14 12 1
14 13 1
15 3 1
15 4 1
15 8 1
16 4 1
16 9 1
16 10 1
16 15 1
17 13 1
17 14 1
19 16 1
20 1 1
20 5 1
20 6 1
20 11 1
21 1 1
21 5 1
21 6 1
21 11 1
21 20 1
22 13 1
22 14 1
22 17 1
23 16 1
23 19 1
24 3 1
24 4 1
24 15 1
24 16 1
24 23 1
25 0 1
25 1 1
25 2 1
25 5 1
25 6 1
25 7 1
25 11 1
25 12 1
25 14 1
25 20 1
25 21 1
26 13 1
26 14 1
26 17 1
26 22 1
27 7 1
27 14 1
28 0 1
28 6 1
28 7 1
28 14 1
28 17 1
28 22 1
28 25 1
28 26 1
28 27 1
29 0 1
29 1 1
29 6 1
29 7 1
29 12 1
29 14 1
29 17 1
29 22 1
29 25 1
29 26 1
29 27 1
29 28 1
30 0 1
30 7 1
30 14 1
30 27 1
30 28 1
30 29 1
31 0 1
31 1 1
31 7 1
31 12 1
31 14 1
31 25 1
31 27 1
31 28 1
31 29 1
31 30 1
32 3 1
32 4 1
32 8 1
32 9 1
32 10 1
32 15 1
32 16 1
32 24 1
33 16 1
33 19 1
33 23 1
33 24 1
34 10 1
34 16 1
35 10 1
35 16 1
35 19 1
35 34 1
36 3 1
36 9 1
36 10 1
36 16 1
36 19 1
36 23 1
36 24 1
36 32 1
36 33 1
36 34 1
36 35 1
37 3 1
37 4 1
37 9 1
37 10 1
37 15 1
37 16 1
37 23 1
37 24 1
37 32 1
37 33 1
37 34 1
37 35 1
37 36 1
38 3 1
38 10 1
38 16 1
38 34 1
38 35 1
38 36 1
38 37 1
39 3 1
39 4 1
39 10 1
39 15 1
39 16 1
39 24 1
39 32 1
39 34 1
39 35 1
39 36 1
39 37 1
39 38 1
40 14 1
40 17 1
40 22 1
40 26 1
40 27 1
40 28 1
40 29 1
40 31 1
41 6 1
41 13 1
41 14 1
41 17 1
41 22 1
41 25 1
41 26 1
41 27 1
41 28 1
41 29 1
41 30 1
41 31 1
41 40 1
42 0 1
42 1 1
42 6 1
42 7 1
42 14 1
42 22 1
42 25 1
42 26 1
42 27 1
42 28 1
42 29 1
42 30 1
42 31 1
42 40 1
42 41 1
43 16 1
43 19 1
43 23 1
43 24 1
43 33 1
43 34 1
43 35 1
43 36 1
43 37 1
43 39 1
44 9 1
44 16 1
44 19 1
44 23 1
44 24 1
44 32 1
44 33 1
44 34 1
44 35 1
44 36 1
44 37 1
44 38 1
44 39 1
44 43 1
45 3 1
45 4 1
45 9 1
45 10 1
45 16 1
45 23 1
45 32 1
45 33 1
45 34 1
45 36 1
45 37 1
45 38 1
45 39 1
45 43 1
45 44 1
46 27 1
47 27 1
47 46 1
48 13 1
48 14 1
48 17 1
48 22 1
48 26 1
48 27 1
48 28 1
48 29 1
48 40 1
48 41 1
48 42 1
49 17 1
49 22 1
49 26 1
49 40 1
49 48 1
50 18 1
51 18 1
51 34 1
51 50 1
52 16 1
52 19 1
52 23 1
52 33 1
52 34 1
52 35 1
52 36 1
52 37 1
52 43 1
52 44 1
52 45 1
53 19 1
53 23 1
53 33 1
53 43 1
53 46 1
53 47 1
53 52 1
54 13 1
54 14 1
54 17 1
54 22 1
54 26 1
54 28 1
54 29 1
54 40 1
54 41 1
54 48 1
54 49 1
55 16 1
55 19 1
55 23 1
55 33 1
55 36 1
55 37 1
55 43 1
55 44 1
55 52 1
55 53 1
56 0 1
56 1 1
56 2 1
56 5 1
56 6 1
56 7 1
56 11 1
56 12 1
56 14 1
56 25 1
56 28 1
56 29 1
56 30 1
56 31 1
56 41 1
56 42 1
57 0 1
57 1 1
57 2 1
57 6 1
57 12 1
57 14 1
57 22 1
57 25 1
57 26 1
57 28 1
57 29 1
57 31 1
57 40 1
57 41 1
57 42 1
57 48 1
57 56 1
58 1 1
58 2 1
58 6 1
58 12 1
58 14 1
58 22 1
58 25 1
58 26 1
58 28 1
58 29 1
58 40 1
58 41 1
58 42 1
58 54 1
58 56 1
58 57 1
59 7 1
59 12 1
59 14 1
59 17 1
59 22 1
59 25 1
59 26 1
59 27 1
59 28 1
59 29 1
59 30 1
59 31 1
59 40 1
59 41 1
59 42 1
59 48 1
59 49 1
59 54 1
59 56 1
59 57 1
59 58 1
60 0 1
60 7 1
60 27 1
60 28 1
60 29 1
60 30 1
60 31 1
60 56 1
60 59 1
61 3 1
61 4 1
61 8 1
61 9 1
61 10 1
61 15 1
61 16 1
61 24 1
61 32 1
61 36 1
61 37 1
61 38 1
61 39 1
61 44 1
61 45 1
62 3 1
62 4 1
62 9 1
62 15 1
62 16 1
62 23 1
62 24 1
62 32 1
62 33 1
62 36 1
62 37 1
62 39 1
62 43 1
62 44 1
62 45 1
62 52 1
62 61 1
63 4 1
63 9 1
63 15 1
63 16 1
63 23 1
63 24 1
63 32 1
63 33 1
63 36 1
63 37 1
63 43 1
63 44 1
63 45 1
63 55 1
63 61 1
63 62 1
64 10 1
64 15 1
64 16 1
64 19 1
64 23 1
64 24 1
64 32 1
64 33 1
64 34 1
64 35 1
64 36 1
64 37 1
64 38 1
64 39 1
64 43 1
64 44 1
64 45 1
64 52 1
64 55 1
64 61 1
64 62 1
64 63 1
65 3 1
65 10 1
65 34 1
65 35 1
65 36 1
65 37 1
65 38 1
65 39 1
65 61 1
65 64 1
66 17 1
66 22 1
66 26 1
66 40 1
66 41 1
66 48 1
66 49 1
66 54 1
66 59 1
67 0 1
67 1 1
67 5 1
67 6 1
67 7 1
67 11 1
67 12 1
67 14 1
67 20 1
67 21 1
67 25 1
67 29 1
67 42 1
67 56 1
67 57 1
67 58 1
68 1 1
68 2 1
68 12 1
68 14 1
68 22 1
68 25 1
68 26 1
68 28 1
68 29 1
68 40 1
68 41 1
68 56 1
68 57 1
68 58 1
68 59 1
69 3 1
69 4 1
69 8 1
69 9 1
69 10 1
69 15 1
69 16 1
69 32 1
69 37 1
69 45 1
69 61 1
69 62 1
69 63 1
70 4 1
70 15 1
70 16 1
70 23 1
70 24 1
70 32 1
70 33 1
70 36 1
70 37 1
70 43 1
70 44 1
70 61 1
70 62 1
70 63 1
70 64 1
71 13 1
71 14 1
71 17 1
71 26 1
71 27 1
71 28 1
71 29 1
71 40 1
71 41 1
71 48 1
71 54 1
71 59 1
71 66 1
72 16 1
72 19 1
72 33 1
72 34 1
72 35 1
72 36 1
72 37 1
72 43 1
72 44 1
72 51 1
72 52 1
72 55 1
72 64 1
73 0 1
73 1 1
73 2 1
73 5 1
73 7 1
73 11 1
73 12 1
73 14 1
73 25 1
73 28 1
73 29 1
73 30 1
73 31 1
73 42 1
73 56 1
73 57 1
73 58 1
73 59 1
73 60 1
73 67 1
73 68 1
74 0 1
74 1 1
74 5 1
74 6 1
74 7 1
74 11 1
74 12 1
74 14 1
74 20 1
74 21 1
74 25 1
74 28 1
74 29 1
74 30 1
74 31 1
74 41 1
74 42 1
74 56 1
74 57 1
74 58 1
74 59 1
74 67 1
74 68 1
74 73 1
75 1 1
75 5 1
75 11 1
75 20 1
75 21 1
75 25 1
75 56 1
75 67 1
75 73 1
75 74 1
76 0 1
76 1 1
76 2 1
76 5 1
76 11 1
76 12 1
76 20 1
76 25 1
76 56 1
76 57 1
76 58 1
76 67 1
76 68 1
76 73 1
76 74 1
76 75 1
77 12 1
77 13 1
77 14 1
77 17 1
77 22 1
77 25 1
77 26 1
77 28 1
77 29 1
77 40 1
77 41 1
77 42 1
77 48 1
77 49 1
77 54 1
77 56 1
77 57 1
77 58 1
77 59 1
77 66 1
77 68 1
77 73 1
77 74 1
77 76 1
78 7 1
78 14 1
78 27 1
78 28 1
78 29 1
78 30 1
78 31 1
78 41 1
78 42 1
78 46 1
78 47 1
78 48 1
78 59 1
78 71 1
79 7 1
79 14 1
79 17 1
79 26 1
79 27 1
79 28 1
79 29 1
79 30 1
79 31 1
79 40 1
79 41 1
79 42 1
79 46 1
79 47 1
79 48 1
79 59 1
79 71 1
79 78 1
80 0 1
80 1 1
80 6 1
80 7 1
80 25 1
80 27 1
80 29 1
80 30 1
80 31 1
80 42 1
80 56 1
80 67 1
80 74 1
81 0 1
81 1 1
81 6 1
81 7 1
81 14 1
81 25 1
81 27 1
81 28 1
81 29 1
81 30 1
81 31 1
81 41 1
81 42 1
81 56 1
81 60 1
81 67 1
81 73 1
81 74 1
81 78 1
81 80 1
82 0 1
82 7 1
82 12 1
82 14 1
82 27 1
82 28 1
82 29 1
82 30 1
82 31 1
82 40 1
82 41 1
82 48 1
82 56 1
82 57 1
82 59 1
82 60 1
82 73 1
82 79 1
83 12 1
83 17 1
83 22 1
83 26 1
83 28 1
83 29 1
83 40 1
83 41 1
83 48 1
83 49 1
83 57 1
83 58 1
83 59 1
83 66 1
83 68 1
83 77 1
83 82 1
84 3 1
84 4 1
84 8 1
84 10 1
84 15 1
84 16 1
84 24 1
84 32 1
84 36 1
84 37 1
84 38 1
84 39 1
84 45 1
84 61 1
84 62 1
84 63 1
84 64 1
84 65 1
84 69 1
84 70 1
85 3 1
85 4 1
85 9 1
85 10 1
85 15 1
85 16 1
85 32 1
85 36 1
85 37 1
85 38 1
85 39 1
85 44 1
85 45 1
85 61 1
85 62 1
85 63 1
85 64 1
85 69 1
85 70 1
85 84 1
86 3 1
86 4 1
86 8 1
86 15 1
86 24 1
86 32 1
86 61 1
86 62 1
86 63 1
86 69 1
86 70 1
86 84 1
86 85 1
87 15 1
87 16 1
87 19 1
87 23 1
87 24 1
87 32 1
87 33 1
87 36 1
87 37 1
87 43 1
87 44 1
87 45 1
87 52 1
87 53 1
87 55 1
87 61 1
87 62 1
87 63 1
87 64 1
87 70 1
87 84 1
87 85 1
87 86 1
88 10 1
88 16 1
88 18 1
88 34 1
88 35 1
88 36 1
88 37 1
88 38 1
88 39 1
88 44 1
88 45 1
88 50 1
88 51 1
88 52 1
88 64 1
88 72 1
89 10 1
89 16 1
89 19 1
89 33 1
89 34 1
89 35 1
89 36 1
89 37 1
89 38 1
89 39 1
89 43 1
89 44 1
89 45 1
89 51 1
89 52 1
89 64 1
89 72 1
89 88 1
90 3 1
90 4 1
90 9 1
90 10 1
90 16 1
90 32 1
90 34 1
90 36 1
90 37 1
90 38 1
90 39 1
90 44 1
90 45 1
90 61 1
90 65 1
90 69 1
90 84 1
90 85 1
90 88 1
91 3 1
91 10 1
91 15 1
91 16 1
91 24 1
91 34 1
91 35 1
91 36 1
91 37 1
91 38 1
91 39 1
91 43 1
91 44 1
91 45 1
91 52 1
91 61 1
91 62 1
91 64 1
91 65 1
91 84 1
91 89 1
92 15 1
92 24 1
92 36 1
92 37 1
92 39 1
92 43 1
92 44 1
92 46 1
92 47 1
92 52 1
92 62 1
92 63 1
92 64 1
92 70 1
92 84 1
92 87 1
92 91 1
93 13 1
93 14 1
93 17 1
93 22 1
93 26 1
93 27 1
93 28 1
93 29 1
93 40 1
93 41 1
93 42 1
93 47 1
93 48 1
93 54 1
93 59 1
93 66 1
93 71 1
93 77 1
93 78 1
93 79 1
94 16 1
94 18 1
94 19 1
94 33 1
94 34 1
94 35 1
94 36 1
94 37 1
94 43 1
94 44 1
94 45 1
94 50 1
94 51 1
94 52 1
94 55 1
94 64 1
94 72 1
94 88 1
94 89 1
95 16 1
95 19 1
95 23 1
95 33 1
95 34 1
95 35 1
95 36 1
95 37 1
95 43 1
95 44 1
95 45 1
95 51 1
95 52 1
95 55 1
95 64 1
95 72 1
95 87 1
95 88 1
95 89 1
95 94 1
96 0 1
96 1 1
96 6 1
96 7 1
96 14 1
96 25 1
96 27 1
96 28 1
96 29 1
96 30 1
96 31 1
96 41 1
96 42 1
96 56 1
96 57 1
96 59 1
96 60 1
96 67 1
96 73 1
96 74 1
96 78 1
96 79 1
96 80 1
96 81 1
96 82 1
97 3 1
97 4 1
97 9 1
97 10 1
97 16 1
97 32 1
97 34 1
97 35 1
97 36 1
97 37 1
97 38 1
97 39 1
97 44 1
97 45 1
97 61 1
97 62 1
97 64 1
97 65 1
97 69 1
97 84 1
97 85 1
97 88 1
97 89 1
97 90 1
97 91 1
98 13 1
98 17 1
98 22 1
98 26 1
98 40 1
98 41 1
98 48 1
98 49 1
98 54 1
98 66 1
98 71 1
98 77 1
98 83 1
99 0 1
99 1 1
99 6 1
99 7 1
99 14 1
99 25 1
99 27 1
99 28 1
99 29 1
99 30 1
99 31 1
99 42 1
99 56 1
99 60 1
99 67 1
99 73 1
99 74 1
99 80 1
99 81 1
99 96 1
100 0 1
100 7 1
100 27 1
100 28 1
100 29 1
100 30 1
100 31 1
100 41 1
100 56 1
100 59 1
100 60 1
100 78 1
100 79 1
100 82 1
100 96 1
101 0 1
101 7 1
101 27 1
101 28 1
101 29 1
101 30 1
101 31 1
101 56 1
101 59 1
101 60 1
101 73 1
101 79 1
101 82 1
101 83 1
101 96 1
101 100 1
102 3 1
102 4 1
102 9 1
102 10 1
102 16 1
102 32 1
102 34 1
102 36 1
102 37 1
102 38 1
102 39 1
102 45 1
102 61 1
102 65 1
102 69 1
102 84 1
102 85 1
102 90 1
102 97 1
103 3 1
103 10 1
103 34 1
103 35 1
103 36 1
103 37 1
103 38 1
103 39 1
103 44 1
103 61 1
103 64 1
103 65 1
103 88 1
103 89 1
103 91 1
103 97 1
104 3 1
104 10 1
104 24 1
104 34 1
104 35 1
104 36 1
104 37 1
104 38 1
104 39 1
104 61 1
104 64 1
104 65 1
104 84 1
104 89 1
104 91 1
104 92 1
104 97 1
104 103 1
105 2 1
105 12 1
105 29 1
105 31 1
105 40 1
105 49 1
105 57 1
105 58 1
105 59 1
105 68 1
105 73 1
105 76 1
105 77 1
105 82 1
105 83 1
105 101 1
106 15 1
106 24 1
106 39 1
106 43 1
106 62 1
106 64 1
106 65 1
106 70 1
106 84 1
106 87 1
106 91 1
106 92 1
106 103 1
106 104 1
107 6 1
107 12 1
107 13 1
107 14 1
107 22 1
107 25 1
107 26 1
107 28 1
107 29 1
107 40 1
107 41 1
107 42 1
107 48 1
107 54 1
107 57 1
107 58 1
107 59 1
107 68 1
107 74 1
107 77 1
107 83 1
107 93 1
107 98 1
108 9 1
108 15 1
108 16 1
108 23 1
108 32 1
108 33 1
108 36 1
108 37 1
108 43 1
108 44 1
108 45 1
108 52 1
108 53 1
108 55 1
108 62 1
108 63 1
108 64 1
108 70 1
108 85 1
108 87 1
108 95 1
109 17 1
109 22 1
109 26 1
109 40 1
109 48 1
109 49 1
109 54 1
109 66 1
109 77 1
109 83 1
109 98 1
109 105 1
110 6 1
110 13 1
110 14 1
110 17 1
110 22 1
110 26 1
110 28 1
110 29 1
110 40 1
110 41 1
110 42 1
110 48 1
110 54 1
110 57 1
110 58 1
110 59 1
110 66 1
110 68 1
110 71 1
110 77 1
110 93 1
110 98 1
110 107 1
111 14 1
111 17 1
111 22 1
111 26 1
111 27 1
111 28 1
111 29 1
111 30 1
111 31 1
111 40 1
111 41 1
111 42 1
111 48 1
111 49 1
111 54 1
111 57 1
111 58 1
111 59 1
111 66 1
111 71 1
111 77 1
111 78 1
111 79 1
111 82 1
111 83 1
111 93 1
111 96 1
111 98 1
111 100 1
111 101 1
111 105 1
111 107 1
111 110 1
112 1 1
112 6 1
112 7 1
112 12 1
112 14 1
112 22 1
112 25 1
112 26 1
112 27 1
112 28 1
112 29 1
112 31 1
112 41 1
112 42 1
112 56 1
112 57 1
112 58 1
112 59 1
112 67 1
112 68 1
112 73 1
112 74 1
112 77 1
112 78 1
112 80 1
112 81 1
112 93 1
112 96 1
112 99 1
112 107 1
112 110 1
112 111 1
113 9 1
113 16 1
113 19 1
113 23 1
113 33 1
113 36 1
113 37 1
113 43 1
113 44 1
113 45 1
113 52 1
113 55 1
113 62 1
113 63 1
113 64 1
113 70 1
113 72 1
113 87 1
113 94 1
113 95 1
113 108 1
114 16 1
114 19 1
114 23 1
114 24 1
114 33 1
114 34 1
114 35 1
114 36 1
114 37 1
114 38 1
114 39 1
114 43 1
114 44 1
114 45 1
114 52 1
114 55 1
114 62 1
114 63 1
114 64 1
114 65 1
114 72 1
114 87 1
114 88 1
114 89 1
114 91 1
114 92 1
114 94 1
114 95 1
114 97 1
114 103 1
114 104 1
114 106 1
114 108 1
114 113 1
115 4 1
115 9 1
115 10 1
115 15 1
115 16 1
115 23 1
115 32 1
115 33 1
115 34 1
115 36 1
115 37 1
115 39 1
115 44 1
115 45 1
115 61 1
115 62 1
115 63 1
115 64 1
115 69 1
115 70 1
115 84 1
115 85 1
115 87 1
115 88 1
115 90 1
115 95 1
115 97 1
115 102 1
115 108 1
115 113 1
115 114 1
116 13 1
116 14 1
116 17 1
116 26 1
116 27 1
116 28 1
116 29 1
116 40 1
116 41 1
116 46 1
116 47 1
116 48 1
116 54 1
116 59 1
116 71 1
116 78 1
116 79 1
116 93 1
116 110 1
116 111 1
117 16 1
117 19 1
117 33 1
117 34 1
117 35 1
117 36 1
117 43 1
117 44 1
117 50 1
117 51 1
117 52 1
117 55 1
117 64 1
117 72 1
117 88 1
117 89 1
117 94 1
117 95 1
117 113 1
117 114 1
118 16 1
118 19 1
118 33 1
118 34 1
118 35 1
118 36 1
118 37 1
118 43 1
118 44 1
118 51 1
118 52 1
118 55 1
118 64 1
118 72 1
118 88 1
118 89 1
118 94 1
118 95 1
118 113 1
118 114 1
118 117 1
119 1 1
119 6 1
119 11 1
119 14 1
119 20 1
119 21 1
119 25 1
119 29 1
119 42 1
119 56 1
119 57 1
119 58 1
119 67 1
119 73 1
119 74 1
119 75 1
119 80 1
119 81 1
119 96 1
119 99 1
119 107 1
119 112 1
120 1 1
120 2 1
120 12 1
120 14 1
120 22 1
120 25 1
120 26 1
120 29 1
120 42 1
120 56 1
120 57 1
120 58 1
120 67 1
120 68 1
120 73 1
120 74 1
120 76 1
120 77 1
120 83 1
120 105 1
120 107 1
120 112 1
120 119 1
121 13 1
121 17 1
121 22 1
121 26 1
121 41 1
121 48 1
121 54 1
121 66 1
121 71 1
121 93 1
121 98 1
121 107 1
121 110 1
121 116 1
122 7 1
122 17 1
122 27 1
122 28 1
122 29 1
122 30 1
122 31 1
122 40 1
122 41 1
122 46 1
122 47 1
122 48 1
122 59 1
122 71 1
122 78 1
122 79 1
122 82 1
122 93 1
122 96 1
122 100 1
122 111 1
122 116 1
123 12 1
123 14 1
123 17 1
123 22 1
123 26 1
123 27 1
123 28 1
123 29 1
123 31 1
123 40 1
123 41 1
123 48 1
123 49 1
123 54 1
123 57 1
123 58 1
123 59 1
123 66 1
123 68 1
123 71 1
123 77 1
123 79 1
123 82 1
123 83 1
123 93 1
123 98 1
123 100 1
123 101 1
123 105 1
123 107 1
123 109 1
123 110 1
123 111 1
124 4 1
124 9 1
124 16 1
124 32 1
124 37 1
124 45 1
124 61 1
124 62 1
124 63 1
124 69 1
124 84 1
124 85 1
124 90 1
124 97 1
124 102 1
124 108 1
124 115 1
125 4 1
125 8 1
125 15 1
125 16 1
125 23 1
125 24 1
125 32 1
125 33 1
125 37 1
125 45 1
125 61 1
125 62 1
125 63 1
125 69 1
125 70 1
125 84 1
125 85 1
125 86 1
125 87 1
125 92 1
125 106 1
125 108 1
125 115 1
125 124 1
126 19 1
126 23 1
126 33 1
126 44 1
126 52 1
126 53 1
126 55 1
126 72 1
126 95 1
126 108 1
126 113 1
126 118 1
127 10 1
127 19 1
127 34 1
127 35 1
127 36 1
127 37 1
127 38 1
127 39 1
127 43 1
127 44 1
127 50 1
127 51 1
127 52 1
127 64 1
127 72 1
127 88 1
127 89 1
127 91 1
127 94 1
127 95 1
127 97 1
127 103 1
127 114 1
127 117 1
127 118 1
128 15 1
128 16 1
128 19 1
128 23 1
128 24 1
128 33 1
128 34 1
128 35 1
128 36 1
128 37 1
128 39 1
128 43 1
128 44 1
128 52 1
128 53 1
128 55 1
128 62 1
128 63 1
128 64 1
128 70 1
128 72 1
128 87 1
128 89 1
128 91 1
128 92 1
128 95 1
128 103 1
128 104 1
128 106 1
128 108 1
128 113 1
128 114 1
129 17 1
129 22 1
129 26 1
129 40 1
129 41 1
129 48 1
129 49 1
129 54 1
129 57 1
129 58 1
129 59 1
129 66 1
129 68 1
129 77 1
129 83 1
129 98 1
129 105 1
129 107 1
129 109 1
129 110 1
129 111 1
129 123 1
130 16 1
130 19 1
130 33 1
130 34 1
130 35 1
130 36 1
130 37 1
130 43 1
130 44 1
130 45 1
130 50 1
130 51 1
130 52 1
130 55 1
130 64 1
130 72 1
130 88 1
130 89 1
130 94 1
130 95 1
130 113 1
130 114 1
130 117 1
130 118 1
130 127 1
131 19 1
131 23 1
131 33 1
131 43 1
131 44 1
131 46 1
131 52 1
131 53 1
131 55 1
131 87 1
131 108 1
131 113 1
131 114 1
131 126 1
131 128 1
132 0 1
132 1 1
132 2 1
132 5 1
132 7 1
132 11 1
132 12 1
132 21 1
132 25 1
132 29 1
132 30 1
132 31 1
132 56 1
132 57 1
132 60 1
132 67 1
132 73 1
132 74 1
132 75 1
132 76 1
132 81 1
132 82 1
132 96 1
132 99 1
132 120 1
133 0 1
133 1 1
133 2 1
133 5 1
133 6 1
133 7 1
133 11 1
133 12 1
133 14 1
133 20 1
133 21 1
133 25 1
133 28 1
133 29 1
133 30 1
133 31 1
133 42 1
133 56 1
133 57 1
133 58 1
133 60 1
133 67 1
133 68 1
133 73 1
133 74 1
133 75 1
133 76 1
133 80 1
133 81 1
133 96 1
133 99 1
133 112 1
133 119 1
133 120 1
133 132 1
134 0 1
134 1 1
134 2 1
134 5 1
134 6 1
134 11 1
134 12 1
134 14 1
134 20 1
134 21 1
134 25 1
134 29 1
134 42 1
134 56 1
134 57 1
134 58 1
134 67 1
134 68 1
134 73 1
134 74 1
134 75 1
134 76 1
134 77 1
134 81 1
134 99 1
134 107 1
134 112 1
134 119 1
134 120 1
134 132 1
134 133 1
135 1 1
135 12 1
135 14 1
135 22 1
135 25 1
135 26 1
135 28 1
135 29 1
135 40 1
135 41 1
135 42 1
135 48 1
135 54 1
135 56 1
135 57 1
135 58 1
135 59 1
135 68 1
135 73 1
135 74 1
135 76 1
135 77 1
135 83 1
135 98 1
135 105 1
135 107 1
135 110 1
135 111 1
135 112 1
135 120 1
135 123 1
135 129 1
135 134 1
136 1 1
136 6 1
136 12 1
136 13 1
136 14 1
136 17 1
136 22 1
136 25 1
136 26 1
136 28 1
136 29 1
136 40 1
136 41 1
136 42 1
136 48 1
136 49 1
136 54 1
136 56 1
136 57 1
136 58 1
136 59 1
136 66 1
136 68 1
136 71 1
136 73 1
136 74 1
136 77 1
136 83 1
136 93 1
136 98 1
136 105 1
136 107 1
136 110 1
136 111 1
136 112 1
136 116 1
136 119 1
136 120 1
136 121 1
136 123 1
136 129 1
136 134 1
136 135 1
137 7 1
137 27 1
137 28 1
137 29 1
137 30 1
137 31 1
137 41 1
137 42 1
137 46 1
137 47 1
137 48 1
137 59 1
137 60 1
137 71 1
137 78 1
137 79 1
137 81 1
137 82 1
137 93 1
137 96 1
137 100 1
137 101 1
137 111 1
137 116 1
137 122 1
138 0 1
138 1 1
138 7 1
138 14 1
138 25 1
138 27 1
138 28 1
138 29 1
138 30 1
138 31 1
138 41 1
138 42 1
138 56 1
138 57 1
138 59 1
138 60 1
138 67 1
138 73 1
138 74 1
138 78 1
138 80 1
138 81 1
138 82 1
138 96 1
138 99 1
138 100 1
138 101 1
138 112 1
138 132 1
138 133 1
138 137 1
139 3 1
139 4 1
139 8 1
139 10 1
139 15 1
139 24 1
139 32 1
139 37 1
139 38 1
139 39 1
139 61 1
139 62 1
139 65 1
139 69 1
139 70 1
139 84 1
139 85 1
139 86 1
139 90 1
139 91 1
139 97 1
139 102 1
139 125 1
140 3 1
140 4 1
140 8 1
140 9 1
140 10 1
140 15 1
140 16 1
140 32 1
140 36 1
140 37 1
140 38 1
140 39 1
140 45 1
140 61 1
140 62 1
140 63 1
140 65 1
140 69 1
140 70 1
140 84 1
140 85 1
140 86 1
140 90 1
140 97 1
140 102 1
140 115 1
140 124 1
140 125 1
140 139 1
141 3 1
141 4 1
141 8 1
141 9 1
141 15 1
141 16 1
141 32 1
141 37 1
141 45 1
141 61 1
141 62 1
141 63 1
141 69 1
141 70 1
141 84 1
141 85 1
141 86 1
141 87 1
141 90 1
141 102 1
141 108 1
141 115 1
141 124 1
141 125 1
141 139 1
141 140 1
142 4 1
142 15 1
142 16 1
142 23 1
142 24 1
142 32 1
142 33 1
142 36 1
142 37 1
142 43 1
142 44 1
142 45 1
142 53 1
142 55 1
142 61 1
142 62 1
142 63 1
142 64 1
142 70 1
142 84 1
142 85 1
142 86 1
142 87 1
142 92 1
142 108 1
142 113 1
142 114 1
142 115 1
142 125 1
142 128 1
142 131 1
142 141 1
143 4 1
143 9 1
143 15 1
143 16 1
143 19 1
143 23 1
143 24 1
143 32 1
143 33 1
143 36 1
143 37 1
143 43 1
143 44 1
143 45 1
143 52 1
143 53 1
143 55 1
143 61 1
143 62 1
143 63 1
143 64 1
143 70 1
143 72 1
143 84 1
143 85 1
143 87 1
143 92 1
143 95 1
143 108 1
143 113 1
143 114 1
143 115 1
143 118 1
143 124 1
143 125 1
143 126 1
143 128 1
143 131 1
143 141 1
143 142 1
144 10 1
144 34 1
144 35 1
144 36 1
144 37 1
144 38 1
144 39 1
144 44 1
144 45 1
144 51 1
144 52 1
144 64 1
144 65 1
144 72 1
144 88 1
144 89 1
144 90 1
144 91 1
144 94 1
144 95 1
144 97 1
144 103 1
144 104 1
144 114 1
144 117 1
144 118 1
144 127 1
144 130 1
145 3 1
145 4 1
145 10 1
145 16 1
145 32 1
145 34 1
145 36 1
145 37 1
145 38 1
145 39 1
145 44 1
145 45 1
145 61 1
145 62 1
145 64 1
145 65 1
145 69 1
145 84 1
145 85 1
145 88 1
145 90 1
145 91 1
145 97 1
145 102 1
145 103 1
145 104 1
145 115 1
145 139 1
145 140 1
145 144 1
146 13 1
146 14 1
146 17 1
146 22 1
146 26 1
146 27 1
146 28 1
146 29 1
146 40 1
146 41 1
146 48 1
146 49 1
146 54 1
146 59 1
146 66 1
146 71 1
146 77 1
146 78 1
146 79 1
146 93 1
146 98 1
146 107 1
146 110 1
146 111 1
146 116 1
146 121 1
146 122 1
146 123 1
146 129 1
146 136 1
147 16 1
147 19 1
147 23 1
147 33 1
147 34 1
147 35 1
147 36 1
147 37 1
147 43 1
147 44 1
147 52 1
147 53 1
147 55 1
147 64 1
147 72 1
147 87 1
147 88 1
147 89 1
147 94 1
147 95 1
147 108 1
147 113 1
147 114 1
147 117 1
147 118 1
147 126 1
147 127 1
147 128 1
147 130 1
147 131 1
147 143 1
148 1 1
148 6 1
148 11 1
148 12 1
148 14 1
148 20 1
148 21 1
148 25 1
148 28 1
148 29 1
148 41 1
148 42 1
148 56 1
148 57 1
148 58 1
148 67 1
148 68 1
148 73 1
148 74 1
148 75 1
148 76 1
148 77 1
148 81 1
148 96 1
148 99 1
148 107 1
148 110 1
148 112 1
148 119 1
148 120 1
148 132 1
148 133 1
148 134 1
148 135 1
148 136 1
149 0 1
149 1 1
149 2 1
149 5 1
149 11 1
149 12 1
149 25 1
149 56 1
149 57 1
149 58 1
149 67 1
149 68 1
149 73 1
149 74 1
149 75 1
149 76 1
149 105 1
149 120 1
149 132 1
149 133 1
149 134 1
149 135 1
149 138 1
149 148 1
150 1 1
150 2 1
150 5 1
150 11 1
150 12 1
150 25 1
150 56 1
150 57 1
150 58 1
150 67 1
150 68 1
150 73 1
150 74 1
150 76 1
150 77 1
150 83 1
150 105 1
150 120 1
150 132 1
150 133 1
150 134 1
150 135 1
150 136 1
150 148 1
150 149 1
151 0 1
151 1 1
151 2 1
151 5 1
151 6 1
151 11 1
151 12 1
151 14 1
151 20 1
151 22 1
151 25 1
151 28 1
151 29 1
151 31 1
151 41 1
151 42 1
151 56 1
151 57 1
151 58 1
151 59 1
151 67 1
151 68 1
151 73 1
151 74 1
151 75 1
151 76 1
151 77 1
151 83 1
151 96 1
151 99 1
151 105 1
151 107 1
151 112 1
151 119 1
151 120 1
151 132 1
151 133 1
151 134 1
151 135 1
151 136 1
151 138 1
151 148 1
151 149 1
151 150 1
152 13 1
152 17 1
152 22 1
152 26 1
152 40 1
152 41 1
152 48 1
152 54 1
152 66 1
152 71 1
152 93 1
152 98 1
152 107 1
152 110 1
152 116 1
152 121 1
152 146 1
153 12 1
153 13 1
153 14 1
153 17 1
153 22 1
153 25 1
153 26 1
153 27 1
153 28 1
153 29 1
153 30 1
153 31 1
153 40 1
153 41 1
153 42 1
153 48 1
153 49 1
153 54 1
153 56 1
153 57 1
153 58 1
153 59 1
153 60 1
153 66 1
153 68 1
153 71 1
153 73 1
153 74 1
153 77 1
153 78 1
153 79 1
153 82 1
153 83 1
153 93 1
153 96 1
153 98 1
153 100 1
153 101 1
153 105 1
153 107 1
153 110 1
153 111 1
153 112 1
153 116 1
153 120 1
153 122 1
153 123 1
153 129 1
153 135 1
153 136 1
153 137 1
153 138 1
153 146 1
153 148 1
153 151 1
154 6 1
154 7 1
154 13 1
154 14 1
154 22 1
154 25 1
154 26 1
154 27 1
154 28 1
154 29 1
154 30 1
154 31 1
154 40 1
154 41 1
154 42 1
154 48 1
154 54 1
154 56 1
154 57 1
154 58 1
154 59 1
154 67 1
154 71 1
154 74 1
154 77 1
154 78 1
154 79 1
154 80 1
154 81 1
154 93 1
154 96 1
154 99 1
154 107 1
154 110 1
154 111 1
154 112 1
154 116 1
154 119 1
154 122 1
154 123 1
154 133 1
154 134 1
154 135 1
154 136 1
154 137 1
154 138 1
154 146 1
154 148 1
154 151 1
154 153 1
155 1 1
155 6 1
155 7 1
155 14 1
155 25 1
155 27 1
155 28 1
155 29 1
155 41 1
155 42 1
155 56 1
155 58 1
155 67 1
155 74 1
155 78 1
155 80 1
155 81 1
155 93 1
155 96 1
155 99 1
155 107 1
155 110 1
155 112 1
155 119 1
155 133 1
155 134 1
155 136 1
155 138 1
155 148 1
155 153 1
155 154 1
156 4 1
156 9 1
156 15 1
156 16 1
156 32 1
156 36 1
156 37 1
156 44 1
156 45 1
156 61 1
156 62 1
156 63 1
156 69 1
156 70 1
156 84 1
156 85 1
156 86 1
156 87 1
156 90 1
156 97 1
156 102 1
156 108 1
156 113 1
156 115 1
156 124 1
156 125 1
156 139 1
156 140 1
156 141 1
156 142 1
156 143 1
157 3 1
157 4 1
157 8 1
157 15 1
157 32 1
157 61 1
157 69 1
157 84 1
157 85 1
157 86 1
157 102 1
157 125 1
157 139 1
157 140 1
157 141 1
158 3 1
158 4 1
158 8 1
158 15 1
158 24 1
158 32 1
158 61 1
158 62 1
158 63 1
158 69 1
158 70 1
158 84 1
158 85 1
158 86 1
158 92 1
158 106 1
158 125 1
158 139 1
158 140 1
158 141 1
158 142 1
158 145 1
158 156 1
158 157 1
159 4 1
159 8 1
159 15 1
159 24 1
159 32 1
159 61 1
159 62 1
159 63 1
159 69 1
159 70 1
159 84 1
159 85 1
159 86 1
159 87 1
159 92 1
159 106 1
159 125 1
159 139 1
159 140 1
159 141 1
159 142 1
159 143 1
159 156 1
159 157 1
159 158 1
160 3 1
160 4 1
160 8 1
160 9 1
160 15 1
160 16 1
160 23 1
160 24 1
160 32 1
160 36 1
160 37 1
160 39 1
160 44 1
160 45 1
160 61 1
160 62 1
160 63 1
160 64 1
160 69 1
160 70 1
160 84 1
160 85 1
160 86 1
160 87 1
160 92 1
160 97 1
160 102 1
160 106 1
160 108 1
160 115 1
160 124 1
160 125 1
160 139 1
160 140 1
160 141 1
160 142 1
160 143 1
160 145 1
160 156 1
160 157 1
160 158 1
160 159 1
161 19 1
161 23 1
161 33 1
161 43 1
161 44 1
161 52 1
161 55 1
161 72 1
161 94 1
161 95 1
161 108 1
161 113 1
161 117 1
161 118 1
161 126 1
161 130 1
161 131 1
161 147 1
162 15 1
162 16 1
162 19 1
162 23 1
162 24 1
162 32 1
162 33 1
162 34 1
162 35 1
162 36 1
162 37 1
162 38 1
162 39 1
162 43 1
162 44 1
162 45 1
162 52 1
162 55 1
162 61 1
162 62 1
162 63 1
162 64 1
162 65 1
162 70 1
162 72 1
162 84 1
162 85 1
162 87 1
162 88 1
162 89 1
162 91 1
162 92 1
162 94 1
162 95 1
162 97 1
162 103 1
162 104 1
162 106 1
162 108 1
162 113 1
162 114 1
162 115 1
162 117 1
162 118 1
162 125 1
162 127 1
162 128 1
162 130 1
162 131 1
162 142 1
162 143 1
162 144 1
162 145 1
162 147 1
162 156 1
162 160 1
163 9 1
163 10 1
163 16 1
163 23 1
163 32 1
163 33 1
163 34 1
163 35 1
163 36 1
163 37 1
163 38 1
163 39 1
163 43 1
163 44 1
163 45 1
163 52 1
163 55 1
163 61 1
163 62 1
163 63 1
163 64 1
163 69 1
163 72 1
163 85 1
163 87 1
163 88 1
163 89 1
163 90 1
163 94 1
163 95 1
163 97 1
163 102 1
163 108 1
163 113 1
163 114 1
163 115 1
163 117 1
163 118 1
163 124 1
163 127 1
163 128 1
163 130 1
163 140 1
163 141 1
163 142 1
163 143 1
163 144 1
163 145 1
163 147 1
163 156 1
163 160 1
163 162 1
164 4 1
164 9 1
164 10 1
164 16 1
164 32 1
164 34 1
164 36 1
164 37 1
164 44 1
164 45 1
164 61 1
164 63 1
164 69 1
164 85 1
164 88 1
164 90 1
164 94 1
164 97 1
164 102 1
164 108 1
164 113 1
164 115 1
164 124 1
164 140 1
164 141 1
164 143 1
164 145 1
164 156 1
164 162 1
164 163 1
165 13 1
165 14 1
165 17 1
165 22 1
165 26 1
165 27 1
165 28 1
165 40 1
165 41 1
165 48 1
165 49 1
165 54 1
165 59 1
165 66 1
165 71 1
165 78 1
165 79 1
165 93 1
165 98 1
165 110 1
165 111 1
165 116 1
165 121 1
165 122 1
165 123 1
165 129 1
165 136 1
165 146 1
165 152 1
165 153 1
165 154 1
166 16 1
166 19 1
166 23 1
166 33 1
166 34 1
166 35 1
166 36 1
166 43 1
166 44 1
166 52 1
166 55 1
166 64 1
166 72 1
166 88 1
166 89 1
166 94 1
166 95 1
166 113 1
166 114 1
166 117 1
166 118 1
166 126 1
166 127 1
166 128 1
166 130 1
166 131 1
166 143 1
166 147 1
166 161 1
166 162 1
166 163 1
167 0 1
167 1 1
167 2 1
167 7 1
167 12 1
167 25 1
167 28 1
167 29 1
167 30 1
167 31 1
167 56 1
167 57 1
167 59 1
167 60 1
167 67 1
167 68 1
167 73 1
167 74 1
167 76 1
167 81 1
167 82 1
167 96 1
167 99 1
167 100 1
167 101 1
167 105 1
167 120 1
167 132 1
167 133 1
167 138 1
167 149 1
167 150 1
167 151 1
167 153 1
168 3 1
168 4 1
168 8 1
168 10 1
168 15 1
168 24 1
168 32 1
168 36 1
168 37 1
168 38 1
168 39 1
168 45 1
168 61 1
168 62 1
168 64 1
168 65 1
168 69 1
168 70 1
168 84 1
168 85 1
168 86 1
168 90 1
168 91 1
168 92 1
168 97 1
168 102 1
168 103 1
168 104 1
168 106 1
168 125 1
168 139 1
168 140 1
168 145 1
168 157 1
168 158 1
168 159 1
168 160 1
168 162 1
169 0 1
169 1 1
169 2 1
169 5 1
169 11 1
169 12 1
169 25 1
169 30 1
169 31 1
169 56 1
169 57 1
169 60 1
169 73 1
169 74 1
169 76 1
169 82 1
169 96 1
169 99 1
169 101 1
169 105 1
169 132 1
169 133 1
169 138 1
169 149 1
169 150 1
169 151 1
169 167 1
170 13 1
170 14 1
170 17 1
170 22 1
170 26 1
170 28 1
170 29 1
170 40 1
170 41 1
170 42 1
170 48 1
170 54 1
170 59 1
170 66 1
170 71 1
170 77 1
170 79 1
170 93 1
170 98 1
170 107 1
170 110 1
170 111 1
170 112 1
170 116 1
170 121 1
170 129 1
170 135 1
170 136 1
170 146 1
170 152 1
170 153 1
170 154 1
170 165 1
171 6 1
171 7 1
171 13 1
171 14 1
171 22 1
171 25 1
171 26 1
171 27 1
171 28 1
171 29 1
171 41 1
171 42 1
171 54 1
171 56 1
171 57 1
171 58 1
171 59 1
171 67 1
171 74 1
171 77 1
171 78 1
171 80 1
171 81 1
171 93 1
171 96 1
171 99 1
171 107 1
171 110 1
171 111 1
171 112 1
171 116 1
171 119 1
171 133 1
171 134 1
171 135 1
171 136 1
171 148 1
171 153 1
171 154 1
171 155 1
171 170 1
172 3 1
172 4 1
172 8 1
172 15 1
172 24 1
172 32 1
172 38 1
172 39 1
172 61 1
172 62 1
172 65 1
172 84 1
172 85 1
172 86 1
172 91 1
172 97 1
172 102 1
172 104 1
172 106 1
172 139 1
172 140 1
172 145 1
172 157 1
172 158 1
172 159 1
172 160 1
172 168 1
173 16 1
173 19 1
173 23 1
173 33 1
173 36 1
173 37 1
173 43 1
173 44 1
173 45 1
173 52 1
173 55 1
173 64 1
173 72 1
173 87 1
173 89 1
173 94 1
173 95 1
173 108 1
173 113 1
173 114 1
173 115 1
173 117 1
173 118 1
173 126 1
173 130 1
173 131 1
173 142 1
173 143 1
173 147 1
173 161 1
173 162 1
173 163 1
173 166 1
174 9 1
174 10 1
174 16 1
174 23 1
174 32 1
174 33 1
174 34 1
174 36 1
174 37 1
174 44 1
174 45 1
174 55 1
174 61 1
174 62 1
174 63 1
174 64 1
174 69 1
174 85 1
174 87 1
174 88 1
174 90 1
174 94 1
174 95 1
174 97 1
174 102 1
174 108 1
174 113 1
174 114 1
174 115 1
174 118 1
174 124 1
174 130 1
174 140 1
174 141 1
174 142 1
174 143 1
174 156 1
174 162 1
174 163 1
174 164 1
174 173 1
