# minsup
1
# graph
G_./2ABO.pdb
# node ID, label
0 A
1 A
2 A
3 A
4 A
5 C
6 C
7 C
8 C
9 D
10 D
11 D
12 D
13 D
14 D
15 D
16 D
17 D
18 D
19 D
20 E
21 E
22 E
23 E
24 E
25 E
26 E
27 E
28 E
29 F
30 F
31 F
32 F
33 F
34 F
35 F
36 F
37 F
38 G
39 G
40 G
41 G
42 G
43 G
44 H
45 H
46 H
47 H
48 I
49 I
50 I
51 I
52 I
53 I
54 K
55 K
56 K
57 K
58 K
59 K
60 L
61 L
62 L
63 L
64 L
65 L
66 L
67 L
68 L
69 L
70 L
71 L
72 L
73 L
74 M
75 M
76 N
77 N
78 N
79 N
80 N
81 N
82 P
83 P
84 P
85 Q
86 R
87 R
88 R
89 R
90 R
91 R
92 S
93 S
94 S
95 S
96 S
97 S
98 S
99 S
100 S
101 T
102 T
103 T
104 T
105 T
106 T
107 T
108 T
109 T
110 V
111 V
112 V
113 V
114 V
115 V
116 V
117 V
118 V
119 V
120 V
121 V
122 V
123 W
124 W
125 W
126 Y
127 Y
128 Y
129 Y
130 Y
# node ID1, node ID2, number of bounds
1 0 1
2 0 1
2 1 1
4 3 1
5 0 1
5 1 1
5 2 1
6 1 1
7 6 1
8 0 1
8 1 1
8 4 1
8 6 1
9 0 1
9 1 1
9 2 1
9 5 1
10 0 1
10 1 1
10 2 1
10 5 1
10 9 1
11 0 1
11 1 1
11 2 1
11 5 1
11 9 1
11 10 1
12 3 1
13 3 1
13 4 1
13 12 1
14 4 1
14 8 1
14 13 1
16 1 1
16 6 1
16 8 1
16 11 1
16 12 1
16 13 1
17 4 1
17 6 1
17 7 1
17 8 1
17 14 1
18 0 1
18 1 1
18 6 1
18 8 1
18 14 1
18 17 1
19 2 1
19 11 1
20 1 1
20 5 1
20 6 1
20 7 1
20 9 1
21 1 1
21 2 1
21 5 1
21 6 1
21 9 1
21 10 1
21 11 1
21 20 1
22 12 1
22 16 1
23 6 1
23 7 1
23 12 1
23 16 1
23 17 1
23 22 1
24 4 1
24 6 1
24 7 1
24 12 1
24 16 1
24 17 1
24 23 1
25 6 1
25 7 1
25 8 1
25 14 1
25 17 1
25 18 1
26 0 1
26 1 1
26 5 1
26 6 1
26 7 1
26 8 1
26 14 1
26 17 1
26 18 1
26 23 1
26 25 1
27 0 1
27 8 1
27 18 1
28 2 1
28 11 1
28 19 1
29 0 1
29 1 1
29 2 1
29 5 1
29 6 1
29 8 1
29 9 1
29 10 1
29 11 1
29 16 1
29 18 1
29 20 1
29 21 1
29 22 1
29 23 1
29 26 1
30 3 1
30 6 1
30 12 1
30 16 1
30 22 1
30 23 1
30 29 1
31 3 1
31 4 1
31 8 1
31 13 1
31 14 1
31 15 1
31 16 1
31 18 1
31 27 1
32 8 1
32 13 1
32 15 1
32 27 1
32 31 1
33 0 1
33 1 1
33 3 1
33 4 1
33 6 1
33 8 1
33 11 1
33 12 1
33 13 1
33 14 1
33 15 1
33 16 1
33 18 1
33 22 1
33 23 1
33 27 1
33 29 1
33 30 1
33 31 1
33 32 1
34 0 1
34 1 1
34 6 1
34 8 1
34 11 1
34 12 1
34 16 1
34 18 1
34 22 1
34 23 1
34 24 1
34 26 1
34 29 1
34 30 1
34 31 1
34 32 1
34 33 1
35 0 1
35 8 1
35 14 1
35 16 1
35 18 1
35 26 1
35 27 1
35 31 1
35 32 1
35 33 1
35 34 1
36 0 1
36 1 1
36 8 1
36 14 1
36 16 1
36 18 1
36 26 1
36 27 1
36 29 1
36 31 1
36 32 1
36 33 1
36 34 1
36 35 1
37 0 1
37 11 1
37 16 1
37 19 1
37 27 1
37 28 1
37 29 1
37 31 1
37 32 1
37 33 1
37 34 1
37 35 1
37 36 1
38 0 1
38 27 1
38 35 1
38 36 1
38 37 1
39 3 1
39 4 1
39 6 1
39 12 1
39 13 1
39 14 1
39 16 1
39 23 1
39 24 1
39 31 1
39 33 1
40 12 1
40 15 1
40 16 1
40 22 1
40 28 1
40 30 1
40 31 1
40 32 1
40 33 1
40 34 1
40 37 1
41 3 1
41 4 1
41 6 1
41 8 1
41 12 1
41 13 1
41 15 1
41 16 1
41 22 1
41 23 1
41 29 1
41 30 1
41 31 1
41 32 1
41 33 1
41 34 1
41 35 1
41 36 1
41 37 1
41 39 1
41 40 1
42 0 1
42 1 1
42 4 1
42 6 1
42 7 1
42 8 1
42 12 1
42 14 1
42 16 1
42 17 1
42 18 1
42 22 1
42 23 1
42 24 1
42 25 1
42 26 1
42 29 1
42 30 1
42 31 1
42 33 1
42 34 1
42 35 1
42 36 1
42 39 1
42 41 1
43 1 1
43 6 1
43 7 1
43 9 1
43 17 1
43 20 1
43 21 1
43 23 1
43 24 1
43 25 1
43 26 1
43 29 1
44 3 1
44 12 1
44 16 1
44 22 1
44 30 1
44 34 1
44 40 1
44 41 1
45 0 1
45 1 1
45 6 1
45 7 1
45 8 1
45 14 1
45 16 1
45 17 1
45 18 1
45 20 1
45 21 1
45 23 1
45 24 1
45 25 1
45 26 1
45 29 1
45 33 1
45 34 1
45 42 1
45 43 1
46 0 1
46 8 1
46 14 1
46 18 1
46 26 1
46 27 1
46 31 1
46 32 1
46 33 1
46 34 1
46 35 1
46 36 1
46 38 1
46 42 1
46 45 1
47 11 1
47 19 1
47 27 1
47 28 1
47 32 1
47 33 1
47 34 1
47 36 1
47 37 1
47 38 1
47 40 1
47 41 1
48 0 1
48 1 1
48 2 1
48 5 1
48 6 1
48 8 1
48 9 1
48 10 1
48 11 1
48 16 1
48 18 1
48 21 1
48 26 1
48 27 1
48 29 1
48 31 1
48 33 1
48 34 1
48 35 1
48 36 1
48 37 1
48 38 1
48 41 1
48 42 1
48 45 1
48 46 1
48 47 1
49 0 1
49 1 1
49 2 1
49 11 1
49 16 1
49 19 1
49 22 1
49 28 1
49 29 1
49 30 1
49 33 1
49 34 1
49 36 1
49 37 1
49 40 1
49 41 1
49 42 1
49 47 1
49 48 1
50 1 1
50 2 1
50 6 1
50 11 1
50 16 1
50 19 1
50 21 1
50 22 1
50 23 1
50 29 1
50 30 1
50 33 1
50 34 1
50 37 1
50 40 1
50 41 1
50 42 1
50 44 1
50 48 1
50 49 1
51 15 1
51 16 1
51 27 1
51 31 1
51 32 1
51 33 1
51 34 1
51 35 1
51 36 1
51 37 1
51 40 1
51 41 1
51 47 1
52 8 1
52 15 1
52 16 1
52 22 1
52 27 1
52 29 1
52 30 1
52 31 1
52 32 1
52 33 1
52 34 1
52 35 1
52 36 1
52 37 1
52 40 1
52 41 1
52 42 1
52 47 1
52 48 1
52 49 1
52 50 1
52 51 1
53 0 1
53 8 1
53 18 1
53 27 1
53 31 1
53 32 1
53 33 1
53 34 1
53 35 1
53 36 1
53 37 1
53 38 1
53 46 1
53 47 1
53 48 1
53 51 1
53 52 1
54 0 1
54 1 1
54 5 1
54 6 1
54 7 1
54 8 1
54 9 1
54 10 1
54 11 1
54 16 1
54 17 1
54 18 1
54 20 1
54 21 1
54 23 1
54 24 1
54 25 1
54 26 1
54 29 1
54 33 1
54 34 1
54 42 1
54 43 1
54 45 1
54 48 1
54 49 1
54 50 1
55 1 1
55 5 1
55 6 1
55 7 1
55 9 1
55 17 1
55 20 1
55 21 1
55 23 1
55 24 1
55 25 1
55 26 1
55 29 1
55 42 1
55 43 1
55 45 1
55 48 1
55 50 1
55 54 1
56 1 1
56 2 1
56 10 1
56 11 1
56 16 1
56 19 1
56 22 1
56 28 1
56 29 1
56 30 1
56 33 1
56 34 1
56 37 1
56 40 1
56 41 1
56 42 1
56 48 1
56 49 1
56 50 1
56 52 1
57 3 1
57 4 1
57 6 1
57 13 1
57 14 1
57 17 1
57 23 1
57 24 1
57 31 1
57 39 1
57 42 1
57 45 1
58 4 1
58 6 1
58 7 1
58 8 1
58 14 1
58 17 1
58 18 1
58 24 1
58 25 1
58 26 1
58 31 1
58 35 1
58 39 1
58 42 1
58 45 1
58 46 1
58 57 1
59 3 1
59 4 1
59 8 1
59 13 1
59 14 1
59 18 1
59 27 1
59 31 1
59 32 1
59 33 1
59 34 1
59 35 1
59 36 1
59 39 1
59 41 1
59 42 1
59 46 1
59 52 1
59 53 1
59 57 1
59 58 1
60 0 1
60 1 1
60 2 1
60 5 1
60 8 1
60 9 1
60 10 1
60 11 1
60 16 1
60 18 1
60 21 1
60 26 1
60 29 1
60 33 1
60 34 1
60 35 1
60 36 1
60 37 1
60 38 1
60 42 1
60 45 1
60 46 1
60 48 1
60 49 1
60 50 1
60 53 1
60 54 1
60 56 1
61 0 1
61 1 1
61 5 1
61 6 1
61 7 1
61 8 1
61 9 1
61 11 1
61 16 1
61 17 1
61 18 1
61 20 1
61 21 1
61 23 1
61 24 1
61 25 1
61 26 1
61 29 1
61 31 1
61 33 1
61 34 1
61 35 1
61 36 1
61 41 1
61 42 1
61 43 1
61 45 1
61 46 1
61 48 1
61 49 1
61 50 1
61 54 1
61 55 1
61 56 1
61 58 1
61 60 1
62 0 1
62 1 1
62 2 1
62 5 1
62 6 1
62 9 1
62 10 1
62 11 1
62 20 1
62 21 1
62 26 1
62 29 1
62 43 1
62 45 1
62 48 1
62 54 1
62 55 1
62 60 1
62 61 1
63 0 1
63 1 1
63 2 1
63 5 1
63 9 1
63 10 1
63 11 1
63 19 1
63 20 1
63 21 1
63 28 1
63 29 1
63 34 1
63 48 1
63 49 1
63 50 1
63 54 1
63 55 1
63 56 1
63 60 1
63 61 1
63 62 1
64 1 1
64 11 1
64 12 1
64 16 1
64 19 1
64 22 1
64 28 1
64 29 1
64 30 1
64 33 1
64 34 1
64 37 1
64 40 1
64 41 1
64 42 1
64 44 1
64 48 1
64 49 1
64 50 1
64 52 1
64 56 1
64 61 1
65 3 1
65 4 1
65 6 1
65 7 1
65 8 1
65 13 1
65 14 1
65 16 1
65 17 1
65 23 1
65 24 1
65 26 1
65 31 1
65 33 1
65 34 1
65 39 1
65 41 1
65 42 1
65 45 1
65 57 1
65 58 1
65 59 1
66 4 1
66 6 1
66 8 1
66 13 1
66 14 1
66 16 1
66 17 1
66 18 1
66 25 1
66 26 1
66 27 1
66 31 1
66 32 1
66 33 1
66 34 1
66 35 1
66 36 1
66 39 1
66 41 1
66 42 1
66 45 1
66 46 1
66 48 1
66 53 1
66 57 1
66 58 1
66 59 1
66 61 1
66 65 1
67 3 1
67 4 1
67 8 1
67 13 1
67 14 1
67 15 1
67 16 1
67 18 1
67 27 1
67 31 1
67 32 1
67 33 1
67 34 1
67 35 1
67 36 1
67 39 1
67 41 1
67 42 1
67 46 1
67 51 1
67 52 1
67 53 1
67 57 1
67 58 1
67 59 1
67 65 1
67 66 1
68 3 1
68 4 1
68 8 1
68 13 1
68 14 1
68 15 1
68 16 1
68 27 1
68 30 1
68 31 1
68 32 1
68 33 1
68 34 1
68 35 1
68 36 1
68 37 1
68 40 1
68 41 1
68 42 1
68 46 1
68 47 1
68 51 1
68 52 1
68 53 1
68 59 1
68 65 1
68 66 1
68 67 1
69 4 1
69 6 1
69 7 1
69 16 1
69 17 1
69 23 1
69 24 1
69 25 1
69 26 1
69 29 1
69 39 1
69 42 1
69 43 1
69 45 1
69 54 1
69 55 1
69 57 1
69 58 1
69 61 1
69 65 1
69 66 1
70 0 1
70 1 1
70 4 1
70 6 1
70 7 1
70 8 1
70 14 1
70 17 1
70 18 1
70 23 1
70 25 1
70 26 1
70 29 1
70 31 1
70 33 1
70 34 1
70 35 1
70 36 1
70 42 1
70 45 1
70 46 1
70 48 1
70 54 1
70 57 1
70 58 1
70 59 1
70 61 1
70 65 1
70 66 1
70 67 1
70 69 1
71 0 1
71 1 1
71 4 1
71 6 1
71 7 1
71 8 1
71 14 1
71 16 1
71 17 1
71 18 1
71 23 1
71 24 1
71 25 1
71 26 1
71 29 1
71 31 1
71 33 1
71 34 1
71 35 1
71 36 1
71 41 1
71 42 1
71 45 1
71 46 1
71 48 1
71 53 1
71 54 1
71 55 1
71 57 1
71 58 1
71 59 1
71 60 1
71 61 1
71 65 1
71 66 1
71 67 1
71 69 1
71 70 1
72 0 1
72 15 1
72 27 1
72 28 1
72 31 1
72 32 1
72 33 1
72 34 1
72 35 1
72 36 1
72 37 1
72 38 1
72 40 1
72 41 1
72 46 1
72 47 1
72 48 1
72 51 1
72 52 1
72 53 1
72 68 1
73 0 1
73 2 1
73 10 1
73 11 1
73 19 1
73 28 1
73 29 1
73 34 1
73 36 1
73 37 1
73 38 1
73 40 1
73 47 1
73 48 1
73 49 1
73 50 1
73 52 1
73 56 1
73 60 1
73 63 1
73 64 1
73 72 1
74 0 1
74 1 1
74 4 1
74 6 1
74 8 1
74 14 1
74 16 1
74 17 1
74 18 1
74 25 1
74 26 1
74 27 1
74 29 1
74 31 1
74 32 1
74 33 1
74 34 1
74 35 1
74 36 1
74 37 1
74 38 1
74 41 1
74 42 1
74 45 1
74 46 1
74 48 1
74 49 1
74 52 1
74 53 1
74 54 1
74 58 1
74 59 1
74 60 1
74 61 1
74 65 1
74 66 1
74 67 1
74 68 1
74 70 1
74 71 1
74 72 1
75 0 1
75 8 1
75 11 1
75 16 1
75 19 1
75 27 1
75 28 1
75 29 1
75 31 1
75 32 1
75 33 1
75 34 1
75 35 1
75 36 1
75 37 1
75 38 1
75 40 1
75 41 1
75 46 1
75 47 1
75 48 1
75 49 1
75 51 1
75 52 1
75 53 1
75 56 1
75 60 1
75 68 1
75 72 1
75 73 1
75 74 1
76 4 1
76 6 1
76 8 1
76 13 1
76 14 1
76 17 1
76 18 1
76 24 1
76 25 1
76 26 1
76 31 1
76 39 1
76 42 1
76 45 1
76 57 1
76 58 1
76 59 1
76 65 1
76 66 1
76 67 1
76 69 1
76 70 1
76 71 1
76 74 1
77 15 1
77 16 1
77 30 1
77 31 1
77 32 1
77 33 1
77 34 1
77 36 1
77 37 1
77 40 1
77 41 1
77 47 1
77 51 1
77 52 1
77 64 1
77 68 1
77 72 1
77 73 1
77 75 1
78 0 1
78 1 1
78 5 1
78 6 1
78 8 1
78 14 1
78 16 1
78 17 1
78 18 1
78 23 1
78 25 1
78 26 1
78 27 1
78 29 1
78 31 1
78 33 1
78 34 1
78 35 1
78 36 1
78 41 1
78 42 1
78 45 1
78 46 1
78 48 1
78 53 1
78 54 1
78 55 1
78 58 1
78 59 1
78 60 1
78 61 1
78 62 1
78 65 1
78 66 1
78 67 1
78 69 1
78 70 1
78 71 1
78 74 1
78 75 1
79 0 1
79 8 1
79 15 1
79 18 1
79 27 1
79 31 1
79 32 1
79 33 1
79 34 1
79 35 1
79 36 1
79 37 1
79 38 1
79 40 1
79 41 1
79 46 1
79 47 1
79 48 1
79 51 1
79 52 1
79 53 1
79 59 1
79 66 1
79 67 1
79 68 1
79 72 1
79 74 1
79 75 1
79 77 1
79 78 1
80 0 1
80 8 1
80 27 1
80 31 1
80 32 1
80 33 1
80 34 1
80 35 1
80 36 1
80 37 1
80 38 1
80 46 1
80 47 1
80 48 1
80 51 1
80 52 1
80 53 1
80 60 1
80 68 1
80 72 1
80 73 1
80 74 1
80 75 1
80 77 1
80 79 1
81 0 1
81 11 1
81 19 1
81 27 1
81 28 1
81 32 1
81 33 1
81 35 1
81 36 1
81 37 1
81 38 1
81 40 1
81 47 1
81 48 1
81 49 1
81 51 1
81 52 1
81 53 1
81 60 1
81 72 1
81 73 1
81 75 1
81 77 1
81 79 1
81 80 1
82 3 1
82 4 1
82 13 1
82 14 1
82 24 1
82 31 1
82 39 1
82 57 1
82 58 1
82 59 1
82 65 1
82 66 1
82 67 1
82 76 1
83 1 1
83 6 1
83 7 1
83 17 1
83 20 1
83 21 1
83 23 1
83 24 1
83 25 1
83 26 1
83 29 1
83 42 1
83 43 1
83 45 1
83 54 1
83 55 1
83 61 1
83 62 1
83 69 1
83 70 1
83 71 1
83 78 1
84 2 1
84 11 1
84 16 1
84 19 1
84 22 1
84 28 1
84 29 1
84 30 1
84 33 1
84 34 1
84 36 1
84 37 1
84 40 1
84 41 1
84 47 1
84 48 1
84 49 1
84 50 1
84 51 1
84 52 1
84 56 1
84 60 1
84 63 1
84 64 1
84 72 1
84 73 1
84 75 1
84 77 1
84 79 1
84 80 1
84 81 1
85 6 1
85 11 1
85 12 1
85 16 1
85 22 1
85 23 1
85 24 1
85 29 1
85 30 1
85 33 1
85 34 1
85 40 1
85 41 1
85 42 1
85 44 1
85 49 1
85 50 1
85 52 1
85 54 1
85 56 1
85 61 1
85 64 1
86 3 1
86 6 1
86 12 1
86 13 1
86 16 1
86 22 1
86 23 1
86 24 1
86 29 1
86 30 1
86 33 1
86 34 1
86 39 1
86 40 1
86 41 1
86 42 1
86 44 1
86 49 1
86 50 1
86 52 1
86 56 1
86 64 1
86 85 1
87 12 1
87 16 1
87 22 1
87 23 1
87 24 1
87 30 1
87 34 1
87 40 1
87 41 1
87 42 1
87 44 1
87 49 1
87 50 1
87 64 1
87 85 1
87 86 1
88 3 1
88 4 1
88 12 1
88 13 1
88 16 1
88 30 1
88 39 1
88 41 1
88 44 1
88 57 1
88 65 1
88 67 1
88 82 1
88 86 1
88 87 1
89 4 1
89 8 1
89 14 1
89 17 1
89 18 1
89 25 1
89 26 1
89 31 1
89 35 1
89 39 1
89 45 1
89 46 1
89 57 1
89 58 1
89 59 1
89 65 1
89 66 1
89 67 1
89 69 1
89 70 1
89 71 1
89 74 1
89 76 1
89 78 1
89 82 1
90 3 1
90 12 1
90 13 1
90 15 1
90 16 1
90 22 1
90 30 1
90 31 1
90 32 1
90 33 1
90 34 1
90 35 1
90 36 1
90 37 1
90 40 1
90 41 1
90 42 1
90 44 1
90 47 1
90 49 1
90 51 1
90 52 1
90 64 1
90 67 1
90 68 1
90 72 1
90 74 1
90 75 1
90 77 1
90 79 1
90 80 1
90 81 1
90 84 1
90 85 1
90 86 1
91 1 1
91 6 1
91 7 1
91 8 1
91 12 1
91 16 1
91 17 1
91 22 1
91 23 1
91 24 1
91 26 1
91 29 1
91 30 1
91 31 1
91 33 1
91 34 1
91 39 1
91 41 1
91 42 1
91 43 1
91 44 1
91 45 1
91 48 1
91 49 1
91 50 1
91 52 1
91 54 1
91 55 1
91 56 1
91 58 1
91 60 1
91 61 1
91 64 1
91 65 1
91 66 1
91 67 1
91 69 1
91 70 1
91 71 1
91 74 1
91 78 1
91 83 1
91 85 1
91 86 1
91 87 1
92 0 1
92 2 1
92 10 1
92 11 1
92 27 1
92 28 1
92 36 1
92 37 1
92 38 1
92 46 1
92 47 1
92 48 1
92 53 1
92 60 1
92 72 1
92 73 1
92 75 1
92 79 1
92 80 1
92 81 1
92 84 1
93 1 1
93 5 1
93 6 1
93 7 1
93 9 1
93 16 1
93 17 1
93 20 1
93 21 1
93 23 1
93 24 1
93 25 1
93 26 1
93 29 1
93 34 1
93 42 1
93 43 1
93 45 1
93 48 1
93 49 1
93 50 1
93 54 1
93 55 1
93 60 1
93 61 1
93 62 1
93 63 1
93 69 1
93 70 1
93 71 1
93 78 1
93 83 1
93 85 1
93 91 1
94 1 1
94 2 1
94 5 1
94 9 1
94 10 1
94 11 1
94 21 1
94 29 1
94 48 1
94 56 1
94 60 1
94 62 1
94 63 1
95 1 1
95 2 1
95 10 1
95 11 1
95 16 1
95 19 1
95 21 1
95 22 1
95 28 1
95 29 1
95 30 1
95 34 1
95 37 1
95 42 1
95 48 1
95 49 1
95 50 1
95 54 1
95 55 1
95 56 1
95 60 1
95 61 1
95 62 1
95 63 1
95 64 1
95 73 1
95 84 1
95 85 1
95 91 1
95 93 1
95 94 1
96 3 1
96 12 1
96 13 1
96 16 1
96 22 1
96 30 1
96 39 1
96 41 1
96 44 1
96 85 1
96 86 1
96 87 1
96 88 1
97 0 1
97 4 1
97 8 1
97 13 1
97 14 1
97 16 1
97 17 1
97 18 1
97 26 1
97 27 1
97 31 1
97 32 1
97 33 1
97 34 1
97 35 1
97 36 1
97 39 1
97 41 1
97 42 1
97 45 1
97 46 1
97 48 1
97 52 1
97 53 1
97 57 1
97 58 1
97 59 1
97 61 1
97 65 1
97 66 1
97 67 1
97 68 1
97 70 1
97 71 1
97 74 1
97 76 1
97 78 1
97 79 1
97 80 1
97 82 1
97 89 1
97 91 1
98 3 1
98 4 1
98 8 1
98 13 1
98 14 1
98 15 1
98 16 1
98 27 1
98 31 1
98 32 1
98 33 1
98 34 1
98 35 1
98 36 1
98 39 1
98 40 1
98 41 1
98 42 1
98 46 1
98 51 1
98 52 1
98 59 1
98 65 1
98 66 1
98 67 1
98 68 1
98 72 1
98 74 1
98 77 1
98 79 1
98 82 1
98 88 1
98 90 1
98 97 1
99 15 1
99 16 1
99 19 1
99 22 1
99 28 1
99 30 1
99 31 1
99 32 1
99 33 1
99 34 1
99 36 1
99 37 1
99 40 1
99 41 1
99 47 1
99 49 1
99 50 1
99 51 1
99 52 1
99 56 1
99 64 1
99 68 1
99 72 1
99 73 1
99 75 1
99 77 1
99 79 1
99 80 1
99 81 1
99 84 1
99 90 1
99 98 1
100 1 1
100 6 1
100 7 1
100 9 1
100 17 1
100 20 1
100 21 1
100 23 1
100 24 1
100 25 1
100 26 1
100 29 1
100 42 1
100 43 1
100 45 1
100 54 1
100 55 1
100 61 1
100 62 1
100 69 1
100 70 1
100 71 1
100 78 1
100 83 1
100 91 1
100 93 1
101 0 1
101 1 1
101 5 1
101 8 1
101 10 1
101 11 1
101 18 1
101 27 1
101 35 1
101 36 1
101 37 1
101 38 1
101 46 1
101 47 1
101 48 1
101 53 1
101 60 1
101 72 1
101 73 1
101 74 1
101 75 1
101 78 1
101 79 1
101 80 1
101 81 1
101 92 1
102 0 1
102 1 1
102 2 1
102 5 1
102 8 1
102 9 1
102 10 1
102 11 1
102 18 1
102 21 1
102 26 1
102 29 1
102 34 1
102 35 1
102 36 1
102 38 1
102 42 1
102 45 1
102 46 1
102 48 1
102 49 1
102 53 1
102 54 1
102 60 1
102 61 1
102 62 1
102 63 1
102 70 1
102 71 1
102 73 1
102 74 1
102 75 1
102 78 1
102 80 1
102 92 1
102 94 1
102 95 1
102 101 1
103 0 1
103 1 1
103 2 1
103 5 1
103 6 1
103 8 1
103 9 1
103 10 1
103 11 1
103 16 1
103 17 1
103 18 1
103 20 1
103 21 1
103 23 1
103 25 1
103 26 1
103 29 1
103 33 1
103 34 1
103 35 1
103 36 1
103 38 1
103 42 1
103 45 1
103 46 1
103 48 1
103 49 1
103 50 1
103 53 1
103 54 1
103 55 1
103 56 1
103 60 1
103 61 1
103 62 1
103 63 1
103 66 1
103 69 1
103 70 1
103 71 1
103 74 1
103 75 1
103 78 1
103 83 1
103 91 1
103 93 1
103 94 1
103 95 1
103 97 1
103 100 1
103 101 1
103 102 1
104 0 1
104 1 1
104 2 1
104 5 1
104 6 1
104 7 1
104 9 1
104 10 1
104 11 1
104 16 1
104 20 1
104 21 1
104 23 1
104 24 1
104 26 1
104 29 1
104 34 1
104 42 1
104 43 1
104 45 1
104 48 1
104 49 1
104 50 1
104 54 1
104 55 1
104 56 1
104 60 1
104 61 1
104 62 1
104 63 1
104 64 1
104 69 1
104 71 1
104 74 1
104 78 1
104 83 1
104 85 1
104 91 1
104 93 1
104 94 1
104 95 1
104 100 1
104 102 1
104 103 1
105 1 1
105 11 1
105 16 1
105 19 1
105 22 1
105 28 1
105 29 1
105 30 1
105 33 1
105 34 1
105 37 1
105 40 1
105 41 1
105 42 1
105 44 1
105 48 1
105 49 1
105 50 1
105 52 1
105 56 1
105 61 1
105 63 1
105 64 1
105 73 1
105 84 1
105 85 1
105 86 1
105 87 1
105 91 1
105 95 1
105 99 1
105 104 1
106 1 1
106 6 1
106 11 1
106 12 1
106 16 1
106 22 1
106 23 1
106 24 1
106 29 1
106 30 1
106 33 1
106 34 1
106 37 1
106 40 1
106 41 1
106 42 1
106 44 1
106 48 1
106 49 1
106 50 1
106 52 1
106 54 1
106 56 1
106 60 1
106 61 1
106 64 1
106 68 1
106 73 1
106 74 1
106 84 1
106 85 1
106 86 1
106 87 1
106 90 1
106 91 1
106 93 1
106 95 1
106 99 1
106 103 1
106 104 1
106 105 1
107 3 1
107 4 1
107 8 1
107 13 1
107 14 1
107 15 1
107 16 1
107 18 1
107 27 1
107 31 1
107 32 1
107 33 1
107 34 1
107 35 1
107 36 1
107 39 1
107 41 1
107 42 1
107 46 1
107 51 1
107 52 1
107 53 1
107 58 1
107 59 1
107 65 1
107 66 1
107 67 1
107 68 1
107 71 1
107 72 1
107 74 1
107 75 1
107 76 1
107 77 1
107 79 1
107 80 1
107 82 1
107 89 1
107 90 1
107 97 1
107 98 1
107 99 1
108 6 1
108 7 1
108 17 1
108 18 1
108 20 1
108 21 1
108 23 1
108 24 1
108 25 1
108 26 1
108 42 1
108 43 1
108 45 1
108 54 1
108 55 1
108 58 1
108 61 1
108 62 1
108 66 1
108 69 1
108 70 1
108 71 1
108 78 1
108 83 1
108 89 1
108 93 1
108 100 1
108 103 1
108 104 1
109 0 1
109 1 1
109 8 1
109 14 1
109 16 1
109 18 1
109 26 1
109 27 1
109 29 1
109 31 1
109 32 1
109 33 1
109 34 1
109 35 1
109 36 1
109 37 1
109 38 1
109 41 1
109 42 1
109 45 1
109 46 1
109 48 1
109 52 1
109 53 1
109 54 1
109 58 1
109 59 1
109 60 1
109 61 1
109 66 1
109 67 1
109 68 1
109 70 1
109 71 1
109 72 1
109 74 1
109 75 1
109 78 1
109 79 1
109 80 1
109 81 1
109 92 1
109 97 1
109 101 1
109 102 1
109 103 1
109 107 1
110 1 1
110 5 1
110 6 1
110 7 1
110 9 1
110 11 1
110 16 1
110 17 1
110 20 1
110 21 1
110 22 1
110 23 1
110 24 1
110 26 1
110 29 1
110 30 1
110 33 1
110 34 1
110 41 1
110 42 1
110 43 1
110 45 1
110 48 1
110 49 1
110 50 1
110 54 1
110 55 1
110 56 1
110 60 1
110 61 1
110 62 1
110 63 1
110 64 1
110 69 1
110 70 1
110 71 1
110 74 1
110 78 1
110 83 1
110 85 1
110 86 1
110 91 1
110 93 1
110 95 1
110 100 1
110 102 1
110 103 1
110 104 1
110 105 1
110 106 1
110 108 1
111 1 1
111 5 1
111 6 1
111 7 1
111 9 1
111 17 1
111 20 1
111 21 1
111 23 1
111 25 1
111 26 1
111 29 1
111 42 1
111 43 1
111 45 1
111 48 1
111 54 1
111 55 1
111 60 1
111 61 1
111 62 1
111 63 1
111 69 1
111 71 1
111 78 1
111 83 1
111 91 1
111 93 1
111 100 1
111 102 1
111 103 1
111 104 1
111 108 1
111 110 1
112 0 1
112 1 1
112 2 1
112 5 1
112 9 1
112 10 1
112 11 1
112 20 1
112 21 1
112 29 1
112 48 1
112 49 1
112 54 1
112 55 1
112 56 1
112 60 1
112 61 1
112 62 1
112 63 1
112 78 1
112 92 1
112 94 1
112 95 1
112 101 1
112 102 1
112 103 1
112 104 1
112 110 1
112 111 1
113 0 1
113 1 1
113 2 1
113 5 1
113 9 1
113 10 1
113 11 1
113 19 1
113 21 1
113 28 1
113 29 1
113 34 1
113 37 1
113 38 1
113 48 1
113 49 1
113 50 1
113 54 1
113 56 1
113 60 1
113 61 1
113 62 1
113 63 1
113 73 1
113 75 1
113 84 1
113 92 1
113 94 1
113 95 1
113 101 1
113 102 1
113 103 1
113 104 1
113 105 1
113 110 1
113 112 1
114 0 1
114 1 1
114 2 1
114 5 1
114 9 1
114 10 1
114 11 1
114 19 1
114 21 1
114 28 1
114 29 1
114 34 1
114 37 1
114 48 1
114 49 1
114 50 1
114 54 1
114 56 1
114 60 1
114 61 1
114 62 1
114 63 1
114 64 1
114 73 1
114 84 1
114 94 1
114 95 1
114 102 1
114 103 1
114 104 1
114 105 1
114 106 1
114 110 1
114 112 1
114 113 1
115 0 1
115 1 1
115 2 1
115 5 1
115 6 1
115 9 1
115 10 1
115 11 1
115 16 1
115 19 1
115 21 1
115 22 1
115 28 1
115 29 1
115 30 1
115 33 1
115 34 1
115 37 1
115 41 1
115 42 1
115 48 1
115 49 1
115 50 1
115 54 1
115 55 1
115 56 1
115 60 1
115 61 1
115 62 1
115 63 1
115 64 1
115 73 1
115 74 1
115 75 1
115 78 1
115 84 1
115 85 1
115 91 1
115 93 1
115 94 1
115 95 1
115 102 1
115 103 1
115 104 1
115 105 1
115 106 1
115 110 1
115 111 1
115 112 1
115 113 1
115 114 1
116 3 1
116 12 1
116 13 1
116 16 1
116 22 1
116 30 1
116 33 1
116 39 1
116 40 1
116 41 1
116 44 1
116 52 1
116 68 1
116 82 1
116 86 1
116 87 1
116 88 1
116 90 1
116 96 1
116 98 1
116 106 1
117 3 1
117 13 1
117 15 1
117 27 1
117 31 1
117 32 1
117 33 1
117 35 1
117 36 1
117 40 1
117 41 1
117 51 1
117 52 1
117 59 1
117 67 1
117 68 1
117 72 1
117 77 1
117 79 1
117 80 1
117 90 1
117 97 1
117 98 1
117 99 1
117 107 1
118 15 1
118 31 1
118 32 1
118 33 1
118 36 1
118 37 1
118 40 1
118 41 1
118 47 1
118 51 1
118 52 1
118 67 1
118 68 1
118 72 1
118 75 1
118 77 1
118 79 1
118 80 1
118 90 1
118 98 1
118 99 1
118 107 1
118 117 1
119 11 1
119 12 1
119 15 1
119 16 1
119 22 1
119 29 1
119 30 1
119 31 1
119 32 1
119 33 1
119 34 1
119 35 1
119 36 1
119 37 1
119 40 1
119 41 1
119 42 1
119 44 1
119 47 1
119 48 1
119 49 1
119 50 1
119 51 1
119 52 1
119 56 1
119 60 1
119 61 1
119 64 1
119 67 1
119 68 1
119 71 1
119 72 1
119 73 1
119 74 1
119 75 1
119 77 1
119 79 1
119 80 1
119 81 1
119 84 1
119 85 1
119 86 1
119 87 1
119 90 1
119 91 1
119 95 1
119 97 1
119 98 1
119 99 1
119 105 1
119 106 1
119 107 1
119 109 1
119 115 1
119 116 1
119 117 1
119 118 1
120 1 1
120 3 1
120 4 1
120 6 1
120 7 1
120 8 1
120 12 1
120 13 1
120 14 1
120 16 1
120 17 1
120 18 1
120 22 1
120 23 1
120 24 1
120 26 1
120 29 1
120 30 1
120 31 1
120 32 1
120 33 1
120 34 1
120 35 1
120 36 1
120 39 1
120 40 1
120 41 1
120 42 1
120 44 1
120 45 1
120 48 1
120 49 1
120 50 1
120 52 1
120 54 1
120 57 1
120 58 1
120 59 1
120 61 1
120 64 1
120 65 1
120 66 1
120 67 1
120 68 1
120 69 1
120 70 1
120 71 1
120 74 1
120 76 1
120 78 1
120 82 1
120 83 1
120 85 1
120 86 1
120 87 1
120 88 1
120 90 1
120 91 1
120 93 1
120 96 1
120 97 1
120 98 1
120 99 1
120 103 1
120 104 1
120 105 1
120 106 1
120 107 1
120 109 1
120 110 1
120 115 1
120 116 1
120 119 1
121 1 1
121 4 1
121 6 1
121 7 1
121 8 1
121 12 1
121 13 1
121 14 1
121 16 1
121 17 1
121 18 1
121 23 1
121 24 1
121 25 1
121 26 1
121 29 1
121 30 1
121 31 1
121 33 1
121 34 1
121 39 1
121 41 1
121 42 1
121 43 1
121 45 1
121 48 1
121 50 1
121 54 1
121 55 1
121 57 1
121 58 1
121 59 1
121 61 1
121 65 1
121 66 1
121 67 1
121 69 1
121 70 1
121 71 1
121 74 1
121 76 1
121 78 1
121 82 1
121 83 1
121 85 1
121 86 1
121 87 1
121 89 1
121 91 1
121 93 1
121 97 1
121 100 1
121 103 1
121 104 1
121 106 1
121 108 1
121 110 1
121 119 1
121 120 1
122 4 1
122 6 1
122 7 1
122 14 1
122 16 1
122 17 1
122 23 1
122 24 1
122 25 1
122 26 1
122 39 1
122 42 1
122 43 1
122 45 1
122 54 1
122 55 1
122 57 1
122 58 1
122 61 1
122 65 1
122 66 1
122 67 1
122 69 1
122 70 1
122 71 1
122 76 1
122 78 1
122 82 1
122 83 1
122 86 1
122 89 1
122 91 1
122 93 1
122 100 1
122 108 1
122 110 1
122 120 1
122 121 1
123 0 1
123 1 1
123 2 1
123 5 1
123 8 1
123 10 1
123 11 1
123 18 1
123 27 1
123 28 1
123 29 1
123 33 1
123 34 1
123 35 1
123 36 1
123 37 1
123 38 1
123 42 1
123 46 1
123 47 1
123 48 1
123 49 1
123 50 1
123 52 1
123 53 1
123 54 1
123 56 1
123 60 1
123 61 1
123 62 1
123 63 1
123 71 1
123 72 1
123 73 1
123 74 1
123 75 1
123 78 1
123 79 1
123 80 1
123 81 1
123 84 1
123 92 1
123 94 1
123 95 1
123 101 1
123 102 1
123 103 1
123 104 1
123 109 1
123 112 1
123 113 1
123 114 1
123 115 1
123 119 1
124 4 1
124 6 1
124 7 1
124 8 1
124 13 1
124 14 1
124 16 1
124 17 1
124 18 1
124 23 1
124 24 1
124 25 1
124 26 1
124 31 1
124 33 1
124 34 1
124 35 1
124 39 1
124 41 1
124 42 1
124 45 1
124 46 1
124 57 1
124 58 1
124 59 1
124 61 1
124 65 1
124 66 1
124 67 1
124 69 1
124 70 1
124 71 1
124 74 1
124 76 1
124 78 1
124 82 1
124 89 1
124 91 1
124 97 1
124 98 1
124 107 1
124 108 1
124 109 1
124 120 1
124 121 1
124 122 1
125 1 1
125 5 1
125 6 1
125 7 1
125 8 1
125 9 1
125 17 1
125 18 1
125 20 1
125 21 1
125 23 1
125 24 1
125 25 1
125 26 1
125 29 1
125 42 1
125 43 1
125 45 1
125 48 1
125 54 1
125 55 1
125 58 1
125 61 1
125 62 1
125 69 1
125 70 1
125 71 1
125 74 1
125 78 1
125 83 1
125 91 1
125 93 1
125 100 1
125 102 1
125 103 1
125 104 1
125 108 1
125 110 1
125 111 1
125 121 1
125 122 1
126 0 1
126 1 1
126 2 1
126 5 1
126 10 1
126 11 1
126 18 1
126 27 1
126 29 1
126 35 1
126 36 1
126 37 1
126 38 1
126 46 1
126 47 1
126 48 1
126 53 1
126 60 1
126 61 1
126 63 1
126 72 1
126 73 1
126 74 1
126 75 1
126 78 1
126 79 1
126 80 1
126 81 1
126 84 1
126 92 1
126 94 1
126 101 1
126 102 1
126 103 1
126 109 1
126 112 1
126 113 1
126 114 1
126 115 1
126 123 1
127 3 1
127 12 1
127 13 1
127 16 1
127 22 1
127 30 1
127 33 1
127 34 1
127 39 1
127 40 1
127 41 1
127 42 1
127 44 1
127 50 1
127 52 1
127 64 1
127 68 1
127 85 1
127 86 1
127 87 1
127 88 1
127 90 1
127 91 1
127 96 1
127 99 1
127 105 1
127 106 1
127 116 1
127 119 1
127 120 1
128 3 1
128 4 1
128 12 1
128 13 1
128 16 1
128 22 1
128 24 1
128 30 1
128 31 1
128 33 1
128 34 1
128 39 1
128 40 1
128 41 1
128 42 1
128 44 1
128 52 1
128 57 1
128 65 1
128 67 1
128 68 1
128 82 1
128 85 1
128 86 1
128 87 1
128 88 1
128 90 1
128 91 1
128 96 1
128 98 1
128 106 1
128 116 1
128 119 1
128 120 1
128 121 1
128 127 1
129 3 1
129 4 1
129 6 1
129 12 1
129 13 1
129 14 1
129 16 1
129 23 1
129 24 1
129 30 1
129 31 1
129 33 1
129 34 1
129 39 1
129 41 1
129 42 1
129 52 1
129 57 1
129 58 1
129 59 1
129 65 1
129 66 1
129 67 1
129 68 1
129 71 1
129 76 1
129 82 1
129 86 1
129 87 1
129 88 1
129 90 1
129 91 1
129 96 1
129 97 1
129 98 1
129 107 1
129 116 1
129 119 1
129 120 1
129 121 1
129 122 1
129 124 1
129 127 1
129 128 1
130 3 1
130 4 1
130 6 1
130 7 1
130 12 1
130 13 1
130 16 1
130 17 1
130 22 1
130 23 1
130 24 1
130 26 1
130 29 1
130 30 1
130 31 1
130 33 1
130 34 1
130 39 1
130 41 1
130 42 1
130 44 1
130 45 1
130 49 1
130 50 1
130 52 1
130 54 1
130 55 1
130 57 1
130 58 1
130 61 1
130 64 1
130 65 1
130 66 1
130 67 1
130 69 1
130 70 1
130 71 1
130 74 1
130 76 1
130 78 1
130 82 1
130 83 1
130 85 1
130 86 1
130 87 1
130 88 1
130 91 1
130 93 1
130 96 1
130 97 1
130 103 1
130 104 1
130 105 1
130 106 1
130 110 1
130 116 1
130 119 1
130 120 1
130 121 1
130 122 1
130 124 1
130 125 1
130 127 1
130 128 1
130 129 1
