# minsup
1
# graph
G_portein_file\Hemoglobin\1HBG.pdb
# node ID, label
0 A
1 A
2 A
3 A
4 A
5 A
6 A
7 A
8 A
9 A
10 A
11 A
12 A
13 A
14 A
15 A
16 A
17 A
18 A
19 A
20 A
21 A
22 A
23 A
24 A
25 A
26 A
27 A
28 A
29 A
30 C
31 D
32 D
33 D
34 D
35 D
36 E
37 E
38 F
39 F
40 F
41 F
42 G
43 G
44 G
45 G
46 G
47 G
48 G
49 G
50 G
51 G
52 G
53 G
54 G
55 G
56 G
57 G
58 G
59 G
60 H
61 H
62 H
63 H
64 I
65 I
66 I
67 I
68 I
69 I
70 I
71 K
72 K
73 K
74 K
75 K
76 K
77 K
78 K
79 K
80 K
81 L
82 L
83 L
84 L
85 L
86 L
87 L
88 L
89 L
90 L
91 L
92 M
93 M
94 M
95 M
96 M
97 N
98 N
99 P
100 P
101 P
102 Q
103 Q
104 Q
105 Q
106 Q
107 Q
108 Q
109 R
110 R
111 R
112 S
113 S
114 S
115 S
116 S
117 S
118 S
119 S
120 S
121 S
122 T
123 V
124 V
125 V
126 V
127 V
128 V
129 V
130 V
131 V
132 V
133 W
134 W
135 Y
136 Y
137 Y
# node ID1, node ID2, number of bounds
1 0 1
3 2 1
5 4 1
6 4 1
6 5 1
9 8 1
10 7 1
10 8 1
11 6 1
11 10 1
12 6 1
12 11 1
13 6 1
13 11 1
13 12 1
14 4 1
14 6 1
14 13 1
15 14 1
16 15 1
17 16 1
20 19 1
22 1 1
22 21 1
23 3 1
23 21 1
23 22 1
24 1 1
24 21 1
24 22 1
24 23 1
25 19 1
25 23 1
25 24 1
26 23 1
26 24 1
26 25 1
27 15 1
27 24 1
27 25 1
27 26 1
28 24 1
28 25 1
28 26 1
28 27 1
29 16 1
29 17 1
29 28 1
30 6 1
30 11 1
30 13 1
30 19 1
30 20 1
31 2 1
31 3 1
31 4 1
31 5 1
32 4 1
32 5 1
32 6 1
32 13 1
32 14 1
33 8 1
33 10 1
33 11 1
33 12 1
34 21 1
34 22 1
34 23 1
34 24 1
34 25 1
34 26 1
34 27 1
35 15 1
35 25 1
35 26 1
35 27 1
35 28 1
35 29 1
36 18 1
36 19 1
36 28 1
37 20 1
37 23 1
38 7 1
38 8 1
38 10 1
38 19 1
38 30 1
39 8 1
39 9 1
40 8 1
40 9 1
40 10 1
40 33 1
40 39 1
41 18 1
41 19 1
41 28 1
41 36 1
42 0 1
42 26 1
42 27 1
42 28 1
42 35 1
43 4 1
43 5 1
43 6 1
43 31 1
43 32 1
44 4 1
44 5 1
44 6 1
44 13 1
44 14 1
44 31 1
44 32 1
44 43 1
45 4 1
45 5 1
45 6 1
45 11 1
45 13 1
45 20 1
45 30 1
45 32 1
45 43 1
45 44 1
46 6 1
46 11 1
46 12 1
46 13 1
46 14 1
46 20 1
46 30 1
46 44 1
46 45 1
47 8 1
47 9 1
47 33 1
47 39 1
47 40 1
48 8 1
48 9 1
48 10 1
48 33 1
48 39 1
48 40 1
48 47 1
49 10 1
49 11 1
49 12 1
49 13 1
49 33 1
49 39 1
49 40 1
49 47 1
49 48 1
50 6 1
50 11 1
50 12 1
50 13 1
50 14 1
50 30 1
50 44 1
50 45 1
50 46 1
50 49 1
51 2 1
51 4 1
51 14 1
51 15 1
51 44 1
52 16 1
52 42 1
53 16 1
53 17 1
53 29 1
54 53 1
55 19 1
55 20 1
55 25 1
55 28 1
55 30 1
55 36 1
55 38 1
55 41 1
56 20 1
56 37 1
57 21 1
57 23 1
57 37 1
57 56 1
58 18 1
58 27 1
58 28 1
58 29 1
58 35 1
58 41 1
58 53 1
59 16 1
59 17 1
59 29 1
59 53 1
59 58 1
60 7 1
60 8 1
60 10 1
60 38 1
61 15 1
61 51 1
61 52 1
62 17 1
62 53 1
62 54 1
62 59 1
63 20 1
63 37 1
63 56 1
63 57 1
64 0 1
64 1 1
64 2 1
64 3 1
64 22 1
64 23 1
64 24 1
64 26 1
64 27 1
64 34 1
65 3 1
65 4 1
65 5 1
65 6 1
65 20 1
65 31 1
65 32 1
65 37 1
65 43 1
65 44 1
65 45 1
65 51 1
65 63 1
65 64 1
66 7 1
66 8 1
66 10 1
66 11 1
66 30 1
66 33 1
66 38 1
66 46 1
66 48 1
66 50 1
66 60 1
67 4 1
67 13 1
67 14 1
67 15 1
67 27 1
67 44 1
67 51 1
68 4 1
68 20 1
68 31 1
68 37 1
68 43 1
68 56 1
68 57 1
68 63 1
68 65 1
69 15 1
69 25 1
69 26 1
69 27 1
69 28 1
69 29 1
69 35 1
69 42 1
69 58 1
69 67 1
70 18 1
70 29 1
70 35 1
70 41 1
70 53 1
70 58 1
70 59 1
70 62 1
70 69 1
71 2 1
71 3 1
71 4 1
71 5 1
71 31 1
71 43 1
71 44 1
71 51 1
71 64 1
71 65 1
72 6 1
72 10 1
72 11 1
72 12 1
72 13 1
72 20 1
72 30 1
72 38 1
72 44 1
72 45 1
72 46 1
72 49 1
72 50 1
72 66 1
73 6 1
73 11 1
73 13 1
73 20 1
73 30 1
73 38 1
73 45 1
73 46 1
73 50 1
73 63 1
73 66 1
73 72 1
74 7 1
74 10 1
74 20 1
74 30 1
74 38 1
74 46 1
74 60 1
74 66 1
74 72 1
74 73 1
75 6 1
75 11 1
75 12 1
75 13 1
75 14 1
75 44 1
75 46 1
75 50 1
75 51 1
75 67 1
75 72 1
76 15 1
76 16 1
76 52 1
76 61 1
77 16 1
77 17 1
77 29 1
77 53 1
77 58 1
77 59 1
77 62 1
77 69 1
77 70 1
77 76 1
78 53 1
78 54 1
78 59 1
78 62 1
79 3 1
79 21 1
79 22 1
79 23 1
79 31 1
79 37 1
79 56 1
79 57 1
79 65 1
79 68 1
80 21 1
80 22 1
80 23 1
80 24 1
80 25 1
80 26 1
80 27 1
80 34 1
80 37 1
80 64 1
80 79 1
81 0 1
81 1 1
81 24 1
81 26 1
81 27 1
81 35 1
81 42 1
81 64 1
82 7 1
82 8 1
82 10 1
82 11 1
82 12 1
82 13 1
82 20 1
82 30 1
82 38 1
82 46 1
82 50 1
82 66 1
82 72 1
82 73 1
82 74 1
83 7 1
83 8 1
83 9 1
83 10 1
83 30 1
83 38 1
83 39 1
83 40 1
83 48 1
83 60 1
83 66 1
83 74 1
83 82 1
84 6 1
84 11 1
84 12 1
84 13 1
84 14 1
84 39 1
84 46 1
84 49 1
84 50 1
84 72 1
84 75 1
84 82 1
85 4 1
85 6 1
85 13 1
85 14 1
85 15 1
85 30 1
85 44 1
85 45 1
85 46 1
85 50 1
85 51 1
85 65 1
85 67 1
85 72 1
85 75 1
85 84 1
86 0 1
86 2 1
86 15 1
86 27 1
86 42 1
86 52 1
86 61 1
86 64 1
86 76 1
86 81 1
87 19 1
87 30 1
87 36 1
87 38 1
87 41 1
87 55 1
87 60 1
87 74 1
87 82 1
87 83 1
88 19 1
88 20 1
88 25 1
88 30 1
88 36 1
88 37 1
88 38 1
88 46 1
88 50 1
88 55 1
88 63 1
88 72 1
88 73 1
88 74 1
88 82 1
88 85 1
88 87 1
89 19 1
89 20 1
89 23 1
89 25 1
89 30 1
89 37 1
89 55 1
89 63 1
89 80 1
89 87 1
89 88 1
90 16 1
90 17 1
90 18 1
90 28 1
90 29 1
90 35 1
90 41 1
90 53 1
90 58 1
90 59 1
90 62 1
90 69 1
90 70 1
90 77 1
91 17 1
91 18 1
91 29 1
91 53 1
91 54 1
91 58 1
91 59 1
91 62 1
91 70 1
91 77 1
91 78 1
91 90 1
92 7 1
92 8 1
92 9 1
92 10 1
92 38 1
92 39 1
92 40 1
92 47 1
92 48 1
92 60 1
92 83 1
93 15 1
93 16 1
93 29 1
93 35 1
93 42 1
93 52 1
93 61 1
93 67 1
93 69 1
93 76 1
93 77 1
93 86 1
94 15 1
94 16 1
94 17 1
94 29 1
94 35 1
94 53 1
94 58 1
94 59 1
94 67 1
94 69 1
94 70 1
94 76 1
94 77 1
94 90 1
94 91 1
94 93 1
95 4 1
95 20 1
95 30 1
95 31 1
95 37 1
95 44 1
95 45 1
95 46 1
95 56 1
95 63 1
95 65 1
95 68 1
95 73 1
95 79 1
95 80 1
95 88 1
95 89 1
96 21 1
96 22 1
96 23 1
96 24 1
96 34 1
96 37 1
96 56 1
96 57 1
96 63 1
96 65 1
96 68 1
96 79 1
96 80 1
96 89 1
96 95 1
97 4 1
97 5 1
97 6 1
97 13 1
97 14 1
97 31 1
97 32 1
97 43 1
97 44 1
97 45 1
97 46 1
97 51 1
97 65 1
97 71 1
97 75 1
97 85 1
98 21 1
98 22 1
98 23 1
98 24 1
98 34 1
98 37 1
98 56 1
98 57 1
98 68 1
98 79 1
98 80 1
98 96 1
99 7 1
99 8 1
99 9 1
99 10 1
99 38 1
99 48 1
99 60 1
99 74 1
99 83 1
99 92 1
100 10 1
100 11 1
100 12 1
100 33 1
100 40 1
100 48 1
100 49 1
100 66 1
100 72 1
100 84 1
101 7 1
101 19 1
101 36 1
101 38 1
101 41 1
101 55 1
101 60 1
101 87 1
101 88 1
102 0 1
102 1 1
102 2 1
102 22 1
102 23 1
102 24 1
102 26 1
102 27 1
102 34 1
102 42 1
102 64 1
102 80 1
102 81 1
102 86 1
103 0 1
103 1 1
103 2 1
103 3 1
103 23 1
103 24 1
103 64 1
103 81 1
103 86 1
103 102 1
104 7 1
104 8 1
104 9 1
104 39 1
104 48 1
104 60 1
104 83 1
104 92 1
104 99 1
105 13 1
105 14 1
105 15 1
105 51 1
105 67 1
105 75 1
105 85 1
105 94 1
106 15 1
106 16 1
106 17 1
106 29 1
106 52 1
106 53 1
106 59 1
106 61 1
106 69 1
106 76 1
106 77 1
106 90 1
106 93 1
106 94 1
106 105 1
107 18 1
107 36 1
107 41 1
107 70 1
107 87 1
107 101 1
108 18 1
108 53 1
108 59 1
108 62 1
108 70 1
108 77 1
108 78 1
108 90 1
108 91 1
109 0 1
109 1 1
109 2 1
109 3 1
109 23 1
109 24 1
109 26 1
109 27 1
109 42 1
109 64 1
109 81 1
109 86 1
109 102 1
109 103 1
110 17 1
110 53 1
110 54 1
110 59 1
110 62 1
110 77 1
110 78 1
110 90 1
110 91 1
110 94 1
111 4 1
111 20 1
111 31 1
111 37 1
111 43 1
111 44 1
111 45 1
111 56 1
111 57 1
111 63 1
111 65 1
111 68 1
111 73 1
111 79 1
111 95 1
111 96 1
112 0 1
112 1 1
112 24 1
112 26 1
112 42 1
112 81 1
112 102 1
112 103 1
112 109 1
113 7 1
113 8 1
113 10 1
113 38 1
113 48 1
113 60 1
113 66 1
113 74 1
113 82 1
113 83 1
113 92 1
113 99 1
113 104 1
114 8 1
114 9 1
114 10 1
114 33 1
114 39 1
114 40 1
114 47 1
114 48 1
114 49 1
114 99 1
114 100 1
115 10 1
115 11 1
115 33 1
115 40 1
115 48 1
115 49 1
115 66 1
115 74 1
115 82 1
115 83 1
115 100 1
115 113 1
115 114 1
116 2 1
116 15 1
116 51 1
116 61 1
116 67 1
116 76 1
116 86 1
116 93 1
116 105 1
117 7 1
117 19 1
117 20 1
117 30 1
117 36 1
117 38 1
117 41 1
117 46 1
117 55 1
117 66 1
117 73 1
117 74 1
117 82 1
117 83 1
117 87 1
117 88 1
117 89 1
117 95 1
117 101 1
118 19 1
118 20 1
118 30 1
118 37 1
118 55 1
118 56 1
118 63 1
118 73 1
118 74 1
118 80 1
118 87 1
118 88 1
118 89 1
118 95 1
118 96 1
118 111 1
118 117 1
119 18 1
119 26 1
119 27 1
119 28 1
119 29 1
119 35 1
119 36 1
119 41 1
119 53 1
119 55 1
119 58 1
119 59 1
119 67 1
119 69 1
119 70 1
119 77 1
119 87 1
119 90 1
119 94 1
120 17 1
120 18 1
120 29 1
120 53 1
120 58 1
120 59 1
120 70 1
120 77 1
120 90 1
120 91 1
120 94 1
120 108 1
120 119 1
121 53 1
121 59 1
121 70 1
121 77 1
121 78 1
121 91 1
121 108 1
121 120 1
122 2 1
122 3 1
122 4 1
122 23 1
122 31 1
122 43 1
122 64 1
122 65 1
122 68 1
122 71 1
122 79 1
122 95 1
122 96 1
122 103 1
123 0 1
123 1 1
123 2 1
123 3 1
123 22 1
123 23 1
123 24 1
123 34 1
123 64 1
123 79 1
123 80 1
123 96 1
123 98 1
123 102 1
123 103 1
123 109 1
123 122 1
124 4 1
124 6 1
124 11 1
124 13 1
124 20 1
124 30 1
124 32 1
124 37 1
124 43 1
124 44 1
124 45 1
124 46 1
124 50 1
124 63 1
124 65 1
124 66 1
124 72 1
124 73 1
124 82 1
124 85 1
124 88 1
124 89 1
124 95 1
124 97 1
124 111 1
124 117 1
124 118 1
125 8 1
125 9 1
125 39 1
125 40 1
125 47 1
125 92 1
125 99 1
125 104 1
126 8 1
126 10 1
126 11 1
126 12 1
126 13 1
126 30 1
126 33 1
126 39 1
126 40 1
126 46 1
126 48 1
126 49 1
126 50 1
126 66 1
126 72 1
126 73 1
126 82 1
126 83 1
126 84 1
126 100 1
126 114 1
126 115 1
127 6 1
127 12 1
127 13 1
127 14 1
127 30 1
127 44 1
127 46 1
127 50 1
127 51 1
127 67 1
127 72 1
127 75 1
127 82 1
127 84 1
127 85 1
127 105 1
127 124 1
128 14 1
128 15 1
128 51 1
128 61 1
128 67 1
128 85 1
128 86 1
128 93 1
128 94 1
128 105 1
128 106 1
128 116 1
129 2 1
129 14 1
129 15 1
129 27 1
129 51 1
129 61 1
129 64 1
129 67 1
129 69 1
129 86 1
129 93 1
129 105 1
129 109 1
129 116 1
129 128 1
130 15 1
130 16 1
130 17 1
130 29 1
130 35 1
130 42 1
130 52 1
130 58 1
130 59 1
130 61 1
130 69 1
130 76 1
130 77 1
130 86 1
130 90 1
130 93 1
130 94 1
130 106 1
130 119 1
130 120 1
131 16 1
131 17 1
131 29 1
131 53 1
131 59 1
131 62 1
131 70 1
131 77 1
131 78 1
131 90 1
131 91 1
131 94 1
131 105 1
131 106 1
131 110 1
131 130 1
132 17 1
132 53 1
132 54 1
132 59 1
132 62 1
132 70 1
132 77 1
132 78 1
132 90 1
132 91 1
132 94 1
132 108 1
132 110 1
132 120 1
132 121 1
132 131 1
133 2 1
133 3 1
133 4 1
133 31 1
133 43 1
133 44 1
133 51 1
133 64 1
133 65 1
133 67 1
133 68 1
133 71 1
133 95 1
133 97 1
133 116 1
133 122 1
133 123 1
133 129 1
134 22 1
134 23 1
134 24 1
134 25 1
134 26 1
134 27 1
134 28 1
134 34 1
134 35 1
134 55 1
134 64 1
134 80 1
134 81 1
134 88 1
134 89 1
134 95 1
134 96 1
134 102 1
134 109 1
134 122 1
134 123 1
134 133 1
135 39 1
135 47 1
135 54 1
135 62 1
135 78 1
135 110 1
135 125 1
135 132 1
136 18 1
136 36 1
136 41 1
136 55 1
136 60 1
136 87 1
136 92 1
136 101 1
136 107 1
136 125 1
137 19 1
137 24 1
137 25 1
137 26 1
137 27 1
137 28 1
137 29 1
137 35 1
137 36 1
137 41 1
137 55 1
137 58 1
137 67 1
137 69 1
137 87 1
137 88 1
137 89 1
137 119 1
137 134 1
