# minsup
1
# graph
G_portein_file\Hemoglobin\1JF3.pdb
# node ID, label
0 A
1 A
2 A
3 A
4 A
5 A
6 A
7 A
8 A
9 A
10 A
11 A
12 A
13 A
14 A
15 A
16 A
17 A
18 A
19 A
20 A
21 A
22 A
23 A
24 A
25 A
26 A
27 C
28 D
29 D
30 D
31 D
32 D
33 D
34 E
35 E
36 E
37 E
38 E
39 E
40 E
41 E
42 F
43 F
44 F
45 F
46 G
47 G
48 G
49 G
50 G
51 G
52 G
53 G
54 G
55 G
56 G
57 G
58 G
59 G
60 G
61 G
62 G
63 G
64 G
65 H
66 H
67 H
68 H
69 I
70 I
71 I
72 I
73 I
74 I
75 I
76 K
77 K
78 K
79 K
80 K
81 K
82 K
83 K
84 K
85 K
86 L
87 L
88 L
89 L
90 L
91 L
92 L
93 L
94 L
95 M
96 M
97 M
98 M
99 M
100 N
101 N
102 N
103 P
104 P
105 P
106 Q
107 Q
108 Q
109 Q
110 R
111 R
112 R
113 S
114 S
115 S
116 S
117 S
118 S
119 S
120 S
121 S
122 S
123 S
124 S
125 T
126 V
127 V
128 V
129 V
130 V
131 V
132 V
133 V
134 V
135 V
136 V
137 W
138 W
139 Y
140 Y
141 Y
# node ID1, node ID2, number of bounds
1 0 1
2 1 1
4 3 1
5 3 1
5 4 1
8 7 1
9 6 1
9 7 1
10 5 1
10 9 1
11 5 1
11 10 1
12 3 1
12 5 1
12 11 1
13 12 1
15 14 1
18 17 1
20 1 1
20 19 1
21 19 1
21 20 1
22 1 1
22 2 1
22 19 1
22 20 1
22 21 1
23 17 1
23 20 1
23 21 1
23 22 1
24 21 1
24 22 1
24 23 1
25 13 1
25 22 1
25 23 1
25 24 1
26 14 1
26 15 1
27 5 1
27 10 1
27 17 1
27 18 1
28 2 1
28 3 1
28 4 1
29 3 1
29 4 1
29 5 1
29 11 1
29 12 1
30 7 1
30 9 1
30 10 1
31 13 1
32 19 1
32 20 1
32 21 1
32 22 1
32 23 1
32 24 1
32 25 1
33 13 1
33 23 1
33 24 1
33 25 1
33 26 1
34 5 1
34 9 1
34 10 1
34 18 1
34 27 1
35 6 1
35 7 1
35 8 1
36 5 1
36 10 1
36 11 1
36 30 1
37 13 1
37 14 1
37 31 1
37 33 1
38 13 1
38 14 1
38 15 1
38 26 1
39 16 1
40 16 1
40 17 1
40 23 1
40 39 1
41 18 1
41 21 1
42 6 1
42 7 1
42 9 1
42 17 1
42 27 1
42 34 1
43 7 1
43 8 1
43 35 1
44 7 1
44 8 1
44 9 1
44 30 1
44 43 1
45 16 1
45 17 1
45 39 1
45 40 1
46 3 1
46 4 1
46 5 1
46 28 1
46 29 1
47 3 1
47 4 1
47 5 1
47 11 1
47 12 1
47 28 1
47 29 1
47 46 1
48 3 1
48 4 1
48 5 1
48 10 1
48 11 1
48 18 1
48 27 1
48 29 1
48 34 1
48 46 1
48 47 1
49 5 1
49 10 1
49 11 1
49 12 1
49 18 1
49 27 1
49 34 1
49 36 1
49 47 1
49 48 1
50 7 1
50 8 1
50 9 1
50 30 1
50 35 1
50 43 1
50 44 1
51 9 1
51 10 1
51 11 1
51 30 1
51 36 1
51 43 1
51 44 1
51 50 1
52 5 1
52 10 1
52 11 1
52 12 1
52 27 1
52 34 1
52 36 1
52 47 1
52 48 1
52 49 1
52 51 1
53 2 1
53 3 1
53 12 1
53 13 1
53 47 1
54 0 1
54 13 1
54 31 1
54 37 1
55 14 1
55 26 1
55 31 1
55 37 1
55 38 1
55 54 1
56 14 1
56 15 1
56 26 1
56 38 1
57 56 1
58 7 1
58 8 1
58 43 1
58 44 1
58 57 1
59 17 1
59 18 1
59 23 1
59 27 1
59 40 1
59 42 1
59 45 1
60 18 1
60 41 1
61 19 1
61 21 1
61 41 1
61 60 1
62 22 1
62 23 1
62 24 1
62 25 1
62 26 1
62 33 1
62 40 1
62 45 1
62 59 1
63 16 1
63 25 1
63 26 1
63 33 1
63 40 1
63 45 1
63 56 1
63 62 1
64 14 1
64 15 1
64 26 1
64 38 1
64 56 1
64 63 1
65 6 1
65 7 1
65 9 1
65 35 1
65 42 1
66 2 1
66 13 1
66 31 1
66 37 1
66 38 1
66 53 1
66 54 1
66 55 1
67 15 1
67 56 1
67 57 1
67 58 1
67 64 1
68 16 1
68 43 1
68 57 1
68 58 1
68 67 1
69 2 1
69 3 1
69 4 1
69 5 1
69 18 1
69 28 1
69 29 1
69 41 1
69 46 1
69 47 1
69 48 1
69 53 1
70 6 1
70 7 1
70 8 1
70 9 1
70 27 1
70 35 1
70 42 1
70 43 1
70 44 1
70 50 1
70 65 1
71 12 1
71 13 1
71 25 1
71 47 1
71 53 1
71 66 1
72 16 1
72 39 1
72 43 1
72 45 1
72 57 1
72 58 1
72 67 1
72 68 1
73 3 1
73 18 1
73 28 1
73 41 1
73 46 1
73 60 1
73 61 1
73 69 1
74 13 1
74 24 1
74 25 1
74 26 1
74 33 1
74 37 1
74 38 1
74 62 1
74 63 1
74 71 1
75 16 1
75 26 1
75 33 1
75 39 1
75 45 1
75 56 1
75 63 1
75 64 1
75 67 1
75 72 1
75 74 1
76 2 1
76 3 1
76 4 1
76 28 1
76 46 1
76 47 1
76 53 1
76 69 1
76 73 1
77 5 1
77 9 1
77 10 1
77 11 1
77 18 1
77 27 1
77 34 1
77 36 1
77 42 1
77 47 1
77 48 1
77 49 1
77 51 1
77 52 1
78 6 1
78 9 1
78 18 1
78 27 1
78 34 1
78 42 1
78 65 1
78 70 1
78 77 1
79 5 1
79 10 1
79 11 1
79 12 1
79 36 1
79 47 1
79 49 1
79 52 1
79 53 1
79 71 1
79 77 1
80 13 1
80 14 1
80 31 1
80 37 1
80 38 1
80 54 1
80 55 1
80 66 1
81 14 1
81 15 1
81 26 1
81 38 1
81 56 1
81 63 1
81 64 1
81 67 1
81 74 1
81 75 1
81 80 1
82 56 1
82 57 1
82 58 1
82 64 1
82 67 1
82 68 1
82 72 1
82 75 1
83 43 1
83 57 1
83 58 1
83 67 1
83 68 1
83 72 1
83 82 1
84 16 1
84 39 1
84 45 1
84 68 1
84 72 1
84 75 1
84 82 1
84 83 1
85 19 1
85 20 1
85 21 1
85 22 1
85 23 1
85 24 1
85 25 1
85 32 1
85 41 1
86 6 1
86 7 1
86 9 1
86 10 1
86 11 1
86 18 1
86 27 1
86 34 1
86 42 1
86 49 1
86 51 1
86 52 1
86 70 1
86 77 1
86 78 1
87 5 1
87 10 1
87 11 1
87 12 1
87 36 1
87 43 1
87 49 1
87 51 1
87 52 1
87 77 1
87 79 1
87 86 1
88 3 1
88 5 1
88 11 1
88 12 1
88 13 1
88 27 1
88 47 1
88 48 1
88 49 1
88 52 1
88 53 1
88 69 1
88 71 1
88 77 1
88 79 1
88 87 1
89 0 1
89 2 1
89 13 1
89 25 1
89 31 1
89 33 1
89 37 1
89 54 1
89 55 1
89 66 1
89 74 1
89 80 1
90 17 1
90 27 1
90 39 1
90 40 1
90 42 1
90 45 1
90 59 1
90 65 1
90 70 1
90 78 1
90 86 1
91 17 1
91 18 1
91 23 1
91 27 1
91 34 1
91 41 1
91 42 1
91 49 1
91 59 1
91 77 1
91 78 1
91 86 1
91 88 1
91 90 1
92 17 1
92 18 1
92 21 1
92 23 1
92 27 1
92 32 1
92 41 1
92 59 1
92 85 1
92 90 1
92 91 1
93 14 1
93 15 1
93 16 1
93 26 1
93 33 1
93 38 1
93 45 1
93 56 1
93 63 1
93 64 1
93 67 1
93 74 1
93 75 1
93 81 1
94 15 1
94 16 1
94 26 1
94 56 1
94 57 1
94 63 1
94 64 1
94 67 1
94 68 1
94 72 1
94 75 1
94 81 1
94 82 1
94 84 1
94 93 1
95 6 1
95 7 1
95 8 1
95 9 1
95 35 1
95 42 1
95 43 1
95 44 1
95 50 1
95 65 1
95 70 1
95 72 1
95 86 1
96 13 1
96 14 1
96 26 1
96 31 1
96 33 1
96 37 1
96 38 1
96 54 1
96 55 1
96 66 1
96 71 1
96 74 1
96 80 1
96 81 1
96 89 1
97 13 1
97 14 1
97 15 1
97 26 1
97 33 1
97 38 1
97 55 1
97 56 1
97 63 1
97 64 1
97 71 1
97 74 1
97 75 1
97 80 1
97 81 1
97 93 1
97 94 1
97 96 1
98 3 1
98 18 1
98 27 1
98 28 1
98 34 1
98 41 1
98 47 1
98 48 1
98 49 1
98 60 1
98 69 1
98 73 1
98 85 1
98 91 1
98 92 1
99 19 1
99 20 1
99 21 1
99 28 1
99 32 1
99 41 1
99 60 1
99 61 1
99 69 1
99 73 1
99 85 1
99 92 1
99 98 1
100 3 1
100 4 1
100 5 1
100 11 1
100 12 1
100 28 1
100 29 1
100 46 1
100 47 1
100 48 1
100 49 1
100 53 1
100 69 1
100 71 1
100 76 1
100 79 1
100 88 1
101 7 1
101 8 1
101 43 1
101 44 1
101 57 1
101 58 1
101 68 1
101 72 1
101 82 1
101 83 1
101 95 1
102 19 1
102 20 1
102 21 1
102 32 1
102 41 1
102 60 1
102 61 1
102 73 1
102 85 1
102 99 1
103 6 1
103 7 1
103 8 1
103 9 1
103 35 1
103 42 1
103 50 1
103 65 1
103 70 1
103 78 1
103 95 1
104 9 1
104 10 1
104 30 1
104 36 1
104 44 1
104 50 1
104 51 1
104 77 1
104 87 1
105 6 1
105 17 1
105 39 1
105 40 1
105 42 1
105 45 1
105 59 1
105 65 1
105 90 1
105 91 1
106 0 1
106 1 1
106 2 1
106 20 1
106 21 1
106 22 1
106 24 1
106 25 1
106 32 1
106 85 1
107 0 1
107 1 1
107 2 1
107 21 1
107 22 1
107 54 1
107 89 1
107 106 1
108 11 1
108 12 1
108 13 1
108 38 1
108 47 1
108 53 1
108 71 1
108 74 1
108 79 1
108 88 1
108 97 1
108 100 1
109 16 1
109 56 1
109 64 1
109 67 1
109 72 1
109 75 1
109 81 1
109 82 1
109 84 1
109 93 1
109 94 1
110 0 1
110 1 1
110 2 1
110 21 1
110 22 1
110 24 1
110 25 1
110 54 1
110 66 1
110 89 1
110 106 1
110 107 1
111 15 1
111 56 1
111 57 1
111 64 1
111 67 1
111 81 1
111 82 1
111 93 1
111 94 1
112 3 1
112 18 1
112 28 1
112 34 1
112 41 1
112 46 1
112 47 1
112 48 1
112 60 1
112 61 1
112 69 1
112 73 1
112 92 1
112 98 1
112 99 1
113 0 1
113 1 1
113 22 1
113 24 1
113 54 1
113 106 1
113 107 1
113 110 1
114 2 1
114 21 1
114 28 1
114 69 1
114 76 1
114 106 1
114 107 1
114 110 1
115 6 1
115 7 1
115 9 1
115 10 1
115 18 1
115 27 1
115 30 1
115 34 1
115 42 1
115 49 1
115 50 1
115 52 1
115 65 1
115 70 1
115 77 1
115 78 1
115 86 1
116 6 1
116 7 1
116 9 1
116 35 1
116 42 1
116 50 1
116 65 1
116 70 1
116 78 1
116 86 1
116 95 1
116 103 1
116 115 1
117 7 1
117 8 1
117 9 1
117 30 1
117 43 1
117 44 1
117 50 1
117 51 1
117 103 1
117 104 1
118 9 1
118 10 1
118 30 1
118 44 1
118 50 1
118 51 1
118 70 1
118 77 1
118 86 1
118 104 1
118 115 1
118 116 1
118 117 1
119 2 1
119 13 1
119 31 1
119 53 1
119 54 1
119 66 1
119 71 1
119 89 1
119 96 1
119 108 1
119 110 1
120 6 1
120 17 1
120 18 1
120 27 1
120 34 1
120 40 1
120 41 1
120 42 1
120 49 1
120 59 1
120 70 1
120 78 1
120 86 1
120 90 1
120 91 1
120 92 1
120 98 1
120 105 1
120 115 1
121 17 1
121 18 1
121 27 1
121 34 1
121 41 1
121 59 1
121 60 1
121 78 1
121 85 1
121 90 1
121 91 1
121 92 1
121 98 1
121 99 1
121 112 1
121 120 1
122 16 1
122 25 1
122 26 1
122 33 1
122 40 1
122 45 1
122 56 1
122 59 1
122 62 1
122 63 1
122 64 1
122 71 1
122 74 1
122 75 1
122 81 1
122 90 1
122 93 1
122 97 1
123 14 1
123 15 1
123 16 1
123 26 1
123 56 1
123 63 1
123 64 1
123 75 1
123 81 1
123 93 1
123 94 1
123 97 1
123 109 1
123 122 1
124 56 1
124 64 1
124 75 1
124 81 1
124 82 1
124 93 1
124 94 1
124 109 1
124 123 1
125 2 1
125 3 1
125 21 1
125 28 1
125 69 1
125 73 1
125 76 1
125 98 1
125 99 1
125 107 1
125 114 1
126 0 1
126 1 1
126 2 1
126 20 1
126 21 1
126 22 1
126 32 1
126 85 1
126 99 1
126 106 1
126 107 1
126 110 1
126 114 1
126 125 1
127 0 1
127 1 1
127 2 1
127 20 1
127 21 1
127 22 1
127 23 1
127 24 1
127 25 1
127 32 1
127 69 1
127 76 1
127 85 1
127 89 1
127 106 1
127 107 1
127 110 1
127 114 1
127 119 1
127 125 1
127 126 1
128 3 1
128 5 1
128 10 1
128 11 1
128 18 1
128 27 1
128 29 1
128 34 1
128 41 1
128 46 1
128 47 1
128 48 1
128 49 1
128 52 1
128 69 1
128 77 1
128 86 1
128 88 1
128 91 1
128 92 1
128 98 1
128 100 1
128 112 1
128 115 1
128 120 1
128 121 1
129 7 1
129 8 1
129 35 1
129 43 1
129 44 1
129 58 1
129 68 1
129 70 1
129 72 1
129 83 1
129 84 1
129 95 1
129 101 1
129 103 1
130 7 1
130 9 1
130 10 1
130 11 1
130 27 1
130 30 1
130 34 1
130 36 1
130 43 1
130 44 1
130 49 1
130 50 1
130 51 1
130 52 1
130 70 1
130 77 1
130 86 1
130 87 1
130 104 1
130 115 1
130 117 1
130 118 1
131 5 1
131 11 1
131 12 1
131 27 1
131 36 1
131 47 1
131 49 1
131 52 1
131 53 1
131 71 1
131 77 1
131 79 1
131 86 1
131 87 1
131 88 1
131 108 1
131 128 1
132 12 1
132 13 1
132 38 1
132 53 1
132 66 1
132 71 1
132 88 1
132 89 1
132 96 1
132 97 1
132 108 1
132 119 1
133 2 1
133 12 1
133 13 1
133 25 1
133 53 1
133 54 1
133 66 1
133 71 1
133 74 1
133 89 1
133 96 1
133 107 1
133 108 1
133 110 1
133 114 1
133 119 1
133 127 1
133 132 1
134 13 1
134 14 1
134 15 1
134 26 1
134 31 1
134 33 1
134 37 1
134 38 1
134 55 1
134 63 1
134 64 1
134 66 1
134 74 1
134 80 1
134 81 1
134 89 1
134 93 1
134 96 1
134 97 1
134 122 1
134 123 1
135 14 1
135 15 1
135 26 1
135 38 1
135 56 1
135 64 1
135 67 1
135 75 1
135 81 1
135 82 1
135 93 1
135 94 1
135 97 1
135 108 1
135 111 1
135 134 1
136 15 1
136 56 1
136 57 1
136 64 1
136 67 1
136 75 1
136 81 1
136 82 1
136 93 1
136 94 1
136 97 1
136 109 1
136 111 1
136 123 1
136 124 1
136 135 1
137 2 1
137 3 1
137 28 1
137 46 1
137 47 1
137 53 1
137 69 1
137 71 1
137 73 1
137 76 1
137 98 1
137 100 1
137 107 1
137 114 1
137 119 1
137 125 1
137 126 1
137 127 1
137 133 1
138 2 1
138 19 1
138 20 1
138 21 1
138 22 1
138 23 1
138 24 1
138 25 1
138 32 1
138 33 1
138 59 1
138 62 1
138 85 1
138 91 1
138 92 1
138 98 1
138 99 1
138 106 1
138 110 1
138 125 1
138 126 1
138 127 1
138 137 1
139 43 1
139 56 1
139 57 1
139 58 1
139 67 1
139 68 1
139 72 1
139 82 1
139 83 1
139 101 1
139 111 1
139 129 1
139 136 1
140 16 1
140 39 1
140 40 1
140 45 1
140 59 1
140 72 1
140 84 1
140 90 1
140 95 1
140 105 1
140 129 1
141 13 1
141 17 1
141 22 1
141 23 1
141 24 1
141 25 1
141 26 1
141 32 1
141 33 1
141 40 1
141 45 1
141 59 1
141 62 1
141 63 1
141 71 1
141 74 1
141 90 1
141 91 1
141 92 1
141 122 1
141 138 1
