# minsup
1
# graph
G_portein_file\Hemoglobin\1JF4.pdb
# node ID, label
0 A
1 A
2 A
3 A
4 A
5 A
6 A
7 A
8 A
9 A
10 A
11 A
12 A
13 A
14 A
15 A
16 A
17 A
18 A
19 A
20 A
21 A
22 A
23 A
24 A
25 A
26 A
27 C
28 D
29 D
30 D
31 D
32 D
33 D
34 D
35 D
36 E
37 E
38 E
39 E
40 E
41 E
42 F
43 F
44 F
45 F
46 F
47 G
48 G
49 G
50 G
51 G
52 G
53 G
54 G
55 G
56 G
57 G
58 G
59 G
60 G
61 G
62 G
63 G
64 G
65 H
66 H
67 H
68 H
69 H
70 H
71 I
72 I
73 I
74 I
75 I
76 I
77 K
78 K
79 K
80 K
81 K
82 K
83 K
84 K
85 K
86 K
87 L
88 L
89 L
90 L
91 L
92 L
93 L
94 L
95 L
96 M
97 M
98 M
99 M
100 M
101 N
102 N
103 P
104 P
105 Q
106 Q
107 Q
108 Q
109 R
110 R
111 R
112 S
113 S
114 S
115 S
116 S
117 S
118 S
119 S
120 S
121 S
122 S
123 T
124 T
125 V
126 V
127 V
128 V
129 V
130 V
131 V
132 V
133 V
134 V
135 V
136 W
137 W
138 Y
139 Y
140 Y
# node ID1, node ID2, number of bounds
1 0 1
2 1 1
4 3 1
7 6 1
8 5 1
8 6 1
9 4 1
9 8 1
10 4 1
10 9 1
11 3 1
11 4 1
11 10 1
12 11 1
14 13 1
17 16 1
19 1 1
19 18 1
20 18 1
20 19 1
21 1 1
21 2 1
21 18 1
21 19 1
21 20 1
22 16 1
22 19 1
22 20 1
22 21 1
23 20 1
23 21 1
23 22 1
24 12 1
24 21 1
24 22 1
24 23 1
25 21 1
25 22 1
25 23 1
25 24 1
26 13 1
26 14 1
26 25 1
27 4 1
27 9 1
27 16 1
27 17 1
28 2 1
28 3 1
29 3 1
29 4 1
29 10 1
29 11 1
30 5 1
30 6 1
30 7 1
31 6 1
31 8 1
31 9 1
32 4 1
32 9 1
32 10 1
32 31 1
33 12 1
34 18 1
34 19 1
34 20 1
34 21 1
34 22 1
34 23 1
34 24 1
35 22 1
35 23 1
35 24 1
35 25 1
35 26 1
36 4 1
36 9 1
36 17 1
36 27 1
37 12 1
37 13 1
37 33 1
37 35 1
38 12 1
38 13 1
38 14 1
38 26 1
39 15 1
40 15 1
40 16 1
40 22 1
40 25 1
40 39 1
41 17 1
41 20 1
42 5 1
42 6 1
42 8 1
42 9 1
42 17 1
42 27 1
42 32 1
42 36 1
43 5 1
43 6 1
43 8 1
43 16 1
43 27 1
43 36 1
43 42 1
44 6 1
44 7 1
44 30 1
45 6 1
45 7 1
45 8 1
45 31 1
45 44 1
46 15 1
46 16 1
46 25 1
46 39 1
46 40 1
47 3 1
47 4 1
47 28 1
47 29 1
48 3 1
48 4 1
48 10 1
48 11 1
48 17 1
48 28 1
48 29 1
48 47 1
49 3 1
49 4 1
49 9 1
49 10 1
49 17 1
49 27 1
49 29 1
49 36 1
49 47 1
49 48 1
50 4 1
50 9 1
50 10 1
50 11 1
50 17 1
50 27 1
50 32 1
50 36 1
50 42 1
50 48 1
50 49 1
51 6 1
51 7 1
51 31 1
51 44 1
51 45 1
52 6 1
52 7 1
52 8 1
52 30 1
52 31 1
52 44 1
52 45 1
52 51 1
53 8 1
53 9 1
53 10 1
53 31 1
53 32 1
53 42 1
53 44 1
53 45 1
53 51 1
53 52 1
54 4 1
54 9 1
54 10 1
54 11 1
54 27 1
54 32 1
54 36 1
54 42 1
54 48 1
54 49 1
54 50 1
54 53 1
55 2 1
55 3 1
55 11 1
55 12 1
55 48 1
56 0 1
56 2 1
56 12 1
56 33 1
56 37 1
57 13 1
57 33 1
57 37 1
57 38 1
57 56 1
58 13 1
58 14 1
58 26 1
58 38 1
59 58 1
60 6 1
60 7 1
60 44 1
60 45 1
60 51 1
60 59 1
61 16 1
61 17 1
61 22 1
61 25 1
61 27 1
61 40 1
61 43 1
61 46 1
62 17 1
62 41 1
63 15 1
63 24 1
63 25 1
63 26 1
63 35 1
63 40 1
63 46 1
63 58 1
64 13 1
64 14 1
64 26 1
64 38 1
64 58 1
64 63 1
65 5 1
65 6 1
65 8 1
65 30 1
65 43 1
65 52 1
66 5 1
66 6 1
66 7 1
66 8 1
66 30 1
66 43 1
66 52 1
66 65 1
67 2 1
67 12 1
67 33 1
67 37 1
67 38 1
67 55 1
67 56 1
67 57 1
68 14 1
68 58 1
68 59 1
68 60 1
68 64 1
69 15 1
69 44 1
69 59 1
69 60 1
69 68 1
70 17 1
70 36 1
70 41 1
70 62 1
71 3 1
71 4 1
71 17 1
71 28 1
71 29 1
71 41 1
71 47 1
71 48 1
71 49 1
71 55 1
71 62 1
71 70 1
72 3 1
72 11 1
72 12 1
72 24 1
72 48 1
72 55 1
72 67 1
73 15 1
73 39 1
73 44 1
73 46 1
73 59 1
73 60 1
73 68 1
73 69 1
74 3 1
74 17 1
74 28 1
74 41 1
74 47 1
74 62 1
74 70 1
74 71 1
75 12 1
75 22 1
75 23 1
75 24 1
75 25 1
75 26 1
75 35 1
75 37 1
75 38 1
75 63 1
75 72 1
76 15 1
76 26 1
76 35 1
76 39 1
76 46 1
76 58 1
76 63 1
76 64 1
76 68 1
76 73 1
76 75 1
77 2 1
77 3 1
77 28 1
77 47 1
77 48 1
77 55 1
77 71 1
77 74 1
78 4 1
78 8 1
78 9 1
78 10 1
78 17 1
78 27 1
78 32 1
78 36 1
78 42 1
78 43 1
78 48 1
78 49 1
78 50 1
78 53 1
78 54 1
79 5 1
79 8 1
79 17 1
79 27 1
79 36 1
79 42 1
79 43 1
79 65 1
79 78 1
80 4 1
80 9 1
80 10 1
80 11 1
80 32 1
80 48 1
80 50 1
80 54 1
80 55 1
80 72 1
80 78 1
81 12 1
81 13 1
81 33 1
81 37 1
81 38 1
81 56 1
81 57 1
81 67 1
82 13 1
82 14 1
82 26 1
82 38 1
82 58 1
82 63 1
82 64 1
82 68 1
82 75 1
82 76 1
82 81 1
83 58 1
83 59 1
83 60 1
83 64 1
83 68 1
83 69 1
83 73 1
84 15 1
84 39 1
84 46 1
84 69 1
84 73 1
84 76 1
84 83 1
85 18 1
85 19 1
85 20 1
85 28 1
85 41 1
85 62 1
85 71 1
85 74 1
86 18 1
86 19 1
86 20 1
86 21 1
86 22 1
86 23 1
86 24 1
86 34 1
86 41 1
86 85 1
87 5 1
87 6 1
87 7 1
87 8 1
87 27 1
87 30 1
87 42 1
87 43 1
87 44 1
87 45 1
87 52 1
87 65 1
87 66 1
87 79 1
88 4 1
88 9 1
88 10 1
88 11 1
88 32 1
88 42 1
88 44 1
88 50 1
88 53 1
88 54 1
88 78 1
88 80 1
89 3 1
89 4 1
89 10 1
89 11 1
89 12 1
89 27 1
89 29 1
89 48 1
89 49 1
89 50 1
89 54 1
89 55 1
89 71 1
89 72 1
89 78 1
89 80 1
89 88 1
90 0 1
90 2 1
90 12 1
90 24 1
90 33 1
90 35 1
90 37 1
90 55 1
90 56 1
90 57 1
90 67 1
90 75 1
90 81 1
91 16 1
91 27 1
91 39 1
91 40 1
91 42 1
91 43 1
91 46 1
91 61 1
91 79 1
91 87 1
92 16 1
92 17 1
92 22 1
92 27 1
92 36 1
92 41 1
92 42 1
92 43 1
92 50 1
92 54 1
92 61 1
92 70 1
92 78 1
92 79 1
92 89 1
92 91 1
93 16 1
93 17 1
93 20 1
93 22 1
93 27 1
93 34 1
93 41 1
93 61 1
93 70 1
93 86 1
93 91 1
93 92 1
94 13 1
94 14 1
94 15 1
94 25 1
94 26 1
94 35 1
94 38 1
94 46 1
94 58 1
94 63 1
94 64 1
94 68 1
94 75 1
94 76 1
94 82 1
95 14 1
95 15 1
95 26 1
95 58 1
95 59 1
95 63 1
95 64 1
95 68 1
95 69 1
95 73 1
95 76 1
95 82 1
95 83 1
95 84 1
95 94 1
96 5 1
96 6 1
96 7 1
96 8 1
96 30 1
96 43 1
96 44 1
96 45 1
96 51 1
96 52 1
96 65 1
96 66 1
96 73 1
96 87 1
97 12 1
97 13 1
97 26 1
97 33 1
97 35 1
97 37 1
97 38 1
97 56 1
97 57 1
97 67 1
97 72 1
97 75 1
97 81 1
97 82 1
97 90 1
98 12 1
98 13 1
98 14 1
98 26 1
98 35 1
98 38 1
98 57 1
98 58 1
98 63 1
98 64 1
98 72 1
98 75 1
98 76 1
98 81 1
98 82 1
98 94 1
98 95 1
98 97 1
99 3 1
99 17 1
99 27 1
99 28 1
99 36 1
99 41 1
99 48 1
99 49 1
99 50 1
99 62 1
99 70 1
99 71 1
99 74 1
99 85 1
99 86 1
99 92 1
99 93 1
100 18 1
100 19 1
100 20 1
100 21 1
100 28 1
100 34 1
100 41 1
100 62 1
100 70 1
100 71 1
100 74 1
100 85 1
100 86 1
100 93 1
100 99 1
101 3 1
101 4 1
101 10 1
101 11 1
101 28 1
101 29 1
101 47 1
101 48 1
101 49 1
101 50 1
101 55 1
101 71 1
101 72 1
101 77 1
101 80 1
101 89 1
102 18 1
102 19 1
102 20 1
102 21 1
102 34 1
102 41 1
102 62 1
102 74 1
102 85 1
102 86 1
102 100 1
103 8 1
103 9 1
103 31 1
103 32 1
103 45 1
103 52 1
103 53 1
103 78 1
103 88 1
104 16 1
104 39 1
104 40 1
104 43 1
104 46 1
104 61 1
104 65 1
104 91 1
104 92 1
105 0 1
105 1 1
105 2 1
105 19 1
105 20 1
105 21 1
105 23 1
105 24 1
105 34 1
105 86 1
106 0 1
106 1 1
106 2 1
106 20 1
106 21 1
106 56 1
106 90 1
106 105 1
107 10 1
107 11 1
107 12 1
107 38 1
107 48 1
107 55 1
107 72 1
107 75 1
107 80 1
107 89 1
107 98 1
107 101 1
108 15 1
108 26 1
108 58 1
108 64 1
108 68 1
108 73 1
108 76 1
108 82 1
108 83 1
108 84 1
108 94 1
108 95 1
109 0 1
109 1 1
109 2 1
109 21 1
109 23 1
109 24 1
109 56 1
109 90 1
109 105 1
109 106 1
110 14 1
110 58 1
110 59 1
110 64 1
110 68 1
110 82 1
110 83 1
110 94 1
110 95 1
111 3 1
111 17 1
111 28 1
111 36 1
111 41 1
111 47 1
111 48 1
111 49 1
111 62 1
111 70 1
111 71 1
111 74 1
111 85 1
111 99 1
111 100 1
112 0 1
112 1 1
112 21 1
112 23 1
112 56 1
112 105 1
112 106 1
112 109 1
113 2 1
113 20 1
113 28 1
113 71 1
113 77 1
113 105 1
113 106 1
113 109 1
114 5 1
114 6 1
114 8 1
114 30 1
114 42 1
114 43 1
114 52 1
114 65 1
114 66 1
114 79 1
114 87 1
114 96 1
115 6 1
115 7 1
115 8 1
115 31 1
115 44 1
115 45 1
115 51 1
115 52 1
115 53 1
115 66 1
115 103 1
116 8 1
116 9 1
116 31 1
116 42 1
116 45 1
116 52 1
116 53 1
116 87 1
116 103 1
116 114 1
116 115 1
117 2 1
117 12 1
117 33 1
117 55 1
117 56 1
117 67 1
117 72 1
117 90 1
117 97 1
117 107 1
117 109 1
118 5 1
118 16 1
118 17 1
118 27 1
118 36 1
118 40 1
118 41 1
118 42 1
118 43 1
118 50 1
118 61 1
118 79 1
118 87 1
118 91 1
118 92 1
118 93 1
118 99 1
118 104 1
119 16 1
119 17 1
119 27 1
119 36 1
119 41 1
119 61 1
119 62 1
119 70 1
119 79 1
119 86 1
119 91 1
119 92 1
119 93 1
119 99 1
119 100 1
119 111 1
119 118 1
120 15 1
120 24 1
120 25 1
120 26 1
120 35 1
120 40 1
120 46 1
120 58 1
120 61 1
120 63 1
120 64 1
120 72 1
120 75 1
120 76 1
120 82 1
120 91 1
120 94 1
120 98 1
121 13 1
121 14 1
121 15 1
121 26 1
121 58 1
121 63 1
121 64 1
121 76 1
121 82 1
121 94 1
121 95 1
121 98 1
121 108 1
121 120 1
122 58 1
122 64 1
122 76 1
122 82 1
122 83 1
122 94 1
122 95 1
122 108 1
122 121 1
123 2 1
123 3 1
123 20 1
123 28 1
123 71 1
123 74 1
123 77 1
123 85 1
123 99 1
123 100 1
123 106 1
123 113 1
124 5 1
124 8 1
124 9 1
124 17 1
124 27 1
124 31 1
124 36 1
124 42 1
124 43 1
124 50 1
124 52 1
124 54 1
124 78 1
124 79 1
124 87 1
124 114 1
124 116 1
124 118 1
125 0 1
125 1 1
125 2 1
125 19 1
125 20 1
125 21 1
125 34 1
125 86 1
125 100 1
125 105 1
125 106 1
125 109 1
125 112 1
125 113 1
125 123 1
126 1 1
126 2 1
126 19 1
126 20 1
126 21 1
126 22 1
126 23 1
126 24 1
126 34 1
126 71 1
126 77 1
126 86 1
126 90 1
126 100 1
126 105 1
126 106 1
126 109 1
126 113 1
126 117 1
126 123 1
126 125 1
127 3 1
127 4 1
127 9 1
127 10 1
127 17 1
127 27 1
127 29 1
127 36 1
127 41 1
127 42 1
127 47 1
127 48 1
127 49 1
127 50 1
127 54 1
127 70 1
127 71 1
127 74 1
127 78 1
127 89 1
127 92 1
127 93 1
127 99 1
127 101 1
127 111 1
127 118 1
127 119 1
127 124 1
128 6 1
128 7 1
128 30 1
128 44 1
128 45 1
128 51 1
128 60 1
128 66 1
128 69 1
128 73 1
128 84 1
128 96 1
129 6 1
129 8 1
129 9 1
129 10 1
129 27 1
129 31 1
129 32 1
129 36 1
129 42 1
129 44 1
129 45 1
129 50 1
129 52 1
129 53 1
129 54 1
129 78 1
129 87 1
129 88 1
129 103 1
129 115 1
129 116 1
129 124 1
130 4 1
130 9 1
130 10 1
130 11 1
130 32 1
130 42 1
130 48 1
130 50 1
130 54 1
130 55 1
130 72 1
130 78 1
130 80 1
130 88 1
130 89 1
130 107 1
130 127 1
131 11 1
131 12 1
131 38 1
131 55 1
131 67 1
131 72 1
131 89 1
131 90 1
131 97 1
131 98 1
131 107 1
131 117 1
132 2 1
132 11 1
132 12 1
132 24 1
132 55 1
132 56 1
132 67 1
132 72 1
132 75 1
132 90 1
132 97 1
132 106 1
132 107 1
132 109 1
132 113 1
132 117 1
132 126 1
132 131 1
133 12 1
133 13 1
133 14 1
133 26 1
133 33 1
133 35 1
133 37 1
133 38 1
133 57 1
133 63 1
133 64 1
133 67 1
133 75 1
133 81 1
133 82 1
133 90 1
133 94 1
133 97 1
133 98 1
133 120 1
133 121 1
134 13 1
134 14 1
134 26 1
134 38 1
134 58 1
134 64 1
134 68 1
134 76 1
134 82 1
134 83 1
134 94 1
134 95 1
134 98 1
134 107 1
134 110 1
134 121 1
134 133 1
135 14 1
135 58 1
135 59 1
135 64 1
135 68 1
135 76 1
135 82 1
135 83 1
135 94 1
135 95 1
135 98 1
135 108 1
135 110 1
135 121 1
135 122 1
135 134 1
136 2 1
136 3 1
136 28 1
136 47 1
136 48 1
136 55 1
136 71 1
136 72 1
136 74 1
136 77 1
136 99 1
136 101 1
136 106 1
136 113 1
136 117 1
136 123 1
136 125 1
136 126 1
136 132 1
137 2 1
137 18 1
137 19 1
137 20 1
137 21 1
137 22 1
137 23 1
137 24 1
137 25 1
137 34 1
137 35 1
137 61 1
137 86 1
137 92 1
137 93 1
137 99 1
137 100 1
137 105 1
137 109 1
137 123 1
137 125 1
137 126 1
137 136 1
138 44 1
138 51 1
138 58 1
138 59 1
138 60 1
138 68 1
138 69 1
138 73 1
138 83 1
138 110 1
138 128 1
138 135 1
139 15 1
139 39 1
139 40 1
139 46 1
139 61 1
139 73 1
139 84 1
139 91 1
139 96 1
139 104 1
139 128 1
140 16 1
140 21 1
140 22 1
140 23 1
140 24 1
140 25 1
140 26 1
140 34 1
140 35 1
140 40 1
140 46 1
140 61 1
140 63 1
140 72 1
140 75 1
140 91 1
140 92 1
140 93 1
140 120 1
140 137 1
