# minsup
1
# graph
G_portein_file\Hemoglobin\1JL6.pdb
# node ID, label
0 A
1 A
2 A
3 A
4 A
5 A
6 A
7 A
8 A
9 A
10 A
11 A
12 A
13 A
14 A
15 A
16 A
17 A
18 A
19 A
20 A
21 A
22 A
23 A
24 A
25 A
26 A
27 C
28 D
29 D
30 D
31 D
32 D
33 D
34 D
35 D
36 E
37 E
38 E
39 E
40 E
41 E
42 F
43 F
44 F
45 F
46 F
47 G
48 G
49 G
50 G
51 G
52 G
53 G
54 G
55 G
56 G
57 G
58 G
59 G
60 G
61 G
62 G
63 G
64 G
65 G
66 H
67 H
68 H
69 H
70 H
71 H
72 I
73 I
74 I
75 I
76 I
77 I
78 K
79 K
80 K
81 K
82 K
83 K
84 K
85 K
86 K
87 K
88 L
89 L
90 L
91 L
92 L
93 L
94 L
95 L
96 L
97 M
98 M
99 M
100 M
101 M
102 N
103 N
104 N
105 P
106 P
107 Q
108 Q
109 Q
110 Q
111 R
112 R
113 R
114 S
115 S
116 S
117 S
118 S
119 S
120 S
121 S
122 S
123 S
124 S
125 S
126 T
127 T
128 V
129 V
130 V
131 V
132 V
133 V
134 V
135 V
136 V
137 V
138 V
139 W
140 W
141 Y
142 Y
143 Y
# node ID1, node ID2, number of bounds
1 0 1
2 1 1
4 3 1
7 6 1
8 5 1
8 6 1
9 4 1
9 8 1
10 4 1
10 9 1
11 3 1
11 4 1
11 10 1
12 11 1
14 13 1
17 16 1
19 1 1
19 18 1
20 18 1
20 19 1
21 1 1
21 18 1
21 19 1
21 20 1
22 16 1
22 19 1
22 20 1
22 21 1
23 20 1
23 21 1
23 22 1
24 12 1
24 21 1
24 22 1
24 23 1
25 21 1
25 22 1
25 23 1
25 24 1
26 13 1
26 14 1
26 25 1
27 4 1
27 9 1
27 16 1
27 17 1
28 2 1
28 3 1
29 3 1
29 4 1
29 10 1
29 11 1
30 5 1
30 6 1
30 7 1
31 6 1
31 8 1
31 9 1
32 4 1
32 9 1
32 10 1
32 31 1
33 12 1
34 18 1
34 19 1
34 20 1
34 21 1
34 22 1
34 23 1
34 24 1
35 12 1
35 22 1
35 23 1
35 24 1
35 25 1
35 26 1
36 4 1
36 9 1
36 17 1
36 27 1
37 12 1
37 13 1
37 33 1
37 35 1
38 12 1
38 13 1
38 14 1
38 26 1
39 15 1
40 15 1
40 16 1
40 22 1
40 25 1
40 39 1
41 17 1
41 20 1
42 5 1
42 6 1
42 8 1
42 9 1
42 10 1
42 17 1
42 27 1
42 32 1
42 36 1
43 5 1
43 6 1
43 8 1
43 16 1
43 27 1
43 36 1
43 42 1
44 6 1
44 7 1
44 30 1
45 6 1
45 7 1
45 8 1
45 31 1
45 44 1
46 15 1
46 16 1
46 25 1
46 39 1
46 40 1
47 3 1
47 4 1
47 28 1
47 29 1
48 3 1
48 4 1
48 10 1
48 11 1
48 17 1
48 28 1
48 29 1
48 47 1
49 3 1
49 4 1
49 9 1
49 10 1
49 17 1
49 27 1
49 29 1
49 36 1
49 47 1
49 48 1
50 4 1
50 9 1
50 10 1
50 11 1
50 17 1
50 27 1
50 32 1
50 36 1
50 42 1
50 48 1
50 49 1
51 6 1
51 7 1
51 31 1
51 44 1
51 45 1
52 6 1
52 7 1
52 8 1
52 30 1
52 31 1
52 44 1
52 45 1
52 51 1
53 8 1
53 9 1
53 10 1
53 31 1
53 32 1
53 42 1
53 44 1
53 45 1
53 51 1
53 52 1
54 4 1
54 9 1
54 10 1
54 11 1
54 27 1
54 32 1
54 36 1
54 42 1
54 48 1
54 49 1
54 50 1
54 53 1
55 2 1
55 3 1
55 11 1
55 12 1
55 48 1
56 0 1
56 12 1
56 33 1
56 37 1
57 13 1
57 33 1
57 37 1
57 38 1
57 56 1
58 13 1
58 14 1
58 26 1
58 38 1
59 58 1
60 6 1
60 7 1
60 44 1
60 45 1
60 51 1
60 59 1
61 16 1
61 17 1
61 22 1
61 25 1
61 27 1
61 40 1
61 43 1
61 46 1
62 17 1
62 28 1
62 41 1
63 18 1
63 20 1
63 41 1
63 62 1
64 15 1
64 24 1
64 25 1
64 26 1
64 35 1
64 46 1
64 58 1
65 13 1
65 14 1
65 26 1
65 38 1
65 58 1
65 64 1
66 5 1
66 6 1
66 8 1
66 30 1
66 43 1
66 52 1
67 5 1
67 6 1
67 7 1
67 8 1
67 30 1
67 43 1
67 52 1
67 66 1
68 2 1
68 12 1
68 33 1
68 37 1
68 38 1
68 55 1
68 56 1
68 57 1
69 14 1
69 58 1
69 59 1
69 60 1
69 65 1
70 15 1
70 44 1
70 59 1
70 60 1
70 69 1
71 17 1
71 27 1
71 36 1
71 41 1
71 62 1
71 63 1
72 2 1
72 3 1
72 4 1
72 17 1
72 28 1
72 29 1
72 41 1
72 47 1
72 48 1
72 49 1
72 55 1
72 62 1
72 71 1
73 3 1
73 10 1
73 11 1
73 12 1
73 24 1
73 48 1
73 55 1
73 68 1
74 15 1
74 39 1
74 44 1
74 46 1
74 59 1
74 60 1
74 69 1
74 70 1
75 3 1
75 17 1
75 28 1
75 41 1
75 47 1
75 62 1
75 63 1
75 71 1
75 72 1
76 12 1
76 23 1
76 24 1
76 25 1
76 26 1
76 35 1
76 37 1
76 38 1
76 64 1
76 73 1
77 15 1
77 26 1
77 35 1
77 39 1
77 46 1
77 58 1
77 64 1
77 65 1
77 69 1
77 74 1
77 76 1
78 2 1
78 3 1
78 28 1
78 47 1
78 48 1
78 55 1
78 72 1
78 75 1
79 4 1
79 8 1
79 9 1
79 10 1
79 17 1
79 27 1
79 32 1
79 36 1
79 42 1
79 43 1
79 48 1
79 49 1
79 50 1
79 53 1
79 54 1
80 5 1
80 8 1
80 17 1
80 27 1
80 36 1
80 42 1
80 43 1
80 50 1
80 66 1
80 79 1
81 4 1
81 9 1
81 10 1
81 11 1
81 32 1
81 48 1
81 50 1
81 54 1
81 55 1
81 73 1
81 79 1
82 12 1
82 13 1
82 33 1
82 37 1
82 38 1
82 56 1
82 57 1
82 68 1
83 13 1
83 14 1
83 26 1
83 38 1
83 58 1
83 64 1
83 65 1
83 69 1
83 76 1
83 77 1
83 82 1
84 58 1
84 59 1
84 60 1
84 65 1
84 69 1
84 70 1
84 74 1
85 15 1
85 39 1
85 46 1
85 70 1
85 74 1
85 77 1
85 84 1
86 18 1
86 19 1
86 20 1
86 28 1
86 41 1
86 62 1
86 63 1
86 72 1
86 75 1
87 18 1
87 19 1
87 20 1
87 21 1
87 22 1
87 23 1
87 24 1
87 34 1
87 41 1
87 86 1
88 5 1
88 6 1
88 7 1
88 8 1
88 27 1
88 30 1
88 42 1
88 43 1
88 44 1
88 45 1
88 52 1
88 66 1
88 67 1
88 80 1
89 4 1
89 9 1
89 10 1
89 11 1
89 32 1
89 42 1
89 44 1
89 50 1
89 53 1
89 54 1
89 79 1
89 81 1
90 3 1
90 4 1
90 10 1
90 11 1
90 12 1
90 27 1
90 29 1
90 48 1
90 49 1
90 50 1
90 54 1
90 55 1
90 72 1
90 73 1
90 79 1
90 81 1
90 89 1
91 0 1
91 2 1
91 12 1
91 24 1
91 33 1
91 35 1
91 37 1
91 56 1
91 57 1
91 68 1
91 76 1
91 82 1
92 16 1
92 27 1
92 39 1
92 40 1
92 42 1
92 43 1
92 46 1
92 61 1
92 80 1
92 88 1
93 16 1
93 17 1
93 22 1
93 27 1
93 36 1
93 41 1
93 42 1
93 43 1
93 50 1
93 54 1
93 61 1
93 71 1
93 79 1
93 80 1
93 90 1
93 92 1
94 16 1
94 17 1
94 20 1
94 22 1
94 27 1
94 34 1
94 41 1
94 61 1
94 71 1
94 87 1
94 92 1
94 93 1
95 13 1
95 14 1
95 15 1
95 25 1
95 26 1
95 35 1
95 38 1
95 46 1
95 58 1
95 64 1
95 65 1
95 69 1
95 76 1
95 77 1
95 83 1
96 14 1
96 15 1
96 26 1
96 58 1
96 59 1
96 64 1
96 65 1
96 69 1
96 70 1
96 74 1
96 77 1
96 83 1
96 84 1
96 85 1
96 95 1
97 5 1
97 6 1
97 7 1
97 8 1
97 30 1
97 43 1
97 44 1
97 45 1
97 51 1
97 52 1
97 66 1
97 67 1
97 74 1
97 88 1
98 12 1
98 13 1
98 26 1
98 33 1
98 35 1
98 37 1
98 38 1
98 56 1
98 57 1
98 68 1
98 76 1
98 82 1
98 83 1
98 91 1
99 12 1
99 13 1
99 14 1
99 26 1
99 35 1
99 38 1
99 57 1
99 58 1
99 64 1
99 65 1
99 73 1
99 76 1
99 77 1
99 82 1
99 83 1
99 95 1
99 96 1
99 98 1
100 3 1
100 17 1
100 27 1
100 28 1
100 36 1
100 41 1
100 48 1
100 49 1
100 50 1
100 62 1
100 71 1
100 72 1
100 75 1
100 86 1
100 87 1
100 93 1
100 94 1
101 18 1
101 19 1
101 20 1
101 28 1
101 34 1
101 41 1
101 62 1
101 63 1
101 71 1
101 72 1
101 75 1
101 86 1
101 87 1
101 94 1
101 100 1
102 3 1
102 4 1
102 10 1
102 11 1
102 28 1
102 29 1
102 47 1
102 48 1
102 49 1
102 50 1
102 55 1
102 72 1
102 73 1
102 78 1
102 81 1
102 90 1
103 6 1
103 7 1
103 44 1
103 51 1
103 59 1
103 60 1
103 69 1
103 70 1
103 74 1
103 84 1
104 18 1
104 19 1
104 20 1
104 34 1
104 41 1
104 62 1
104 63 1
104 75 1
104 86 1
104 87 1
104 101 1
105 8 1
105 9 1
105 31 1
105 32 1
105 45 1
105 52 1
105 53 1
105 79 1
105 89 1
106 5 1
106 16 1
106 39 1
106 40 1
106 43 1
106 46 1
106 61 1
106 66 1
106 92 1
106 93 1
107 0 1
107 1 1
107 2 1
107 19 1
107 20 1
107 21 1
107 23 1
107 24 1
107 34 1
107 87 1
108 0 1
108 1 1
108 2 1
108 20 1
108 21 1
108 56 1
108 91 1
108 107 1
109 10 1
109 11 1
109 12 1
109 38 1
109 48 1
109 55 1
109 73 1
109 76 1
109 81 1
109 90 1
109 99 1
109 102 1
110 15 1
110 26 1
110 58 1
110 65 1
110 69 1
110 74 1
110 77 1
110 83 1
110 84 1
110 85 1
110 95 1
110 96 1
111 0 1
111 1 1
111 2 1
111 21 1
111 23 1
111 24 1
111 56 1
111 68 1
111 91 1
111 107 1
111 108 1
112 14 1
112 58 1
112 59 1
112 65 1
112 69 1
112 83 1
112 84 1
112 95 1
112 96 1
112 99 1
113 3 1
113 17 1
113 28 1
113 36 1
113 41 1
113 47 1
113 48 1
113 49 1
113 62 1
113 63 1
113 71 1
113 72 1
113 75 1
113 86 1
113 94 1
113 100 1
113 101 1
114 0 1
114 1 1
114 21 1
114 23 1
114 56 1
114 107 1
114 108 1
114 111 1
115 2 1
115 20 1
115 28 1
115 72 1
115 78 1
115 107 1
115 108 1
115 111 1
116 3 1
116 4 1
116 28 1
116 29 1
116 47 1
116 48 1
116 49 1
116 72 1
116 78 1
116 102 1
117 5 1
117 6 1
117 8 1
117 30 1
117 42 1
117 43 1
117 52 1
117 66 1
117 67 1
117 80 1
117 88 1
117 97 1
118 6 1
118 7 1
118 8 1
118 31 1
118 44 1
118 45 1
118 51 1
118 52 1
118 53 1
118 67 1
118 105 1
119 8 1
119 9 1
119 31 1
119 45 1
119 52 1
119 53 1
119 88 1
119 105 1
119 117 1
119 118 1
120 2 1
120 12 1
120 33 1
120 55 1
120 56 1
120 68 1
120 73 1
120 91 1
120 98 1
120 109 1
120 111 1
121 5 1
121 16 1
121 17 1
121 27 1
121 36 1
121 40 1
121 41 1
121 42 1
121 43 1
121 50 1
121 61 1
121 80 1
121 88 1
121 92 1
121 93 1
121 94 1
121 100 1
121 106 1
122 16 1
122 17 1
122 27 1
122 36 1
122 41 1
122 61 1
122 62 1
122 71 1
122 75 1
122 80 1
122 87 1
122 93 1
122 94 1
122 100 1
122 101 1
122 113 1
122 121 1
123 15 1
123 24 1
123 25 1
123 26 1
123 35 1
123 40 1
123 46 1
123 58 1
123 61 1
123 64 1
123 65 1
123 73 1
123 76 1
123 77 1
123 83 1
123 92 1
123 95 1
123 99 1
124 13 1
124 14 1
124 15 1
124 26 1
124 58 1
124 64 1
124 65 1
124 77 1
124 83 1
124 95 1
124 96 1
124 99 1
124 110 1
124 123 1
125 58 1
125 65 1
125 77 1
125 83 1
125 84 1
125 95 1
125 96 1
125 110 1
125 124 1
126 2 1
126 3 1
126 20 1
126 28 1
126 72 1
126 75 1
126 78 1
126 86 1
126 100 1
126 101 1
126 108 1
126 115 1
127 5 1
127 8 1
127 9 1
127 17 1
127 27 1
127 31 1
127 36 1
127 42 1
127 43 1
127 50 1
127 52 1
127 54 1
127 66 1
127 79 1
127 80 1
127 88 1
127 117 1
127 119 1
127 121 1
128 0 1
128 1 1
128 2 1
128 19 1
128 20 1
128 21 1
128 34 1
128 87 1
128 101 1
128 107 1
128 108 1
128 111 1
128 115 1
128 126 1
129 0 1
129 1 1
129 2 1
129 19 1
129 20 1
129 21 1
129 22 1
129 23 1
129 24 1
129 34 1
129 72 1
129 78 1
129 87 1
129 91 1
129 107 1
129 108 1
129 111 1
129 115 1
129 120 1
129 126 1
129 128 1
130 3 1
130 4 1
130 9 1
130 10 1
130 17 1
130 27 1
130 29 1
130 36 1
130 41 1
130 42 1
130 47 1
130 48 1
130 49 1
130 50 1
130 54 1
130 71 1
130 72 1
130 75 1
130 79 1
130 90 1
130 93 1
130 94 1
130 100 1
130 102 1
130 113 1
130 121 1
130 122 1
130 127 1
131 6 1
131 7 1
131 30 1
131 44 1
131 45 1
131 51 1
131 60 1
131 70 1
131 74 1
131 85 1
131 97 1
131 103 1
132 6 1
132 8 1
132 9 1
132 10 1
132 27 1
132 31 1
132 32 1
132 36 1
132 42 1
132 44 1
132 45 1
132 50 1
132 52 1
132 53 1
132 54 1
132 79 1
132 81 1
132 88 1
132 89 1
132 105 1
132 118 1
132 119 1
132 127 1
133 4 1
133 10 1
133 11 1
133 32 1
133 42 1
133 48 1
133 50 1
133 54 1
133 55 1
133 73 1
133 79 1
133 81 1
133 89 1
133 90 1
133 109 1
133 130 1
134 11 1
134 12 1
134 38 1
134 55 1
134 68 1
134 73 1
134 90 1
134 91 1
134 98 1
134 99 1
134 109 1
134 120 1
135 2 1
135 11 1
135 12 1
135 24 1
135 55 1
135 56 1
135 68 1
135 73 1
135 76 1
135 91 1
135 98 1
135 108 1
135 109 1
135 111 1
135 115 1
135 120 1
135 129 1
135 134 1
136 12 1
136 13 1
136 14 1
136 26 1
136 33 1
136 35 1
136 37 1
136 38 1
136 57 1
136 64 1
136 65 1
136 68 1
136 76 1
136 82 1
136 83 1
136 91 1
136 95 1
136 98 1
136 99 1
136 123 1
136 124 1
137 13 1
137 14 1
137 26 1
137 38 1
137 58 1
137 65 1
137 69 1
137 77 1
137 83 1
137 84 1
137 95 1
137 96 1
137 99 1
137 109 1
137 112 1
137 136 1
138 14 1
138 38 1
138 58 1
138 59 1
138 65 1
138 69 1
138 77 1
138 83 1
138 84 1
138 95 1
138 96 1
138 99 1
138 110 1
138 112 1
138 124 1
138 125 1
138 137 1
139 2 1
139 3 1
139 28 1
139 47 1
139 48 1
139 55 1
139 72 1
139 73 1
139 75 1
139 78 1
139 100 1
139 102 1
139 108 1
139 115 1
139 120 1
139 126 1
139 128 1
139 129 1
139 135 1
140 2 1
140 18 1
140 19 1
140 20 1
140 21 1
140 22 1
140 23 1
140 24 1
140 25 1
140 34 1
140 35 1
140 61 1
140 87 1
140 93 1
140 94 1
140 100 1
140 101 1
140 107 1
140 111 1
140 126 1
140 128 1
140 129 1
140 139 1
141 44 1
141 51 1
141 58 1
141 59 1
141 60 1
141 69 1
141 70 1
141 74 1
141 84 1
141 103 1
141 112 1
141 131 1
141 138 1
142 15 1
142 39 1
142 40 1
142 46 1
142 61 1
142 74 1
142 85 1
142 92 1
142 97 1
142 106 1
142 131 1
143 16 1
143 21 1
143 22 1
143 23 1
143 24 1
143 25 1
143 26 1
143 34 1
143 35 1
143 40 1
143 46 1
143 61 1
143 64 1
143 73 1
143 76 1
143 92 1
143 93 1
143 94 1
143 123 1
143 140 1
