# minsup
1
# graph
G_portein_file\Hemoglobin\1JL7.pdb
# node ID, label
0 A
1 A
2 A
3 A
4 A
5 A
6 A
7 A
8 A
9 A
10 A
11 A
12 A
13 A
14 A
15 A
16 A
17 A
18 A
19 A
20 A
21 A
22 A
23 A
24 A
25 A
26 A
27 C
28 D
29 D
30 D
31 D
32 D
33 D
34 E
35 E
36 E
37 E
38 E
39 E
40 E
41 E
42 F
43 F
44 F
45 F
46 G
47 G
48 G
49 G
50 G
51 G
52 G
53 G
54 G
55 G
56 G
57 G
58 G
59 G
60 G
61 G
62 G
63 G
64 G
65 G
66 G
67 H
68 H
69 H
70 H
71 H
72 I
73 I
74 I
75 I
76 I
77 I
78 I
79 K
80 K
81 K
82 K
83 K
84 K
85 K
86 K
87 K
88 K
89 K
90 L
91 L
92 L
93 L
94 L
95 L
96 L
97 L
98 L
99 L
100 M
101 M
102 M
103 M
104 M
105 N
106 N
107 N
108 P
109 P
110 P
111 Q
112 Q
113 Q
114 Q
115 R
116 R
117 R
118 S
119 S
120 S
121 S
122 S
123 S
124 S
125 S
126 S
127 S
128 S
129 S
130 T
131 V
132 V
133 V
134 V
135 V
136 V
137 V
138 V
139 V
140 V
141 V
142 W
143 W
144 Y
145 Y
146 Y
# node ID1, node ID2, number of bounds
1 0 1
2 1 1
4 3 1
5 3 1
5 4 1
8 7 1
9 6 1
9 7 1
10 5 1
10 9 1
11 5 1
11 10 1
12 3 1
12 5 1
12 11 1
13 12 1
15 14 1
18 17 1
20 1 1
20 19 1
21 19 1
21 20 1
22 1 1
22 2 1
22 19 1
22 20 1
22 21 1
23 17 1
23 20 1
23 21 1
23 22 1
24 21 1
24 22 1
24 23 1
25 13 1
25 22 1
25 23 1
25 24 1
26 14 1
26 15 1
27 5 1
27 10 1
27 11 1
27 17 1
27 18 1
28 2 1
28 3 1
28 4 1
29 3 1
29 4 1
29 5 1
29 11 1
29 12 1
30 7 1
30 9 1
30 10 1
31 13 1
32 19 1
32 20 1
32 21 1
32 22 1
32 23 1
32 24 1
32 25 1
33 13 1
33 23 1
33 24 1
33 25 1
33 26 1
34 5 1
34 9 1
34 10 1
34 18 1
34 27 1
35 6 1
35 7 1
35 8 1
36 5 1
36 10 1
36 11 1
36 30 1
37 13 1
37 14 1
37 31 1
37 33 1
38 13 1
38 14 1
38 15 1
38 26 1
39 16 1
40 16 1
40 17 1
40 23 1
40 39 1
41 18 1
41 21 1
42 6 1
42 7 1
42 9 1
42 17 1
42 27 1
42 34 1
43 7 1
43 8 1
43 35 1
44 7 1
44 8 1
44 9 1
44 30 1
44 43 1
45 16 1
45 17 1
45 39 1
45 40 1
46 0 1
46 24 1
46 25 1
46 33 1
46 37 1
47 3 1
47 4 1
47 5 1
47 28 1
47 29 1
48 3 1
48 4 1
48 5 1
48 11 1
48 12 1
48 28 1
48 29 1
48 47 1
49 3 1
49 4 1
49 5 1
49 10 1
49 11 1
49 18 1
49 27 1
49 29 1
49 34 1
49 47 1
49 48 1
50 5 1
50 10 1
50 11 1
50 12 1
50 18 1
50 27 1
50 34 1
50 36 1
50 48 1
50 49 1
51 7 1
51 8 1
51 30 1
51 43 1
51 44 1
52 7 1
52 8 1
52 9 1
52 30 1
52 35 1
52 43 1
52 44 1
52 51 1
53 9 1
53 10 1
53 11 1
53 30 1
53 36 1
53 43 1
53 44 1
53 51 1
53 52 1
54 5 1
54 10 1
54 11 1
54 12 1
54 27 1
54 34 1
54 36 1
54 48 1
54 49 1
54 50 1
54 53 1
55 2 1
55 3 1
55 12 1
55 13 1
55 48 1
56 0 1
56 13 1
56 31 1
56 37 1
56 46 1
57 14 1
57 26 1
57 31 1
57 37 1
57 38 1
57 56 1
58 14 1
58 15 1
58 26 1
58 38 1
59 58 1
60 7 1
60 8 1
60 43 1
60 44 1
60 51 1
60 59 1
61 17 1
61 18 1
61 23 1
61 27 1
61 40 1
61 42 1
61 45 1
62 18 1
62 41 1
63 19 1
63 21 1
63 41 1
63 62 1
64 22 1
64 23 1
64 24 1
64 25 1
64 26 1
64 33 1
64 40 1
64 45 1
64 46 1
64 61 1
65 16 1
65 25 1
65 26 1
65 33 1
65 45 1
65 58 1
65 64 1
66 14 1
66 15 1
66 26 1
66 38 1
66 58 1
66 65 1
67 6 1
67 7 1
67 9 1
67 35 1
67 42 1
68 13 1
68 31 1
68 37 1
68 38 1
68 55 1
68 56 1
68 57 1
69 15 1
69 58 1
69 59 1
69 60 1
69 66 1
70 16 1
70 43 1
70 59 1
70 60 1
70 69 1
71 18 1
71 34 1
71 41 1
71 62 1
71 63 1
72 2 1
72 3 1
72 4 1
72 5 1
72 18 1
72 28 1
72 29 1
72 41 1
72 47 1
72 48 1
72 49 1
72 55 1
72 71 1
73 6 1
73 7 1
73 8 1
73 9 1
73 27 1
73 35 1
73 42 1
73 43 1
73 44 1
73 52 1
73 67 1
74 3 1
74 11 1
74 12 1
74 13 1
74 25 1
74 48 1
74 55 1
74 68 1
75 16 1
75 39 1
75 43 1
75 45 1
75 59 1
75 60 1
75 69 1
75 70 1
76 3 1
76 18 1
76 28 1
76 41 1
76 47 1
76 62 1
76 63 1
76 71 1
76 72 1
77 13 1
77 23 1
77 24 1
77 25 1
77 26 1
77 33 1
77 38 1
77 46 1
77 64 1
77 65 1
77 74 1
78 16 1
78 26 1
78 33 1
78 39 1
78 45 1
78 58 1
78 65 1
78 66 1
78 69 1
78 75 1
78 77 1
79 2 1
79 3 1
79 4 1
79 28 1
79 47 1
79 48 1
79 55 1
79 72 1
80 5 1
80 9 1
80 10 1
80 11 1
80 18 1
80 27 1
80 34 1
80 36 1
80 42 1
80 48 1
80 49 1
80 50 1
80 53 1
80 54 1
81 6 1
81 9 1
81 18 1
81 27 1
81 34 1
81 42 1
81 67 1
81 73 1
81 80 1
82 5 1
82 10 1
82 11 1
82 12 1
82 36 1
82 48 1
82 50 1
82 54 1
82 55 1
82 74 1
82 80 1
83 13 1
83 14 1
83 31 1
83 37 1
83 38 1
83 56 1
83 57 1
83 68 1
84 14 1
84 15 1
84 26 1
84 38 1
84 58 1
84 65 1
84 66 1
84 69 1
84 77 1
84 78 1
84 83 1
85 58 1
85 59 1
85 60 1
85 66 1
85 69 1
85 70 1
85 75 1
85 78 1
86 43 1
86 51 1
86 59 1
86 60 1
86 69 1
86 70 1
86 75 1
86 85 1
87 16 1
87 39 1
87 45 1
87 70 1
87 75 1
87 78 1
87 85 1
87 86 1
88 19 1
88 20 1
88 21 1
88 28 1
88 41 1
88 62 1
88 63 1
88 72 1
88 76 1
89 19 1
89 20 1
89 21 1
89 22 1
89 23 1
89 24 1
89 25 1
89 32 1
89 41 1
89 88 1
90 0 1
90 1 1
90 22 1
90 24 1
90 25 1
90 33 1
90 37 1
90 46 1
90 56 1
90 64 1
91 6 1
91 7 1
91 9 1
91 10 1
91 11 1
91 18 1
91 27 1
91 34 1
91 42 1
91 50 1
91 53 1
91 54 1
91 73 1
91 80 1
91 81 1
92 5 1
92 10 1
92 11 1
92 12 1
92 36 1
92 43 1
92 50 1
92 53 1
92 54 1
92 80 1
92 82 1
92 91 1
93 3 1
93 5 1
93 11 1
93 12 1
93 13 1
93 27 1
93 29 1
93 48 1
93 49 1
93 50 1
93 54 1
93 55 1
93 72 1
93 74 1
93 80 1
93 82 1
93 92 1
94 0 1
94 2 1
94 13 1
94 25 1
94 31 1
94 33 1
94 37 1
94 46 1
94 56 1
94 57 1
94 68 1
94 77 1
94 83 1
94 90 1
95 17 1
95 27 1
95 39 1
95 40 1
95 42 1
95 45 1
95 61 1
95 67 1
95 73 1
95 81 1
95 91 1
96 17 1
96 18 1
96 23 1
96 27 1
96 34 1
96 41 1
96 42 1
96 50 1
96 61 1
96 71 1
96 80 1
96 81 1
96 91 1
96 93 1
96 95 1
97 17 1
97 18 1
97 21 1
97 23 1
97 27 1
97 32 1
97 41 1
97 61 1
97 71 1
97 89 1
97 95 1
97 96 1
98 14 1
98 15 1
98 16 1
98 26 1
98 33 1
98 38 1
98 45 1
98 58 1
98 64 1
98 65 1
98 66 1
98 69 1
98 77 1
98 78 1
98 84 1
99 15 1
99 16 1
99 26 1
99 58 1
99 59 1
99 65 1
99 66 1
99 69 1
99 70 1
99 75 1
99 78 1
99 84 1
99 85 1
99 87 1
99 98 1
100 6 1
100 7 1
100 8 1
100 9 1
100 35 1
100 42 1
100 43 1
100 44 1
100 51 1
100 52 1
100 67 1
100 73 1
100 75 1
100 91 1
101 13 1
101 14 1
101 26 1
101 31 1
101 33 1
101 37 1
101 38 1
101 56 1
101 57 1
101 68 1
101 74 1
101 77 1
101 83 1
101 84 1
101 94 1
102 13 1
102 14 1
102 15 1
102 26 1
102 33 1
102 38 1
102 58 1
102 65 1
102 66 1
102 74 1
102 77 1
102 78 1
102 83 1
102 84 1
102 98 1
102 99 1
102 101 1
103 3 1
103 18 1
103 27 1
103 28 1
103 34 1
103 41 1
103 48 1
103 49 1
103 50 1
103 62 1
103 71 1
103 72 1
103 76 1
103 88 1
103 89 1
103 96 1
103 97 1
104 19 1
104 20 1
104 21 1
104 28 1
104 32 1
104 41 1
104 62 1
104 63 1
104 71 1
104 72 1
104 76 1
104 88 1
104 89 1
104 97 1
104 103 1
105 3 1
105 4 1
105 5 1
105 11 1
105 12 1
105 28 1
105 29 1
105 47 1
105 48 1
105 49 1
105 50 1
105 55 1
105 72 1
105 74 1
105 79 1
105 82 1
105 93 1
106 7 1
106 8 1
106 43 1
106 51 1
106 59 1
106 60 1
106 70 1
106 75 1
106 85 1
106 86 1
106 100 1
107 19 1
107 20 1
107 21 1
107 32 1
107 41 1
107 62 1
107 63 1
107 76 1
107 88 1
107 89 1
107 104 1
108 6 1
108 7 1
108 8 1
108 9 1
108 35 1
108 42 1
108 52 1
108 67 1
108 73 1
108 81 1
108 100 1
109 9 1
109 10 1
109 30 1
109 36 1
109 44 1
109 52 1
109 53 1
109 80 1
109 92 1
110 6 1
110 17 1
110 39 1
110 40 1
110 42 1
110 45 1
110 61 1
110 67 1
110 95 1
110 96 1
111 0 1
111 1 1
111 2 1
111 20 1
111 21 1
111 22 1
111 24 1
111 25 1
111 32 1
111 46 1
111 89 1
111 90 1
112 0 1
112 1 1
112 2 1
112 21 1
112 22 1
112 56 1
112 90 1
112 94 1
112 111 1
113 11 1
113 12 1
113 13 1
113 38 1
113 48 1
113 55 1
113 74 1
113 77 1
113 82 1
113 93 1
113 102 1
113 105 1
114 16 1
114 58 1
114 66 1
114 69 1
114 75 1
114 78 1
114 84 1
114 85 1
114 87 1
114 98 1
114 99 1
115 0 1
115 1 1
115 2 1
115 22 1
115 24 1
115 25 1
115 46 1
115 56 1
115 90 1
115 94 1
115 111 1
115 112 1
116 15 1
116 58 1
116 59 1
116 66 1
116 69 1
116 84 1
116 85 1
116 98 1
116 99 1
116 102 1
117 3 1
117 18 1
117 28 1
117 34 1
117 41 1
117 47 1
117 48 1
117 49 1
117 62 1
117 63 1
117 71 1
117 72 1
117 76 1
117 88 1
117 97 1
117 103 1
117 104 1
118 0 1
118 1 1
118 22 1
118 24 1
118 46 1
118 56 1
118 90 1
118 111 1
118 112 1
118 115 1
119 2 1
119 21 1
119 28 1
119 72 1
119 79 1
119 111 1
119 112 1
119 115 1
120 6 1
120 7 1
120 9 1
120 10 1
120 18 1
120 27 1
120 30 1
120 34 1
120 42 1
120 50 1
120 52 1
120 54 1
120 67 1
120 73 1
120 80 1
120 81 1
120 91 1
121 6 1
121 7 1
121 9 1
121 35 1
121 42 1
121 52 1
121 67 1
121 73 1
121 81 1
121 91 1
121 100 1
121 108 1
121 120 1
122 7 1
122 8 1
122 9 1
122 30 1
122 43 1
122 44 1
122 51 1
122 52 1
122 53 1
122 108 1
122 109 1
123 9 1
123 10 1
123 30 1
123 44 1
123 52 1
123 53 1
123 73 1
123 80 1
123 91 1
123 109 1
123 120 1
123 121 1
123 122 1
124 2 1
124 13 1
124 31 1
124 55 1
124 56 1
124 68 1
124 74 1
124 94 1
124 101 1
124 113 1
124 115 1
125 6 1
125 17 1
125 18 1
125 27 1
125 34 1
125 40 1
125 41 1
125 42 1
125 50 1
125 61 1
125 73 1
125 81 1
125 91 1
125 95 1
125 96 1
125 97 1
125 103 1
125 110 1
125 120 1
126 17 1
126 18 1
126 27 1
126 34 1
126 41 1
126 61 1
126 62 1
126 71 1
126 81 1
126 89 1
126 96 1
126 97 1
126 103 1
126 104 1
126 117 1
126 125 1
127 16 1
127 25 1
127 26 1
127 33 1
127 40 1
127 45 1
127 58 1
127 61 1
127 64 1
127 65 1
127 66 1
127 74 1
127 77 1
127 78 1
127 84 1
127 95 1
127 98 1
127 102 1
128 15 1
128 16 1
128 26 1
128 58 1
128 65 1
128 66 1
128 78 1
128 84 1
128 98 1
128 99 1
128 102 1
128 114 1
128 127 1
129 58 1
129 66 1
129 78 1
129 84 1
129 85 1
129 98 1
129 99 1
129 114 1
129 128 1
130 2 1
130 3 1
130 21 1
130 28 1
130 72 1
130 76 1
130 79 1
130 88 1
130 103 1
130 104 1
130 112 1
130 119 1
131 0 1
131 1 1
131 2 1
131 20 1
131 21 1
131 22 1
131 32 1
131 89 1
131 104 1
131 111 1
131 112 1
131 115 1
131 118 1
131 119 1
131 130 1
132 0 1
132 1 1
132 2 1
132 20 1
132 21 1
132 22 1
132 23 1
132 24 1
132 25 1
132 32 1
132 72 1
132 79 1
132 89 1
132 90 1
132 94 1
132 111 1
132 112 1
132 115 1
132 119 1
132 130 1
132 131 1
133 3 1
133 5 1
133 10 1
133 11 1
133 18 1
133 27 1
133 29 1
133 34 1
133 41 1
133 47 1
133 48 1
133 49 1
133 50 1
133 54 1
133 71 1
133 72 1
133 80 1
133 91 1
133 93 1
133 96 1
133 97 1
133 103 1
133 105 1
133 117 1
133 120 1
133 125 1
133 126 1
134 7 1
134 8 1
134 35 1
134 43 1
134 44 1
134 51 1
134 60 1
134 70 1
134 73 1
134 75 1
134 86 1
134 87 1
134 100 1
134 106 1
134 108 1
135 7 1
135 9 1
135 10 1
135 11 1
135 27 1
135 30 1
135 34 1
135 36 1
135 43 1
135 44 1
135 50 1
135 51 1
135 52 1
135 53 1
135 54 1
135 73 1
135 80 1
135 91 1
135 92 1
135 109 1
135 120 1
135 122 1
135 123 1
136 5 1
136 11 1
136 12 1
136 27 1
136 36 1
136 48 1
136 50 1
136 54 1
136 55 1
136 74 1
136 80 1
136 82 1
136 91 1
136 92 1
136 93 1
136 113 1
136 133 1
137 12 1
137 13 1
137 38 1
137 55 1
137 68 1
137 74 1
137 93 1
137 94 1
137 101 1
137 102 1
137 113 1
137 124 1
138 2 1
138 12 1
138 13 1
138 25 1
138 55 1
138 56 1
138 68 1
138 74 1
138 77 1
138 94 1
138 101 1
138 112 1
138 113 1
138 115 1
138 119 1
138 124 1
138 132 1
138 137 1
139 13 1
139 14 1
139 15 1
139 26 1
139 31 1
139 33 1
139 37 1
139 38 1
139 57 1
139 65 1
139 66 1
139 68 1
139 77 1
139 83 1
139 84 1
139 94 1
139 98 1
139 101 1
139 102 1
139 127 1
139 128 1
140 14 1
140 15 1
140 26 1
140 38 1
140 58 1
140 66 1
140 69 1
140 78 1
140 84 1
140 85 1
140 98 1
140 99 1
140 102 1
140 113 1
140 116 1
140 127 1
140 139 1
141 15 1
141 58 1
141 59 1
141 66 1
141 69 1
141 78 1
141 84 1
141 85 1
141 98 1
141 99 1
141 102 1
141 114 1
141 116 1
141 128 1
141 129 1
141 140 1
142 2 1
142 3 1
142 28 1
142 47 1
142 48 1
142 55 1
142 72 1
142 74 1
142 76 1
142 79 1
142 103 1
142 105 1
142 112 1
142 119 1
142 124 1
142 130 1
142 131 1
142 132 1
142 138 1
143 2 1
143 19 1
143 20 1
143 21 1
143 22 1
143 23 1
143 24 1
143 25 1
143 32 1
143 33 1
143 61 1
143 64 1
143 89 1
143 90 1
143 96 1
143 97 1
143 103 1
143 104 1
143 111 1
143 115 1
143 130 1
143 131 1
143 132 1
143 142 1
144 43 1
144 51 1
144 58 1
144 59 1
144 60 1
144 69 1
144 70 1
144 75 1
144 85 1
144 86 1
144 106 1
144 116 1
144 134 1
144 141 1
145 16 1
145 39 1
145 40 1
145 45 1
145 61 1
145 75 1
145 87 1
145 95 1
145 100 1
145 110 1
145 134 1
146 13 1
146 17 1
146 22 1
146 23 1
146 24 1
146 25 1
146 26 1
146 32 1
146 33 1
146 40 1
146 45 1
146 61 1
146 64 1
146 65 1
146 74 1
146 77 1
146 95 1
146 96 1
146 97 1
146 127 1
146 143 1
