# minsup
1
# graph
G_portein_file\Hemoglobin\2HBG.pdb
# node ID, label
0 A
1 A
2 A
3 A
4 A
5 A
6 A
7 A
8 A
9 A
10 A
11 A
12 A
13 A
14 A
15 A
16 A
17 A
18 A
19 A
20 A
21 A
22 A
23 A
24 A
25 A
26 A
27 A
28 A
29 A
30 C
31 D
32 D
33 D
34 D
35 D
36 D
37 E
38 E
39 E
40 F
41 F
42 F
43 F
44 G
45 G
46 G
47 G
48 G
49 G
50 G
51 G
52 G
53 G
54 G
55 G
56 G
57 G
58 G
59 G
60 G
61 G
62 G
63 G
64 H
65 H
66 H
67 H
68 H
69 I
70 I
71 I
72 I
73 I
74 I
75 I
76 I
77 K
78 K
79 K
80 K
81 K
82 K
83 K
84 K
85 K
86 K
87 K
88 K
89 L
90 L
91 L
92 L
93 L
94 L
95 L
96 L
97 L
98 L
99 L
100 M
101 M
102 M
103 M
104 M
105 N
106 N
107 N
108 P
109 P
110 P
111 Q
112 Q
113 Q
114 Q
115 Q
116 Q
117 Q
118 R
119 R
120 R
121 S
122 S
123 S
124 S
125 S
126 S
127 S
128 S
129 S
130 S
131 T
132 V
133 V
134 V
135 V
136 V
137 V
138 V
139 V
140 V
141 V
142 W
143 W
144 Y
145 Y
146 Y
# node ID1, node ID2, number of bounds
1 0 1
3 2 1
5 4 1
6 4 1
6 5 1
9 8 1
10 7 1
10 8 1
11 6 1
11 10 1
12 6 1
12 11 1
13 6 1
13 11 1
13 12 1
14 4 1
14 6 1
14 13 1
15 14 1
16 15 1
17 16 1
20 19 1
22 1 1
22 21 1
23 3 1
23 21 1
23 22 1
24 1 1
24 21 1
24 22 1
24 23 1
25 19 1
25 23 1
25 24 1
26 23 1
26 24 1
26 25 1
27 15 1
27 24 1
27 25 1
27 26 1
28 24 1
28 25 1
28 26 1
28 27 1
29 16 1
29 17 1
29 28 1
30 6 1
30 11 1
30 13 1
30 19 1
30 20 1
31 2 1
31 3 1
31 4 1
31 5 1
32 4 1
32 5 1
32 6 1
32 13 1
32 14 1
33 8 1
33 10 1
33 11 1
33 12 1
34 15 1
35 21 1
35 22 1
35 23 1
35 24 1
35 25 1
35 26 1
35 27 1
36 15 1
36 25 1
36 26 1
36 27 1
36 28 1
36 29 1
37 15 1
37 16 1
37 34 1
37 36 1
38 18 1
38 19 1
38 28 1
39 20 1
39 23 1
40 7 1
40 8 1
40 10 1
40 19 1
40 30 1
41 8 1
41 9 1
42 8 1
42 9 1
42 10 1
42 33 1
42 41 1
43 18 1
43 19 1
43 28 1
43 38 1
44 0 1
44 26 1
44 27 1
44 28 1
44 34 1
44 36 1
44 37 1
45 4 1
45 5 1
45 6 1
45 31 1
45 32 1
46 4 1
46 5 1
46 6 1
46 13 1
46 14 1
46 31 1
46 32 1
46 45 1
47 4 1
47 5 1
47 6 1
47 11 1
47 13 1
47 20 1
47 30 1
47 32 1
47 45 1
47 46 1
48 6 1
48 11 1
48 12 1
48 13 1
48 14 1
48 20 1
48 30 1
48 46 1
48 47 1
49 8 1
49 9 1
49 33 1
49 41 1
49 42 1
50 8 1
50 9 1
50 10 1
50 33 1
50 41 1
50 42 1
50 49 1
51 10 1
51 11 1
51 12 1
51 13 1
51 33 1
51 41 1
51 42 1
51 49 1
51 50 1
52 6 1
52 11 1
52 12 1
52 13 1
52 14 1
52 30 1
52 46 1
52 47 1
52 48 1
52 51 1
53 2 1
53 4 1
53 14 1
53 15 1
53 46 1
54 0 1
54 15 1
54 34 1
54 37 1
55 16 1
55 34 1
55 37 1
55 44 1
55 54 1
56 16 1
56 17 1
56 29 1
57 56 1
58 8 1
58 9 1
58 41 1
58 42 1
58 49 1
58 57 1
59 19 1
59 20 1
59 25 1
59 28 1
59 30 1
59 38 1
59 40 1
59 43 1
60 20 1
60 39 1
61 21 1
61 23 1
61 39 1
61 60 1
62 18 1
62 27 1
62 28 1
62 29 1
62 36 1
62 43 1
62 56 1
63 16 1
63 17 1
63 29 1
63 56 1
63 62 1
64 7 1
64 8 1
64 10 1
64 40 1
65 2 1
65 15 1
65 34 1
65 37 1
65 53 1
65 54 1
65 55 1
66 17 1
66 56 1
66 57 1
66 58 1
66 63 1
67 18 1
67 41 1
67 57 1
67 58 1
67 66 1
68 20 1
68 39 1
68 60 1
68 61 1
69 1 1
69 2 1
69 3 1
69 22 1
69 23 1
69 24 1
69 26 1
69 27 1
69 35 1
70 2 1
70 3 1
70 4 1
70 5 1
70 6 1
70 20 1
70 31 1
70 32 1
70 39 1
70 45 1
70 46 1
70 47 1
70 53 1
70 68 1
70 69 1
71 7 1
71 8 1
71 10 1
71 11 1
71 30 1
71 33 1
71 40 1
71 48 1
71 50 1
71 52 1
71 64 1
72 4 1
72 14 1
72 15 1
72 27 1
72 46 1
72 53 1
73 18 1
73 41 1
73 43 1
73 57 1
73 58 1
73 66 1
73 67 1
74 4 1
74 20 1
74 31 1
74 39 1
74 45 1
74 60 1
74 61 1
74 68 1
74 70 1
75 15 1
75 25 1
75 26 1
75 27 1
75 28 1
75 29 1
75 36 1
75 44 1
75 62 1
75 72 1
76 18 1
76 29 1
76 36 1
76 43 1
76 56 1
76 62 1
76 63 1
76 66 1
76 73 1
76 75 1
77 2 1
77 3 1
77 4 1
77 5 1
77 31 1
77 45 1
77 46 1
77 53 1
77 69 1
77 70 1
78 6 1
78 10 1
78 11 1
78 12 1
78 13 1
78 20 1
78 30 1
78 40 1
78 46 1
78 47 1
78 48 1
78 51 1
78 52 1
78 71 1
79 6 1
79 10 1
79 11 1
79 13 1
79 20 1
79 30 1
79 40 1
79 47 1
79 48 1
79 52 1
79 68 1
79 71 1
79 78 1
80 7 1
80 10 1
80 20 1
80 30 1
80 40 1
80 48 1
80 64 1
80 71 1
80 78 1
80 79 1
81 6 1
81 11 1
81 12 1
81 13 1
81 14 1
81 46 1
81 48 1
81 52 1
81 53 1
81 72 1
81 78 1
82 15 1
82 16 1
82 34 1
82 37 1
82 54 1
82 55 1
82 65 1
83 16 1
83 17 1
83 29 1
83 56 1
83 62 1
83 63 1
83 66 1
83 75 1
83 76 1
83 82 1
84 56 1
84 57 1
84 58 1
84 63 1
84 66 1
84 67 1
84 73 1
85 8 1
85 9 1
85 41 1
85 49 1
85 58 1
85 67 1
85 73 1
86 18 1
86 43 1
86 67 1
86 73 1
86 76 1
86 85 1
87 3 1
87 21 1
87 22 1
87 23 1
87 31 1
87 39 1
87 60 1
87 61 1
87 70 1
87 74 1
88 21 1
88 22 1
88 23 1
88 24 1
88 25 1
88 26 1
88 27 1
88 35 1
88 39 1
88 69 1
88 87 1
89 0 1
89 1 1
89 24 1
89 26 1
89 27 1
89 36 1
89 37 1
89 44 1
89 54 1
89 69 1
90 7 1
90 8 1
90 10 1
90 11 1
90 13 1
90 20 1
90 30 1
90 40 1
90 48 1
90 52 1
90 71 1
90 78 1
90 79 1
90 80 1
91 7 1
91 8 1
91 9 1
91 10 1
91 30 1
91 40 1
91 41 1
91 42 1
91 50 1
91 64 1
91 71 1
91 80 1
91 90 1
92 6 1
92 11 1
92 12 1
92 13 1
92 14 1
92 41 1
92 48 1
92 51 1
92 52 1
92 78 1
92 81 1
92 90 1
93 4 1
93 6 1
93 13 1
93 14 1
93 15 1
93 30 1
93 46 1
93 47 1
93 48 1
93 52 1
93 53 1
93 70 1
93 72 1
93 78 1
93 81 1
93 92 1
94 0 1
94 2 1
94 15 1
94 27 1
94 34 1
94 37 1
94 44 1
94 54 1
94 55 1
94 65 1
94 69 1
94 82 1
94 89 1
95 19 1
95 30 1
95 38 1
95 40 1
95 43 1
95 59 1
95 64 1
95 80 1
95 90 1
95 91 1
96 19 1
96 20 1
96 25 1
96 30 1
96 38 1
96 39 1
96 40 1
96 48 1
96 59 1
96 68 1
96 78 1
96 79 1
96 80 1
96 90 1
96 93 1
96 95 1
97 19 1
97 20 1
97 23 1
97 25 1
97 30 1
97 39 1
97 59 1
97 68 1
97 88 1
97 95 1
97 96 1
98 16 1
98 17 1
98 18 1
98 28 1
98 29 1
98 36 1
98 43 1
98 56 1
98 62 1
98 63 1
98 66 1
98 75 1
98 76 1
98 83 1
99 17 1
99 18 1
99 29 1
99 56 1
99 57 1
99 62 1
99 63 1
99 66 1
99 73 1
99 76 1
99 83 1
99 84 1
99 86 1
99 98 1
100 7 1
100 8 1
100 9 1
100 10 1
100 40 1
100 41 1
100 42 1
100 49 1
100 50 1
100 64 1
100 73 1
100 85 1
100 91 1
101 15 1
101 16 1
101 29 1
101 34 1
101 36 1
101 37 1
101 44 1
101 54 1
101 55 1
101 65 1
101 72 1
101 75 1
101 82 1
101 83 1
101 94 1
102 15 1
102 16 1
102 17 1
102 29 1
102 36 1
102 56 1
102 62 1
102 63 1
102 72 1
102 75 1
102 76 1
102 82 1
102 83 1
102 98 1
102 99 1
102 101 1
103 4 1
103 19 1
103 20 1
103 30 1
103 31 1
103 39 1
103 46 1
103 47 1
103 48 1
103 60 1
103 68 1
103 70 1
103 74 1
103 79 1
103 87 1
103 88 1
103 96 1
103 97 1
104 21 1
104 22 1
104 23 1
104 24 1
104 35 1
104 39 1
104 60 1
104 61 1
104 68 1
104 70 1
104 74 1
104 87 1
104 88 1
104 97 1
104 103 1
105 4 1
105 5 1
105 6 1
105 13 1
105 14 1
105 31 1
105 32 1
105 45 1
105 46 1
105 47 1
105 48 1
105 53 1
105 70 1
105 77 1
105 81 1
105 93 1
106 8 1
106 9 1
106 41 1
106 42 1
106 49 1
106 57 1
106 58 1
106 67 1
106 73 1
106 85 1
107 21 1
107 22 1
107 23 1
107 24 1
107 35 1
107 39 1
107 60 1
107 61 1
107 74 1
107 87 1
107 88 1
107 104 1
108 7 1
108 8 1
108 9 1
108 10 1
108 40 1
108 50 1
108 64 1
108 80 1
108 91 1
108 100 1
109 10 1
109 11 1
109 12 1
109 33 1
109 42 1
109 50 1
109 51 1
109 71 1
109 78 1
109 92 1
110 7 1
110 19 1
110 38 1
110 40 1
110 43 1
110 59 1
110 64 1
110 95 1
110 96 1
111 0 1
111 1 1
111 2 1
111 22 1
111 23 1
111 24 1
111 26 1
111 27 1
111 35 1
111 44 1
111 69 1
111 88 1
111 89 1
111 94 1
112 0 1
112 1 1
112 2 1
112 3 1
112 23 1
112 24 1
112 69 1
112 89 1
112 94 1
112 111 1
113 7 1
113 8 1
113 9 1
113 41 1
113 50 1
113 64 1
113 91 1
113 100 1
113 108 1
114 13 1
114 14 1
114 15 1
114 46 1
114 52 1
114 53 1
114 72 1
114 75 1
114 81 1
114 93 1
114 102 1
115 15 1
115 16 1
115 17 1
115 29 1
115 37 1
115 55 1
115 56 1
115 63 1
115 65 1
115 75 1
115 82 1
115 83 1
115 98 1
115 101 1
115 102 1
115 114 1
116 18 1
116 38 1
116 43 1
116 73 1
116 76 1
116 86 1
116 95 1
116 110 1
117 18 1
117 56 1
117 63 1
117 66 1
117 73 1
117 76 1
117 83 1
117 84 1
117 86 1
117 98 1
117 99 1
118 0 1
118 1 1
118 2 1
118 3 1
118 23 1
118 24 1
118 26 1
118 27 1
118 44 1
118 54 1
118 69 1
118 89 1
118 94 1
118 111 1
118 112 1
119 17 1
119 56 1
119 57 1
119 63 1
119 66 1
119 83 1
119 84 1
119 98 1
119 99 1
119 102 1
120 4 1
120 20 1
120 31 1
120 39 1
120 45 1
120 46 1
120 47 1
120 60 1
120 61 1
120 68 1
120 70 1
120 74 1
120 79 1
120 87 1
120 103 1
120 104 1
121 0 1
121 1 1
121 24 1
121 26 1
121 44 1
121 89 1
121 111 1
121 112 1
121 118 1
122 7 1
122 8 1
122 10 1
122 40 1
122 50 1
122 64 1
122 71 1
122 80 1
122 90 1
122 91 1
122 100 1
122 108 1
122 113 1
123 8 1
123 9 1
123 10 1
123 33 1
123 41 1
123 42 1
123 49 1
123 50 1
123 51 1
123 108 1
123 109 1
124 10 1
124 11 1
124 33 1
124 42 1
124 50 1
124 51 1
124 71 1
124 90 1
124 91 1
124 109 1
124 122 1
124 123 1
125 2 1
125 15 1
125 34 1
125 53 1
125 54 1
125 65 1
125 72 1
125 82 1
125 94 1
125 101 1
125 114 1
126 7 1
126 19 1
126 20 1
126 30 1
126 38 1
126 39 1
126 40 1
126 43 1
126 48 1
126 59 1
126 71 1
126 79 1
126 80 1
126 90 1
126 91 1
126 95 1
126 96 1
126 97 1
126 103 1
126 110 1
127 19 1
127 20 1
127 30 1
127 39 1
127 59 1
127 60 1
127 68 1
127 79 1
127 80 1
127 88 1
127 95 1
127 96 1
127 97 1
127 103 1
127 104 1
127 120 1
127 126 1
128 18 1
128 27 1
128 28 1
128 29 1
128 36 1
128 38 1
128 43 1
128 56 1
128 59 1
128 62 1
128 72 1
128 75 1
128 76 1
128 83 1
128 95 1
128 98 1
128 102 1
129 16 1
129 17 1
129 18 1
129 29 1
129 56 1
129 62 1
129 63 1
129 76 1
129 83 1
129 98 1
129 99 1
129 102 1
129 117 1
129 128 1
130 56 1
130 63 1
130 76 1
130 83 1
130 84 1
130 98 1
130 99 1
130 117 1
130 129 1
131 2 1
131 3 1
131 4 1
131 23 1
131 31 1
131 45 1
131 69 1
131 70 1
131 74 1
131 77 1
131 87 1
131 103 1
131 104 1
131 112 1
132 0 1
132 1 1
132 2 1
132 3 1
132 22 1
132 23 1
132 24 1
132 35 1
132 69 1
132 87 1
132 88 1
132 104 1
132 111 1
132 112 1
132 118 1
132 131 1
133 4 1
133 6 1
133 11 1
133 13 1
133 20 1
133 30 1
133 32 1
133 39 1
133 45 1
133 46 1
133 47 1
133 48 1
133 52 1
133 68 1
133 70 1
133 71 1
133 78 1
133 79 1
133 90 1
133 93 1
133 96 1
133 97 1
133 103 1
133 105 1
133 120 1
133 126 1
133 127 1
134 8 1
134 9 1
134 41 1
134 42 1
134 49 1
134 58 1
134 67 1
134 73 1
134 85 1
134 86 1
134 100 1
134 106 1
134 108 1
134 113 1
135 8 1
135 10 1
135 11 1
135 12 1
135 13 1
135 30 1
135 33 1
135 41 1
135 42 1
135 48 1
135 49 1
135 50 1
135 51 1
135 52 1
135 71 1
135 78 1
135 79 1
135 90 1
135 91 1
135 92 1
135 109 1
135 123 1
135 124 1
136 6 1
136 11 1
136 12 1
136 13 1
136 14 1
136 30 1
136 46 1
136 48 1
136 52 1
136 53 1
136 72 1
136 78 1
136 81 1
136 90 1
136 92 1
136 93 1
136 114 1
136 133 1
137 14 1
137 15 1
137 53 1
137 65 1
137 72 1
137 93 1
137 94 1
137 101 1
137 102 1
137 114 1
137 115 1
137 125 1
137 136 1
138 2 1
138 14 1
138 15 1
138 27 1
138 34 1
138 37 1
138 53 1
138 54 1
138 65 1
138 69 1
138 72 1
138 75 1
138 94 1
138 101 1
138 114 1
138 118 1
138 125 1
138 137 1
139 15 1
139 16 1
139 17 1
139 29 1
139 34 1
139 36 1
139 37 1
139 44 1
139 55 1
139 62 1
139 63 1
139 65 1
139 75 1
139 82 1
139 83 1
139 94 1
139 98 1
139 101 1
139 102 1
139 115 1
139 128 1
139 129 1
140 16 1
140 17 1
140 29 1
140 56 1
140 63 1
140 66 1
140 76 1
140 83 1
140 84 1
140 98 1
140 99 1
140 102 1
140 114 1
140 115 1
140 119 1
140 139 1
141 17 1
141 56 1
141 57 1
141 63 1
141 66 1
141 76 1
141 83 1
141 84 1
141 98 1
141 99 1
141 102 1
141 117 1
141 119 1
141 129 1
141 130 1
141 140 1
142 2 1
142 3 1
142 4 1
142 31 1
142 45 1
142 46 1
142 53 1
142 69 1
142 70 1
142 72 1
142 74 1
142 77 1
142 103 1
142 105 1
142 125 1
142 131 1
142 132 1
142 138 1
143 2 1
143 22 1
143 23 1
143 24 1
143 25 1
143 26 1
143 27 1
143 28 1
143 35 1
143 36 1
143 59 1
143 69 1
143 88 1
143 89 1
143 96 1
143 97 1
143 103 1
143 104 1
143 111 1
143 118 1
143 131 1
143 132 1
143 142 1
144 41 1
144 49 1
144 56 1
144 57 1
144 58 1
144 66 1
144 67 1
144 73 1
144 84 1
144 85 1
144 106 1
144 119 1
144 134 1
144 141 1
145 18 1
145 38 1
145 43 1
145 59 1
145 73 1
145 86 1
145 95 1
145 100 1
145 110 1
145 116 1
145 134 1
146 19 1
146 24 1
146 25 1
146 26 1
146 27 1
146 28 1
146 29 1
146 36 1
146 38 1
146 43 1
146 59 1
146 62 1
146 72 1
146 75 1
146 95 1
146 96 1
146 97 1
146 128 1
146 143 1
