# minsup
1
# graph
G_./1BXL.pdb
# node ID, label
0 A
1 A
2 A
3 A
4 A
5 A
6 A
7 A
8 A
9 A
10 A
11 A
12 A
13 A
14 A
15 A
16 C
17 D
18 D
19 D
20 D
21 D
22 D
23 D
24 D
25 D
26 D
27 E
28 E
29 E
30 E
31 E
32 E
33 E
34 E
35 E
36 E
37 E
38 E
39 E
40 E
41 E
42 E
43 E
44 E
45 E
46 E
47 F
48 F
49 F
50 F
51 F
52 F
53 F
54 F
55 F
56 F
57 G
58 G
59 G
60 G
61 G
62 G
63 G
64 G
65 G
66 G
67 G
68 G
69 G
70 G
71 G
72 H
73 H
74 H
75 H
76 H
77 H
78 H
79 H
80 I
81 I
82 I
83 I
84 I
85 I
86 I
87 K
88 K
89 K
90 K
91 K
92 L
93 L
94 L
95 L
96 L
97 L
98 L
99 L
100 L
101 L
102 L
103 L
104 L
105 L
106 L
107 M
108 M
109 M
110 M
111 M
112 N
113 N
114 N
115 N
116 N
117 N
118 N
119 N
120 N
121 P
122 P
123 P
124 Q
125 Q
126 Q
127 Q
128 Q
129 Q
130 Q
131 Q
132 Q
133 Q
134 Q
135 Q
136 R
137 R
138 R
139 R
140 R
141 R
142 R
143 R
144 R
145 R
146 R
147 R
148 R
149 S
150 S
151 S
152 S
153 S
154 S
155 S
156 S
157 S
158 S
159 S
160 S
161 S
162 S
163 S
164 S
165 T
166 T
167 T
168 T
169 T
170 T
171 T
172 V
173 V
174 V
175 V
176 V
177 V
178 V
179 V
180 V
181 V
182 V
183 V
184 V
185 V
186 W
187 W
188 W
189 W
190 W
191 Y
192 Y
193 Y
194 Y
195 Y
196 Y
# node ID1, node ID2, number of bounds
1 0 1
3 2 1
4 2 1
4 3 1
7 3 1
7 4 1
7 5 1
8 4 1
8 6 1
8 7 1
9 6 1
9 8 1
10 6 1
10 8 1
10 9 1
11 0 1
11 7 1
11 9 1
11 10 1
12 2 1
12 3 1
12 4 1
12 7 1
13 3 1
13 4 1
13 7 1
13 12 1
14 3 1
14 4 1
14 12 1
14 13 1
15 4 1
15 5 1
15 7 1
15 13 1
16 6 1
16 7 1
16 8 1
16 9 1
16 10 1
16 11 1
17 1 1
17 2 1
17 3 1
17 4 1
17 8 1
17 9 1
17 10 1
17 11 1
17 16 1
18 1 1
18 9 1
18 10 1
18 11 1
18 16 1
18 17 1
19 3 1
19 4 1
19 5 1
19 7 1
19 8 1
19 12 1
19 13 1
19 14 1
19 17 1
20 5 1
20 7 1
20 8 1
20 15 1
20 16 1
20 19 1
21 15 1
22 6 1
22 8 1
22 16 1
23 9 1
23 10 1
23 11 1
24 0 1
24 2 1
24 3 1
24 4 1
24 12 1
25 4 1
25 5 1
25 7 1
25 12 1
25 13 1
25 14 1
25 15 1
26 4 1
26 5 1
26 7 1
26 12 1
26 13 1
26 14 1
26 15 1
26 19 1
26 25 1
27 0 1
27 1 1
27 2 1
27 3 1
27 9 1
27 10 1
27 11 1
27 17 1
27 18 1
27 23 1
28 9 1
28 10 1
28 18 1
29 1 1
29 18 1
29 28 1
30 0 1
30 1 1
30 17 1
30 18 1
30 27 1
30 28 1
30 29 1
31 0 1
31 1 1
31 2 1
31 17 1
31 27 1
31 30 1
32 0 1
32 1 1
32 2 1
32 3 1
32 17 1
32 24 1
32 27 1
32 31 1
33 0 1
33 1 1
33 2 1
33 3 1
33 4 1
33 17 1
33 24 1
33 27 1
33 31 1
33 32 1
34 2 1
34 3 1
34 4 1
34 7 1
34 12 1
34 13 1
34 14 1
34 17 1
34 19 1
34 33 1
35 3 1
35 4 1
35 5 1
35 7 1
35 8 1
35 12 1
35 13 1
35 14 1
35 15 1
35 19 1
35 20 1
35 25 1
35 26 1
35 34 1
36 3 1
36 4 1
36 5 1
36 7 1
36 8 1
36 13 1
36 14 1
36 15 1
36 16 1
36 19 1
36 20 1
36 25 1
36 26 1
36 34 1
36 35 1
37 6 1
37 7 1
37 8 1
37 9 1
37 10 1
37 11 1
37 15 1
37 16 1
37 23 1
38 7 1
38 15 1
38 21 1
38 25 1
38 37 1
39 6 1
39 8 1
39 9 1
39 16 1
39 20 1
39 22 1
39 36 1
40 6 1
40 8 1
40 16 1
40 22 1
40 39 1
41 0 1
41 10 1
41 11 1
41 23 1
41 24 1
41 27 1
41 32 1
42 23 1
42 24 1
42 41 1
43 2 1
43 3 1
43 4 1
43 12 1
43 13 1
43 14 1
43 24 1
43 32 1
43 33 1
43 34 1
44 3 1
44 4 1
44 12 1
44 13 1
44 14 1
44 25 1
44 26 1
44 34 1
44 35 1
44 43 1
45 12 1
45 13 1
45 14 1
45 44 1
46 13 1
46 14 1
46 26 1
46 44 1
46 45 1
47 2 1
47 3 1
47 4 1
47 7 1
47 8 1
47 9 1
47 10 1
47 11 1
47 16 1
47 17 1
47 18 1
47 19 1
47 27 1
47 32 1
47 33 1
47 34 1
47 35 1
47 36 1
47 39 1
48 9 1
48 10 1
48 16 1
48 17 1
48 18 1
48 22 1
48 28 1
48 29 1
48 39 1
48 40 1
49 3 1
49 4 1
49 5 1
49 7 1
49 8 1
49 12 1
49 13 1
49 14 1
49 15 1
49 19 1
49 20 1
49 25 1
49 26 1
49 34 1
49 35 1
49 36 1
49 44 1
49 47 1
50 5 1
50 7 1
50 15 1
50 20 1
50 25 1
50 26 1
50 35 1
50 36 1
50 49 1
51 6 1
51 7 1
51 8 1
51 9 1
51 10 1
51 11 1
51 15 1
51 16 1
51 20 1
51 37 1
51 38 1
51 39 1
52 7 1
52 15 1
52 21 1
52 23 1
52 25 1
52 37 1
52 38 1
52 41 1
52 51 1
53 3 1
53 4 1
53 6 1
53 7 1
53 8 1
53 9 1
53 10 1
53 11 1
53 15 1
53 16 1
53 17 1
53 19 1
53 20 1
53 23 1
53 34 1
53 35 1
53 36 1
53 37 1
53 38 1
53 41 1
53 47 1
53 49 1
53 51 1
53 52 1
54 3 1
54 4 1
54 7 1
54 8 1
54 9 1
54 10 1
54 11 1
54 15 1
54 16 1
54 17 1
54 19 1
54 20 1
54 23 1
54 27 1
54 34 1
54 35 1
54 36 1
54 37 1
54 38 1
54 41 1
54 47 1
54 49 1
54 51 1
54 52 1
54 53 1
55 4 1
55 6 1
55 7 1
55 8 1
55 9 1
55 10 1
55 11 1
55 15 1
55 16 1
55 17 1
55 19 1
55 20 1
55 34 1
55 35 1
55 36 1
55 37 1
55 38 1
55 39 1
55 47 1
55 49 1
55 50 1
55 51 1
55 52 1
55 53 1
55 54 1
56 2 1
56 3 1
56 4 1
56 7 1
56 12 1
56 13 1
56 24 1
56 32 1
56 33 1
56 34 1
56 35 1
56 41 1
56 42 1
56 43 1
56 44 1
56 49 1
56 53 1
56 54 1
57 8 1
57 16 1
57 22 1
57 39 1
57 40 1
57 47 1
57 48 1
58 0 1
58 1 1
58 2 1
58 17 1
58 24 1
58 27 1
58 30 1
58 31 1
58 32 1
58 33 1
58 47 1
59 2 1
59 3 1
59 4 1
59 7 1
59 8 1
59 12 1
59 13 1
59 14 1
59 15 1
59 16 1
59 17 1
59 19 1
59 20 1
59 26 1
59 34 1
59 35 1
59 36 1
59 47 1
59 49 1
59 53 1
59 54 1
59 55 1
59 56 1
60 6 1
60 10 1
60 16 1
60 37 1
60 40 1
60 51 1
61 15 1
61 21 1
61 23 1
61 38 1
61 41 1
61 42 1
61 52 1
61 53 1
62 3 1
62 4 1
62 7 1
62 12 1
62 13 1
62 14 1
62 15 1
62 19 1
62 21 1
62 24 1
62 25 1
62 26 1
62 34 1
62 35 1
62 36 1
62 38 1
62 43 1
62 49 1
62 52 1
62 53 1
62 54 1
62 55 1
62 56 1
62 59 1
62 61 1
63 4 1
63 6 1
63 7 1
63 8 1
63 9 1
63 10 1
63 11 1
63 16 1
63 17 1
63 19 1
63 20 1
63 22 1
63 27 1
63 36 1
63 37 1
63 38 1
63 39 1
63 47 1
63 49 1
63 51 1
63 53 1
63 54 1
63 55 1
63 59 1
63 62 1
64 4 1
64 6 1
64 7 1
64 8 1
64 9 1
64 10 1
64 11 1
64 16 1
64 17 1
64 19 1
64 20 1
64 22 1
64 27 1
64 34 1
64 35 1
64 36 1
64 37 1
64 39 1
64 47 1
64 48 1
64 49 1
64 51 1
64 53 1
64 54 1
64 55 1
64 57 1
64 59 1
64 63 1
65 0 1
65 2 1
65 3 1
65 24 1
65 32 1
65 33 1
65 41 1
65 42 1
65 43 1
65 56 1
65 62 1
66 0 1
66 2 1
66 3 1
66 23 1
66 24 1
66 32 1
66 33 1
66 41 1
66 42 1
66 43 1
66 53 1
66 54 1
66 56 1
66 61 1
66 62 1
66 65 1
67 2 1
67 3 1
67 4 1
67 7 1
67 12 1
67 13 1
67 14 1
67 19 1
67 24 1
67 32 1
67 33 1
67 34 1
67 35 1
67 43 1
67 44 1
67 49 1
67 56 1
67 59 1
67 62 1
67 65 1
67 66 1
68 12 1
68 13 1
68 14 1
68 43 1
68 44 1
68 45 1
68 46 1
68 67 1
69 6 1
69 15 1
69 20 1
69 37 1
69 38 1
69 50 1
69 51 1
69 52 1
69 55 1
70 5 1
70 6 1
70 7 1
70 8 1
70 15 1
70 20 1
70 21 1
70 25 1
70 36 1
70 37 1
70 38 1
70 49 1
70 50 1
70 51 1
70 52 1
70 53 1
70 54 1
70 55 1
70 61 1
70 62 1
70 63 1
70 64 1
70 69 1
71 4 1
71 5 1
71 7 1
71 12 1
71 13 1
71 14 1
71 15 1
71 19 1
71 25 1
71 26 1
71 34 1
71 35 1
71 36 1
71 38 1
71 44 1
71 49 1
71 50 1
71 52 1
71 53 1
71 54 1
71 55 1
71 56 1
71 59 1
71 62 1
71 70 1
72 6 1
72 8 1
72 16 1
72 20 1
72 22 1
72 37 1
72 39 1
72 40 1
72 51 1
72 55 1
72 60 1
72 63 1
72 64 1
72 69 1
73 10 1
73 11 1
73 21 1
73 23 1
73 37 1
73 38 1
73 41 1
73 42 1
73 51 1
73 52 1
73 53 1
73 54 1
73 61 1
73 62 1
73 65 1
73 66 1
74 44 1
74 45 1
74 46 1
74 68 1
75 44 1
75 45 1
75 46 1
75 68 1
75 74 1
76 45 1
76 46 1
76 68 1
76 74 1
76 75 1
77 45 1
77 46 1
77 68 1
77 74 1
77 75 1
77 76 1
78 45 1
78 46 1
78 74 1
78 75 1
78 76 1
78 77 1
79 45 1
79 74 1
79 75 1
79 76 1
79 77 1
79 78 1
80 6 1
80 8 1
80 9 1
80 16 1
80 20 1
80 22 1
80 37 1
80 39 1
80 40 1
80 51 1
80 55 1
80 60 1
80 63 1
80 64 1
80 69 1
80 72 1
81 3 1
81 4 1
81 7 1
81 8 1
81 11 1
81 13 1
81 15 1
81 19 1
81 21 1
81 23 1
81 24 1
81 25 1
81 34 1
81 35 1
81 36 1
81 37 1
81 38 1
81 41 1
81 43 1
81 47 1
81 49 1
81 51 1
81 52 1
81 53 1
81 54 1
81 55 1
81 56 1
81 59 1
81 61 1
81 62 1
81 63 1
81 64 1
81 65 1
81 66 1
81 67 1
81 70 1
81 71 1
81 73 1
82 6 1
82 7 1
82 8 1
82 9 1
82 10 1
82 11 1
82 16 1
82 17 1
82 18 1
82 22 1
82 23 1
82 27 1
82 37 1
82 39 1
82 40 1
82 47 1
82 48 1
82 51 1
82 53 1
82 54 1
82 55 1
82 60 1
82 63 1
82 64 1
82 72 1
82 80 1
83 0 1
83 11 1
83 23 1
83 24 1
83 32 1
83 41 1
83 42 1
83 43 1
83 52 1
83 53 1
83 54 1
83 56 1
83 61 1
83 62 1
83 65 1
83 66 1
83 73 1
83 81 1
84 5 1
84 7 1
84 13 1
84 15 1
84 20 1
84 25 1
84 26 1
84 35 1
84 36 1
84 38 1
84 49 1
84 50 1
84 52 1
84 53 1
84 55 1
84 62 1
84 70 1
84 71 1
84 81 1
85 4 1
85 5 1
85 7 1
85 12 1
85 13 1
85 14 1
85 15 1
85 19 1
85 20 1
85 25 1
85 26 1
85 34 1
85 35 1
85 36 1
85 38 1
85 49 1
85 50 1
85 52 1
85 53 1
85 54 1
85 55 1
85 59 1
85 62 1
85 70 1
85 71 1
85 81 1
85 84 1
86 3 1
86 4 1
86 5 1
86 7 1
86 12 1
86 13 1
86 14 1
86 15 1
86 19 1
86 25 1
86 26 1
86 34 1
86 35 1
86 36 1
86 43 1
86 44 1
86 49 1
86 53 1
86 56 1
86 59 1
86 62 1
86 67 1
86 68 1
86 71 1
86 81 1
86 84 1
86 85 1
87 3 1
87 4 1
87 7 1
87 8 1
87 9 1
87 16 1
87 17 1
87 19 1
87 22 1
87 27 1
87 34 1
87 35 1
87 36 1
87 39 1
87 47 1
87 48 1
87 49 1
87 53 1
87 54 1
87 55 1
87 57 1
87 59 1
87 63 1
87 64 1
87 82 1
88 8 1
88 16 1
88 19 1
88 22 1
88 36 1
88 39 1
88 47 1
88 57 1
88 64 1
88 87 1
89 2 1
89 3 1
89 4 1
89 7 1
89 11 1
89 12 1
89 17 1
89 19 1
89 24 1
89 27 1
89 31 1
89 32 1
89 33 1
89 34 1
89 35 1
89 43 1
89 47 1
89 49 1
89 53 1
89 54 1
89 56 1
89 58 1
89 59 1
89 62 1
89 64 1
89 65 1
89 66 1
89 67 1
89 81 1
89 83 1
89 87 1
90 6 1
90 8 1
90 16 1
90 22 1
90 39 1
90 40 1
90 48 1
90 57 1
90 60 1
90 64 1
90 72 1
90 80 1
90 82 1
90 88 1
91 12 1
91 13 1
91 14 1
91 26 1
91 44 1
91 45 1
91 46 1
91 67 1
91 68 1
91 74 1
91 75 1
91 76 1
91 77 1
91 86 1
92 0 1
92 1 1
92 2 1
92 3 1
92 4 1
92 7 1
92 9 1
92 10 1
92 11 1
92 17 1
92 18 1
92 23 1
92 24 1
92 27 1
92 30 1
92 31 1
92 32 1
92 33 1
92 34 1
92 41 1
92 47 1
92 53 1
92 54 1
92 55 1
92 56 1
92 58 1
92 59 1
92 63 1
92 64 1
92 66 1
92 81 1
92 82 1
92 83 1
92 87 1
92 89 1
93 4 1
93 7 1
93 8 1
93 9 1
93 10 1
93 11 1
93 16 1
93 17 1
93 18 1
93 19 1
93 22 1
93 27 1
93 34 1
93 36 1
93 39 1
93 47 1
93 48 1
93 53 1
93 54 1
93 55 1
93 57 1
93 59 1
93 63 1
93 64 1
93 81 1
93 82 1
93 87 1
93 88 1
93 89 1
93 92 1
94 8 1
94 9 1
94 16 1
94 17 1
94 18 1
94 19 1
94 22 1
94 36 1
94 39 1
94 40 1
94 47 1
94 48 1
94 54 1
94 55 1
94 57 1
94 59 1
94 63 1
94 64 1
94 82 1
94 87 1
94 88 1
94 90 1
94 92 1
94 93 1
95 2 1
95 3 1
95 4 1
95 7 1
95 8 1
95 11 1
95 12 1
95 13 1
95 14 1
95 17 1
95 19 1
95 24 1
95 27 1
95 32 1
95 33 1
95 34 1
95 35 1
95 36 1
95 43 1
95 47 1
95 49 1
95 53 1
95 54 1
95 55 1
95 56 1
95 58 1
95 59 1
95 62 1
95 63 1
95 64 1
95 66 1
95 67 1
95 71 1
95 81 1
95 83 1
95 86 1
95 87 1
95 89 1
95 92 1
95 93 1
96 4 1
96 5 1
96 7 1
96 8 1
96 13 1
96 14 1
96 15 1
96 19 1
96 20 1
96 25 1
96 26 1
96 34 1
96 35 1
96 36 1
96 49 1
96 50 1
96 53 1
96 54 1
96 55 1
96 59 1
96 62 1
96 64 1
96 71 1
96 84 1
96 85 1
96 86 1
96 87 1
96 95 1
97 5 1
97 6 1
97 7 1
97 8 1
97 15 1
97 16 1
97 19 1
97 20 1
97 22 1
97 35 1
97 36 1
97 37 1
97 38 1
97 39 1
97 49 1
97 50 1
97 51 1
97 53 1
97 54 1
97 55 1
97 59 1
97 63 1
97 64 1
97 69 1
97 70 1
97 72 1
97 80 1
97 82 1
97 84 1
97 85 1
97 87 1
97 96 1
98 6 1
98 8 1
98 16 1
98 20 1
98 22 1
98 37 1
98 38 1
98 39 1
98 50 1
98 51 1
98 53 1
98 55 1
98 60 1
98 63 1
98 64 1
98 69 1
98 70 1
98 72 1
98 80 1
98 82 1
98 90 1
98 97 1
99 7 1
99 15 1
99 21 1
99 25 1
99 26 1
99 37 1
99 38 1
99 49 1
99 51 1
99 52 1
99 53 1
99 54 1
99 55 1
99 61 1
99 62 1
99 63 1
99 69 1
99 70 1
99 71 1
99 73 1
99 81 1
99 84 1
99 85 1
99 86 1
99 97 1
100 6 1
100 7 1
100 8 1
100 9 1
100 10 1
100 11 1
100 16 1
100 19 1
100 20 1
100 22 1
100 36 1
100 37 1
100 39 1
100 40 1
100 47 1
100 48 1
100 49 1
100 51 1
100 53 1
100 54 1
100 55 1
100 57 1
100 59 1
100 60 1
100 63 1
100 64 1
100 69 1
100 70 1
100 72 1
100 80 1
100 82 1
100 87 1
100 88 1
100 90 1
100 93 1
100 94 1
100 97 1
100 98 1
101 6 1
101 8 1
101 9 1
101 10 1
101 11 1
101 16 1
101 18 1
101 22 1
101 37 1
101 39 1
101 40 1
101 48 1
101 51 1
101 55 1
101 60 1
101 63 1
101 64 1
101 72 1
101 80 1
101 82 1
101 90 1
101 93 1
101 94 1
101 98 1
101 100 1
102 0 1
102 7 1
102 9 1
102 10 1
102 11 1
102 17 1
102 23 1
102 27 1
102 32 1
102 37 1
102 41 1
102 42 1
102 47 1
102 51 1
102 52 1
102 53 1
102 54 1
102 55 1
102 56 1
102 61 1
102 62 1
102 63 1
102 64 1
102 65 1
102 66 1
102 73 1
102 81 1
102 82 1
102 83 1
102 89 1
102 92 1
102 93 1
102 95 1
102 99 1
103 7 1
103 10 1
103 11 1
103 21 1
103 23 1
103 24 1
103 27 1
103 37 1
103 41 1
103 42 1
103 52 1
103 53 1
103 54 1
103 56 1
103 61 1
103 62 1
103 65 1
103 66 1
103 73 1
103 81 1
103 83 1
103 92 1
103 99 1
103 102 1
104 2 1
104 3 1
104 4 1
104 7 1
104 12 1
104 13 1
104 14 1
104 24 1
104 25 1
104 26 1
104 34 1
104 35 1
104 43 1
104 44 1
104 49 1
104 56 1
104 59 1
104 62 1
104 65 1
104 66 1
104 67 1
104 68 1
104 71 1
104 81 1
104 83 1
104 86 1
104 89 1
104 91 1
104 95 1
105 44 1
105 45 1
105 46 1
105 68 1
105 74 1
105 75 1
105 76 1
105 77 1
105 78 1
105 91 1
106 4 1
106 5 1
106 7 1
106 8 1
106 15 1
106 19 1
106 20 1
106 25 1
106 26 1
106 35 1
106 36 1
106 37 1
106 38 1
106 49 1
106 50 1
106 51 1
106 52 1
106 53 1
106 54 1
106 55 1
106 59 1
106 62 1
106 63 1
106 64 1
106 69 1
106 70 1
106 71 1
106 81 1
106 84 1
106 85 1
106 86 1
106 96 1
106 97 1
106 98 1
106 99 1
106 100 1
107 0 1
107 32 1
107 65 1
108 0 1
108 1 1
108 27 1
108 30 1
108 31 1
108 32 1
108 58 1
108 107 1
109 0 1
109 1 1
109 2 1
109 11 1
109 23 1
109 24 1
109 27 1
109 31 1
109 32 1
109 33 1
109 41 1
109 42 1
109 58 1
109 65 1
109 66 1
109 73 1
109 83 1
109 89 1
109 92 1
109 102 1
109 103 1
109 107 1
109 108 1
110 6 1
110 8 1
110 9 1
110 16 1
110 22 1
110 39 1
110 40 1
110 48 1
110 60 1
110 63 1
110 64 1
110 72 1
110 80 1
110 82 1
110 90 1
110 93 1
110 94 1
110 98 1
110 100 1
110 101 1
111 6 1
111 7 1
111 8 1
111 9 1
111 10 1
111 11 1
111 16 1
111 17 1
111 18 1
111 23 1
111 27 1
111 37 1
111 41 1
111 47 1
111 51 1
111 53 1
111 54 1
111 55 1
111 59 1
111 63 1
111 64 1
111 73 1
111 81 1
111 82 1
111 83 1
111 87 1
111 89 1
111 92 1
111 93 1
111 95 1
111 99 1
111 100 1
111 101 1
111 102 1
111 103 1
112 0 1
112 1 1
112 2 1
112 3 1
112 9 1
112 10 1
112 11 1
112 17 1
112 23 1
112 24 1
112 27 1
112 30 1
112 31 1
112 32 1
112 33 1
112 41 1
112 42 1
112 47 1
112 53 1
112 54 1
112 56 1
112 58 1
112 63 1
112 65 1
112 66 1
112 73 1
112 81 1
112 82 1
112 83 1
112 89 1
112 92 1
112 93 1
112 95 1
112 102 1
112 103 1
112 108 1
112 109 1
112 111 1
113 1 1
113 18 1
113 28 1
113 29 1
113 30 1
114 6 1
114 7 1
114 15 1
114 21 1
114 23 1
114 37 1
114 38 1
114 51 1
114 52 1
114 53 1
114 54 1
114 55 1
114 61 1
114 62 1
114 63 1
114 69 1
114 70 1
114 73 1
114 81 1
114 84 1
114 99 1
114 102 1
114 103 1
114 106 1
114 111 1
115 7 1
115 15 1
115 21 1
115 24 1
115 25 1
115 26 1
115 38 1
115 41 1
115 42 1
115 43 1
115 52 1
115 53 1
115 54 1
115 56 1
115 61 1
115 62 1
115 65 1
115 66 1
115 70 1
115 71 1
115 73 1
115 81 1
115 83 1
115 84 1
115 85 1
115 86 1
115 99 1
115 102 1
115 103 1
115 104 1
115 106 1
115 114 1
116 0 1
116 9 1
116 10 1
116 11 1
116 23 1
116 27 1
116 41 1
116 42 1
116 53 1
116 54 1
116 65 1
116 66 1
116 73 1
116 81 1
116 82 1
116 83 1
116 92 1
116 102 1
116 103 1
116 109 1
116 111 1
116 112 1
117 24 1
117 32 1
117 41 1
117 42 1
117 43 1
117 56 1
117 61 1
117 65 1
117 66 1
117 73 1
117 81 1
117 83 1
117 103 1
117 104 1
117 109 1
117 115 1
118 2 1
118 3 1
118 4 1
118 12 1
118 13 1
118 14 1
118 19 1
118 24 1
118 32 1
118 33 1
118 34 1
118 35 1
118 43 1
118 44 1
118 49 1
118 56 1
118 59 1
118 62 1
118 67 1
118 68 1
118 86 1
118 89 1
118 91 1
118 95 1
118 104 1
119 2 1
119 3 1
119 4 1
119 12 1
119 13 1
119 14 1
119 19 1
119 26 1
119 34 1
119 35 1
119 36 1
119 43 1
119 44 1
119 49 1
119 56 1
119 59 1
119 62 1
119 67 1
119 68 1
119 71 1
119 86 1
119 89 1
119 91 1
119 95 1
119 96 1
119 104 1
119 118 1
120 3 1
120 4 1
120 7 1
120 12 1
120 13 1
120 14 1
120 15 1
120 19 1
120 25 1
120 26 1
120 34 1
120 35 1
120 36 1
120 43 1
120 44 1
120 46 1
120 49 1
120 52 1
120 53 1
120 56 1
120 59 1
120 62 1
120 67 1
120 68 1
120 71 1
120 81 1
120 84 1
120 85 1
120 86 1
120 91 1
120 95 1
120 96 1
120 99 1
120 104 1
120 106 1
120 115 1
120 118 1
120 119 1
121 0 1
121 1 1
121 27 1
121 30 1
121 31 1
121 32 1
121 33 1
121 58 1
121 92 1
121 107 1
121 108 1
121 109 1
121 112 1
122 6 1
122 9 1
122 10 1
122 16 1
122 22 1
122 37 1
122 39 1
122 40 1
122 48 1
122 51 1
122 60 1
122 63 1
122 72 1
122 80 1
122 82 1
122 90 1
122 98 1
122 100 1
122 101 1
122 110 1
123 11 1
123 21 1
123 23 1
123 41 1
123 42 1
123 52 1
123 56 1
123 61 1
123 65 1
123 66 1
123 73 1
123 81 1
123 83 1
123 102 1
123 103 1
123 109 1
123 112 1
123 115 1
123 116 1
123 117 1
124 0 1
124 1 1
124 9 1
124 10 1
124 11 1
124 17 1
124 18 1
124 23 1
124 27 1
124 30 1
124 31 1
124 32 1
124 41 1
124 47 1
124 58 1
124 66 1
124 83 1
124 89 1
124 92 1
124 102 1
124 103 1
124 107 1
124 108 1
124 109 1
124 111 1
124 112 1
124 116 1
124 121 1
124 123 1
125 8 1
125 16 1
125 17 1
125 19 1
125 22 1
125 34 1
125 36 1
125 39 1
125 47 1
125 55 1
125 57 1
125 59 1
125 63 1
125 64 1
125 87 1
125 88 1
125 93 1
125 94 1
125 95 1
125 96 1
125 100 1
126 9 1
126 16 1
126 17 1
126 18 1
126 22 1
126 28 1
126 29 1
126 40 1
126 48 1
126 57 1
126 82 1
126 87 1
126 88 1
126 93 1
126 94 1
126 101 1
126 110 1
126 113 1
126 125 1
127 2 1
127 3 1
127 4 1
127 7 1
127 12 1
127 13 1
127 17 1
127 19 1
127 24 1
127 27 1
127 32 1
127 33 1
127 34 1
127 35 1
127 43 1
127 47 1
127 49 1
127 54 1
127 56 1
127 58 1
127 59 1
127 66 1
127 67 1
127 81 1
127 87 1
127 89 1
127 92 1
127 93 1
127 95 1
127 104 1
127 112 1
127 118 1
127 119 1
128 5 1
128 6 1
128 8 1
128 16 1
128 20 1
128 36 1
128 37 1
128 39 1
128 50 1
128 51 1
128 55 1
128 63 1
128 64 1
128 69 1
128 70 1
128 72 1
128 80 1
128 90 1
128 97 1
128 98 1
128 100 1
128 106 1
129 6 1
129 9 1
129 10 1
129 16 1
129 37 1
129 38 1
129 51 1
129 53 1
129 55 1
129 60 1
129 63 1
129 69 1
129 70 1
129 72 1
129 80 1
129 82 1
129 97 1
129 98 1
129 99 1
129 100 1
129 101 1
129 111 1
129 114 1
129 122 1
129 128 1
130 6 1
130 7 1
130 15 1
130 21 1
130 37 1
130 38 1
130 51 1
130 52 1
130 53 1
130 55 1
130 60 1
130 63 1
130 69 1
130 70 1
130 72 1
130 80 1
130 81 1
130 82 1
130 97 1
130 98 1
130 99 1
130 100 1
130 106 1
130 111 1
130 114 1
130 128 1
130 129 1
131 6 1
131 8 1
131 9 1
131 10 1
131 16 1
131 18 1
131 22 1
131 28 1
131 39 1
131 40 1
131 48 1
131 57 1
131 60 1
131 63 1
131 64 1
131 72 1
131 80 1
131 82 1
131 87 1
131 90 1
131 93 1
131 94 1
131 100 1
131 101 1
131 110 1
131 122 1
131 126 1
132 0 1
132 23 1
132 24 1
132 32 1
132 41 1
132 42 1
132 43 1
132 56 1
132 61 1
132 65 1
132 66 1
132 73 1
132 81 1
132 83 1
132 92 1
132 102 1
132 103 1
132 107 1
132 108 1
132 109 1
132 112 1
132 115 1
132 116 1
132 117 1
132 123 1
132 124 1
133 12 1
133 13 1
133 14 1
133 26 1
133 43 1
133 44 1
133 45 1
133 46 1
133 67 1
133 68 1
133 74 1
133 75 1
133 76 1
133 77 1
133 78 1
133 86 1
133 91 1
133 104 1
133 105 1
133 118 1
133 119 1
133 120 1
134 5 1
134 7 1
134 15 1
134 20 1
134 37 1
134 38 1
134 50 1
134 51 1
134 52 1
134 53 1
134 55 1
134 69 1
134 70 1
134 72 1
134 80 1
134 84 1
134 85 1
134 97 1
134 98 1
134 99 1
134 106 1
134 114 1
134 128 1
134 129 1
134 130 1
135 5 1
135 7 1
135 15 1
135 20 1
135 25 1
135 26 1
135 35 1
135 36 1
135 38 1
135 49 1
135 50 1
135 51 1
135 52 1
135 53 1
135 55 1
135 62 1
135 69 1
135 70 1
135 71 1
135 81 1
135 84 1
135 85 1
135 86 1
135 96 1
135 97 1
135 98 1
135 99 1
135 106 1
135 114 1
135 120 1
135 128 1
135 130 1
135 134 1
136 0 1
136 1 1
136 9 1
136 10 1
136 11 1
136 17 1
136 18 1
136 23 1
136 27 1
136 30 1
136 31 1
136 32 1
136 33 1
136 41 1
136 47 1
136 53 1
136 54 1
136 58 1
136 63 1
136 64 1
136 66 1
136 73 1
136 81 1
136 82 1
136 83 1
136 89 1
136 92 1
136 93 1
136 95 1
136 102 1
136 103 1
136 108 1
136 109 1
136 111 1
136 112 1
136 116 1
136 121 1
136 123 1
136 124 1
136 132 1
137 0 1
137 1 1
137 17 1
137 18 1
137 27 1
137 28 1
137 29 1
137 30 1
137 31 1
137 58 1
137 113 1
137 121 1
137 124 1
137 126 1
137 136 1
138 2 1
138 3 1
138 4 1
138 7 1
138 8 1
138 12 1
138 13 1
138 14 1
138 17 1
138 19 1
138 27 1
138 32 1
138 33 1
138 34 1
138 35 1
138 36 1
138 43 1
138 47 1
138 49 1
138 53 1
138 54 1
138 55 1
138 56 1
138 59 1
138 62 1
138 63 1
138 64 1
138 67 1
138 81 1
138 86 1
138 87 1
138 89 1
138 92 1
138 93 1
138 94 1
138 95 1
138 96 1
138 104 1
138 118 1
138 119 1
138 125 1
138 127 1
139 4 1
139 5 1
139 7 1
139 8 1
139 12 1
139 13 1
139 14 1
139 15 1
139 19 1
139 20 1
139 25 1
139 26 1
139 34 1
139 35 1
139 36 1
139 49 1
139 50 1
139 53 1
139 54 1
139 55 1
139 59 1
139 62 1
139 70 1
139 71 1
139 84 1
139 85 1
139 86 1
139 95 1
139 96 1
139 97 1
139 106 1
139 119 1
139 120 1
139 135 1
139 138 1
140 4 1
140 5 1
140 7 1
140 8 1
140 15 1
140 19 1
140 20 1
140 26 1
140 35 1
140 36 1
140 49 1
140 50 1
140 53 1
140 55 1
140 59 1
140 70 1
140 71 1
140 84 1
140 85 1
140 86 1
140 96 1
140 97 1
140 98 1
140 100 1
140 106 1
140 128 1
140 134 1
140 135 1
140 139 1
141 4 1
141 5 1
141 7 1
141 15 1
141 19 1
141 20 1
141 25 1
141 26 1
141 35 1
141 36 1
141 49 1
141 50 1
141 55 1
141 59 1
141 71 1
141 84 1
141 85 1
141 86 1
141 96 1
141 97 1
141 106 1
141 128 1
141 135 1
141 139 1
141 140 1
142 7 1
142 15 1
142 21 1
142 25 1
142 37 1
142 38 1
142 52 1
142 53 1
142 61 1
142 62 1
142 70 1
142 71 1
142 73 1
142 81 1
142 84 1
142 85 1
142 99 1
142 103 1
142 106 1
142 114 1
142 115 1
142 130 1
142 135 1
143 3 1
143 4 1
143 7 1
143 13 1
143 15 1
143 19 1
143 21 1
143 25 1
143 26 1
143 34 1
143 35 1
143 36 1
143 37 1
143 38 1
143 41 1
143 49 1
143 51 1
143 52 1
143 53 1
143 54 1
143 55 1
143 56 1
143 59 1
143 61 1
143 62 1
143 63 1
143 64 1
143 66 1
143 70 1
143 71 1
143 73 1
143 81 1
143 83 1
143 84 1
143 85 1
143 86 1
143 95 1
143 97 1
143 99 1
143 102 1
143 103 1
143 104 1
143 106 1
143 111 1
143 114 1
143 115 1
143 120 1
143 130 1
143 135 1
143 138 1
143 139 1
143 142 1
144 6 1
144 8 1
144 9 1
144 10 1
144 11 1
144 16 1
144 18 1
144 28 1
144 37 1
144 39 1
144 40 1
144 47 1
144 48 1
144 51 1
144 54 1
144 55 1
144 60 1
144 63 1
144 64 1
144 72 1
144 80 1
144 82 1
144 90 1
144 93 1
144 94 1
144 100 1
144 101 1
144 102 1
144 110 1
144 111 1
144 122 1
144 126 1
144 129 1
144 131 1
144 136 1
145 4 1
145 12 1
145 13 1
145 14 1
145 25 1
145 26 1
145 35 1
145 43 1
145 44 1
145 45 1
145 46 1
145 67 1
145 68 1
145 71 1
145 74 1
145 75 1
145 76 1
145 85 1
145 86 1
145 91 1
145 104 1
145 105 1
145 118 1
145 119 1
145 120 1
145 133 1
146 44 1
146 45 1
146 46 1
146 68 1
146 74 1
146 75 1
146 76 1
146 77 1
146 78 1
146 79 1
146 91 1
146 105 1
146 133 1
146 145 1
147 5 1
147 7 1
147 15 1
147 20 1
147 21 1
147 25 1
147 26 1
147 36 1
147 37 1
147 38 1
147 49 1
147 50 1
147 51 1
147 52 1
147 53 1
147 55 1
147 62 1
147 69 1
147 70 1
147 71 1
147 81 1
147 84 1
147 85 1
147 97 1
147 98 1
147 99 1
147 106 1
147 114 1
147 115 1
147 128 1
147 130 1
147 134 1
147 135 1
147 139 1
147 140 1
147 142 1
147 143 1
148 3 1
148 4 1
148 7 1
148 12 1
148 13 1
148 14 1
148 15 1
148 24 1
148 25 1
148 26 1
148 34 1
148 35 1
148 43 1
148 44 1
148 45 1
148 46 1
148 49 1
148 56 1
148 59 1
148 62 1
148 66 1
148 67 1
148 68 1
148 71 1
148 81 1
148 84 1
148 85 1
148 86 1
148 91 1
148 95 1
148 104 1
148 105 1
148 115 1
148 118 1
148 119 1
148 120 1
148 133 1
148 139 1
148 143 1
148 145 1
149 0 1
149 1 1
149 31 1
149 32 1
149 41 1
149 42 1
149 58 1
149 65 1
149 83 1
149 107 1
149 108 1
149 109 1
149 112 1
149 121 1
149 124 1
149 132 1
150 0 1
150 1 1
150 10 1
150 11 1
150 23 1
150 24 1
150 27 1
150 31 1
150 32 1
150 41 1
150 42 1
150 58 1
150 65 1
150 66 1
150 73 1
150 83 1
150 92 1
150 102 1
150 103 1
150 107 1
150 108 1
150 109 1
150 111 1
150 112 1
150 116 1
150 117 1
150 121 1
150 123 1
150 124 1
150 132 1
150 136 1
150 149 1
151 0 1
151 1 1
151 2 1
151 9 1
151 10 1
151 11 1
151 17 1
151 23 1
151 24 1
151 27 1
151 30 1
151 31 1
151 32 1
151 33 1
151 41 1
151 47 1
151 54 1
151 56 1
151 58 1
151 65 1
151 66 1
151 83 1
151 89 1
151 92 1
151 93 1
151 95 1
151 102 1
151 103 1
151 107 1
151 108 1
151 109 1
151 111 1
151 112 1
151 116 1
151 121 1
151 123 1
151 124 1
151 127 1
151 132 1
151 136 1
151 137 1
151 149 1
151 150 1
152 8 1
152 9 1
152 10 1
152 11 1
152 16 1
152 17 1
152 18 1
152 19 1
152 27 1
152 39 1
152 47 1
152 48 1
152 54 1
152 55 1
152 57 1
152 59 1
152 63 1
152 64 1
152 82 1
152 87 1
152 88 1
152 89 1
152 92 1
152 93 1
152 94 1
152 95 1
152 100 1
152 101 1
152 111 1
152 112 1
152 125 1
152 126 1
152 127 1
152 131 1
152 136 1
152 138 1
152 144 1
153 8 1
153 16 1
153 17 1
153 19 1
153 22 1
153 39 1
153 47 1
153 48 1
153 57 1
153 59 1
153 63 1
153 64 1
153 87 1
153 88 1
153 93 1
153 94 1
153 100 1
153 125 1
153 126 1
153 131 1
153 138 1
153 152 1
154 8 1
154 9 1
154 16 1
154 17 1
154 18 1
154 22 1
154 28 1
154 39 1
154 40 1
154 47 1
154 48 1
154 57 1
154 64 1
154 87 1
154 88 1
154 90 1
154 93 1
154 94 1
154 100 1
154 101 1
154 110 1
154 125 1
154 126 1
154 131 1
154 152 1
154 153 1
155 9 1
155 10 1
155 16 1
155 17 1
155 18 1
155 27 1
155 28 1
155 29 1
155 30 1
155 47 1
155 48 1
155 57 1
155 64 1
155 82 1
155 87 1
155 88 1
155 92 1
155 93 1
155 94 1
155 101 1
155 110 1
155 113 1
155 125 1
155 126 1
155 131 1
155 136 1
155 137 1
155 144 1
155 152 1
155 153 1
155 154 1
156 9 1
156 10 1
156 11 1
156 16 1
156 17 1
156 18 1
156 27 1
156 28 1
156 29 1
156 40 1
156 47 1
156 48 1
156 63 1
156 64 1
156 82 1
156 87 1
156 92 1
156 93 1
156 94 1
156 100 1
156 101 1
156 110 1
156 111 1
156 113 1
156 122 1
156 126 1
156 131 1
156 136 1
156 137 1
156 144 1
156 152 1
156 153 1
156 154 1
156 155 1
157 0 1
157 1 1
157 2 1
157 3 1
157 4 1
157 11 1
157 17 1
157 24 1
157 27 1
157 30 1
157 31 1
157 32 1
157 33 1
157 34 1
157 43 1
157 47 1
157 54 1
157 56 1
157 58 1
157 59 1
157 65 1
157 66 1
157 67 1
157 83 1
157 89 1
157 92 1
157 93 1
157 95 1
157 102 1
157 108 1
157 109 1
157 112 1
157 118 1
157 121 1
157 124 1
157 127 1
157 136 1
157 138 1
157 150 1
157 151 1
157 152 1
158 5 1
158 7 1
158 8 1
158 15 1
158 19 1
158 20 1
158 35 1
158 36 1
158 49 1
158 50 1
158 55 1
158 69 1
158 70 1
158 72 1
158 84 1
158 85 1
158 96 1
158 97 1
158 98 1
158 100 1
158 106 1
158 128 1
158 134 1
158 135 1
158 139 1
158 140 1
158 141 1
158 147 1
159 5 1
159 6 1
159 8 1
159 16 1
159 20 1
159 22 1
159 36 1
159 39 1
159 50 1
159 51 1
159 55 1
159 63 1
159 64 1
159 69 1
159 70 1
159 72 1
159 80 1
159 90 1
159 96 1
159 97 1
159 98 1
159 100 1
159 106 1
159 128 1
159 134 1
159 135 1
159 140 1
159 141 1
159 158 1
160 6 1
160 8 1
160 9 1
160 10 1
160 16 1
160 20 1
160 37 1
160 38 1
160 39 1
160 51 1
160 52 1
160 53 1
160 54 1
160 55 1
160 60 1
160 63 1
160 64 1
160 69 1
160 70 1
160 72 1
160 80 1
160 82 1
160 97 1
160 98 1
160 99 1
160 100 1
160 101 1
160 106 1
160 111 1
160 114 1
160 122 1
160 128 1
160 129 1
160 130 1
160 134 1
160 135 1
160 144 1
160 147 1
160 159 1
161 3 1
161 4 1
161 7 1
161 8 1
161 9 1
161 11 1
161 15 1
161 16 1
161 17 1
161 19 1
161 20 1
161 27 1
161 34 1
161 35 1
161 36 1
161 39 1
161 47 1
161 49 1
161 51 1
161 53 1
161 54 1
161 55 1
161 56 1
161 59 1
161 62 1
161 63 1
161 64 1
161 70 1
161 71 1
161 81 1
161 82 1
161 85 1
161 86 1
161 87 1
161 88 1
161 89 1
161 92 1
161 93 1
161 94 1
161 95 1
161 96 1
161 97 1
161 98 1
161 99 1
161 100 1
161 102 1
161 106 1
161 111 1
161 125 1
161 127 1
161 135 1
161 136 1
161 138 1
161 139 1
161 140 1
161 143 1
161 152 1
161 153 1
161 158 1
161 159 1
161 160 1
162 6 1
162 8 1
162 9 1
162 10 1
162 16 1
162 20 1
162 22 1
162 39 1
162 40 1
162 48 1
162 51 1
162 55 1
162 57 1
162 60 1
162 63 1
162 64 1
162 72 1
162 80 1
162 82 1
162 87 1
162 88 1
162 90 1
162 93 1
162 94 1
162 97 1
162 98 1
162 100 1
162 101 1
162 110 1
162 111 1
162 122 1
162 125 1
162 126 1
162 128 1
162 129 1
162 131 1
162 144 1
162 152 1
162 153 1
162 154 1
162 155 1
162 156 1
162 159 1
162 160 1
162 161 1
163 6 1
163 8 1
163 9 1
163 10 1
163 11 1
163 16 1
163 17 1
163 18 1
163 22 1
163 27 1
163 28 1
163 29 1
163 39 1
163 40 1
163 47 1
163 48 1
163 51 1
163 54 1
163 55 1
163 60 1
163 63 1
163 64 1
163 80 1
163 82 1
163 87 1
163 90 1
163 92 1
163 93 1
163 94 1
163 100 1
163 101 1
163 110 1
163 111 1
163 122 1
163 126 1
163 131 1
163 136 1
163 144 1
163 152 1
163 154 1
163 155 1
163 156 1
163 162 1
164 3 1
164 4 1
164 12 1
164 13 1
164 14 1
164 25 1
164 26 1
164 34 1
164 35 1
164 43 1
164 44 1
164 45 1
164 46 1
164 49 1
164 56 1
164 62 1
164 67 1
164 68 1
164 71 1
164 74 1
164 75 1
164 85 1
164 86 1
164 91 1
164 104 1
164 105 1
164 118 1
164 119 1
164 120 1
164 133 1
164 145 1
164 146 1
164 148 1
165 0 1
165 1 1
165 18 1
165 27 1
165 28 1
165 29 1
165 30 1
165 31 1
165 58 1
165 108 1
165 112 1
165 113 1
165 121 1
165 124 1
165 136 1
165 137 1
165 150 1
165 151 1
165 155 1
166 0 1
166 1 1
166 2 1
166 3 1
166 17 1
166 24 1
166 27 1
166 30 1
166 31 1
166 32 1
166 33 1
166 58 1
166 65 1
166 66 1
166 89 1
166 92 1
166 95 1
166 107 1
166 108 1
166 109 1
166 112 1
166 121 1
166 124 1
166 127 1
166 136 1
166 149 1
166 150 1
166 151 1
166 157 1
167 6 1
167 7 1
167 8 1
167 16 1
167 20 1
167 22 1
167 36 1
167 37 1
167 39 1
167 40 1
167 49 1
167 50 1
167 51 1
167 53 1
167 54 1
167 55 1
167 63 1
167 64 1
167 69 1
167 70 1
167 72 1
167 80 1
167 82 1
167 87 1
167 88 1
167 90 1
167 93 1
167 94 1
167 96 1
167 97 1
167 98 1
167 100 1
167 101 1
167 106 1
167 110 1
167 122 1
167 128 1
167 129 1
167 130 1
167 134 1
167 135 1
167 139 1
167 140 1
167 141 1
167 147 1
167 158 1
167 159 1
167 160 1
167 161 1
167 162 1
168 6 1
168 8 1
168 9 1
168 16 1
168 22 1
168 37 1
168 39 1
168 40 1
168 51 1
168 60 1
168 63 1
168 72 1
168 80 1
168 82 1
168 90 1
168 97 1
168 98 1
168 100 1
168 101 1
168 110 1
168 122 1
168 128 1
168 129 1
168 131 1
168 144 1
168 159 1
168 160 1
168 162 1
168 163 1
168 167 1
169 6 1
169 16 1
169 37 1
169 39 1
169 51 1
169 60 1
169 63 1
169 69 1
169 72 1
169 80 1
169 82 1
169 90 1
169 98 1
169 100 1
169 101 1
169 110 1
169 122 1
169 128 1
169 129 1
169 130 1
169 131 1
169 144 1
169 160 1
169 162 1
169 163 1
169 167 1
169 168 1
170 9 1
170 10 1
170 11 1
170 17 1
170 18 1
170 23 1
170 27 1
170 37 1
170 41 1
170 47 1
170 51 1
170 53 1
170 54 1
170 63 1
170 64 1
170 73 1
170 81 1
170 82 1
170 83 1
170 92 1
170 93 1
170 102 1
170 103 1
170 109 1
170 111 1
170 112 1
170 116 1
170 123 1
170 124 1
170 129 1
170 136 1
170 144 1
170 150 1
170 151 1
170 156 1
170 163 1
171 2 1
171 3 1
171 4 1
171 12 1
171 13 1
171 24 1
171 32 1
171 33 1
171 41 1
171 42 1
171 43 1
171 56 1
171 62 1
171 65 1
171 66 1
171 67 1
171 81 1
171 83 1
171 89 1
171 95 1
171 103 1
171 104 1
171 109 1
171 115 1
171 117 1
171 118 1
171 119 1
171 120 1
171 123 1
171 127 1
171 132 1
171 143 1
171 148 1
171 157 1
171 164 1
172 0 1
172 2 1
172 3 1
172 4 1
172 7 1
172 8 1
172 9 1
172 10 1
172 11 1
172 16 1
172 17 1
172 18 1
172 23 1
172 27 1
172 32 1
172 33 1
172 41 1
172 47 1
172 51 1
172 53 1
172 54 1
172 55 1
172 56 1
172 58 1
172 59 1
172 63 1
172 64 1
172 66 1
172 73 1
172 81 1
172 82 1
172 83 1
172 87 1
172 89 1
172 92 1
172 93 1
172 94 1
172 95 1
172 100 1
172 102 1
172 103 1
172 109 1
172 111 1
172 112 1
172 116 1
172 124 1
172 127 1
172 136 1
172 138 1
172 143 1
172 144 1
172 150 1
172 151 1
172 152 1
172 153 1
172 155 1
172 156 1
172 157 1
172 161 1
172 163 1
172 166 1
172 170 1
173 0 1
173 1 1
173 8 1
173 9 1
173 10 1
173 11 1
173 16 1
173 17 1
173 18 1
173 27 1
173 28 1
173 30 1
173 31 1
173 32 1
173 33 1
173 47 1
173 48 1
173 53 1
173 54 1
173 55 1
173 58 1
173 59 1
173 63 1
173 64 1
173 82 1
173 87 1
173 89 1
173 92 1
173 93 1
173 94 1
173 95 1
173 100 1
173 101 1
173 102 1
173 111 1
173 112 1
173 116 1
173 124 1
173 125 1
173 126 1
173 127 1
173 136 1
173 137 1
173 138 1
173 144 1
173 150 1
173 151 1
173 152 1
173 153 1
173 154 1
173 155 1
173 156 1
173 157 1
173 161 1
173 163 1
173 165 1
173 170 1
173 172 1
174 9 1
174 10 1
174 17 1
174 18 1
174 28 1
174 29 1
174 30 1
174 48 1
174 82 1
174 93 1
174 101 1
174 113 1
174 126 1
174 131 1
174 137 1
174 144 1
174 152 1
174 154 1
174 155 1
174 156 1
174 163 1
174 165 1
174 173 1
175 0 1
175 2 1
175 3 1
175 4 1
175 7 1
175 12 1
175 13 1
175 17 1
175 19 1
175 24 1
175 27 1
175 31 1
175 32 1
175 33 1
175 34 1
175 43 1
175 47 1
175 53 1
175 54 1
175 56 1
175 58 1
175 59 1
175 62 1
175 65 1
175 66 1
175 67 1
175 81 1
175 83 1
175 89 1
175 92 1
175 93 1
175 95 1
175 102 1
175 103 1
175 104 1
175 109 1
175 112 1
175 117 1
175 118 1
175 119 1
175 124 1
175 127 1
175 132 1
175 136 1
175 138 1
175 148 1
175 150 1
175 151 1
175 157 1
175 161 1
175 166 1
175 171 1
175 172 1
175 173 1
176 6 1
176 7 1
176 8 1
176 15 1
176 20 1
176 21 1
176 36 1
176 37 1
176 38 1
176 49 1
176 50 1
176 51 1
176 52 1
176 53 1
176 54 1
176 55 1
176 61 1
176 62 1
176 63 1
176 64 1
176 69 1
176 70 1
176 71 1
176 72 1
176 73 1
176 80 1
176 81 1
176 82 1
176 84 1
176 85 1
176 97 1
176 98 1
176 99 1
176 100 1
176 102 1
176 106 1
176 111 1
176 114 1
176 115 1
176 128 1
176 129 1
176 130 1
176 134 1
176 135 1
176 142 1
176 143 1
176 147 1
176 158 1
176 159 1
176 160 1
176 161 1
176 167 1
176 169 1
177 6 1
177 7 1
177 8 1
177 9 1
177 10 1
177 11 1
177 15 1
177 21 1
177 23 1
177 37 1
177 38 1
177 51 1
177 52 1
177 53 1
177 54 1
177 55 1
177 61 1
177 62 1
177 63 1
177 64 1
177 69 1
177 70 1
177 71 1
177 73 1
177 81 1
177 82 1
177 84 1
177 97 1
177 98 1
177 99 1
177 100 1
177 102 1
177 103 1
177 106 1
177 111 1
177 114 1
177 115 1
177 116 1
177 129 1
177 130 1
177 134 1
177 135 1
177 142 1
177 143 1
177 147 1
177 160 1
177 161 1
177 167 1
177 169 1
177 170 1
177 176 1
178 7 1
178 15 1
178 21 1
178 23 1
178 25 1
178 38 1
178 41 1
178 42 1
178 52 1
178 53 1
178 54 1
178 56 1
178 61 1
178 62 1
178 65 1
178 66 1
178 70 1
178 71 1
178 73 1
178 81 1
178 83 1
178 99 1
178 102 1
178 103 1
178 104 1
178 106 1
178 114 1
178 115 1
178 116 1
178 117 1
178 120 1
178 123 1
178 132 1
178 142 1
178 143 1
178 148 1
178 171 1
178 176 1
178 177 1
179 2 1
179 3 1
179 4 1
179 7 1
179 8 1
179 11 1
179 12 1
179 13 1
179 15 1
179 17 1
179 19 1
179 24 1
179 25 1
179 26 1
179 34 1
179 35 1
179 36 1
179 38 1
179 41 1
179 43 1
179 47 1
179 49 1
179 51 1
179 52 1
179 53 1
179 54 1
179 55 1
179 56 1
179 59 1
179 62 1
179 63 1
179 64 1
179 66 1
179 67 1
179 70 1
179 71 1
179 73 1
179 81 1
179 83 1
179 84 1
179 85 1
179 86 1
179 87 1
179 89 1
179 92 1
179 93 1
179 95 1
179 96 1
179 97 1
179 99 1
179 100 1
179 102 1
179 103 1
179 104 1
179 106 1
179 111 1
179 112 1
179 114 1
179 115 1
179 116 1
179 118 1
179 119 1
179 120 1
179 127 1
179 135 1
179 136 1
179 138 1
179 139 1
179 143 1
179 148 1
179 157 1
179 161 1
179 171 1
179 172 1
179 173 1
179 175 1
179 176 1
179 177 1
179 178 1
180 6 1
180 8 1
180 9 1
180 16 1
180 17 1
180 19 1
180 20 1
180 22 1
180 36 1
180 39 1
180 40 1
180 47 1
180 48 1
180 51 1
180 53 1
180 54 1
180 55 1
180 57 1
180 59 1
180 63 1
180 64 1
180 72 1
180 80 1
180 82 1
180 87 1
180 88 1
180 90 1
180 93 1
180 94 1
180 97 1
180 98 1
180 100 1
180 101 1
180 110 1
180 111 1
180 122 1
180 125 1
180 126 1
180 128 1
180 131 1
180 144 1
180 152 1
180 153 1
180 154 1
180 155 1
180 156 1
180 159 1
180 161 1
180 162 1
180 163 1
180 167 1
180 168 1
180 172 1
180 173 1
181 6 1
181 8 1
181 9 1
181 16 1
181 22 1
181 39 1
181 40 1
181 48 1
181 55 1
181 57 1
181 63 1
181 64 1
181 72 1
181 80 1
181 82 1
181 87 1
181 88 1
181 90 1
181 93 1
181 94 1
181 98 1
181 100 1
181 101 1
181 110 1
181 122 1
181 125 1
181 126 1
181 131 1
181 144 1
181 152 1
181 153 1
181 154 1
181 155 1
181 156 1
181 159 1
181 162 1
181 163 1
181 167 1
181 168 1
181 180 1
182 6 1
182 9 1
182 10 1
182 16 1
182 18 1
182 22 1
182 28 1
182 39 1
182 40 1
182 48 1
182 60 1
182 63 1
182 64 1
182 80 1
182 82 1
182 90 1
182 93 1
182 94 1
182 100 1
182 101 1
182 110 1
182 111 1
182 122 1
182 126 1
182 131 1
182 144 1
182 154 1
182 155 1
182 156 1
182 162 1
182 163 1
182 168 1
182 169 1
182 174 1
182 180 1
182 181 1
183 6 1
183 8 1
183 9 1
183 10 1
183 11 1
183 16 1
183 17 1
183 18 1
183 22 1
183 28 1
183 39 1
183 40 1
183 47 1
183 48 1
183 51 1
183 54 1
183 55 1
183 57 1
183 60 1
183 63 1
183 64 1
183 72 1
183 80 1
183 82 1
183 87 1
183 88 1
183 90 1
183 93 1
183 94 1
183 98 1
183 100 1
183 101 1
183 110 1
183 111 1
183 122 1
183 126 1
183 129 1
183 131 1
183 136 1
183 144 1
183 152 1
183 153 1
183 154 1
183 155 1
183 156 1
183 160 1
183 161 1
183 162 1
183 163 1
183 167 1
183 168 1
183 169 1
183 170 1
183 172 1
183 173 1
183 174 1
183 180 1
183 181 1
183 182 1
184 2 1
184 3 1
184 4 1
184 7 1
184 12 1
184 13 1
184 14 1
184 19 1
184 24 1
184 32 1
184 33 1
184 34 1
184 35 1
184 43 1
184 44 1
184 49 1
184 54 1
184 56 1
184 59 1
184 62 1
184 65 1
184 66 1
184 67 1
184 81 1
184 83 1
184 86 1
184 89 1
184 92 1
184 95 1
184 104 1
184 112 1
184 115 1
184 117 1
184 118 1
184 119 1
184 120 1
184 127 1
184 132 1
184 138 1
184 143 1
184 148 1
184 157 1
184 164 1
184 166 1
184 171 1
184 175 1
184 179 1
185 5 1
185 6 1
185 7 1
185 8 1
185 15 1
185 20 1
185 36 1
185 37 1
185 38 1
185 49 1
185 50 1
185 51 1
185 52 1
185 53 1
185 54 1
185 55 1
185 62 1
185 63 1
185 64 1
185 69 1
185 70 1
185 71 1
185 72 1
185 80 1
185 81 1
185 84 1
185 85 1
185 96 1
185 97 1
185 98 1
185 99 1
185 100 1
185 106 1
185 114 1
185 128 1
185 129 1
185 130 1
185 134 1
185 135 1
185 139 1
185 140 1
185 141 1
185 142 1
185 143 1
185 147 1
185 158 1
185 159 1
185 160 1
185 161 1
185 167 1
185 176 1
185 177 1
185 179 1
186 8 1
186 9 1
186 10 1
186 16 1
186 17 1
186 18 1
186 22 1
186 27 1
186 28 1
186 29 1
186 39 1
186 40 1
186 47 1
186 48 1
186 57 1
186 63 1
186 64 1
186 82 1
186 87 1
186 88 1
186 90 1
186 92 1
186 93 1
186 94 1
186 100 1
186 101 1
186 110 1
186 111 1
186 125 1
186 126 1
186 131 1
186 136 1
186 144 1
186 152 1
186 153 1
186 154 1
186 155 1
186 156 1
186 162 1
186 163 1
186 172 1
186 173 1
186 174 1
186 180 1
186 181 1
186 182 1
186 183 1
187 3 1
187 4 1
187 7 1
187 12 1
187 13 1
187 15 1
187 21 1
187 24 1
187 25 1
187 26 1
187 35 1
187 38 1
187 41 1
187 42 1
187 43 1
187 49 1
187 52 1
187 53 1
187 54 1
187 55 1
187 56 1
187 59 1
187 61 1
187 62 1
187 65 1
187 66 1
187 67 1
187 70 1
187 71 1
187 73 1
187 81 1
187 83 1
187 84 1
187 85 1
187 86 1
187 95 1
187 99 1
187 102 1
187 103 1
187 104 1
187 106 1
187 114 1
187 115 1
187 117 1
187 120 1
187 123 1
187 132 1
187 142 1
187 143 1
187 148 1
187 161 1
187 164 1
187 171 1
187 175 1
187 177 1
187 178 1
187 179 1
187 184 1
188 6 1
188 7 1
188 8 1
188 9 1
188 10 1
188 11 1
188 16 1
188 17 1
188 18 1
188 23 1
188 27 1
188 37 1
188 41 1
188 47 1
188 51 1
188 53 1
188 54 1
188 55 1
188 60 1
188 63 1
188 64 1
188 73 1
188 80 1
188 81 1
188 82 1
188 92 1
188 93 1
188 100 1
188 101 1
188 102 1
188 103 1
188 111 1
188 112 1
188 114 1
188 116 1
188 122 1
188 124 1
188 129 1
188 130 1
188 131 1
188 136 1
188 144 1
188 156 1
188 160 1
188 161 1
188 162 1
188 163 1
188 168 1
188 169 1
188 170 1
188 172 1
188 173 1
188 176 1
188 177 1
188 182 1
188 183 1
189 11 1
189 21 1
189 23 1
189 24 1
189 41 1
189 42 1
189 52 1
189 56 1
189 61 1
189 62 1
189 65 1
189 66 1
189 73 1
189 81 1
189 83 1
189 102 1
189 103 1
189 109 1
189 112 1
189 115 1
189 116 1
189 117 1
189 123 1
189 132 1
189 142 1
189 143 1
189 150 1
189 170 1
189 171 1
189 178 1
189 179 1
189 187 1
190 0 1
190 2 1
190 3 1
190 4 1
190 7 1
190 11 1
190 12 1
190 17 1
190 24 1
190 27 1
190 32 1
190 33 1
190 34 1
190 41 1
190 42 1
190 43 1
190 47 1
190 53 1
190 54 1
190 56 1
190 58 1
190 59 1
190 62 1
190 65 1
190 66 1
190 67 1
190 73 1
190 81 1
190 83 1
190 89 1
190 92 1
190 95 1
190 102 1
190 103 1
190 104 1
190 109 1
190 112 1
190 115 1
190 116 1
190 117 1
190 118 1
190 123 1
190 124 1
190 127 1
190 132 1
190 136 1
190 138 1
190 143 1
190 148 1
190 150 1
190 151 1
190 157 1
190 166 1
190 171 1
190 172 1
190 175 1
190 178 1
190 179 1
190 184 1
190 187 1
190 189 1
191 3 1
191 4 1
191 8 1
191 9 1
191 16 1
191 17 1
191 19 1
191 27 1
191 33 1
191 34 1
191 36 1
191 39 1
191 47 1
191 48 1
191 54 1
191 55 1
191 57 1
191 59 1
191 63 1
191 64 1
191 82 1
191 87 1
191 88 1
191 89 1
191 92 1
191 93 1
191 94 1
191 95 1
191 100 1
191 111 1
191 125 1
191 126 1
191 127 1
191 136 1
191 138 1
191 152 1
191 153 1
191 154 1
191 155 1
191 156 1
191 157 1
191 161 1
191 163 1
191 172 1
191 173 1
191 175 1
191 179 1
191 180 1
191 181 1
191 183 1
191 186 1
192 8 1
192 16 1
192 17 1
192 22 1
192 39 1
192 40 1
192 47 1
192 48 1
192 57 1
192 64 1
192 87 1
192 88 1
192 90 1
192 93 1
192 94 1
192 100 1
192 101 1
192 110 1
192 125 1
192 126 1
192 131 1
192 152 1
192 153 1
192 154 1
192 155 1
192 156 1
192 162 1
192 163 1
192 173 1
192 174 1
192 180 1
192 181 1
192 182 1
192 183 1
192 186 1
192 191 1
193 4 1
193 5 1
193 7 1
193 8 1
193 13 1
193 15 1
193 19 1
193 20 1
193 25 1
193 26 1
193 34 1
193 35 1
193 36 1
193 38 1
193 49 1
193 50 1
193 53 1
193 54 1
193 55 1
193 59 1
193 62 1
193 63 1
193 64 1
193 70 1
193 71 1
193 81 1
193 84 1
193 85 1
193 86 1
193 96 1
193 97 1
193 98 1
193 99 1
193 100 1
193 106 1
193 120 1
193 128 1
193 134 1
193 135 1
193 139 1
193 140 1
193 141 1
193 143 1
193 147 1
193 158 1
193 159 1
193 161 1
193 167 1
193 176 1
193 179 1
193 185 1
194 6 1
194 8 1
194 9 1
194 10 1
194 11 1
194 16 1
194 37 1
194 38 1
194 39 1
194 51 1
194 53 1
194 54 1
194 55 1
194 60 1
194 63 1
194 64 1
194 69 1
194 70 1
194 72 1
194 80 1
194 82 1
194 97 1
194 98 1
194 100 1
194 101 1
194 102 1
194 110 1
194 111 1
194 114 1
194 122 1
194 128 1
194 129 1
194 130 1
194 131 1
194 144 1
194 160 1
194 162 1
194 163 1
194 167 1
194 168 1
194 169 1
194 170 1
194 176 1
194 177 1
194 182 1
194 183 1
194 185 1
194 188 1
195 7 1
195 9 1
195 10 1
195 11 1
195 23 1
195 27 1
195 37 1
195 38 1
195 41 1
195 47 1
195 51 1
195 52 1
195 53 1
195 54 1
195 55 1
195 61 1
195 63 1
195 64 1
195 66 1
195 73 1
195 81 1
195 82 1
195 83 1
195 92 1
195 93 1
195 99 1
195 102 1
195 103 1
195 109 1
195 111 1
195 112 1
195 114 1
195 115 1
195 116 1
195 123 1
195 124 1
195 129 1
195 130 1
195 132 1
195 136 1
195 143 1
195 144 1
195 150 1
195 151 1
195 160 1
195 161 1
195 163 1
195 170 1
195 172 1
195 173 1
195 176 1
195 177 1
195 178 1
195 179 1
195 187 1
195 188 1
195 189 1
195 194 1
196 2 1
196 3 1
196 4 1
196 7 1
196 12 1
196 13 1
196 14 1
196 19 1
196 24 1
196 25 1
196 26 1
196 32 1
196 33 1
196 34 1
196 35 1
196 36 1
196 43 1
196 44 1
196 49 1
196 53 1
196 54 1
196 56 1
196 59 1
196 62 1
196 65 1
196 66 1
196 67 1
196 68 1
196 71 1
196 81 1
196 83 1
196 85 1
196 86 1
196 89 1
196 91 1
196 95 1
196 104 1
196 115 1
196 118 1
196 119 1
196 120 1
196 127 1
196 133 1
196 138 1
196 139 1
196 143 1
196 145 1
196 148 1
196 157 1
196 161 1
196 164 1
196 171 1
196 175 1
196 179 1
196 184 1
196 187 1
196 190 1
