# minsup
1
# graph
G_./1R2D.pdb
# node ID, label
0 A
1 A
2 A
3 A
4 A
5 A
6 A
7 A
8 A
9 A
10 C
11 D
12 D
13 D
14 D
15 D
16 D
17 D
18 E
19 E
20 E
21 E
22 E
23 E
24 E
25 E
26 E
27 E
28 E
29 F
30 F
31 F
32 F
33 F
34 F
35 F
36 F
37 F
38 F
39 G
40 G
41 G
42 G
43 G
44 G
45 G
46 G
47 G
48 G
49 H
50 H
51 I
52 I
53 I
54 I
55 K
56 K
57 K
58 K
59 L
60 L
61 L
62 L
63 L
64 L
65 L
66 L
67 L
68 L
69 L
70 L
71 L
72 M
73 M
74 M
75 N
76 N
77 N
78 N
79 N
80 P
81 P
82 Q
83 Q
84 Q
85 Q
86 Q
87 Q
88 Q
89 Q
90 R
91 R
92 R
93 R
94 R
95 R
96 S
97 S
98 S
99 S
100 S
101 S
102 S
103 S
104 S
105 S
106 S
107 T
108 T
109 T
110 T
111 T
112 V
113 V
114 V
115 V
116 V
117 V
118 V
119 V
120 V
121 V
122 V
123 V
124 W
125 W
126 W
127 W
128 W
129 Y
130 Y
131 Y
132 Y
133 Y
# node ID1, node ID2, number of bounds
1 0 1
2 0 1
2 1 1
3 0 1
3 1 1
3 2 1
5 2 1
5 3 1
6 3 1
6 5 1
7 4 1
7 5 1
7 6 1
8 4 1
8 7 1
9 4 1
9 5 1
9 7 1
9 8 1
10 5 1
10 6 1
10 7 1
10 8 1
10 9 1
11 0 1
11 1 1
11 2 1
11 3 1
11 6 1
11 7 1
11 8 1
11 9 1
11 10 1
12 2 1
12 3 1
12 5 1
12 6 1
12 11 1
13 5 1
13 6 1
14 5 1
15 6 1
15 10 1
16 7 1
16 8 1
16 9 1
17 0 1
17 1 1
17 2 1
17 3 1
18 0 1
18 1 1
18 2 1
18 7 1
18 8 1
18 9 1
18 11 1
19 0 1
19 1 1
19 2 1
19 3 1
19 5 1
19 11 1
19 12 1
20 2 1
20 3 1
20 5 1
20 6 1
20 12 1
20 19 1
21 2 1
21 3 1
21 5 1
21 6 1
21 10 1
21 12 1
21 19 1
21 20 1
22 4 1
22 5 1
22 7 1
22 8 1
22 9 1
22 16 1
23 5 1
23 13 1
23 14 1
23 22 1
24 6 1
24 7 1
24 10 1
24 13 1
24 15 1
25 6 1
25 10 1
25 15 1
25 24 1
26 9 1
26 16 1
26 17 1
26 18 1
26 22 1
27 16 1
27 17 1
27 26 1
28 0 1
28 1 1
28 2 1
28 3 1
28 17 1
28 19 1
29 0 1
29 1 1
29 2 1
29 3 1
29 5 1
29 6 1
29 7 1
29 8 1
29 9 1
29 10 1
29 11 1
29 12 1
29 18 1
29 19 1
29 20 1
29 21 1
30 7 1
30 8 1
30 9 1
30 10 1
30 11 1
30 18 1
30 29 1
31 2 1
31 3 1
31 5 1
31 6 1
31 12 1
31 19 1
31 20 1
31 21 1
31 29 1
32 5 1
32 6 1
32 10 1
32 12 1
32 13 1
32 21 1
32 22 1
32 23 1
32 24 1
32 31 1
33 4 1
33 5 1
33 6 1
33 7 1
33 8 1
33 9 1
33 10 1
33 13 1
33 16 1
33 22 1
33 23 1
33 24 1
33 32 1
34 5 1
34 14 1
34 16 1
34 22 1
34 23 1
34 26 1
34 32 1
34 33 1
35 2 1
35 3 1
35 5 1
35 6 1
35 7 1
35 8 1
35 9 1
35 10 1
35 11 1
35 12 1
35 13 1
35 14 1
35 16 1
35 19 1
35 20 1
35 21 1
35 22 1
35 23 1
35 26 1
35 29 1
35 31 1
35 32 1
35 33 1
35 34 1
36 2 1
36 3 1
36 5 1
36 6 1
36 7 1
36 8 1
36 9 1
36 10 1
36 11 1
36 12 1
36 16 1
36 18 1
36 19 1
36 20 1
36 21 1
36 22 1
36 23 1
36 24 1
36 26 1
36 29 1
36 31 1
36 32 1
36 33 1
36 34 1
36 35 1
37 3 1
37 5 1
37 6 1
37 7 1
37 8 1
37 9 1
37 10 1
37 11 1
37 12 1
37 13 1
37 19 1
37 20 1
37 21 1
37 22 1
37 23 1
37 24 1
37 29 1
37 31 1
37 32 1
37 33 1
37 34 1
37 35 1
37 36 1
38 0 1
38 1 1
38 2 1
38 3 1
38 5 1
38 17 1
38 19 1
38 20 1
38 26 1
38 27 1
38 28 1
38 29 1
38 31 1
38 35 1
38 36 1
39 6 1
39 10 1
39 12 1
39 15 1
39 24 1
39 25 1
39 29 1
40 1 1
40 2 1
40 3 1
40 5 1
40 6 1
40 10 1
40 11 1
40 12 1
40 19 1
40 20 1
40 21 1
40 29 1
40 31 1
40 32 1
40 35 1
40 36 1
40 37 1
40 38 1
41 4 1
41 8 1
41 22 1
41 25 1
41 33 1
42 5 1
42 14 1
42 16 1
42 22 1
42 23 1
42 26 1
42 27 1
42 34 1
42 35 1
43 2 1
43 3 1
43 5 1
43 12 1
43 14 1
43 19 1
43 20 1
43 21 1
43 23 1
43 26 1
43 28 1
43 31 1
43 32 1
43 34 1
43 35 1
43 36 1
43 37 1
43 38 1
43 40 1
43 42 1
44 3 1
44 4 1
44 5 1
44 6 1
44 7 1
44 8 1
44 9 1
44 10 1
44 11 1
44 12 1
44 13 1
44 15 1
44 18 1
44 21 1
44 22 1
44 23 1
44 24 1
44 29 1
44 30 1
44 31 1
44 32 1
44 33 1
44 34 1
44 35 1
44 36 1
44 37 1
44 40 1
44 43 1
45 3 1
45 5 1
45 6 1
45 7 1
45 8 1
45 9 1
45 10 1
45 11 1
45 12 1
45 13 1
45 15 1
45 18 1
45 19 1
45 20 1
45 21 1
45 24 1
45 29 1
45 30 1
45 31 1
45 32 1
45 33 1
45 35 1
45 36 1
45 37 1
45 39 1
45 40 1
45 44 1
46 17 1
46 26 1
46 27 1
46 28 1
46 38 1
46 43 1
47 0 1
47 1 1
47 2 1
47 16 1
47 17 1
47 26 1
47 27 1
47 28 1
47 38 1
47 43 1
47 46 1
48 0 1
48 1 1
48 2 1
48 3 1
48 12 1
48 17 1
48 19 1
48 20 1
48 28 1
48 29 1
48 31 1
48 38 1
48 40 1
48 43 1
48 46 1
48 47 1
49 4 1
49 6 1
49 10 1
49 13 1
49 15 1
49 22 1
49 24 1
49 25 1
49 32 1
49 33 1
49 37 1
49 41 1
49 44 1
49 45 1
50 5 1
50 8 1
50 9 1
50 14 1
50 16 1
50 22 1
50 23 1
50 26 1
50 27 1
50 33 1
50 34 1
50 35 1
50 36 1
50 42 1
50 47 1
51 4 1
51 6 1
51 7 1
51 8 1
51 10 1
51 13 1
51 15 1
51 22 1
51 24 1
51 25 1
51 32 1
51 33 1
51 37 1
51 41 1
51 44 1
51 45 1
51 49 1
52 2 1
52 3 1
52 5 1
52 6 1
52 7 1
52 9 1
52 12 1
52 14 1
52 16 1
52 17 1
52 19 1
52 20 1
52 21 1
52 22 1
52 23 1
52 26 1
52 27 1
52 29 1
52 31 1
52 32 1
52 34 1
52 35 1
52 36 1
52 37 1
52 38 1
52 40 1
52 42 1
52 43 1
52 44 1
52 45 1
52 46 1
52 47 1
52 48 1
52 50 1
53 4 1
53 5 1
53 6 1
53 7 1
53 8 1
53 9 1
53 10 1
53 11 1
53 15 1
53 18 1
53 22 1
53 24 1
53 25 1
53 29 1
53 30 1
53 33 1
53 35 1
53 36 1
53 37 1
53 41 1
53 44 1
53 45 1
53 49 1
53 51 1
54 5 1
54 9 1
54 16 1
54 17 1
54 26 1
54 27 1
54 28 1
54 34 1
54 35 1
54 36 1
54 38 1
54 42 1
54 43 1
54 46 1
54 47 1
54 50 1
54 52 1
55 2 1
55 3 1
55 5 1
55 6 1
55 7 1
55 10 1
55 11 1
55 12 1
55 15 1
55 18 1
55 19 1
55 20 1
55 21 1
55 24 1
55 29 1
55 30 1
55 31 1
55 32 1
55 35 1
55 36 1
55 37 1
55 39 1
55 40 1
55 44 1
55 45 1
55 53 1
56 6 1
56 10 1
56 11 1
56 12 1
56 15 1
56 19 1
56 20 1
56 21 1
56 24 1
56 29 1
56 37 1
56 39 1
56 40 1
56 44 1
56 45 1
56 55 1
57 0 1
57 1 1
57 2 1
57 3 1
57 7 1
57 9 1
57 11 1
57 12 1
57 17 1
57 18 1
57 19 1
57 20 1
57 28 1
57 29 1
57 35 1
57 36 1
57 38 1
57 40 1
57 45 1
57 47 1
57 48 1
57 52 1
57 55 1
58 6 1
58 10 1
58 15 1
58 24 1
58 25 1
58 39 1
58 41 1
58 45 1
58 49 1
58 51 1
58 53 1
59 0 1
59 1 1
59 2 1
59 3 1
59 5 1
59 7 1
59 8 1
59 9 1
59 11 1
59 16 1
59 17 1
59 18 1
59 19 1
59 26 1
59 29 1
59 30 1
59 35 1
59 36 1
59 37 1
59 38 1
59 40 1
59 44 1
59 45 1
59 47 1
59 48 1
59 52 1
59 53 1
59 54 1
59 55 1
59 57 1
60 2 1
60 3 1
60 5 1
60 6 1
60 7 1
60 8 1
60 9 1
60 10 1
60 11 1
60 12 1
60 15 1
60 18 1
60 19 1
60 21 1
60 24 1
60 29 1
60 30 1
60 31 1
60 35 1
60 36 1
60 37 1
60 39 1
60 40 1
60 44 1
60 45 1
60 52 1
60 53 1
60 55 1
60 56 1
60 57 1
60 59 1
61 6 1
61 7 1
61 10 1
61 11 1
61 12 1
61 15 1
61 19 1
61 21 1
61 24 1
61 25 1
61 29 1
61 30 1
61 36 1
61 37 1
61 39 1
61 40 1
61 44 1
61 45 1
61 53 1
61 55 1
61 56 1
61 57 1
61 58 1
61 59 1
61 60 1
62 0 1
62 1 1
62 2 1
62 3 1
62 5 1
62 9 1
62 11 1
62 12 1
62 17 1
62 18 1
62 19 1
62 20 1
62 21 1
62 28 1
62 29 1
62 31 1
62 35 1
62 36 1
62 37 1
62 38 1
62 40 1
62 43 1
62 44 1
62 45 1
62 47 1
62 48 1
62 52 1
62 54 1
62 55 1
62 57 1
62 59 1
62 60 1
62 61 1
63 3 1
63 5 1
63 6 1
63 12 1
63 19 1
63 20 1
63 21 1
63 31 1
63 32 1
63 36 1
63 37 1
63 40 1
63 43 1
63 45 1
63 55 1
63 56 1
63 62 1
64 5 1
64 6 1
64 10 1
64 13 1
64 22 1
64 23 1
64 24 1
64 32 1
64 33 1
64 34 1
64 35 1
64 36 1
64 37 1
64 44 1
64 45 1
64 49 1
64 51 1
64 53 1
65 4 1
65 6 1
65 10 1
65 13 1
65 22 1
65 23 1
65 24 1
65 32 1
65 33 1
65 35 1
65 37 1
65 41 1
65 44 1
65 45 1
65 49 1
65 51 1
65 53 1
65 58 1
65 64 1
66 5 1
66 6 1
66 13 1
66 14 1
66 22 1
66 23 1
66 31 1
66 32 1
66 33 1
66 34 1
66 35 1
66 36 1
66 37 1
66 42 1
66 43 1
66 44 1
66 45 1
66 50 1
66 52 1
66 64 1
66 65 1
67 4 1
67 5 1
67 6 1
67 7 1
67 8 1
67 9 1
67 10 1
67 13 1
67 15 1
67 21 1
67 22 1
67 24 1
67 25 1
67 29 1
67 32 1
67 33 1
67 35 1
67 36 1
67 37 1
67 40 1
67 41 1
67 44 1
67 45 1
67 49 1
67 51 1
67 53 1
67 55 1
67 56 1
67 58 1
67 60 1
67 61 1
67 64 1
67 65 1
67 66 1
68 4 1
68 6 1
68 7 1
68 8 1
68 9 1
68 10 1
68 15 1
68 24 1
68 25 1
68 30 1
68 33 1
68 37 1
68 41 1
68 44 1
68 45 1
68 49 1
68 51 1
68 53 1
68 58 1
68 60 1
68 61 1
68 65 1
68 67 1
69 5 1
69 7 1
69 8 1
69 9 1
69 11 1
69 16 1
69 18 1
69 22 1
69 23 1
69 26 1
69 27 1
69 29 1
69 33 1
69 34 1
69 35 1
69 36 1
69 37 1
69 38 1
69 42 1
69 43 1
69 44 1
69 45 1
69 47 1
69 50 1
69 52 1
69 53 1
69 54 1
69 57 1
69 59 1
69 60 1
69 62 1
69 66 1
70 5 1
70 8 1
70 9 1
70 14 1
70 16 1
70 17 1
70 22 1
70 23 1
70 26 1
70 27 1
70 33 1
70 34 1
70 35 1
70 36 1
70 37 1
70 38 1
70 42 1
70 43 1
70 44 1
70 46 1
70 47 1
70 50 1
70 52 1
70 54 1
70 59 1
70 62 1
70 66 1
70 69 1
71 1 1
71 2 1
71 3 1
71 17 1
71 19 1
71 20 1
71 28 1
71 31 1
71 38 1
71 40 1
71 43 1
71 46 1
71 47 1
71 48 1
71 52 1
71 54 1
71 57 1
71 62 1
72 0 1
72 1 1
72 2 1
72 11 1
72 17 1
72 18 1
72 19 1
72 28 1
72 29 1
72 38 1
72 47 1
72 48 1
72 57 1
72 59 1
72 62 1
73 4 1
73 6 1
73 7 1
73 10 1
73 15 1
73 24 1
73 25 1
73 30 1
73 41 1
73 44 1
73 45 1
73 49 1
73 51 1
73 53 1
73 58 1
73 61 1
73 65 1
73 67 1
73 68 1
74 4 1
74 5 1
74 6 1
74 7 1
74 8 1
74 9 1
74 10 1
74 11 1
74 16 1
74 18 1
74 22 1
74 23 1
74 26 1
74 29 1
74 30 1
74 33 1
74 34 1
74 35 1
74 36 1
74 37 1
74 44 1
74 45 1
74 50 1
74 51 1
74 52 1
74 53 1
74 55 1
74 59 1
74 60 1
74 62 1
74 64 1
74 65 1
74 66 1
74 67 1
74 68 1
74 69 1
74 70 1
75 0 1
75 1 1
75 2 1
75 7 1
75 8 1
75 9 1
75 11 1
75 16 1
75 17 1
75 18 1
75 26 1
75 29 1
75 30 1
75 35 1
75 36 1
75 38 1
75 44 1
75 47 1
75 50 1
75 52 1
75 53 1
75 54 1
75 57 1
75 59 1
75 60 1
75 62 1
75 69 1
75 70 1
75 72 1
75 74 1
76 4 1
76 5 1
76 9 1
76 13 1
76 14 1
76 16 1
76 22 1
76 23 1
76 26 1
76 32 1
76 33 1
76 34 1
76 35 1
76 36 1
76 37 1
76 42 1
76 43 1
76 44 1
76 50 1
76 52 1
76 64 1
76 65 1
76 66 1
76 69 1
76 70 1
76 74 1
77 3 1
77 5 1
77 14 1
77 17 1
77 23 1
77 26 1
77 27 1
77 28 1
77 31 1
77 34 1
77 35 1
77 36 1
77 38 1
77 40 1
77 42 1
77 43 1
77 46 1
77 47 1
77 50 1
77 52 1
77 54 1
77 62 1
77 66 1
77 69 1
77 70 1
77 71 1
77 76 1
78 7 1
78 8 1
78 9 1
78 16 1
78 18 1
78 22 1
78 26 1
78 27 1
78 33 1
78 34 1
78 35 1
78 36 1
78 44 1
78 47 1
78 50 1
78 52 1
78 53 1
78 54 1
78 59 1
78 69 1
78 70 1
78 74 1
78 75 1
78 76 1
78 77 1
79 17 1
79 26 1
79 27 1
79 28 1
79 38 1
79 42 1
79 43 1
79 46 1
79 47 1
79 50 1
79 52 1
79 54 1
79 69 1
79 70 1
79 71 1
79 77 1
79 78 1
80 4 1
80 7 1
80 8 1
80 10 1
80 15 1
80 24 1
80 25 1
80 33 1
80 41 1
80 49 1
80 51 1
80 53 1
80 58 1
80 65 1
80 67 1
80 68 1
80 73 1
81 9 1
81 16 1
81 17 1
81 26 1
81 27 1
81 34 1
81 38 1
81 42 1
81 46 1
81 47 1
81 50 1
81 52 1
81 54 1
81 69 1
81 70 1
81 74 1
81 75 1
81 76 1
81 77 1
81 78 1
81 79 1
82 3 1
82 6 1
82 10 1
82 11 1
82 12 1
82 15 1
82 19 1
82 20 1
82 21 1
82 24 1
82 29 1
82 31 1
82 36 1
82 39 1
82 40 1
82 44 1
82 45 1
82 55 1
82 56 1
82 57 1
82 60 1
82 61 1
82 62 1
82 63 1
82 67 1
83 7 1
83 8 1
83 10 1
83 11 1
83 15 1
83 18 1
83 24 1
83 25 1
83 29 1
83 30 1
83 39 1
83 44 1
83 45 1
83 53 1
83 55 1
83 58 1
83 60 1
83 61 1
83 67 1
83 68 1
83 73 1
83 80 1
84 0 1
84 1 1
84 2 1
84 3 1
84 11 1
84 12 1
84 17 1
84 18 1
84 19 1
84 20 1
84 28 1
84 29 1
84 31 1
84 36 1
84 38 1
84 40 1
84 48 1
84 55 1
84 57 1
84 59 1
84 60 1
84 62 1
84 71 1
84 72 1
84 75 1
84 82 1
85 4 1
85 6 1
85 13 1
85 22 1
85 23 1
85 24 1
85 32 1
85 33 1
85 37 1
85 41 1
85 44 1
85 49 1
85 51 1
85 64 1
85 65 1
85 66 1
85 67 1
85 76 1
86 4 1
86 7 1
86 8 1
86 9 1
86 16 1
86 22 1
86 23 1
86 33 1
86 41 1
86 44 1
86 49 1
86 50 1
86 51 1
86 53 1
86 64 1
86 65 1
86 69 1
86 74 1
86 76 1
86 78 1
86 80 1
86 85 1
87 4 1
87 13 1
87 14 1
87 16 1
87 22 1
87 23 1
87 32 1
87 33 1
87 34 1
87 35 1
87 37 1
87 42 1
87 44 1
87 49 1
87 50 1
87 51 1
87 53 1
87 64 1
87 65 1
87 66 1
87 67 1
87 69 1
87 70 1
87 74 1
87 76 1
87 85 1
87 86 1
88 6 1
88 7 1
88 8 1
88 10 1
88 15 1
88 24 1
88 25 1
88 30 1
88 39 1
88 41 1
88 44 1
88 45 1
88 49 1
88 51 1
88 53 1
88 55 1
88 56 1
88 58 1
88 60 1
88 61 1
88 67 1
88 68 1
88 73 1
88 80 1
88 83 1
89 16 1
89 17 1
89 26 1
89 27 1
89 28 1
89 38 1
89 42 1
89 46 1
89 47 1
89 50 1
89 52 1
89 54 1
89 69 1
89 70 1
89 71 1
89 75 1
89 77 1
89 78 1
89 79 1
89 81 1
90 0 1
90 7 1
90 8 1
90 9 1
90 11 1
90 16 1
90 18 1
90 26 1
90 29 1
90 30 1
90 35 1
90 36 1
90 44 1
90 45 1
90 50 1
90 52 1
90 53 1
90 57 1
90 59 1
90 60 1
90 62 1
90 69 1
90 70 1
90 72 1
90 74 1
90 75 1
90 78 1
90 83 1
91 0 1
91 1 1
91 2 1
91 3 1
91 5 1
91 6 1
91 11 1
91 12 1
91 18 1
91 19 1
91 20 1
91 21 1
91 28 1
91 29 1
91 31 1
91 35 1
91 36 1
91 37 1
91 38 1
91 40 1
91 43 1
91 44 1
91 45 1
91 48 1
91 52 1
91 55 1
91 56 1
91 57 1
91 59 1
91 60 1
91 61 1
91 62 1
91 63 1
91 71 1
91 72 1
91 75 1
91 82 1
91 84 1
92 3 1
92 5 1
92 6 1
92 12 1
92 19 1
92 20 1
92 21 1
92 31 1
92 32 1
92 37 1
92 40 1
92 43 1
92 63 1
92 91 1
93 5 1
93 14 1
93 22 1
93 23 1
93 33 1
93 34 1
93 35 1
93 42 1
93 43 1
93 50 1
93 52 1
93 64 1
93 66 1
93 70 1
93 76 1
93 77 1
93 87 1
94 2 1
94 3 1
94 5 1
94 6 1
94 12 1
94 14 1
94 19 1
94 20 1
94 21 1
94 22 1
94 23 1
94 26 1
94 31 1
94 32 1
94 34 1
94 35 1
94 36 1
94 37 1
94 38 1
94 40 1
94 42 1
94 43 1
94 44 1
94 45 1
94 50 1
94 52 1
94 54 1
94 62 1
94 64 1
94 66 1
94 69 1
94 70 1
94 71 1
94 74 1
94 76 1
94 77 1
94 79 1
94 81 1
94 91 1
94 92 1
94 93 1
95 4 1
95 6 1
95 7 1
95 8 1
95 9 1
95 10 1
95 11 1
95 18 1
95 22 1
95 24 1
95 25 1
95 29 1
95 30 1
95 33 1
95 36 1
95 37 1
95 41 1
95 44 1
95 45 1
95 49 1
95 51 1
95 53 1
95 59 1
95 60 1
95 61 1
95 65 1
95 67 1
95 68 1
95 69 1
95 73 1
95 74 1
95 75 1
95 80 1
95 83 1
95 86 1
95 88 1
95 90 1
96 0 1
96 1 1
96 2 1
96 7 1
96 8 1
96 9 1
96 11 1
96 16 1
96 17 1
96 18 1
96 26 1
96 29 1
96 36 1
96 38 1
96 47 1
96 54 1
96 57 1
96 59 1
96 60 1
96 62 1
96 69 1
96 70 1
96 72 1
96 74 1
96 75 1
96 78 1
96 81 1
96 84 1
96 89 1
96 90 1
97 0 1
97 2 1
97 3 1
97 6 1
97 7 1
97 8 1
97 9 1
97 10 1
97 11 1
97 12 1
97 18 1
97 19 1
97 24 1
97 29 1
97 30 1
97 36 1
97 37 1
97 39 1
97 40 1
97 44 1
97 45 1
97 53 1
97 55 1
97 56 1
97 57 1
97 59 1
97 60 1
97 61 1
97 62 1
97 67 1
97 68 1
97 74 1
97 75 1
97 82 1
97 83 1
97 84 1
97 88 1
97 90 1
97 91 1
97 95 1
98 6 1
98 10 1
98 11 1
98 12 1
98 15 1
98 19 1
98 24 1
98 29 1
98 30 1
98 39 1
98 40 1
98 44 1
98 45 1
98 55 1
98 56 1
98 57 1
98 60 1
98 61 1
98 67 1
98 82 1
98 83 1
98 84 1
98 88 1
98 91 1
98 97 1
99 6 1
99 7 1
99 10 1
99 11 1
99 15 1
99 24 1
99 25 1
99 29 1
99 30 1
99 39 1
99 45 1
99 55 1
99 56 1
99 58 1
99 60 1
99 61 1
99 67 1
99 68 1
99 73 1
99 82 1
99 83 1
99 88 1
99 97 1
99 98 1
100 7 1
100 10 1
100 11 1
100 15 1
100 18 1
100 25 1
100 29 1
100 30 1
100 39 1
100 45 1
100 53 1
100 55 1
100 56 1
100 60 1
100 61 1
100 68 1
100 73 1
100 82 1
100 83 1
100 88 1
100 95 1
100 97 1
100 98 1
100 99 1
101 5 1
101 6 1
101 10 1
101 13 1
101 15 1
101 21 1
101 23 1
101 24 1
101 32 1
101 33 1
101 35 1
101 36 1
101 37 1
101 44 1
101 45 1
101 49 1
101 51 1
101 58 1
101 64 1
101 65 1
101 66 1
101 67 1
101 85 1
102 6 1
102 10 1
102 13 1
102 15 1
102 22 1
102 23 1
102 24 1
102 32 1
102 33 1
102 37 1
102 44 1
102 45 1
102 49 1
102 51 1
102 58 1
102 64 1
102 65 1
102 66 1
102 67 1
102 76 1
102 85 1
102 87 1
102 101 1
103 4 1
103 7 1
103 8 1
103 13 1
103 22 1
103 23 1
103 33 1
103 35 1
103 37 1
103 41 1
103 44 1
103 49 1
103 50 1
103 51 1
103 53 1
103 64 1
103 65 1
103 66 1
103 67 1
103 68 1
103 74 1
103 76 1
103 80 1
103 85 1
103 86 1
103 87 1
103 95 1
103 102 1
104 2 1
104 3 1
104 5 1
104 6 1
104 7 1
104 9 1
104 10 1
104 11 1
104 12 1
104 13 1
104 19 1
104 20 1
104 21 1
104 23 1
104 24 1
104 29 1
104 31 1
104 32 1
104 33 1
104 34 1
104 35 1
104 36 1
104 37 1
104 40 1
104 43 1
104 44 1
104 45 1
104 52 1
104 53 1
104 55 1
104 56 1
104 57 1
104 59 1
104 60 1
104 61 1
104 62 1
104 63 1
104 64 1
104 66 1
104 67 1
104 69 1
104 70 1
104 74 1
104 76 1
104 77 1
104 82 1
104 84 1
104 91 1
104 92 1
104 94 1
104 97 1
104 98 1
104 101 1
105 4 1
105 6 1
105 7 1
105 8 1
105 10 1
105 15 1
105 24 1
105 25 1
105 30 1
105 32 1
105 33 1
105 37 1
105 39 1
105 41 1
105 44 1
105 45 1
105 49 1
105 51 1
105 53 1
105 55 1
105 56 1
105 58 1
105 60 1
105 61 1
105 64 1
105 65 1
105 67 1
105 68 1
105 73 1
105 74 1
105 80 1
105 83 1
105 85 1
105 88 1
105 95 1
105 97 1
105 98 1
105 99 1
105 100 1
105 101 1
105 102 1
105 104 1
106 4 1
106 6 1
106 7 1
106 8 1
106 9 1
106 10 1
106 11 1
106 18 1
106 24 1
106 25 1
106 29 1
106 30 1
106 33 1
106 36 1
106 37 1
106 41 1
106 44 1
106 45 1
106 51 1
106 53 1
106 55 1
106 59 1
106 60 1
106 61 1
106 67 1
106 68 1
106 73 1
106 74 1
106 75 1
106 80 1
106 83 1
106 88 1
106 90 1
106 95 1
106 97 1
106 98 1
106 99 1
106 100 1
106 105 1
107 4 1
107 5 1
107 6 1
107 10 1
107 13 1
107 15 1
107 22 1
107 23 1
107 24 1
107 32 1
107 33 1
107 35 1
107 36 1
107 37 1
107 41 1
107 44 1
107 45 1
107 49 1
107 51 1
107 53 1
107 58 1
107 64 1
107 65 1
107 66 1
107 67 1
107 68 1
107 73 1
107 74 1
107 76 1
107 80 1
107 85 1
107 86 1
107 87 1
107 101 1
107 102 1
107 103 1
107 104 1
107 105 1
108 4 1
108 6 1
108 7 1
108 10 1
108 15 1
108 22 1
108 24 1
108 25 1
108 33 1
108 41 1
108 44 1
108 49 1
108 51 1
108 53 1
108 58 1
108 64 1
108 65 1
108 67 1
108 68 1
108 73 1
108 80 1
108 85 1
108 86 1
108 88 1
108 95 1
108 102 1
108 103 1
108 105 1
108 106 1
108 107 1
109 4 1
109 7 1
109 8 1
109 10 1
109 22 1
109 24 1
109 33 1
109 41 1
109 44 1
109 49 1
109 51 1
109 53 1
109 58 1
109 64 1
109 65 1
109 67 1
109 68 1
109 73 1
109 74 1
109 80 1
109 85 1
109 86 1
109 87 1
109 88 1
109 95 1
109 102 1
109 103 1
109 105 1
109 106 1
109 107 1
109 108 1
110 4 1
110 7 1
110 8 1
110 9 1
110 16 1
110 18 1
110 22 1
110 26 1
110 33 1
110 35 1
110 36 1
110 37 1
110 44 1
110 50 1
110 52 1
110 53 1
110 54 1
110 59 1
110 60 1
110 69 1
110 70 1
110 74 1
110 75 1
110 76 1
110 78 1
110 81 1
110 86 1
110 87 1
110 90 1
110 95 1
110 96 1
110 103 1
110 106 1
111 0 1
111 1 1
111 2 1
111 3 1
111 17 1
111 26 1
111 27 1
111 28 1
111 38 1
111 43 1
111 46 1
111 47 1
111 48 1
111 52 1
111 54 1
111 57 1
111 62 1
111 70 1
111 71 1
111 72 1
111 77 1
111 79 1
111 81 1
111 84 1
111 89 1
112 0 1
112 1 1
112 2 1
112 3 1
112 5 1
112 6 1
112 7 1
112 8 1
112 9 1
112 10 1
112 11 1
112 16 1
112 18 1
112 19 1
112 26 1
112 29 1
112 30 1
112 35 1
112 36 1
112 37 1
112 40 1
112 44 1
112 45 1
112 50 1
112 52 1
112 53 1
112 55 1
112 57 1
112 59 1
112 60 1
112 61 1
112 62 1
112 67 1
112 68 1
112 69 1
112 70 1
112 72 1
112 74 1
112 75 1
112 78 1
112 83 1
112 84 1
112 90 1
112 91 1
112 95 1
112 96 1
112 97 1
112 98 1
112 100 1
112 104 1
112 106 1
112 110 1
113 0 1
113 2 1
113 6 1
113 7 1
113 8 1
113 9 1
113 10 1
113 11 1
113 18 1
113 29 1
113 30 1
113 35 1
113 36 1
113 37 1
113 40 1
113 44 1
113 45 1
113 53 1
113 55 1
113 57 1
113 59 1
113 60 1
113 61 1
113 62 1
113 67 1
113 68 1
113 69 1
113 72 1
113 74 1
113 75 1
113 78 1
113 82 1
113 83 1
113 84 1
113 88 1
113 90 1
113 91 1
113 95 1
113 96 1
113 97 1
113 98 1
113 99 1
113 100 1
113 104 1
113 106 1
113 110 1
113 112 1
114 0 1
114 1 1
114 2 1
114 3 1
114 11 1
114 12 1
114 17 1
114 18 1
114 19 1
114 26 1
114 28 1
114 29 1
114 36 1
114 38 1
114 40 1
114 43 1
114 46 1
114 47 1
114 48 1
114 52 1
114 54 1
114 57 1
114 59 1
114 60 1
114 62 1
114 69 1
114 71 1
114 72 1
114 75 1
114 84 1
114 89 1
114 90 1
114 91 1
114 96 1
114 97 1
114 111 1
114 112 1
114 113 1
115 4 1
115 5 1
115 6 1
115 13 1
115 14 1
115 22 1
115 23 1
115 32 1
115 33 1
115 34 1
115 35 1
115 36 1
115 37 1
115 42 1
115 44 1
115 45 1
115 49 1
115 50 1
115 51 1
115 52 1
115 53 1
115 64 1
115 65 1
115 66 1
115 67 1
115 69 1
115 70 1
115 74 1
115 76 1
115 85 1
115 86 1
115 87 1
115 93 1
115 94 1
115 101 1
115 102 1
115 103 1
115 104 1
115 107 1
115 108 1
115 109 1
115 110 1
116 4 1
116 5 1
116 6 1
116 7 1
116 8 1
116 9 1
116 10 1
116 13 1
116 14 1
116 16 1
116 22 1
116 23 1
116 26 1
116 32 1
116 33 1
116 34 1
116 35 1
116 36 1
116 37 1
116 42 1
116 43 1
116 44 1
116 45 1
116 49 1
116 50 1
116 51 1
116 52 1
116 53 1
116 64 1
116 65 1
116 66 1
116 67 1
116 69 1
116 70 1
116 74 1
116 76 1
116 77 1
116 78 1
116 85 1
116 86 1
116 87 1
116 93 1
116 94 1
116 95 1
116 101 1
116 102 1
116 103 1
116 104 1
116 107 1
116 109 1
116 110 1
116 112 1
116 115 1
117 5 1
117 14 1
117 16 1
117 22 1
117 23 1
117 26 1
117 27 1
117 34 1
117 35 1
117 36 1
117 37 1
117 38 1
117 42 1
117 43 1
117 46 1
117 47 1
117 50 1
117 52 1
117 54 1
117 66 1
117 69 1
117 70 1
117 76 1
117 77 1
117 78 1
117 79 1
117 81 1
117 87 1
117 89 1
117 93 1
117 94 1
117 104 1
117 111 1
117 115 1
117 116 1
118 2 1
118 3 1
118 5 1
118 6 1
118 7 1
118 9 1
118 11 1
118 12 1
118 17 1
118 19 1
118 20 1
118 21 1
118 23 1
118 26 1
118 28 1
118 29 1
118 31 1
118 32 1
118 34 1
118 35 1
118 36 1
118 37 1
118 38 1
118 40 1
118 42 1
118 43 1
118 44 1
118 45 1
118 47 1
118 48 1
118 50 1
118 52 1
118 54 1
118 55 1
118 57 1
118 59 1
118 60 1
118 62 1
118 63 1
118 66 1
118 67 1
118 69 1
118 70 1
118 71 1
118 74 1
118 75 1
118 76 1
118 77 1
118 78 1
118 84 1
118 91 1
118 92 1
118 94 1
118 104 1
118 111 1
118 112 1
118 113 1
118 114 1
118 116 1
118 117 1
119 6 1
119 7 1
119 10 1
119 11 1
119 12 1
119 15 1
119 21 1
119 24 1
119 25 1
119 29 1
119 30 1
119 32 1
119 35 1
119 36 1
119 37 1
119 39 1
119 40 1
119 44 1
119 45 1
119 49 1
119 51 1
119 53 1
119 55 1
119 56 1
119 58 1
119 60 1
119 61 1
119 64 1
119 65 1
119 67 1
119 68 1
119 73 1
119 74 1
119 80 1
119 82 1
119 83 1
119 88 1
119 95 1
119 97 1
119 98 1
119 99 1
119 100 1
119 101 1
119 102 1
119 104 1
119 105 1
119 106 1
119 107 1
119 108 1
119 112 1
119 113 1
120 6 1
120 7 1
120 10 1
120 15 1
120 24 1
120 25 1
120 30 1
120 37 1
120 39 1
120 44 1
120 45 1
120 49 1
120 51 1
120 53 1
120 55 1
120 56 1
120 58 1
120 60 1
120 61 1
120 67 1
120 68 1
120 73 1
120 80 1
120 82 1
120 83 1
120 88 1
120 95 1
120 97 1
120 98 1
120 99 1
120 100 1
120 105 1
120 106 1
120 107 1
120 108 1
120 119 1
121 4 1
121 6 1
121 7 1
121 8 1
121 10 1
121 15 1
121 24 1
121 25 1
121 30 1
121 41 1
121 44 1
121 45 1
121 49 1
121 51 1
121 53 1
121 58 1
121 60 1
121 61 1
121 67 1
121 68 1
121 73 1
121 80 1
121 83 1
121 88 1
121 95 1
121 97 1
121 99 1
121 100 1
121 105 1
121 106 1
121 108 1
121 109 1
121 113 1
121 119 1
121 120 1
122 4 1
122 6 1
122 7 1
122 8 1
122 9 1
122 10 1
122 11 1
122 15 1
122 18 1
122 24 1
122 25 1
122 29 1
122 30 1
122 33 1
122 36 1
122 37 1
122 39 1
122 41 1
122 44 1
122 45 1
122 49 1
122 51 1
122 53 1
122 55 1
122 56 1
122 58 1
122 59 1
122 60 1
122 61 1
122 65 1
122 67 1
122 68 1
122 73 1
122 74 1
122 80 1
122 83 1
122 88 1
122 90 1
122 95 1
122 97 1
122 98 1
122 99 1
122 100 1
122 104 1
122 105 1
122 106 1
122 107 1
122 108 1
122 109 1
122 110 1
122 112 1
122 113 1
122 119 1
122 120 1
122 121 1
123 0 1
123 1 1
123 2 1
123 3 1
123 17 1
123 19 1
123 20 1
123 28 1
123 29 1
123 38 1
123 40 1
123 43 1
123 46 1
123 47 1
123 48 1
123 52 1
123 54 1
123 57 1
123 59 1
123 62 1
123 71 1
123 72 1
123 75 1
123 77 1
123 79 1
123 84 1
123 89 1
123 91 1
123 96 1
123 111 1
123 114 1
123 118 1
124 6 1
124 7 1
124 8 1
124 10 1
124 11 1
124 15 1
124 18 1
124 24 1
124 25 1
124 29 1
124 30 1
124 39 1
124 44 1
124 45 1
124 53 1
124 55 1
124 56 1
124 59 1
124 60 1
124 61 1
124 67 1
124 68 1
124 73 1
124 82 1
124 83 1
124 88 1
124 91 1
124 95 1
124 97 1
124 98 1
124 99 1
124 100 1
124 105 1
124 106 1
124 112 1
124 113 1
124 119 1
124 120 1
124 121 1
124 122 1
125 2 1
125 3 1
125 5 1
125 12 1
125 14 1
125 17 1
125 19 1
125 20 1
125 21 1
125 26 1
125 27 1
125 28 1
125 31 1
125 34 1
125 35 1
125 36 1
125 37 1
125 38 1
125 40 1
125 42 1
125 43 1
125 46 1
125 47 1
125 48 1
125 50 1
125 52 1
125 54 1
125 57 1
125 62 1
125 66 1
125 69 1
125 70 1
125 71 1
125 76 1
125 77 1
125 78 1
125 79 1
125 81 1
125 89 1
125 91 1
125 93 1
125 94 1
125 104 1
125 111 1
125 114 1
125 116 1
125 117 1
125 118 1
125 123 1
126 4 1
126 6 1
126 7 1
126 8 1
126 9 1
126 10 1
126 11 1
126 16 1
126 18 1
126 22 1
126 26 1
126 29 1
126 30 1
126 33 1
126 35 1
126 36 1
126 37 1
126 41 1
126 44 1
126 45 1
126 50 1
126 51 1
126 52 1
126 53 1
126 59 1
126 60 1
126 65 1
126 67 1
126 68 1
126 69 1
126 70 1
126 74 1
126 75 1
126 76 1
126 78 1
126 80 1
126 83 1
126 86 1
126 87 1
126 88 1
126 90 1
126 95 1
126 96 1
126 103 1
126 104 1
126 105 1
126 106 1
126 107 1
126 108 1
126 109 1
126 110 1
126 112 1
126 113 1
126 115 1
126 116 1
126 121 1
126 122 1
127 9 1
127 14 1
127 16 1
127 17 1
127 26 1
127 27 1
127 34 1
127 35 1
127 38 1
127 42 1
127 43 1
127 46 1
127 47 1
127 50 1
127 52 1
127 54 1
127 66 1
127 69 1
127 70 1
127 75 1
127 76 1
127 77 1
127 78 1
127 79 1
127 81 1
127 89 1
127 93 1
127 94 1
127 110 1
127 111 1
127 117 1
127 118 1
127 125 1
128 0 1
128 1 1
128 2 1
128 3 1
128 9 1
128 17 1
128 18 1
128 19 1
128 26 1
128 27 1
128 28 1
128 29 1
128 36 1
128 38 1
128 43 1
128 46 1
128 47 1
128 48 1
128 50 1
128 52 1
128 54 1
128 57 1
128 59 1
128 62 1
128 69 1
128 70 1
128 71 1
128 72 1
128 75 1
128 77 1
128 78 1
128 79 1
128 81 1
128 84 1
128 89 1
128 90 1
128 91 1
128 94 1
128 96 1
128 111 1
128 112 1
128 114 1
128 117 1
128 118 1
128 123 1
128 125 1
128 127 1
129 0 1
129 1 1
129 2 1
129 3 1
129 6 1
129 7 1
129 10 1
129 11 1
129 12 1
129 18 1
129 19 1
129 20 1
129 21 1
129 29 1
129 30 1
129 31 1
129 35 1
129 36 1
129 37 1
129 39 1
129 40 1
129 44 1
129 45 1
129 53 1
129 55 1
129 56 1
129 57 1
129 59 1
129 60 1
129 61 1
129 62 1
129 67 1
129 72 1
129 82 1
129 83 1
129 84 1
129 90 1
129 91 1
129 97 1
129 98 1
129 99 1
129 100 1
129 104 1
129 106 1
129 112 1
129 113 1
129 114 1
129 118 1
129 119 1
129 120 1
129 122 1
129 124 1
130 6 1
130 10 1
130 11 1
130 15 1
130 24 1
130 25 1
130 29 1
130 30 1
130 39 1
130 44 1
130 45 1
130 55 1
130 56 1
130 58 1
130 60 1
130 61 1
130 67 1
130 68 1
130 73 1
130 82 1
130 83 1
130 88 1
130 97 1
130 98 1
130 99 1
130 100 1
130 105 1
130 106 1
130 113 1
130 119 1
130 120 1
130 121 1
130 122 1
130 124 1
130 129 1
131 4 1
131 7 1
131 8 1
131 9 1
131 10 1
131 16 1
131 22 1
131 23 1
131 33 1
131 35 1
131 37 1
131 41 1
131 44 1
131 49 1
131 50 1
131 51 1
131 53 1
131 64 1
131 65 1
131 67 1
131 68 1
131 69 1
131 74 1
131 76 1
131 78 1
131 80 1
131 85 1
131 86 1
131 87 1
131 95 1
131 103 1
131 106 1
131 107 1
131 108 1
131 109 1
131 110 1
131 115 1
131 116 1
131 121 1
131 122 1
131 126 1
132 4 1
132 5 1
132 7 1
132 8 1
132 9 1
132 16 1
132 18 1
132 22 1
132 23 1
132 26 1
132 33 1
132 34 1
132 35 1
132 36 1
132 37 1
132 42 1
132 44 1
132 45 1
132 50 1
132 52 1
132 53 1
132 54 1
132 59 1
132 60 1
132 66 1
132 67 1
132 69 1
132 70 1
132 74 1
132 75 1
132 76 1
132 77 1
132 78 1
132 81 1
132 86 1
132 87 1
132 89 1
132 90 1
132 93 1
132 94 1
132 95 1
132 96 1
132 103 1
132 104 1
132 106 1
132 110 1
132 112 1
132 113 1
132 115 1
132 116 1
132 117 1
132 118 1
132 126 1
132 127 1
132 131 1
133 0 1
133 1 1
133 2 1
133 3 1
133 5 1
133 12 1
133 17 1
133 19 1
133 20 1
133 21 1
133 28 1
133 29 1
133 31 1
133 36 1
133 38 1
133 40 1
133 43 1
133 46 1
133 47 1
133 48 1
133 52 1
133 54 1
133 57 1
133 62 1
133 71 1
133 72 1
133 77 1
133 79 1
133 84 1
133 91 1
133 94 1
133 111 1
133 114 1
133 118 1
133 123 1
133 125 1
133 128 1
