# minsup
1
# graph
G_./1R2E.pdb
# node ID, label
0 A
1 A
2 A
3 A
4 A
5 A
6 A
7 A
8 A
9 A
10 C
11 D
12 D
13 D
14 D
15 D
16 D
17 E
18 E
19 E
20 E
21 E
22 E
23 E
24 E
25 E
26 E
27 F
28 F
29 F
30 F
31 F
32 F
33 F
34 F
35 G
36 G
37 G
38 G
39 G
40 G
41 G
42 G
43 G
44 G
45 H
46 I
47 I
48 I
49 I
50 K
51 K
52 K
53 K
54 L
55 L
56 L
57 L
58 L
59 L
60 L
61 L
62 L
63 L
64 L
65 L
66 L
67 L
68 M
69 M
70 N
71 N
72 N
73 N
74 N
75 P
76 P
77 Q
78 Q
79 Q
80 Q
81 Q
82 Q
83 Q
84 R
85 R
86 R
87 R
88 R
89 S
90 S
91 S
92 S
93 S
94 S
95 S
96 S
97 T
98 T
99 T
100 T
101 T
102 V
103 V
104 V
105 V
106 V
107 V
108 V
109 V
110 V
111 V
112 V
113 V
114 W
115 W
116 W
117 W
118 W
119 Y
120 Y
121 Y
122 Y
123 Y
# node ID1, node ID2, number of bounds
1 0 1
2 0 1
2 1 1
3 0 1
3 1 1
3 2 1
5 2 1
5 3 1
6 3 1
6 5 1
7 4 1
7 5 1
7 6 1
8 4 1
8 7 1
9 4 1
9 5 1
9 7 1
9 8 1
10 5 1
10 6 1
10 7 1
10 8 1
10 9 1
11 0 1
11 1 1
11 2 1
11 3 1
11 6 1
11 7 1
11 8 1
11 9 1
11 10 1
12 2 1
12 3 1
12 5 1
12 6 1
12 11 1
13 5 1
14 6 1
14 10 1
15 7 1
15 8 1
15 9 1
16 0 1
16 1 1
16 2 1
16 3 1
17 0 1
17 1 1
17 2 1
17 7 1
17 8 1
17 9 1
17 11 1
18 2 1
18 3 1
18 5 1
18 6 1
18 12 1
19 2 1
19 3 1
19 5 1
19 6 1
19 10 1
19 12 1
19 18 1
20 4 1
20 5 1
20 7 1
20 8 1
20 9 1
20 15 1
21 5 1
21 13 1
21 20 1
22 6 1
22 7 1
22 10 1
22 14 1
23 6 1
23 10 1
23 14 1
23 22 1
24 9 1
24 15 1
24 16 1
24 17 1
24 20 1
25 15 1
25 16 1
25 24 1
26 0 1
26 1 1
26 2 1
26 3 1
26 16 1
27 0 1
27 1 1
27 2 1
27 3 1
27 5 1
27 6 1
27 7 1
27 8 1
27 9 1
27 10 1
27 11 1
27 12 1
27 17 1
27 18 1
27 19 1
28 2 1
28 3 1
28 5 1
28 6 1
28 12 1
28 18 1
28 19 1
28 27 1
29 4 1
29 5 1
29 6 1
29 7 1
29 8 1
29 9 1
29 10 1
29 15 1
29 20 1
29 21 1
29 22 1
30 5 1
30 13 1
30 15 1
30 20 1
30 21 1
30 24 1
30 29 1
31 2 1
31 3 1
31 5 1
31 6 1
31 7 1
31 8 1
31 9 1
31 10 1
31 11 1
31 12 1
31 13 1
31 15 1
31 18 1
31 19 1
31 20 1
31 21 1
31 24 1
31 27 1
31 28 1
31 29 1
31 30 1
32 2 1
32 3 1
32 5 1
32 6 1
32 7 1
32 8 1
32 9 1
32 10 1
32 11 1
32 12 1
32 15 1
32 17 1
32 18 1
32 19 1
32 20 1
32 21 1
32 22 1
32 24 1
32 27 1
32 28 1
32 29 1
32 30 1
32 31 1
33 3 1
33 5 1
33 6 1
33 7 1
33 8 1
33 9 1
33 10 1
33 11 1
33 12 1
33 18 1
33 19 1
33 20 1
33 21 1
33 22 1
33 27 1
33 28 1
33 29 1
33 30 1
33 31 1
33 32 1
34 0 1
34 1 1
34 2 1
34 3 1
34 5 1
34 16 1
34 18 1
34 24 1
34 25 1
34 26 1
34 27 1
34 28 1
34 31 1
34 32 1
35 6 1
35 10 1
35 12 1
35 14 1
35 22 1
35 23 1
35 27 1
36 1 1
36 2 1
36 3 1
36 5 1
36 6 1
36 10 1
36 11 1
36 12 1
36 18 1
36 19 1
36 27 1
36 28 1
36 31 1
36 32 1
36 33 1
36 34 1
37 4 1
37 8 1
37 20 1
37 23 1
37 29 1
38 5 1
38 13 1
38 15 1
38 20 1
38 21 1
38 24 1
38 25 1
38 30 1
38 31 1
39 2 1
39 3 1
39 5 1
39 12 1
39 13 1
39 18 1
39 19 1
39 21 1
39 24 1
39 26 1
39 28 1
39 30 1
39 31 1
39 32 1
39 33 1
39 34 1
39 36 1
39 38 1
40 3 1
40 4 1
40 5 1
40 6 1
40 7 1
40 8 1
40 9 1
40 10 1
40 11 1
40 12 1
40 14 1
40 17 1
40 19 1
40 20 1
40 21 1
40 22 1
40 27 1
40 28 1
40 29 1
40 30 1
40 31 1
40 32 1
40 33 1
40 36 1
40 39 1
41 3 1
41 5 1
41 6 1
41 7 1
41 8 1
41 9 1
41 10 1
41 11 1
41 12 1
41 14 1
41 17 1
41 18 1
41 19 1
41 22 1
41 27 1
41 28 1
41 29 1
41 31 1
41 32 1
41 33 1
41 35 1
41 36 1
41 40 1
42 16 1
42 24 1
42 25 1
42 26 1
42 34 1
42 39 1
43 0 1
43 1 1
43 2 1
43 15 1
43 16 1
43 24 1
43 25 1
43 26 1
43 34 1
43 39 1
43 42 1
44 0 1
44 1 1
44 2 1
44 3 1
44 12 1
44 16 1
44 18 1
44 26 1
44 27 1
44 28 1
44 34 1
44 36 1
44 39 1
44 42 1
44 43 1
45 5 1
45 8 1
45 9 1
45 13 1
45 15 1
45 20 1
45 21 1
45 24 1
45 25 1
45 29 1
45 30 1
45 31 1
45 32 1
45 38 1
45 43 1
46 4 1
46 6 1
46 7 1
46 8 1
46 10 1
46 14 1
46 20 1
46 22 1
46 23 1
46 29 1
46 33 1
46 37 1
46 40 1
46 41 1
47 2 1
47 3 1
47 5 1
47 6 1
47 7 1
47 9 1
47 12 1
47 13 1
47 15 1
47 16 1
47 18 1
47 19 1
47 20 1
47 21 1
47 24 1
47 25 1
47 27 1
47 28 1
47 30 1
47 31 1
47 32 1
47 33 1
47 34 1
47 36 1
47 38 1
47 39 1
47 40 1
47 41 1
47 42 1
47 43 1
47 45 1
48 4 1
48 5 1
48 6 1
48 7 1
48 8 1
48 9 1
48 10 1
48 11 1
48 14 1
48 17 1
48 20 1
48 22 1
48 23 1
48 27 1
48 29 1
48 31 1
48 32 1
48 33 1
48 37 1
48 40 1
48 41 1
48 46 1
49 5 1
49 9 1
49 15 1
49 16 1
49 24 1
49 25 1
49 26 1
49 30 1
49 31 1
49 32 1
49 34 1
49 38 1
49 39 1
49 42 1
49 43 1
49 45 1
49 47 1
50 2 1
50 3 1
50 5 1
50 6 1
50 7 1
50 10 1
50 11 1
50 12 1
50 14 1
50 17 1
50 18 1
50 19 1
50 22 1
50 27 1
50 28 1
50 31 1
50 32 1
50 33 1
50 35 1
50 36 1
50 40 1
50 41 1
50 48 1
51 6 1
51 10 1
51 11 1
51 12 1
51 14 1
51 18 1
51 19 1
51 22 1
51 27 1
51 33 1
51 35 1
51 36 1
51 40 1
51 41 1
51 50 1
52 0 1
52 1 1
52 2 1
52 3 1
52 7 1
52 9 1
52 11 1
52 12 1
52 16 1
52 17 1
52 18 1
52 26 1
52 27 1
52 31 1
52 32 1
52 34 1
52 36 1
52 41 1
52 43 1
52 44 1
52 47 1
52 50 1
53 6 1
53 10 1
53 14 1
53 22 1
53 23 1
53 35 1
53 37 1
53 41 1
53 46 1
53 48 1
54 0 1
54 1 1
54 2 1
54 3 1
54 5 1
54 7 1
54 8 1
54 9 1
54 11 1
54 15 1
54 16 1
54 17 1
54 24 1
54 27 1
54 31 1
54 32 1
54 33 1
54 34 1
54 36 1
54 40 1
54 41 1
54 43 1
54 44 1
54 47 1
54 48 1
54 49 1
54 50 1
54 52 1
55 0 1
55 2 1
55 3 1
55 5 1
55 6 1
55 7 1
55 8 1
55 9 1
55 10 1
55 11 1
55 12 1
55 14 1
55 17 1
55 19 1
55 22 1
55 27 1
55 28 1
55 31 1
55 32 1
55 33 1
55 35 1
55 36 1
55 40 1
55 41 1
55 47 1
55 48 1
55 50 1
55 51 1
55 52 1
55 54 1
56 6 1
56 7 1
56 10 1
56 11 1
56 12 1
56 14 1
56 19 1
56 22 1
56 23 1
56 27 1
56 32 1
56 33 1
56 35 1
56 36 1
56 40 1
56 41 1
56 48 1
56 50 1
56 51 1
56 52 1
56 53 1
56 54 1
56 55 1
57 0 1
57 1 1
57 2 1
57 3 1
57 5 1
57 9 1
57 11 1
57 12 1
57 16 1
57 17 1
57 18 1
57 19 1
57 26 1
57 27 1
57 28 1
57 31 1
57 32 1
57 33 1
57 34 1
57 36 1
57 39 1
57 40 1
57 41 1
57 43 1
57 44 1
57 47 1
57 49 1
57 50 1
57 52 1
57 54 1
57 55 1
57 56 1
58 0 1
58 1 1
58 2 1
58 3 1
58 5 1
58 11 1
58 12 1
58 18 1
58 19 1
58 26 1
58 27 1
58 28 1
58 31 1
58 32 1
58 33 1
58 34 1
58 36 1
58 39 1
58 41 1
58 44 1
58 47 1
58 50 1
58 51 1
58 52 1
58 54 1
58 55 1
58 56 1
58 57 1
59 3 1
59 5 1
59 6 1
59 12 1
59 18 1
59 19 1
59 28 1
59 32 1
59 33 1
59 36 1
59 39 1
59 41 1
59 50 1
59 51 1
59 57 1
59 58 1
60 5 1
60 6 1
60 10 1
60 20 1
60 21 1
60 22 1
60 29 1
60 30 1
60 31 1
60 32 1
60 33 1
60 40 1
60 41 1
60 46 1
60 48 1
61 4 1
61 6 1
61 10 1
61 20 1
61 21 1
61 22 1
61 29 1
61 31 1
61 33 1
61 37 1
61 40 1
61 41 1
61 46 1
61 48 1
61 53 1
61 60 1
62 5 1
62 6 1
62 13 1
62 20 1
62 21 1
62 28 1
62 29 1
62 30 1
62 31 1
62 32 1
62 33 1
62 38 1
62 39 1
62 40 1
62 41 1
62 45 1
62 47 1
62 60 1
62 61 1
63 4 1
63 5 1
63 6 1
63 7 1
63 8 1
63 9 1
63 10 1
63 14 1
63 19 1
63 20 1
63 22 1
63 23 1
63 27 1
63 29 1
63 31 1
63 32 1
63 33 1
63 36 1
63 37 1
63 40 1
63 41 1
63 46 1
63 48 1
63 50 1
63 51 1
63 53 1
63 55 1
63 56 1
63 60 1
63 61 1
63 62 1
64 4 1
64 6 1
64 7 1
64 8 1
64 9 1
64 10 1
64 14 1
64 22 1
64 23 1
64 29 1
64 33 1
64 37 1
64 40 1
64 41 1
64 46 1
64 48 1
64 53 1
64 55 1
64 56 1
64 61 1
64 63 1
65 5 1
65 7 1
65 8 1
65 9 1
65 11 1
65 15 1
65 17 1
65 20 1
65 21 1
65 24 1
65 25 1
65 27 1
65 29 1
65 30 1
65 31 1
65 32 1
65 33 1
65 34 1
65 38 1
65 39 1
65 40 1
65 41 1
65 43 1
65 45 1
65 47 1
65 48 1
65 49 1
65 52 1
65 54 1
65 55 1
65 57 1
65 62 1
66 5 1
66 7 1
66 8 1
66 9 1
66 13 1
66 15 1
66 16 1
66 20 1
66 21 1
66 24 1
66 25 1
66 29 1
66 30 1
66 31 1
66 32 1
66 33 1
66 34 1
66 38 1
66 39 1
66 40 1
66 42 1
66 43 1
66 45 1
66 47 1
66 49 1
66 54 1
66 57 1
66 62 1
66 65 1
67 1 1
67 2 1
67 3 1
67 12 1
67 16 1
67 18 1
67 26 1
67 28 1
67 34 1
67 36 1
67 39 1
67 42 1
67 43 1
67 44 1
67 47 1
67 49 1
67 52 1
67 57 1
67 58 1
68 4 1
68 6 1
68 7 1
68 10 1
68 14 1
68 22 1
68 23 1
68 37 1
68 40 1
68 41 1
68 46 1
68 48 1
68 53 1
68 56 1
68 61 1
68 63 1
68 64 1
69 4 1
69 5 1
69 6 1
69 7 1
69 8 1
69 9 1
69 10 1
69 11 1
69 15 1
69 17 1
69 20 1
69 21 1
69 24 1
69 27 1
69 29 1
69 30 1
69 31 1
69 32 1
69 33 1
69 40 1
69 41 1
69 45 1
69 46 1
69 47 1
69 48 1
69 49 1
69 50 1
69 54 1
69 55 1
69 57 1
69 60 1
69 61 1
69 62 1
69 63 1
69 64 1
69 65 1
69 66 1
70 0 1
70 1 1
70 2 1
70 7 1
70 8 1
70 9 1
70 11 1
70 15 1
70 16 1
70 17 1
70 24 1
70 27 1
70 31 1
70 32 1
70 34 1
70 40 1
70 43 1
70 45 1
70 47 1
70 48 1
70 49 1
70 52 1
70 54 1
70 55 1
70 57 1
70 65 1
70 66 1
70 69 1
71 4 1
71 5 1
71 9 1
71 13 1
71 15 1
71 20 1
71 21 1
71 24 1
71 29 1
71 30 1
71 31 1
71 32 1
71 33 1
71 38 1
71 39 1
71 40 1
71 45 1
71 47 1
71 60 1
71 61 1
71 62 1
71 65 1
71 66 1
71 69 1
72 3 1
72 5 1
72 13 1
72 16 1
72 21 1
72 24 1
72 25 1
72 26 1
72 28 1
72 30 1
72 31 1
72 32 1
72 34 1
72 36 1
72 38 1
72 39 1
72 42 1
72 43 1
72 45 1
72 47 1
72 49 1
72 57 1
72 62 1
72 65 1
72 66 1
72 67 1
72 71 1
73 7 1
73 8 1
73 9 1
73 15 1
73 17 1
73 20 1
73 24 1
73 25 1
73 29 1
73 30 1
73 31 1
73 32 1
73 40 1
73 43 1
73 45 1
73 47 1
73 48 1
73 49 1
73 54 1
73 65 1
73 66 1
73 69 1
73 70 1
73 71 1
74 16 1
74 24 1
74 25 1
74 26 1
74 34 1
74 38 1
74 39 1
74 42 1
74 43 1
74 45 1
74 47 1
74 49 1
74 65 1
74 66 1
74 67 1
74 72 1
74 73 1
75 4 1
75 7 1
75 8 1
75 10 1
75 14 1
75 22 1
75 23 1
75 29 1
75 37 1
75 46 1
75 48 1
75 53 1
75 61 1
75 63 1
75 64 1
75 68 1
76 9 1
76 15 1
76 16 1
76 24 1
76 25 1
76 30 1
76 34 1
76 38 1
76 42 1
76 43 1
76 45 1
76 47 1
76 49 1
76 65 1
76 66 1
76 69 1
76 70 1
76 71 1
76 72 1
76 73 1
76 74 1
77 3 1
77 6 1
77 10 1
77 11 1
77 12 1
77 14 1
77 18 1
77 19 1
77 22 1
77 27 1
77 28 1
77 32 1
77 35 1
77 36 1
77 40 1
77 41 1
77 50 1
77 51 1
77 52 1
77 55 1
77 56 1
77 57 1
77 58 1
77 59 1
77 63 1
78 7 1
78 8 1
78 10 1
78 11 1
78 14 1
78 17 1
78 22 1
78 23 1
78 27 1
78 35 1
78 40 1
78 41 1
78 48 1
78 50 1
78 53 1
78 55 1
78 56 1
78 63 1
78 64 1
78 68 1
78 75 1
79 0 1
79 1 1
79 2 1
79 3 1
79 11 1
79 12 1
79 16 1
79 17 1
79 18 1
79 26 1
79 27 1
79 28 1
79 32 1
79 34 1
79 36 1
79 44 1
79 50 1
79 52 1
79 54 1
79 55 1
79 57 1
79 58 1
79 67 1
79 70 1
79 77 1
80 4 1
80 7 1
80 8 1
80 9 1
80 15 1
80 20 1
80 21 1
80 29 1
80 37 1
80 40 1
80 45 1
80 46 1
80 48 1
80 60 1
80 61 1
80 65 1
80 69 1
80 71 1
80 73 1
80 75 1
81 4 1
81 13 1
81 15 1
81 20 1
81 21 1
81 29 1
81 30 1
81 31 1
81 33 1
81 38 1
81 40 1
81 45 1
81 46 1
81 48 1
81 60 1
81 61 1
81 62 1
81 63 1
81 65 1
81 66 1
81 69 1
81 71 1
81 80 1
82 6 1
82 7 1
82 8 1
82 10 1
82 14 1
82 22 1
82 23 1
82 35 1
82 37 1
82 40 1
82 41 1
82 46 1
82 48 1
82 50 1
82 51 1
82 53 1
82 55 1
82 56 1
82 63 1
82 64 1
82 68 1
82 75 1
82 78 1
83 15 1
83 16 1
83 24 1
83 25 1
83 26 1
83 34 1
83 38 1
83 42 1
83 43 1
83 45 1
83 47 1
83 49 1
83 65 1
83 66 1
83 67 1
83 70 1
83 72 1
83 73 1
83 74 1
83 76 1
84 0 1
84 7 1
84 8 1
84 9 1
84 11 1
84 15 1
84 17 1
84 24 1
84 27 1
84 31 1
84 32 1
84 40 1
84 41 1
84 45 1
84 47 1
84 48 1
84 52 1
84 54 1
84 55 1
84 57 1
84 65 1
84 66 1
84 69 1
84 70 1
84 73 1
84 78 1
85 0 1
85 1 1
85 2 1
85 3 1
85 5 1
85 6 1
85 11 1
85 12 1
85 17 1
85 18 1
85 19 1
85 26 1
85 27 1
85 28 1
85 31 1
85 32 1
85 33 1
85 34 1
85 36 1
85 39 1
85 40 1
85 41 1
85 44 1
85 47 1
85 50 1
85 51 1
85 52 1
85 54 1
85 55 1
85 56 1
85 57 1
85 58 1
85 59 1
85 67 1
85 70 1
85 77 1
85 79 1
86 5 1
86 13 1
86 20 1
86 21 1
86 29 1
86 30 1
86 31 1
86 38 1
86 39 1
86 45 1
86 47 1
86 60 1
86 62 1
86 66 1
86 71 1
86 72 1
86 81 1
87 2 1
87 3 1
87 5 1
87 6 1
87 12 1
87 13 1
87 18 1
87 19 1
87 20 1
87 21 1
87 24 1
87 28 1
87 30 1
87 31 1
87 32 1
87 33 1
87 34 1
87 36 1
87 38 1
87 39 1
87 40 1
87 41 1
87 45 1
87 47 1
87 49 1
87 57 1
87 58 1
87 59 1
87 60 1
87 62 1
87 65 1
87 66 1
87 67 1
87 69 1
87 71 1
87 72 1
87 74 1
87 76 1
87 85 1
87 86 1
88 4 1
88 6 1
88 7 1
88 8 1
88 9 1
88 10 1
88 11 1
88 17 1
88 20 1
88 22 1
88 23 1
88 27 1
88 29 1
88 32 1
88 33 1
88 37 1
88 40 1
88 41 1
88 46 1
88 48 1
88 54 1
88 55 1
88 56 1
88 61 1
88 63 1
88 64 1
88 65 1
88 68 1
88 69 1
88 70 1
88 75 1
88 78 1
88 80 1
88 82 1
88 84 1
89 0 1
89 2 1
89 3 1
89 6 1
89 7 1
89 8 1
89 9 1
89 10 1
89 11 1
89 12 1
89 17 1
89 22 1
89 27 1
89 32 1
89 33 1
89 35 1
89 36 1
89 40 1
89 41 1
89 48 1
89 50 1
89 51 1
89 52 1
89 54 1
89 55 1
89 56 1
89 57 1
89 58 1
89 63 1
89 64 1
89 69 1
89 70 1
89 77 1
89 78 1
89 79 1
89 82 1
89 84 1
89 85 1
89 88 1
90 6 1
90 10 1
90 11 1
90 12 1
90 14 1
90 22 1
90 27 1
90 35 1
90 36 1
90 40 1
90 41 1
90 50 1
90 51 1
90 52 1
90 55 1
90 56 1
90 58 1
90 63 1
90 77 1
90 78 1
90 79 1
90 82 1
90 85 1
90 89 1
91 6 1
91 7 1
91 10 1
91 11 1
91 14 1
91 22 1
91 23 1
91 27 1
91 35 1
91 41 1
91 48 1
91 50 1
91 51 1
91 53 1
91 55 1
91 56 1
91 63 1
91 64 1
91 68 1
91 77 1
91 78 1
91 82 1
91 89 1
91 90 1
92 7 1
92 10 1
92 11 1
92 17 1
92 23 1
92 27 1
92 35 1
92 41 1
92 48 1
92 50 1
92 51 1
92 55 1
92 56 1
92 64 1
92 68 1
92 77 1
92 78 1
92 82 1
92 88 1
92 89 1
92 90 1
92 91 1
93 4 1
93 7 1
93 8 1
93 20 1
93 21 1
93 29 1
93 31 1
93 33 1
93 37 1
93 40 1
93 45 1
93 46 1
93 48 1
93 60 1
93 61 1
93 62 1
93 63 1
93 64 1
93 69 1
93 71 1
93 75 1
93 80 1
93 81 1
93 88 1
94 2 1
94 3 1
94 5 1
94 6 1
94 7 1
94 9 1
94 10 1
94 11 1
94 12 1
94 18 1
94 19 1
94 21 1
94 22 1
94 27 1
94 28 1
94 29 1
94 30 1
94 31 1
94 32 1
94 33 1
94 36 1
94 39 1
94 40 1
94 41 1
94 47 1
94 48 1
94 50 1
94 51 1
94 52 1
94 54 1
94 55 1
94 56 1
94 57 1
94 58 1
94 59 1
94 60 1
94 62 1
94 63 1
94 65 1
94 66 1
94 69 1
94 71 1
94 72 1
94 77 1
94 79 1
94 85 1
94 87 1
94 89 1
94 90 1
95 4 1
95 6 1
95 7 1
95 8 1
95 10 1
95 14 1
95 22 1
95 23 1
95 29 1
95 33 1
95 35 1
95 37 1
95 40 1
95 41 1
95 46 1
95 48 1
95 50 1
95 51 1
95 53 1
95 55 1
95 56 1
95 60 1
95 61 1
95 63 1
95 64 1
95 68 1
95 69 1
95 75 1
95 78 1
95 82 1
95 88 1
95 89 1
95 90 1
95 91 1
95 92 1
95 94 1
96 4 1
96 6 1
96 7 1
96 8 1
96 9 1
96 10 1
96 11 1
96 17 1
96 22 1
96 23 1
96 27 1
96 29 1
96 32 1
96 33 1
96 37 1
96 40 1
96 41 1
96 46 1
96 48 1
96 50 1
96 54 1
96 55 1
96 56 1
96 63 1
96 64 1
96 68 1
96 69 1
96 70 1
96 75 1
96 78 1
96 82 1
96 84 1
96 88 1
96 89 1
96 90 1
96 91 1
96 92 1
96 95 1
97 4 1
97 5 1
97 6 1
97 10 1
97 14 1
97 20 1
97 21 1
97 22 1
97 29 1
97 31 1
97 32 1
97 33 1
97 37 1
97 40 1
97 41 1
97 46 1
97 48 1
97 53 1
97 60 1
97 61 1
97 62 1
97 63 1
97 64 1
97 68 1
97 69 1
97 71 1
97 75 1
97 80 1
97 81 1
97 93 1
97 94 1
97 95 1
98 4 1
98 6 1
98 7 1
98 10 1
98 14 1
98 20 1
98 22 1
98 23 1
98 29 1
98 37 1
98 40 1
98 46 1
98 48 1
98 53 1
98 60 1
98 61 1
98 63 1
98 64 1
98 68 1
98 75 1
98 80 1
98 82 1
98 88 1
98 93 1
98 95 1
98 96 1
98 97 1
99 4 1
99 7 1
99 8 1
99 10 1
99 20 1
99 22 1
99 29 1
99 37 1
99 40 1
99 46 1
99 48 1
99 53 1
99 60 1
99 61 1
99 63 1
99 64 1
99 68 1
99 69 1
99 75 1
99 80 1
99 81 1
99 82 1
99 88 1
99 93 1
99 95 1
99 96 1
99 97 1
99 98 1
100 4 1
100 7 1
100 8 1
100 9 1
100 15 1
100 17 1
100 20 1
100 24 1
100 29 1
100 31 1
100 32 1
100 33 1
100 40 1
100 45 1
100 47 1
100 48 1
100 49 1
100 54 1
100 55 1
100 65 1
100 66 1
100 69 1
100 70 1
100 71 1
100 73 1
100 76 1
100 80 1
100 81 1
100 84 1
100 88 1
100 93 1
100 96 1
101 0 1
101 1 1
101 2 1
101 3 1
101 16 1
101 24 1
101 25 1
101 26 1
101 34 1
101 39 1
101 42 1
101 43 1
101 44 1
101 47 1
101 49 1
101 52 1
101 57 1
101 66 1
101 67 1
101 72 1
101 74 1
101 76 1
101 79 1
101 83 1
101 87 1
102 0 1
102 1 1
102 2 1
102 3 1
102 5 1
102 6 1
102 7 1
102 8 1
102 9 1
102 10 1
102 11 1
102 12 1
102 15 1
102 17 1
102 24 1
102 27 1
102 31 1
102 32 1
102 33 1
102 34 1
102 36 1
102 40 1
102 41 1
102 45 1
102 47 1
102 48 1
102 50 1
102 52 1
102 54 1
102 55 1
102 56 1
102 57 1
102 58 1
102 63 1
102 64 1
102 65 1
102 66 1
102 69 1
102 70 1
102 73 1
102 78 1
102 79 1
102 84 1
102 85 1
102 88 1
102 89 1
102 90 1
102 92 1
102 94 1
102 96 1
102 100 1
103 0 1
103 1 1
103 2 1
103 6 1
103 7 1
103 8 1
103 9 1
103 10 1
103 11 1
103 17 1
103 27 1
103 31 1
103 32 1
103 33 1
103 36 1
103 40 1
103 41 1
103 48 1
103 50 1
103 52 1
103 54 1
103 55 1
103 56 1
103 57 1
103 63 1
103 64 1
103 65 1
103 69 1
103 70 1
103 73 1
103 77 1
103 78 1
103 79 1
103 82 1
103 84 1
103 85 1
103 88 1
103 89 1
103 90 1
103 91 1
103 92 1
103 94 1
103 96 1
103 100 1
103 102 1
104 0 1
104 1 1
104 2 1
104 3 1
104 11 1
104 12 1
104 16 1
104 17 1
104 24 1
104 26 1
104 27 1
104 32 1
104 34 1
104 36 1
104 39 1
104 42 1
104 43 1
104 44 1
104 47 1
104 49 1
104 52 1
104 54 1
104 55 1
104 57 1
104 58 1
104 65 1
104 67 1
104 70 1
104 79 1
104 83 1
104 84 1
104 85 1
104 89 1
104 101 1
104 102 1
104 103 1
105 4 1
105 5 1
105 6 1
105 13 1
105 20 1
105 21 1
105 29 1
105 30 1
105 31 1
105 32 1
105 33 1
105 38 1
105 40 1
105 41 1
105 45 1
105 46 1
105 47 1
105 48 1
105 60 1
105 61 1
105 62 1
105 63 1
105 65 1
105 66 1
105 69 1
105 71 1
105 80 1
105 81 1
105 86 1
105 87 1
105 93 1
105 94 1
105 97 1
105 98 1
105 99 1
105 100 1
106 4 1
106 5 1
106 6 1
106 7 1
106 8 1
106 9 1
106 10 1
106 13 1
106 15 1
106 20 1
106 21 1
106 24 1
106 29 1
106 30 1
106 31 1
106 32 1
106 33 1
106 38 1
106 39 1
106 40 1
106 41 1
106 45 1
106 46 1
106 47 1
106 48 1
106 60 1
106 61 1
106 62 1
106 63 1
106 65 1
106 66 1
106 69 1
106 71 1
106 72 1
106 73 1
106 80 1
106 81 1
106 86 1
106 87 1
106 93 1
106 94 1
106 97 1
106 99 1
106 100 1
106 102 1
106 105 1
107 5 1
107 13 1
107 15 1
107 20 1
107 21 1
107 24 1
107 25 1
107 30 1
107 31 1
107 32 1
107 33 1
107 34 1
107 38 1
107 39 1
107 42 1
107 43 1
107 45 1
107 47 1
107 49 1
107 62 1
107 65 1
107 66 1
107 71 1
107 72 1
107 73 1
107 74 1
107 76 1
107 81 1
107 83 1
107 86 1
107 87 1
107 101 1
107 105 1
107 106 1
108 2 1
108 3 1
108 5 1
108 6 1
108 7 1
108 9 1
108 11 1
108 12 1
108 16 1
108 18 1
108 19 1
108 21 1
108 24 1
108 26 1
108 27 1
108 28 1
108 30 1
108 31 1
108 32 1
108 33 1
108 34 1
108 36 1
108 38 1
108 39 1
108 40 1
108 41 1
108 43 1
108 44 1
108 45 1
108 47 1
108 49 1
108 50 1
108 52 1
108 54 1
108 55 1
108 57 1
108 58 1
108 59 1
108 62 1
108 63 1
108 65 1
108 66 1
108 67 1
108 69 1
108 70 1
108 71 1
108 72 1
108 73 1
108 79 1
108 85 1
108 87 1
108 94 1
108 101 1
108 102 1
108 103 1
108 104 1
108 106 1
108 107 1
109 6 1
109 7 1
109 10 1
109 11 1
109 12 1
109 14 1
109 19 1
109 22 1
109 23 1
109 27 1
109 31 1
109 32 1
109 33 1
109 35 1
109 36 1
109 40 1
109 41 1
109 46 1
109 48 1
109 50 1
109 51 1
109 53 1
109 55 1
109 56 1
109 60 1
109 61 1
109 63 1
109 64 1
109 68 1
109 69 1
109 75 1
109 77 1
109 78 1
109 82 1
109 88 1
109 89 1
109 90 1
109 91 1
109 92 1
109 94 1
109 95 1
109 96 1
109 97 1
109 98 1
109 102 1
109 103 1
110 6 1
110 7 1
110 10 1
110 14 1
110 22 1
110 23 1
110 33 1
110 35 1
110 40 1
110 41 1
110 46 1
110 48 1
110 50 1
110 51 1
110 53 1
110 55 1
110 56 1
110 63 1
110 64 1
110 68 1
110 75 1
110 77 1
110 78 1
110 82 1
110 88 1
110 89 1
110 90 1
110 91 1
110 92 1
110 95 1
110 96 1
110 97 1
110 98 1
110 109 1
111 4 1
111 6 1
111 7 1
111 8 1
111 10 1
111 14 1
111 22 1
111 23 1
111 37 1
111 40 1
111 41 1
111 46 1
111 48 1
111 53 1
111 55 1
111 56 1
111 63 1
111 64 1
111 68 1
111 75 1
111 78 1
111 82 1
111 88 1
111 89 1
111 91 1
111 92 1
111 95 1
111 96 1
111 98 1
111 99 1
111 103 1
111 109 1
111 110 1
112 4 1
112 6 1
112 7 1
112 8 1
112 9 1
112 10 1
112 11 1
112 14 1
112 17 1
112 22 1
112 23 1
112 27 1
112 29 1
112 32 1
112 33 1
112 35 1
112 37 1
112 40 1
112 41 1
112 46 1
112 48 1
112 50 1
112 51 1
112 53 1
112 54 1
112 55 1
112 56 1
112 61 1
112 63 1
112 64 1
112 68 1
112 69 1
112 75 1
112 78 1
112 82 1
112 84 1
112 88 1
112 89 1
112 90 1
112 91 1
112 92 1
112 94 1
112 95 1
112 96 1
112 97 1
112 98 1
112 99 1
112 100 1
112 102 1
112 103 1
112 109 1
112 110 1
112 111 1
113 0 1
113 1 1
113 2 1
113 3 1
113 12 1
113 16 1
113 18 1
113 24 1
113 26 1
113 27 1
113 34 1
113 36 1
113 39 1
113 42 1
113 43 1
113 44 1
113 47 1
113 49 1
113 52 1
113 54 1
113 57 1
113 58 1
113 67 1
113 70 1
113 72 1
113 74 1
113 79 1
113 83 1
113 85 1
113 101 1
113 104 1
113 108 1
114 6 1
114 7 1
114 8 1
114 10 1
114 11 1
114 14 1
114 17 1
114 22 1
114 23 1
114 27 1
114 35 1
114 40 1
114 41 1
114 48 1
114 50 1
114 51 1
114 54 1
114 55 1
114 56 1
114 63 1
114 64 1
114 68 1
114 77 1
114 78 1
114 82 1
114 84 1
114 88 1
114 89 1
114 90 1
114 91 1
114 92 1
114 95 1
114 96 1
114 102 1
114 103 1
114 109 1
114 110 1
114 111 1
114 112 1
115 2 1
115 3 1
115 5 1
115 12 1
115 13 1
115 16 1
115 18 1
115 19 1
115 24 1
115 25 1
115 26 1
115 28 1
115 30 1
115 31 1
115 32 1
115 33 1
115 34 1
115 36 1
115 38 1
115 39 1
115 42 1
115 43 1
115 44 1
115 45 1
115 47 1
115 49 1
115 52 1
115 57 1
115 58 1
115 62 1
115 65 1
115 66 1
115 67 1
115 71 1
115 72 1
115 73 1
115 74 1
115 76 1
115 83 1
115 85 1
115 86 1
115 87 1
115 94 1
115 101 1
115 104 1
115 106 1
115 107 1
115 108 1
115 113 1
116 4 1
116 6 1
116 7 1
116 8 1
116 9 1
116 10 1
116 11 1
116 15 1
116 17 1
116 20 1
116 24 1
116 27 1
116 29 1
116 31 1
116 32 1
116 33 1
116 37 1
116 40 1
116 41 1
116 45 1
116 46 1
116 47 1
116 48 1
116 54 1
116 55 1
116 61 1
116 63 1
116 64 1
116 65 1
116 66 1
116 69 1
116 70 1
116 71 1
116 73 1
116 75 1
116 78 1
116 80 1
116 81 1
116 84 1
116 88 1
116 93 1
116 94 1
116 95 1
116 96 1
116 97 1
116 98 1
116 99 1
116 100 1
116 102 1
116 103 1
116 105 1
116 106 1
116 111 1
116 112 1
117 9 1
117 13 1
117 15 1
117 16 1
117 24 1
117 25 1
117 30 1
117 31 1
117 34 1
117 38 1
117 39 1
117 42 1
117 43 1
117 45 1
117 47 1
117 49 1
117 62 1
117 65 1
117 66 1
117 70 1
117 71 1
117 72 1
117 73 1
117 74 1
117 76 1
117 83 1
117 86 1
117 87 1
117 100 1
117 101 1
117 107 1
117 108 1
117 115 1
118 0 1
118 1 1
118 2 1
118 3 1
118 9 1
118 16 1
118 17 1
118 24 1
118 25 1
118 26 1
118 27 1
118 32 1
118 34 1
118 39 1
118 42 1
118 43 1
118 44 1
118 45 1
118 47 1
118 49 1
118 52 1
118 54 1
118 57 1
118 58 1
118 65 1
118 66 1
118 67 1
118 70 1
118 72 1
118 73 1
118 74 1
118 76 1
118 79 1
118 83 1
118 84 1
118 85 1
118 87 1
118 101 1
118 102 1
118 104 1
118 107 1
118 108 1
118 113 1
118 115 1
118 117 1
119 0 1
119 1 1
119 2 1
119 3 1
119 6 1
119 7 1
119 10 1
119 11 1
119 12 1
119 17 1
119 18 1
119 19 1
119 27 1
119 28 1
119 31 1
119 32 1
119 33 1
119 35 1
119 36 1
119 40 1
119 41 1
119 48 1
119 50 1
119 51 1
119 52 1
119 54 1
119 55 1
119 56 1
119 57 1
119 58 1
119 63 1
119 77 1
119 78 1
119 79 1
119 84 1
119 85 1
119 89 1
119 90 1
119 91 1
119 92 1
119 94 1
119 96 1
119 102 1
119 103 1
119 104 1
119 108 1
119 109 1
119 110 1
119 112 1
119 114 1
120 6 1
120 10 1
120 11 1
120 14 1
120 22 1
120 23 1
120 27 1
120 35 1
120 40 1
120 41 1
120 50 1
120 51 1
120 53 1
120 55 1
120 56 1
120 63 1
120 64 1
120 68 1
120 77 1
120 78 1
120 82 1
120 89 1
120 90 1
120 91 1
120 92 1
120 95 1
120 96 1
120 103 1
120 109 1
120 110 1
120 111 1
120 112 1
120 114 1
120 119 1
121 4 1
121 7 1
121 8 1
121 9 1
121 10 1
121 15 1
121 20 1
121 21 1
121 29 1
121 31 1
121 33 1
121 37 1
121 40 1
121 45 1
121 46 1
121 48 1
121 60 1
121 61 1
121 63 1
121 64 1
121 65 1
121 69 1
121 71 1
121 73 1
121 75 1
121 80 1
121 81 1
121 88 1
121 93 1
121 96 1
121 97 1
121 98 1
121 99 1
121 100 1
121 105 1
121 106 1
121 112 1
121 116 1
122 4 1
122 5 1
122 7 1
122 8 1
122 9 1
122 15 1
122 17 1
122 20 1
122 21 1
122 24 1
122 29 1
122 30 1
122 31 1
122 32 1
122 33 1
122 38 1
122 40 1
122 41 1
122 45 1
122 47 1
122 48 1
122 49 1
122 54 1
122 55 1
122 62 1
122 63 1
122 65 1
122 66 1
122 69 1
122 70 1
122 71 1
122 72 1
122 73 1
122 76 1
122 80 1
122 81 1
122 83 1
122 84 1
122 86 1
122 87 1
122 88 1
122 93 1
122 94 1
122 96 1
122 100 1
122 102 1
122 103 1
122 105 1
122 106 1
122 107 1
122 108 1
122 116 1
122 117 1
122 121 1
123 0 1
123 1 1
123 2 1
123 3 1
123 5 1
123 12 1
123 16 1
123 18 1
123 19 1
123 26 1
123 27 1
123 28 1
123 32 1
123 34 1
123 36 1
123 39 1
123 42 1
123 43 1
123 44 1
123 47 1
123 49 1
123 52 1
123 57 1
123 58 1
123 59 1
123 67 1
123 72 1
123 74 1
123 79 1
123 85 1
123 87 1
123 94 1
123 101 1
123 104 1
123 108 1
123 113 1
123 115 1
123 118 1
