# minsup
1
# graph
G_./1R2G.pdb
# node ID, label
0 A
1 A
2 A
3 A
4 A
5 A
6 A
7 A
8 A
9 A
10 C
11 D
12 D
13 D
14 D
15 D
16 D
17 D
18 E
19 E
20 E
21 E
22 E
23 E
24 E
25 E
26 E
27 E
28 F
29 F
30 F
31 F
32 F
33 F
34 F
35 F
36 G
37 G
38 G
39 G
40 G
41 G
42 G
43 G
44 H
45 I
46 I
47 I
48 I
49 K
50 K
51 K
52 K
53 L
54 L
55 L
56 L
57 L
58 L
59 L
60 L
61 L
62 L
63 M
64 M
65 M
66 N
67 N
68 N
69 N
70 P
71 P
72 Q
73 Q
74 Q
75 Q
76 Q
77 Q
78 R
79 R
80 R
81 R
82 R
83 R
84 S
85 S
86 S
87 S
88 S
89 S
90 S
91 S
92 S
93 S
94 T
95 T
96 T
97 V
98 V
99 V
100 V
101 V
102 V
103 V
104 V
105 V
106 V
107 V
108 V
109 W
110 W
111 W
112 W
113 W
114 W
115 Y
116 Y
117 Y
118 Y
119 Y
# node ID1, node ID2, number of bounds
1 0 1
2 0 1
2 1 1
5 1 1
5 2 1
5 3 1
6 2 1
6 3 1
6 5 1
7 4 1
7 6 1
8 4 1
8 7 1
9 4 1
9 5 1
9 7 1
9 8 1
10 3 1
10 5 1
10 6 1
10 7 1
10 8 1
10 9 1
11 0 1
11 1 1
11 2 1
11 6 1
11 7 1
11 8 1
11 9 1
11 10 1
12 1 1
12 2 1
12 3 1
12 5 1
12 6 1
12 11 1
13 3 1
13 5 1
13 6 1
14 5 1
15 3 1
15 6 1
15 10 1
16 7 1
16 8 1
16 9 1
17 0 1
17 1 1
17 2 1
18 0 1
18 1 1
18 2 1
18 5 1
18 11 1
18 12 1
19 1 1
19 2 1
19 3 1
19 5 1
19 6 1
19 12 1
19 18 1
20 1 1
20 2 1
20 3 1
20 5 1
20 6 1
20 10 1
20 12 1
20 18 1
20 19 1
21 4 1
21 5 1
21 7 1
21 8 1
21 9 1
21 16 1
22 3 1
22 5 1
22 13 1
22 14 1
22 21 1
23 3 1
23 6 1
23 7 1
23 10 1
23 13 1
23 15 1
24 6 1
24 10 1
24 15 1
24 23 1
25 9 1
25 16 1
25 17 1
26 16 1
26 17 1
26 25 1
27 0 1
27 1 1
27 2 1
27 17 1
27 18 1
28 0 1
28 1 1
28 2 1
28 5 1
28 6 1
28 7 1
28 8 1
28 9 1
28 10 1
28 11 1
28 12 1
28 18 1
28 19 1
28 20 1
29 3 1
29 5 1
29 6 1
29 10 1
29 12 1
29 13 1
29 20 1
29 21 1
29 22 1
29 23 1
30 4 1
30 5 1
30 6 1
30 7 1
30 8 1
30 9 1
30 10 1
30 13 1
30 16 1
30 21 1
30 22 1
30 23 1
30 29 1
31 5 1
31 14 1
31 16 1
31 21 1
31 22 1
31 25 1
31 29 1
31 30 1
32 1 1
32 2 1
32 3 1
32 5 1
32 6 1
32 7 1
32 8 1
32 9 1
32 10 1
32 11 1
32 12 1
32 13 1
32 14 1
32 16 1
32 18 1
32 19 1
32 20 1
32 21 1
32 22 1
32 25 1
32 28 1
32 29 1
32 30 1
32 31 1
33 1 1
33 2 1
33 3 1
33 5 1
33 6 1
33 7 1
33 8 1
33 9 1
33 10 1
33 11 1
33 12 1
33 16 1
33 18 1
33 19 1
33 20 1
33 21 1
33 22 1
33 23 1
33 25 1
33 28 1
33 29 1
33 30 1
33 31 1
33 32 1
34 2 1
34 3 1
34 5 1
34 6 1
34 7 1
34 8 1
34 9 1
34 10 1
34 11 1
34 12 1
34 13 1
34 18 1
34 19 1
34 20 1
34 21 1
34 22 1
34 23 1
34 28 1
34 29 1
34 30 1
34 31 1
34 32 1
34 33 1
35 0 1
35 1 1
35 2 1
35 5 1
35 17 1
35 18 1
35 19 1
35 25 1
35 26 1
35 27 1
35 32 1
35 33 1
36 6 1
36 10 1
36 12 1
36 15 1
36 23 1
36 24 1
36 28 1
37 0 1
37 1 1
37 2 1
37 3 1
37 5 1
37 6 1
37 10 1
37 11 1
37 12 1
37 18 1
37 19 1
37 20 1
37 28 1
37 29 1
37 32 1
37 33 1
37 34 1
37 35 1
38 5 1
38 14 1
38 16 1
38 21 1
38 22 1
38 25 1
38 26 1
38 31 1
38 32 1
39 1 1
39 2 1
39 5 1
39 12 1
39 14 1
39 18 1
39 19 1
39 20 1
39 22 1
39 25 1
39 27 1
39 29 1
39 31 1
39 32 1
39 33 1
39 34 1
39 35 1
39 37 1
39 38 1
40 2 1
40 3 1
40 4 1
40 5 1
40 6 1
40 7 1
40 8 1
40 9 1
40 10 1
40 11 1
40 12 1
40 13 1
40 15 1
40 20 1
40 21 1
40 22 1
40 23 1
40 28 1
40 29 1
40 30 1
40 31 1
40 32 1
40 33 1
40 34 1
40 37 1
40 39 1
41 2 1
41 3 1
41 5 1
41 6 1
41 7 1
41 8 1
41 9 1
41 10 1
41 11 1
41 12 1
41 13 1
41 15 1
41 18 1
41 19 1
41 20 1
41 23 1
41 28 1
41 29 1
41 30 1
41 32 1
41 33 1
41 34 1
41 36 1
41 37 1
41 40 1
42 17 1
42 25 1
42 26 1
42 27 1
42 35 1
42 39 1
43 0 1
43 1 1
43 16 1
43 17 1
43 25 1
43 26 1
43 27 1
43 35 1
43 39 1
43 42 1
44 5 1
44 8 1
44 9 1
44 14 1
44 16 1
44 21 1
44 22 1
44 25 1
44 26 1
44 30 1
44 31 1
44 32 1
44 33 1
44 38 1
44 43 1
45 0 1
45 1 1
45 9 1
45 11 1
45 17 1
45 25 1
45 26 1
45 27 1
45 28 1
45 35 1
45 42 1
45 43 1
46 1 1
46 2 1
46 5 1
46 6 1
46 7 1
46 9 1
46 12 1
46 14 1
46 16 1
46 17 1
46 18 1
46 19 1
46 20 1
46 21 1
46 22 1
46 25 1
46 26 1
46 28 1
46 29 1
46 31 1
46 32 1
46 33 1
46 34 1
46 35 1
46 37 1
46 38 1
46 39 1
46 40 1
46 41 1
46 42 1
46 43 1
46 44 1
47 4 1
47 6 1
47 7 1
47 8 1
47 9 1
47 10 1
47 11 1
47 15 1
47 21 1
47 23 1
47 24 1
47 28 1
47 30 1
47 32 1
47 33 1
47 34 1
47 40 1
47 41 1
48 5 1
48 9 1
48 16 1
48 17 1
48 25 1
48 26 1
48 27 1
48 31 1
48 32 1
48 33 1
48 35 1
48 38 1
48 39 1
48 42 1
48 43 1
48 44 1
48 45 1
48 46 1
49 1 1
49 2 1
49 3 1
49 5 1
49 6 1
49 7 1
49 10 1
49 11 1
49 12 1
49 15 1
49 18 1
49 19 1
49 20 1
49 23 1
49 28 1
49 32 1
49 33 1
49 34 1
49 36 1
49 37 1
49 40 1
49 41 1
49 47 1
50 3 1
50 6 1
50 10 1
50 11 1
50 12 1
50 15 1
50 18 1
50 19 1
50 20 1
50 23 1
50 28 1
50 34 1
50 36 1
50 37 1
50 40 1
50 41 1
50 49 1
51 0 1
51 1 1
51 2 1
51 9 1
51 11 1
51 12 1
51 17 1
51 18 1
51 19 1
51 27 1
51 28 1
51 32 1
51 33 1
51 35 1
51 37 1
51 41 1
51 43 1
51 45 1
51 46 1
51 49 1
52 6 1
52 10 1
52 15 1
52 23 1
52 24 1
52 41 1
52 47 1
53 0 1
53 1 1
53 2 1
53 5 1
53 7 1
53 8 1
53 9 1
53 11 1
53 16 1
53 17 1
53 18 1
53 25 1
53 28 1
53 32 1
53 33 1
53 34 1
53 35 1
53 37 1
53 40 1
53 41 1
53 43 1
53 45 1
53 46 1
53 47 1
53 48 1
53 49 1
53 51 1
54 1 1
54 2 1
54 3 1
54 5 1
54 6 1
54 7 1
54 8 1
54 9 1
54 10 1
54 11 1
54 12 1
54 15 1
54 18 1
54 20 1
54 23 1
54 28 1
54 32 1
54 33 1
54 34 1
54 36 1
54 37 1
54 40 1
54 41 1
54 46 1
54 47 1
54 49 1
54 50 1
54 51 1
54 53 1
55 3 1
55 6 1
55 7 1
55 10 1
55 11 1
55 12 1
55 15 1
55 18 1
55 20 1
55 23 1
55 24 1
55 28 1
55 33 1
55 34 1
55 36 1
55 37 1
55 40 1
55 41 1
55 47 1
55 49 1
55 50 1
55 52 1
55 53 1
55 54 1
56 0 1
56 1 1
56 2 1
56 5 1
56 9 1
56 11 1
56 12 1
56 17 1
56 18 1
56 19 1
56 20 1
56 27 1
56 28 1
56 32 1
56 33 1
56 34 1
56 35 1
56 37 1
56 39 1
56 40 1
56 41 1
56 43 1
56 45 1
56 46 1
56 48 1
56 49 1
56 51 1
56 53 1
56 54 1
56 55 1
57 3 1
57 5 1
57 6 1
57 13 1
57 14 1
57 16 1
57 21 1
57 22 1
57 29 1
57 30 1
57 31 1
57 32 1
57 33 1
57 34 1
57 38 1
57 39 1
57 40 1
57 41 1
57 44 1
57 46 1
58 3 1
58 4 1
58 5 1
58 6 1
58 7 1
58 8 1
58 9 1
58 10 1
58 13 1
58 15 1
58 20 1
58 21 1
58 23 1
58 24 1
58 28 1
58 29 1
58 30 1
58 32 1
58 33 1
58 34 1
58 36 1
58 37 1
58 40 1
58 41 1
58 47 1
58 49 1
58 50 1
58 52 1
58 54 1
58 55 1
58 57 1
59 4 1
59 6 1
59 7 1
59 8 1
59 9 1
59 10 1
59 15 1
59 23 1
59 24 1
59 30 1
59 34 1
59 40 1
59 41 1
59 47 1
59 52 1
59 54 1
59 55 1
59 58 1
60 5 1
60 7 1
60 8 1
60 9 1
60 11 1
60 16 1
60 21 1
60 22 1
60 25 1
60 26 1
60 28 1
60 30 1
60 31 1
60 32 1
60 33 1
60 34 1
60 35 1
60 38 1
60 39 1
60 40 1
60 41 1
60 43 1
60 44 1
60 45 1
60 46 1
60 47 1
60 48 1
60 51 1
60 53 1
60 54 1
60 56 1
60 57 1
61 5 1
61 8 1
61 9 1
61 14 1
61 16 1
61 17 1
61 21 1
61 22 1
61 25 1
61 26 1
61 30 1
61 31 1
61 32 1
61 33 1
61 34 1
61 35 1
61 38 1
61 39 1
61 40 1
61 42 1
61 43 1
61 44 1
61 45 1
61 46 1
61 48 1
61 53 1
61 56 1
61 57 1
61 60 1
62 0 1
62 1 1
62 2 1
62 17 1
62 18 1
62 19 1
62 27 1
62 35 1
62 37 1
62 39 1
62 42 1
62 43 1
62 46 1
62 48 1
62 51 1
62 56 1
63 7 1
63 8 1
63 9 1
63 11 1
63 16 1
63 17 1
63 25 1
63 26 1
63 35 1
63 42 1
63 43 1
63 44 1
63 45 1
63 48 1
63 51 1
63 53 1
63 60 1
63 61 1
64 6 1
64 7 1
64 10 1
64 15 1
64 23 1
64 24 1
64 40 1
64 41 1
64 47 1
64 52 1
64 55 1
64 58 1
64 59 1
65 4 1
65 5 1
65 6 1
65 7 1
65 8 1
65 9 1
65 10 1
65 11 1
65 16 1
65 21 1
65 22 1
65 25 1
65 28 1
65 30 1
65 31 1
65 32 1
65 33 1
65 34 1
65 40 1
65 41 1
65 44 1
65 46 1
65 47 1
65 49 1
65 53 1
65 54 1
65 56 1
65 57 1
65 58 1
65 59 1
65 60 1
65 61 1
65 63 1
66 4 1
66 5 1
66 9 1
66 13 1
66 14 1
66 16 1
66 21 1
66 22 1
66 25 1
66 29 1
66 30 1
66 31 1
66 32 1
66 33 1
66 34 1
66 38 1
66 39 1
66 40 1
66 44 1
66 46 1
66 57 1
66 60 1
66 61 1
66 65 1
67 2 1
67 5 1
67 14 1
67 17 1
67 22 1
67 25 1
67 26 1
67 27 1
67 31 1
67 32 1
67 33 1
67 35 1
67 37 1
67 38 1
67 39 1
67 42 1
67 43 1
67 44 1
67 46 1
67 48 1
67 56 1
67 57 1
67 60 1
67 61 1
67 62 1
67 66 1
68 7 1
68 8 1
68 9 1
68 16 1
68 21 1
68 25 1
68 26 1
68 30 1
68 31 1
68 32 1
68 33 1
68 40 1
68 43 1
68 44 1
68 45 1
68 46 1
68 47 1
68 48 1
68 53 1
68 60 1
68 61 1
68 63 1
68 65 1
68 66 1
69 17 1
69 25 1
69 26 1
69 27 1
69 35 1
69 38 1
69 39 1
69 42 1
69 43 1
69 44 1
69 45 1
69 46 1
69 48 1
69 60 1
69 61 1
69 62 1
69 67 1
69 68 1
70 0 1
70 1 1
70 9 1
70 11 1
70 17 1
70 18 1
70 25 1
70 27 1
70 28 1
70 33 1
70 35 1
70 42 1
70 43 1
70 45 1
70 48 1
70 51 1
70 53 1
70 54 1
70 56 1
70 60 1
70 63 1
70 68 1
71 9 1
71 16 1
71 17 1
71 25 1
71 26 1
71 31 1
71 35 1
71 38 1
71 42 1
71 43 1
71 44 1
71 45 1
71 46 1
71 48 1
71 60 1
71 61 1
71 63 1
71 65 1
71 66 1
71 67 1
71 68 1
71 69 1
72 7 1
72 8 1
72 9 1
72 11 1
72 16 1
72 25 1
72 28 1
72 45 1
72 51 1
72 53 1
72 60 1
72 61 1
72 63 1
72 65 1
72 68 1
72 70 1
73 2 1
73 6 1
73 10 1
73 11 1
73 12 1
73 15 1
73 18 1
73 19 1
73 20 1
73 23 1
73 28 1
73 33 1
73 36 1
73 37 1
73 40 1
73 41 1
73 49 1
73 50 1
73 51 1
73 54 1
73 55 1
73 56 1
73 58 1
74 0 1
74 1 1
74 2 1
74 11 1
74 12 1
74 17 1
74 18 1
74 19 1
74 27 1
74 28 1
74 33 1
74 35 1
74 37 1
74 45 1
74 49 1
74 51 1
74 53 1
74 54 1
74 56 1
74 62 1
74 70 1
74 73 1
75 4 1
75 7 1
75 8 1
75 9 1
75 16 1
75 21 1
75 22 1
75 30 1
75 40 1
75 44 1
75 47 1
75 60 1
75 65 1
75 66 1
76 4 1
76 13 1
76 14 1
76 16 1
76 21 1
76 22 1
76 29 1
76 30 1
76 31 1
76 32 1
76 34 1
76 38 1
76 40 1
76 44 1
76 47 1
76 57 1
76 58 1
76 60 1
76 61 1
76 65 1
76 66 1
76 75 1
77 16 1
77 17 1
77 25 1
77 26 1
77 27 1
77 35 1
77 38 1
77 42 1
77 43 1
77 44 1
77 45 1
77 46 1
77 48 1
77 60 1
77 61 1
77 62 1
77 63 1
77 67 1
77 68 1
77 69 1
77 70 1
77 71 1
78 0 1
78 1 1
78 2 1
78 5 1
78 6 1
78 11 1
78 12 1
78 18 1
78 19 1
78 20 1
78 27 1
78 28 1
78 32 1
78 33 1
78 34 1
78 35 1
78 37 1
78 39 1
78 40 1
78 41 1
78 46 1
78 49 1
78 50 1
78 51 1
78 53 1
78 54 1
78 55 1
78 56 1
78 62 1
78 70 1
78 73 1
78 74 1
79 2 1
79 3 1
79 5 1
79 6 1
79 12 1
79 13 1
79 19 1
79 20 1
79 29 1
79 32 1
79 33 1
79 34 1
79 37 1
79 39 1
79 40 1
79 41 1
79 49 1
79 50 1
79 58 1
80 3 1
80 5 1
80 6 1
80 12 1
80 13 1
80 19 1
80 20 1
80 23 1
80 29 1
80 32 1
80 33 1
80 34 1
80 37 1
80 40 1
80 41 1
80 57 1
80 58 1
80 79 1
81 5 1
81 14 1
81 21 1
81 22 1
81 30 1
81 31 1
81 32 1
81 38 1
81 39 1
81 44 1
81 46 1
81 57 1
81 61 1
81 66 1
81 67 1
81 76 1
82 1 1
82 2 1
82 3 1
82 5 1
82 6 1
82 12 1
82 14 1
82 18 1
82 19 1
82 20 1
82 21 1
82 22 1
82 25 1
82 29 1
82 31 1
82 32 1
82 33 1
82 34 1
82 35 1
82 37 1
82 38 1
82 39 1
82 40 1
82 41 1
82 44 1
82 46 1
82 48 1
82 56 1
82 57 1
82 60 1
82 61 1
82 62 1
82 65 1
82 66 1
82 67 1
82 69 1
82 71 1
82 78 1
82 79 1
82 81 1
83 4 1
83 6 1
83 7 1
83 8 1
83 9 1
83 10 1
83 11 1
83 21 1
83 23 1
83 24 1
83 28 1
83 30 1
83 33 1
83 34 1
83 40 1
83 41 1
83 47 1
83 52 1
83 53 1
83 54 1
83 55 1
83 58 1
83 59 1
83 60 1
83 64 1
83 65 1
83 75 1
84 7 1
84 8 1
84 9 1
84 11 1
84 16 1
84 25 1
84 43 1
84 44 1
84 45 1
84 48 1
84 53 1
84 60 1
84 61 1
84 63 1
84 65 1
84 68 1
84 70 1
84 71 1
84 72 1
84 77 1
85 1 1
85 6 1
85 7 1
85 8 1
85 9 1
85 10 1
85 11 1
85 12 1
85 18 1
85 23 1
85 28 1
85 33 1
85 34 1
85 36 1
85 37 1
85 40 1
85 41 1
85 47 1
85 49 1
85 50 1
85 51 1
85 53 1
85 54 1
85 55 1
85 56 1
85 58 1
85 59 1
85 65 1
85 70 1
85 73 1
85 74 1
85 78 1
85 83 1
86 6 1
86 10 1
86 11 1
86 12 1
86 15 1
86 18 1
86 23 1
86 28 1
86 36 1
86 37 1
86 40 1
86 41 1
86 49 1
86 50 1
86 51 1
86 54 1
86 55 1
86 58 1
86 73 1
86 74 1
86 78 1
86 85 1
87 6 1
87 7 1
87 10 1
87 11 1
87 15 1
87 23 1
87 24 1
87 28 1
87 36 1
87 41 1
87 49 1
87 50 1
87 52 1
87 54 1
87 55 1
87 58 1
87 59 1
87 64 1
87 73 1
87 85 1
87 86 1
88 7 1
88 10 1
88 11 1
88 24 1
88 28 1
88 36 1
88 41 1
88 47 1
88 49 1
88 50 1
88 54 1
88 55 1
88 59 1
88 64 1
88 73 1
88 83 1
88 85 1
88 86 1
88 87 1
89 3 1
89 5 1
89 6 1
89 10 1
89 13 1
89 15 1
89 20 1
89 22 1
89 23 1
89 29 1
89 30 1
89 32 1
89 34 1
89 40 1
89 41 1
89 57 1
89 58 1
89 79 1
89 80 1
90 4 1
90 7 1
90 8 1
90 13 1
90 21 1
90 22 1
90 30 1
90 31 1
90 34 1
90 40 1
90 47 1
90 57 1
90 58 1
90 59 1
90 65 1
90 66 1
90 75 1
90 76 1
90 83 1
91 1 1
91 2 1
91 3 1
91 5 1
91 6 1
91 7 1
91 9 1
91 10 1
91 11 1
91 12 1
91 13 1
91 18 1
91 19 1
91 20 1
91 22 1
91 23 1
91 28 1
91 29 1
91 30 1
91 31 1
91 32 1
91 33 1
91 34 1
91 37 1
91 39 1
91 40 1
91 41 1
91 46 1
91 47 1
91 49 1
91 50 1
91 51 1
91 53 1
91 54 1
91 55 1
91 56 1
91 57 1
91 58 1
91 60 1
91 61 1
91 65 1
91 66 1
91 67 1
91 73 1
91 74 1
91 78 1
91 79 1
91 80 1
91 82 1
91 85 1
91 86 1
91 89 1
92 3 1
92 4 1
92 6 1
92 7 1
92 8 1
92 10 1
92 15 1
92 23 1
92 24 1
92 29 1
92 30 1
92 34 1
92 36 1
92 40 1
92 41 1
92 47 1
92 49 1
92 50 1
92 52 1
92 54 1
92 55 1
92 58 1
92 59 1
92 64 1
92 65 1
92 83 1
92 85 1
92 86 1
92 87 1
92 88 1
92 89 1
92 91 1
93 4 1
93 6 1
93 7 1
93 8 1
93 9 1
93 10 1
93 11 1
93 15 1
93 23 1
93 24 1
93 28 1
93 30 1
93 33 1
93 34 1
93 40 1
93 41 1
93 47 1
93 49 1
93 52 1
93 53 1
93 54 1
93 55 1
93 58 1
93 59 1
93 64 1
93 65 1
93 72 1
93 83 1
93 85 1
93 86 1
93 87 1
93 88 1
93 92 1
94 4 1
94 7 1
94 8 1
94 10 1
94 21 1
94 23 1
94 30 1
94 40 1
94 47 1
94 52 1
94 58 1
94 59 1
94 64 1
94 65 1
94 75 1
94 76 1
94 83 1
94 90 1
94 92 1
94 93 1
95 4 1
95 7 1
95 8 1
95 9 1
95 16 1
95 21 1
95 25 1
95 30 1
95 32 1
95 33 1
95 34 1
95 40 1
95 44 1
95 46 1
95 47 1
95 48 1
95 53 1
95 60 1
95 61 1
95 63 1
95 65 1
95 66 1
95 68 1
95 71 1
95 72 1
95 75 1
95 76 1
95 83 1
95 84 1
95 90 1
95 93 1
96 0 1
96 1 1
96 2 1
96 17 1
96 25 1
96 26 1
96 27 1
96 35 1
96 39 1
96 42 1
96 43 1
96 45 1
96 46 1
96 48 1
96 51 1
96 56 1
96 61 1
96 62 1
96 67 1
96 69 1
96 70 1
96 71 1
96 74 1
96 77 1
96 82 1
97 0 1
97 1 1
97 2 1
97 5 1
97 6 1
97 7 1
97 8 1
97 9 1
97 10 1
97 11 1
97 12 1
97 16 1
97 18 1
97 25 1
97 28 1
97 32 1
97 33 1
97 34 1
97 35 1
97 37 1
97 40 1
97 41 1
97 44 1
97 45 1
97 46 1
97 47 1
97 49 1
97 51 1
97 53 1
97 54 1
97 55 1
97 56 1
97 58 1
97 59 1
97 60 1
97 61 1
97 63 1
97 65 1
97 68 1
97 70 1
97 72 1
97 74 1
97 78 1
97 83 1
97 84 1
97 85 1
97 86 1
97 88 1
97 91 1
97 93 1
97 95 1
98 1 1
98 6 1
98 7 1
98 8 1
98 9 1
98 10 1
98 11 1
98 28 1
98 32 1
98 33 1
98 34 1
98 37 1
98 40 1
98 41 1
98 45 1
98 47 1
98 49 1
98 51 1
98 53 1
98 54 1
98 55 1
98 56 1
98 58 1
98 59 1
98 60 1
98 63 1
98 65 1
98 68 1
98 70 1
98 72 1
98 73 1
98 74 1
98 78 1
98 83 1
98 84 1
98 85 1
98 86 1
98 87 1
98 88 1
98 91 1
98 93 1
98 95 1
98 97 1
99 0 1
99 1 1
99 2 1
99 11 1
99 12 1
99 17 1
99 18 1
99 25 1
99 27 1
99 28 1
99 33 1
99 35 1
99 37 1
99 39 1
99 42 1
99 43 1
99 45 1
99 46 1
99 48 1
99 51 1
99 53 1
99 54 1
99 56 1
99 60 1
99 62 1
99 63 1
99 70 1
99 72 1
99 74 1
99 77 1
99 78 1
99 96 1
99 97 1
99 98 1
100 3 1
100 4 1
100 5 1
100 6 1
100 13 1
100 14 1
100 21 1
100 22 1
100 29 1
100 30 1
100 31 1
100 32 1
100 33 1
100 34 1
100 38 1
100 40 1
100 41 1
100 44 1
100 46 1
100 47 1
100 57 1
100 58 1
100 60 1
100 61 1
100 65 1
100 66 1
100 75 1
100 76 1
100 81 1
100 82 1
100 89 1
100 90 1
100 91 1
100 94 1
100 95 1
101 3 1
101 4 1
101 5 1
101 6 1
101 7 1
101 8 1
101 9 1
101 10 1
101 13 1
101 14 1
101 16 1
101 21 1
101 22 1
101 25 1
101 29 1
101 30 1
101 31 1
101 32 1
101 33 1
101 34 1
101 38 1
101 39 1
101 40 1
101 41 1
101 44 1
101 46 1
101 47 1
101 57 1
101 58 1
101 60 1
101 61 1
101 65 1
101 66 1
101 67 1
101 68 1
101 75 1
101 76 1
101 81 1
101 82 1
101 89 1
101 90 1
101 91 1
101 94 1
101 95 1
101 100 1
102 5 1
102 14 1
102 16 1
102 21 1
102 22 1
102 25 1
102 26 1
102 31 1
102 32 1
102 33 1
102 35 1
102 38 1
102 39 1
102 42 1
102 43 1
102 44 1
102 46 1
102 48 1
102 57 1
102 60 1
102 61 1
102 66 1
102 67 1
102 68 1
102 69 1
102 71 1
102 77 1
102 81 1
102 82 1
102 96 1
102 100 1
102 101 1
103 1 1
103 2 1
103 3 1
103 5 1
103 6 1
103 7 1
103 9 1
103 11 1
103 12 1
103 17 1
103 18 1
103 19 1
103 20 1
103 22 1
103 25 1
103 27 1
103 28 1
103 29 1
103 31 1
103 32 1
103 33 1
103 34 1
103 35 1
103 37 1
103 38 1
103 39 1
103 40 1
103 41 1
103 43 1
103 44 1
103 46 1
103 48 1
103 49 1
103 51 1
103 53 1
103 54 1
103 56 1
103 57 1
103 58 1
103 60 1
103 61 1
103 62 1
103 65 1
103 66 1
103 67 1
103 68 1
103 74 1
103 78 1
103 79 1
103 80 1
103 82 1
103 91 1
103 96 1
103 97 1
103 98 1
103 99 1
103 101 1
103 102 1
104 3 1
104 6 1
104 7 1
104 10 1
104 11 1
104 12 1
104 15 1
104 20 1
104 23 1
104 24 1
104 28 1
104 29 1
104 32 1
104 33 1
104 34 1
104 36 1
104 37 1
104 40 1
104 41 1
104 47 1
104 49 1
104 50 1
104 52 1
104 54 1
104 55 1
104 58 1
104 59 1
104 64 1
104 65 1
104 73 1
104 79 1
104 80 1
104 83 1
104 85 1
104 86 1
104 87 1
104 88 1
104 89 1
104 91 1
104 92 1
104 93 1
104 97 1
104 98 1
105 6 1
105 7 1
105 10 1
105 15 1
105 23 1
105 24 1
105 34 1
105 36 1
105 40 1
105 41 1
105 47 1
105 49 1
105 50 1
105 52 1
105 54 1
105 55 1
105 58 1
105 59 1
105 64 1
105 73 1
105 83 1
105 85 1
105 86 1
105 87 1
105 88 1
105 92 1
105 93 1
105 104 1
106 4 1
106 7 1
106 8 1
106 10 1
106 15 1
106 23 1
106 24 1
106 40 1
106 41 1
106 47 1
106 52 1
106 54 1
106 55 1
106 58 1
106 59 1
106 64 1
106 83 1
106 85 1
106 87 1
106 88 1
106 92 1
106 93 1
106 94 1
106 98 1
106 104 1
106 105 1
107 4 1
107 6 1
107 7 1
107 8 1
107 9 1
107 10 1
107 11 1
107 15 1
107 23 1
107 24 1
107 28 1
107 30 1
107 33 1
107 34 1
107 36 1
107 40 1
107 41 1
107 47 1
107 49 1
107 50 1
107 52 1
107 53 1
107 54 1
107 55 1
107 58 1
107 59 1
107 64 1
107 65 1
107 83 1
107 85 1
107 86 1
107 87 1
107 88 1
107 91 1
107 92 1
107 93 1
107 94 1
107 95 1
107 97 1
107 98 1
107 104 1
107 105 1
107 106 1
108 0 1
108 1 1
108 2 1
108 17 1
108 18 1
108 19 1
108 27 1
108 28 1
108 35 1
108 37 1
108 39 1
108 42 1
108 43 1
108 45 1
108 46 1
108 48 1
108 51 1
108 53 1
108 56 1
108 62 1
108 67 1
108 69 1
108 70 1
108 74 1
108 77 1
108 78 1
108 96 1
108 99 1
108 103 1
109 6 1
109 7 1
109 8 1
109 10 1
109 11 1
109 15 1
109 23 1
109 24 1
109 28 1
109 36 1
109 40 1
109 41 1
109 47 1
109 49 1
109 50 1
109 53 1
109 54 1
109 55 1
109 58 1
109 59 1
109 64 1
109 73 1
109 83 1
109 85 1
109 86 1
109 87 1
109 88 1
109 92 1
109 93 1
109 97 1
109 98 1
109 104 1
109 105 1
109 106 1
109 107 1
110 1 1
110 2 1
110 3 1
110 5 1
110 6 1
110 12 1
110 18 1
110 19 1
110 20 1
110 28 1
110 29 1
110 32 1
110 33 1
110 34 1
110 35 1
110 37 1
110 39 1
110 40 1
110 41 1
110 46 1
110 49 1
110 54 1
110 56 1
110 57 1
110 62 1
110 67 1
110 73 1
110 74 1
110 78 1
110 79 1
110 80 1
110 82 1
110 91 1
110 103 1
111 1 1
111 2 1
111 5 1
111 12 1
111 14 1
111 17 1
111 18 1
111 19 1
111 25 1
111 26 1
111 27 1
111 31 1
111 32 1
111 33 1
111 34 1
111 35 1
111 37 1
111 38 1
111 39 1
111 42 1
111 43 1
111 44 1
111 46 1
111 48 1
111 51 1
111 56 1
111 57 1
111 60 1
111 61 1
111 62 1
111 66 1
111 67 1
111 69 1
111 71 1
111 77 1
111 78 1
111 81 1
111 82 1
111 91 1
111 96 1
111 99 1
111 101 1
111 102 1
111 103 1
111 108 1
111 110 1
112 4 1
112 6 1
112 7 1
112 8 1
112 9 1
112 10 1
112 11 1
112 16 1
112 21 1
112 25 1
112 28 1
112 30 1
112 32 1
112 33 1
112 34 1
112 40 1
112 41 1
112 44 1
112 46 1
112 47 1
112 53 1
112 54 1
112 58 1
112 59 1
112 60 1
112 61 1
112 63 1
112 65 1
112 66 1
112 68 1
112 72 1
112 75 1
112 76 1
112 83 1
112 84 1
112 90 1
112 91 1
112 92 1
112 93 1
112 94 1
112 95 1
112 97 1
112 98 1
112 100 1
112 101 1
112 106 1
112 107 1
113 9 1
113 14 1
113 16 1
113 17 1
113 25 1
113 26 1
113 31 1
113 32 1
113 35 1
113 38 1
113 39 1
113 42 1
113 43 1
113 44 1
113 45 1
113 46 1
113 48 1
113 57 1
113 60 1
113 61 1
113 63 1
113 66 1
113 67 1
113 68 1
113 69 1
113 71 1
113 77 1
113 81 1
113 82 1
113 95 1
113 96 1
113 102 1
113 103 1
113 111 1
114 0 1
114 1 1
114 2 1
114 9 1
114 17 1
114 18 1
114 25 1
114 26 1
114 27 1
114 28 1
114 33 1
114 35 1
114 39 1
114 42 1
114 43 1
114 44 1
114 45 1
114 46 1
114 48 1
114 51 1
114 53 1
114 56 1
114 60 1
114 61 1
114 62 1
114 63 1
114 67 1
114 68 1
114 69 1
114 70 1
114 71 1
114 72 1
114 74 1
114 77 1
114 78 1
114 82 1
114 84 1
114 96 1
114 97 1
114 99 1
114 102 1
114 103 1
114 108 1
114 111 1
114 113 1
115 0 1
115 1 1
115 2 1
115 6 1
115 7 1
115 10 1
115 11 1
115 12 1
115 18 1
115 19 1
115 20 1
115 28 1
115 33 1
115 34 1
115 36 1
115 37 1
115 40 1
115 41 1
115 47 1
115 49 1
115 50 1
115 51 1
115 53 1
115 54 1
115 55 1
115 56 1
115 58 1
115 70 1
115 73 1
115 74 1
115 78 1
115 85 1
115 86 1
115 87 1
115 88 1
115 91 1
115 93 1
115 97 1
115 98 1
115 99 1
115 103 1
115 104 1
115 105 1
115 107 1
115 109 1
115 110 1
116 6 1
116 10 1
116 11 1
116 15 1
116 23 1
116 24 1
116 28 1
116 36 1
116 40 1
116 41 1
116 49 1
116 50 1
116 52 1
116 54 1
116 55 1
116 58 1
116 59 1
116 64 1
116 73 1
116 85 1
116 86 1
116 87 1
116 88 1
116 92 1
116 93 1
116 98 1
116 104 1
116 105 1
116 106 1
116 107 1
116 109 1
116 115 1
117 2 1
117 3 1
117 5 1
117 6 1
117 12 1
117 13 1
117 18 1
117 19 1
117 20 1
117 29 1
117 32 1
117 33 1
117 34 1
117 37 1
117 39 1
117 41 1
117 46 1
117 57 1
117 79 1
117 80 1
117 82 1
117 89 1
117 91 1
117 103 1
117 110 1
118 4 1
118 7 1
118 8 1
118 9 1
118 10 1
118 16 1
118 21 1
118 22 1
118 30 1
118 34 1
118 40 1
118 44 1
118 47 1
118 58 1
118 59 1
118 60 1
118 65 1
118 66 1
118 68 1
118 75 1
118 76 1
118 83 1
118 90 1
118 93 1
118 94 1
118 95 1
118 100 1
118 101 1
118 107 1
118 112 1
119 4 1
119 5 1
119 7 1
119 8 1
119 9 1
119 16 1
119 21 1
119 22 1
119 25 1
119 30 1
119 31 1
119 32 1
119 33 1
119 34 1
119 38 1
119 40 1
119 41 1
119 44 1
119 46 1
119 47 1
119 48 1
119 53 1
119 57 1
119 58 1
119 60 1
119 61 1
119 63 1
119 65 1
119 66 1
119 67 1
119 68 1
119 71 1
119 72 1
119 75 1
119 76 1
119 77 1
119 81 1
119 82 1
119 83 1
119 84 1
119 90 1
119 91 1
119 93 1
119 95 1
119 97 1
119 98 1
119 100 1
119 101 1
119 102 1
119 103 1
119 112 1
119 113 1
119 118 1
