# minsup
1
# graph
G_./2B48.pdb
# node ID, label
0 A
1 A
2 A
3 A
4 A
5 D
6 D
7 D
8 E
9 E
10 E
11 E
12 F
13 F
14 G
15 G
16 G
17 G
18 G
19 H
20 H
21 I
22 I
23 I
24 K
25 L
26 L
27 M
28 M
29 N
30 N
31 N
32 N
33 N
34 P
35 Q
36 Q
37 Q
38 Q
39 Q
40 Q
41 R
42 R
43 R
44 R
45 R
46 S
47 S
48 S
49 S
50 S
51 S
52 T
53 T
54 T
55 V
56 V
57 W
58 Y
59 Y
60 Y
# node ID1, node ID2, number of bounds
4 3 1
5 0 1
7 0 1
9 1 1
11 3 1
11 4 1
12 0 1
12 5 1
12 7 1
13 1 1
13 5 1
13 9 1
14 7 1
15 1 1
15 9 1
15 13 1
16 6 1
17 10 1
17 11 1
18 3 1
18 4 1
18 11 1
18 17 1
19 0 1
19 1 1
19 5 1
19 7 1
19 9 1
19 12 1
19 13 1
19 15 1
20 2 1
20 10 1
21 1 1
21 5 1
21 7 1
21 9 1
21 12 1
21 13 1
21 15 1
21 19 1
22 2 1
23 10 1
23 11 1
23 17 1
23 20 1
24 0 1
24 7 1
24 12 1
24 14 1
25 0 1
25 5 1
25 7 1
25 9 1
25 12 1
25 13 1
25 19 1
25 21 1
26 0 1
26 1 1
26 5 1
26 7 1
26 9 1
26 12 1
26 13 1
26 15 1
26 19 1
26 21 1
26 25 1
27 8 1
28 8 1
28 27 1
29 1 1
29 6 1
29 9 1
29 13 1
29 16 1
29 26 1
30 2 1
30 10 1
30 20 1
30 22 1
30 23 1
31 10 1
31 11 1
31 17 1
31 20 1
31 23 1
31 30 1
32 3 1
32 4 1
32 11 1
32 18 1
33 3 1
33 4 1
33 11 1
33 18 1
33 32 1
34 1 1
34 7 1
34 13 1
34 15 1
34 19 1
34 21 1
34 25 1
34 26 1
35 8 1
35 27 1
35 28 1
36 7 1
36 14 1
36 24 1
37 0 1
37 1 1
37 5 1
37 7 1
37 12 1
37 13 1
37 15 1
37 19 1
37 21 1
37 25 1
37 26 1
37 34 1
38 1 1
38 9 1
38 13 1
38 15 1
38 21 1
38 26 1
38 29 1
38 34 1
39 1 1
39 6 1
39 9 1
39 13 1
39 21 1
39 25 1
39 26 1
39 29 1
39 37 1
39 38 1
40 2 1
40 7 1
40 14 1
40 19 1
40 21 1
40 22 1
40 24 1
40 34 1
41 8 1
41 27 1
41 28 1
41 35 1
42 0 1
42 12 1
43 0 1
43 5 1
43 12 1
43 24 1
43 25 1
43 42 1
44 0 1
44 5 1
44 12 1
44 25 1
44 37 1
44 42 1
44 43 1
45 6 1
45 9 1
45 13 1
45 16 1
45 29 1
45 39 1
46 8 1
46 27 1
46 28 1
46 35 1
46 41 1
47 8 1
47 27 1
47 28 1
47 35 1
47 41 1
47 46 1
48 7 1
48 14 1
48 24 1
48 36 1
48 40 1
49 0 1
49 5 1
49 7 1
49 12 1
49 19 1
49 21 1
49 25 1
49 26 1
49 37 1
49 42 1
49 43 1
49 44 1
50 0 1
50 5 1
50 7 1
50 12 1
50 13 1
50 19 1
50 21 1
50 25 1
50 26 1
50 34 1
50 37 1
50 40 1
50 44 1
50 49 1
51 1 1
51 9 1
51 13 1
51 15 1
51 19 1
51 21 1
51 25 1
51 26 1
51 29 1
51 34 1
51 37 1
51 38 1
51 39 1
52 0 1
52 5 1
52 7 1
52 12 1
52 13 1
52 19 1
52 21 1
52 24 1
52 25 1
52 26 1
52 34 1
52 37 1
52 40 1
52 43 1
52 44 1
52 49 1
52 50 1
53 1 1
53 5 1
53 7 1
53 9 1
53 13 1
53 15 1
53 19 1
53 21 1
53 25 1
53 26 1
53 34 1
53 37 1
53 38 1
53 39 1
53 40 1
53 50 1
53 51 1
53 52 1
54 1 1
54 9 1
54 13 1
54 15 1
54 19 1
54 21 1
54 25 1
54 26 1
54 34 1
54 37 1
54 38 1
54 39 1
54 50 1
54 51 1
54 53 1
55 1 1
55 5 1
55 6 1
55 9 1
55 12 1
55 13 1
55 16 1
55 19 1
55 21 1
55 25 1
55 26 1
55 29 1
55 37 1
55 38 1
55 39 1
55 45 1
55 50 1
55 51 1
55 52 1
55 53 1
55 54 1
56 1 1
56 5 1
56 6 1
56 9 1
56 12 1
56 13 1
56 16 1
56 19 1
56 21 1
56 25 1
56 26 1
56 29 1
56 37 1
56 38 1
56 39 1
56 45 1
56 51 1
56 54 1
56 55 1
57 7 1
57 8 1
57 14 1
57 24 1
57 36 1
57 48 1
58 7 1
58 14 1
58 24 1
58 36 1
58 40 1
58 48 1
58 57 1
59 0 1
59 5 1
59 12 1
59 25 1
59 42 1
59 43 1
59 44 1
59 49 1
59 52 1
60 1 1
60 9 1
60 13 1
60 15 1
60 19 1
60 21 1
60 26 1
60 29 1
60 34 1
60 38 1
60 39 1
60 51 1
60 53 1
60 54 1
60 55 1
60 56 1
