# minsup
1
# graph
G_./2PZD.pdb
# node ID, label
0 A
1 A
2 A
3 A
4 A
5 A
6 A
7 A
8 A
9 A
10 A
11 A
12 A
13 A
14 D
15 D
16 D
17 D
18 D
19 D
20 E
21 E
22 E
23 E
24 E
25 E
26 E
27 E
28 E
29 E
30 E
31 E
32 E
33 F
34 F
35 F
36 F
37 G
38 G
39 G
40 G
41 G
42 G
43 G
44 G
45 G
46 G
47 G
48 G
49 G
50 G
51 G
52 G
53 H
54 H
55 H
56 H
57 H
58 H
59 I
60 I
61 I
62 I
63 I
64 I
65 I
66 I
67 I
68 I
69 I
70 I
71 I
72 I
73 K
74 K
75 L
76 L
77 L
78 L
79 L
80 L
81 L
82 L
83 L
84 L
85 L
86 L
87 L
88 L
89 L
90 L
91 L
92 L
93 L
94 L
95 L
96 L
97 L
98 M
99 M
100 M
101 M
102 M
103 M
104 M
105 M
106 N
107 N
108 P
109 P
110 P
111 P
112 P
113 P
114 P
115 P
116 P
117 P
118 P
119 Q
120 Q
121 Q
122 Q
123 Q
124 Q
125 Q
126 Q
127 Q
128 Q
129 Q
130 Q
131 Q
132 R
133 R
134 R
135 R
136 R
137 R
138 R
139 R
140 R
141 R
142 R
143 R
144 R
145 R
146 R
147 S
148 S
149 S
150 S
151 S
152 S
153 S
154 S
155 S
156 T
157 T
158 T
159 T
160 T
161 T
162 T
163 T
164 T
165 T
166 T
167 T
168 V
169 V
170 V
171 V
172 V
173 V
174 V
175 V
176 V
177 V
178 V
179 V
180 V
181 V
182 V
183 V
184 V
185 V
186 V
187 V
188 V
189 V
190 V
191 V
192 W
193 W
194 W
195 W
196 Y
197 Y
198 Y
199 Y
200 Y
201 Y
# node ID1, node ID2, number of bounds
2 1 1
3 1 1
4 3 1
5 1 1
5 3 1
5 4 1
6 1 1
6 2 1
6 3 1
6 5 1
9 8 1
10 8 1
11 10 1
12 8 1
12 10 1
12 11 1
13 8 1
13 9 1
13 10 1
13 12 1
14 0 1
15 1 1
15 2 1
15 3 1
15 4 1
15 6 1
15 14 1
16 3 1
16 4 1
16 5 1
16 6 1
17 7 1
18 8 1
18 9 1
18 10 1
18 11 1
18 13 1
18 17 1
19 10 1
19 11 1
19 12 1
19 13 1
20 0 1
20 14 1
21 3 1
21 5 1
21 6 1
21 16 1
22 3 1
22 4 1
22 5 1
22 16 1
23 3 1
23 4 1
23 5 1
23 6 1
23 16 1
23 21 1
23 22 1
24 3 1
24 14 1
24 15 1
25 1 1
25 2 1
25 5 1
25 23 1
26 7 1
26 17 1
27 7 1
27 17 1
27 18 1
27 26 1
28 10 1
28 12 1
28 13 1
28 19 1
29 10 1
29 11 1
29 12 1
29 19 1
30 10 1
30 11 1
30 12 1
30 13 1
30 19 1
30 28 1
30 29 1
31 10 1
31 17 1
31 18 1
32 8 1
32 9 1
32 12 1
32 30 1
33 0 1
33 14 1
33 15 1
33 20 1
33 24 1
34 8 1
34 11 1
34 12 1
34 18 1
34 19 1
34 29 1
34 30 1
35 7 1
35 17 1
35 18 1
35 26 1
35 27 1
35 31 1
36 1 1
36 4 1
36 5 1
36 15 1
36 16 1
36 22 1
36 23 1
37 1 1
37 2 1
37 4 1
37 5 1
37 15 1
37 22 1
37 23 1
37 25 1
37 36 1
38 0 1
38 3 1
38 4 1
38 5 1
38 6 1
38 14 1
38 15 1
38 16 1
38 20 1
38 21 1
38 22 1
38 23 1
38 24 1
38 33 1
38 36 1
39 1 1
39 2 1
39 8 1
39 18 1
39 25 1
39 37 1
40 1 1
40 2 1
40 6 1
40 15 1
40 24 1
40 37 1
40 39 1
41 1 1
41 2 1
41 14 1
41 15 1
41 24 1
41 33 1
41 36 1
41 37 1
41 38 1
41 40 1
42 2 1
42 3 1
42 5 1
42 6 1
42 16 1
42 21 1
42 23 1
42 38 1
43 14 1
43 15 1
43 24 1
43 33 1
43 38 1
43 40 1
43 41 1
44 7 1
44 26 1
44 34 1
45 8 1
45 9 1
45 11 1
45 12 1
45 18 1
45 29 1
45 30 1
45 32 1
45 34 1
45 37 1
45 39 1
46 7 1
46 10 1
46 11 1
46 12 1
46 13 1
46 17 1
46 18 1
46 19 1
46 26 1
46 28 1
46 29 1
46 30 1
46 31 1
46 34 1
46 35 1
47 1 1
47 8 1
47 9 1
47 15 1
47 32 1
47 37 1
47 39 1
47 40 1
47 41 1
47 45 1
48 8 1
48 9 1
48 13 1
48 18 1
48 31 1
48 39 1
48 45 1
48 47 1
49 8 1
49 9 1
49 17 1
49 18 1
49 26 1
49 27 1
49 31 1
49 34 1
49 35 1
49 39 1
49 45 1
49 46 1
49 48 1
50 9 1
50 10 1
50 12 1
50 13 1
50 19 1
50 28 1
50 30 1
50 46 1
51 17 1
51 18 1
51 27 1
51 31 1
51 35 1
51 46 1
51 48 1
51 49 1
52 0 1
52 20 1
52 36 1
53 0 1
53 3 1
53 4 1
53 14 1
53 15 1
53 16 1
53 20 1
53 22 1
53 33 1
53 38 1
53 41 1
53 43 1
54 1 1
54 4 1
54 15 1
54 33 1
54 36 1
54 37 1
54 38 1
54 40 1
54 41 1
54 43 1
54 45 1
54 47 1
54 52 1
55 1 1
55 2 1
55 6 1
55 15 1
55 25 1
55 37 1
55 39 1
55 40 1
55 41 1
55 47 1
55 54 1
56 7 1
56 10 1
56 11 1
56 17 1
56 18 1
56 19 1
56 26 1
56 28 1
56 29 1
56 35 1
56 46 1
56 49 1
56 51 1
57 8 1
57 11 1
57 18 1
57 26 1
57 27 1
57 34 1
57 35 1
57 37 1
57 39 1
57 44 1
57 45 1
57 46 1
57 48 1
57 49 1
57 51 1
58 8 1
58 9 1
58 13 1
58 18 1
58 32 1
58 39 1
58 45 1
58 47 1
58 48 1
58 49 1
58 55 1
58 57 1
59 1 1
59 2 1
59 4 1
59 5 1
59 6 1
59 15 1
59 16 1
59 22 1
59 23 1
59 25 1
59 36 1
59 37 1
59 39 1
59 40 1
59 54 1
59 55 1
60 0 1
60 4 1
60 14 1
60 20 1
60 33 1
60 36 1
60 38 1
60 41 1
60 52 1
60 53 1
60 54 1
61 1 1
61 2 1
61 3 1
61 4 1
61 15 1
61 16 1
61 22 1
61 33 1
61 36 1
61 37 1
61 38 1
61 40 1
61 41 1
61 43 1
61 47 1
61 53 1
61 54 1
61 55 1
61 59 1
61 60 1
62 1 1
62 2 1
62 8 1
62 15 1
62 25 1
62 34 1
62 36 1
62 37 1
62 39 1
62 40 1
62 41 1
62 45 1
62 47 1
62 48 1
62 49 1
62 54 1
62 55 1
62 57 1
62 58 1
62 59 1
62 61 1
63 1 1
63 2 1
63 3 1
63 4 1
63 5 1
63 6 1
63 14 1
63 15 1
63 16 1
63 21 1
63 22 1
63 23 1
63 24 1
63 33 1
63 36 1
63 37 1
63 38 1
63 40 1
63 41 1
63 42 1
63 43 1
63 53 1
63 54 1
63 55 1
63 59 1
63 61 1
64 1 1
64 2 1
64 3 1
64 4 1
64 5 1
64 6 1
64 15 1
64 16 1
64 21 1
64 22 1
64 23 1
64 38 1
64 40 1
64 42 1
64 53 1
64 59 1
64 61 1
64 63 1
65 1 1
65 2 1
65 3 1
65 4 1
65 5 1
65 6 1
65 14 1
65 15 1
65 16 1
65 21 1
65 24 1
65 33 1
65 38 1
65 40 1
65 41 1
65 42 1
65 43 1
65 53 1
65 54 1
65 55 1
65 61 1
65 63 1
65 64 1
66 8 1
66 9 1
66 11 1
66 12 1
66 13 1
66 18 1
66 19 1
66 29 1
66 30 1
66 32 1
66 34 1
66 45 1
66 47 1
66 48 1
66 57 1
66 58 1
66 62 1
67 7 1
67 11 1
67 17 1
67 26 1
67 27 1
67 35 1
67 44 1
67 46 1
67 49 1
67 56 1
67 57 1
68 8 1
68 9 1
68 10 1
68 11 1
68 18 1
68 19 1
68 27 1
68 29 1
68 34 1
68 35 1
68 39 1
68 45 1
68 46 1
68 48 1
68 49 1
68 51 1
68 56 1
68 57 1
68 58 1
68 62 1
68 66 1
68 67 1
69 1 1
69 8 1
69 9 1
69 18 1
69 32 1
69 34 1
69 36 1
69 37 1
69 39 1
69 40 1
69 41 1
69 45 1
69 47 1
69 48 1
69 49 1
69 54 1
69 55 1
69 57 1
69 58 1
69 59 1
69 61 1
69 62 1
69 66 1
69 68 1
70 8 1
70 9 1
70 10 1
70 11 1
70 12 1
70 13 1
70 17 1
70 18 1
70 19 1
70 28 1
70 29 1
70 30 1
70 31 1
70 34 1
70 35 1
70 45 1
70 46 1
70 48 1
70 49 1
70 50 1
70 51 1
70 56 1
70 57 1
70 58 1
70 66 1
70 68 1
71 8 1
71 9 1
71 10 1
71 11 1
71 12 1
71 13 1
71 18 1
71 19 1
71 28 1
71 29 1
71 30 1
71 46 1
71 48 1
71 50 1
71 56 1
71 66 1
71 68 1
71 70 1
72 8 1
72 9 1
72 10 1
72 11 1
72 12 1
72 13 1
72 17 1
72 18 1
72 19 1
72 28 1
72 31 1
72 35 1
72 46 1
72 48 1
72 49 1
72 50 1
72 51 1
72 56 1
72 57 1
72 58 1
72 68 1
72 70 1
72 71 1
73 1 1
73 2 1
73 4 1
73 8 1
73 15 1
73 32 1
73 36 1
73 37 1
73 39 1
73 40 1
73 41 1
73 45 1
73 47 1
73 54 1
73 55 1
73 58 1
73 59 1
73 61 1
73 62 1
73 63 1
73 65 1
73 66 1
73 69 1
74 1 1
74 8 1
74 9 1
74 11 1
74 18 1
74 25 1
74 34 1
74 37 1
74 39 1
74 45 1
74 47 1
74 48 1
74 49 1
74 55 1
74 57 1
74 58 1
74 59 1
74 62 1
74 66 1
74 68 1
74 69 1
74 70 1
74 72 1
74 73 1
75 0 1
75 3 1
75 4 1
75 15 1
75 16 1
75 20 1
75 22 1
75 33 1
75 36 1
75 37 1
75 38 1
75 41 1
75 52 1
75 53 1
75 54 1
75 60 1
75 61 1
75 63 1
75 65 1
75 73 1
76 0 1
76 3 1
76 4 1
76 14 1
76 15 1
76 16 1
76 20 1
76 22 1
76 33 1
76 36 1
76 38 1
76 41 1
76 52 1
76 53 1
76 54 1
76 60 1
76 61 1
76 63 1
76 65 1
76 73 1
76 75 1
77 0 1
77 4 1
77 14 1
77 15 1
77 20 1
77 33 1
77 38 1
77 41 1
77 43 1
77 52 1
77 53 1
77 54 1
77 60 1
77 61 1
77 63 1
77 75 1
77 76 1
78 0 1
78 14 1
78 15 1
78 20 1
78 33 1
78 38 1
78 41 1
78 43 1
78 52 1
78 53 1
78 54 1
78 60 1
78 61 1
78 75 1
78 76 1
78 77 1
79 0 1
79 1 1
79 3 1
79 4 1
79 14 1
79 15 1
79 16 1
79 20 1
79 22 1
79 24 1
79 33 1
79 36 1
79 37 1
79 38 1
79 40 1
79 41 1
79 43 1
79 52 1
79 53 1
79 54 1
79 55 1
79 59 1
79 60 1
79 61 1
79 62 1
79 63 1
79 64 1
79 65 1
79 73 1
79 75 1
79 76 1
79 77 1
79 78 1
80 1 1
80 2 1
80 8 1
80 9 1
80 18 1
80 25 1
80 37 1
80 39 1
80 40 1
80 45 1
80 47 1
80 48 1
80 49 1
80 54 1
80 55 1
80 57 1
80 58 1
80 59 1
80 61 1
80 62 1
80 66 1
80 68 1
80 69 1
80 73 1
80 74 1
81 1 1
81 2 1
81 3 1
81 6 1
81 15 1
81 24 1
81 37 1
81 38 1
81 39 1
81 40 1
81 41 1
81 43 1
81 47 1
81 54 1
81 55 1
81 59 1
81 61 1
81 62 1
81 63 1
81 64 1
81 65 1
81 69 1
81 73 1
81 75 1
81 79 1
81 80 1
82 3 1
82 4 1
82 5 1
82 6 1
82 14 1
82 15 1
82 16 1
82 21 1
82 22 1
82 23 1
82 24 1
82 33 1
82 38 1
82 41 1
82 42 1
82 43 1
82 53 1
82 54 1
82 61 1
82 63 1
82 64 1
82 65 1
82 75 1
82 76 1
82 77 1
82 79 1
82 81 1
83 1 1
83 2 1
83 3 1
83 4 1
83 5 1
83 6 1
83 16 1
83 21 1
83 22 1
83 23 1
83 25 1
83 37 1
83 40 1
83 42 1
83 55 1
83 59 1
83 61 1
83 63 1
83 64 1
83 65 1
83 81 1
83 82 1
84 1 1
84 2 1
84 3 1
84 6 1
84 15 1
84 21 1
84 24 1
84 38 1
84 40 1
84 41 1
84 42 1
84 43 1
84 55 1
84 61 1
84 63 1
84 64 1
84 65 1
84 79 1
84 81 1
84 82 1
84 83 1
85 1 1
85 2 1
85 3 1
85 5 1
85 6 1
85 15 1
85 21 1
85 24 1
85 37 1
85 40 1
85 41 1
85 42 1
85 55 1
85 59 1
85 61 1
85 63 1
85 64 1
85 65 1
85 79 1
85 81 1
85 82 1
85 83 1
85 84 1
86 7 1
86 10 1
86 11 1
86 18 1
86 19 1
86 26 1
86 29 1
86 34 1
86 35 1
86 44 1
86 45 1
86 46 1
86 49 1
86 56 1
86 57 1
86 67 1
86 68 1
86 70 1
86 72 1
86 74 1
87 7 1
87 10 1
87 11 1
87 17 1
87 18 1
87 19 1
87 26 1
87 27 1
87 29 1
87 34 1
87 35 1
87 44 1
87 46 1
87 49 1
87 56 1
87 57 1
87 67 1
87 68 1
87 70 1
87 72 1
87 74 1
87 86 1
88 7 1
88 11 1
88 17 1
88 18 1
88 26 1
88 27 1
88 35 1
88 44 1
88 46 1
88 49 1
88 51 1
88 56 1
88 57 1
88 67 1
88 68 1
88 70 1
88 86 1
88 87 1
89 7 1
89 17 1
89 18 1
89 26 1
89 27 1
89 35 1
89 44 1
89 46 1
89 49 1
89 51 1
89 56 1
89 57 1
89 67 1
89 68 1
89 86 1
89 87 1
89 88 1
90 7 1
90 17 1
90 26 1
90 27 1
90 35 1
90 44 1
90 49 1
90 67 1
90 87 1
90 88 1
90 89 1
91 7 1
91 8 1
91 10 1
91 11 1
91 17 1
91 18 1
91 19 1
91 26 1
91 27 1
91 29 1
91 31 1
91 34 1
91 35 1
91 44 1
91 45 1
91 46 1
91 48 1
91 49 1
91 51 1
91 56 1
91 57 1
91 58 1
91 66 1
91 67 1
91 68 1
91 69 1
91 70 1
91 71 1
91 72 1
91 74 1
91 86 1
91 87 1
91 88 1
91 89 1
92 1 1
92 2 1
92 8 1
92 9 1
92 15 1
92 32 1
92 37 1
92 39 1
92 40 1
92 41 1
92 45 1
92 47 1
92 48 1
92 54 1
92 55 1
92 57 1
92 58 1
92 59 1
92 61 1
92 62 1
92 66 1
92 68 1
92 69 1
92 73 1
92 74 1
92 80 1
92 81 1
93 8 1
93 9 1
93 10 1
93 13 1
93 18 1
93 31 1
93 39 1
93 45 1
93 46 1
93 47 1
93 48 1
93 49 1
93 51 1
93 57 1
93 58 1
93 62 1
93 66 1
93 68 1
93 69 1
93 70 1
93 71 1
93 72 1
93 74 1
93 80 1
93 86 1
93 91 1
93 92 1
94 10 1
94 11 1
94 12 1
94 13 1
94 17 1
94 18 1
94 19 1
94 28 1
94 29 1
94 30 1
94 31 1
94 35 1
94 46 1
94 49 1
94 50 1
94 51 1
94 56 1
94 57 1
94 68 1
94 70 1
94 71 1
94 72 1
94 86 1
94 87 1
94 88 1
94 91 1
94 93 1
95 8 1
95 9 1
95 10 1
95 11 1
95 12 1
95 13 1
95 19 1
95 28 1
95 29 1
95 30 1
95 32 1
95 45 1
95 48 1
95 50 1
95 58 1
95 66 1
95 68 1
95 70 1
95 71 1
95 72 1
95 93 1
95 94 1
96 8 1
96 9 1
96 10 1
96 13 1
96 18 1
96 28 1
96 31 1
96 46 1
96 48 1
96 49 1
96 50 1
96 51 1
96 58 1
96 68 1
96 70 1
96 71 1
96 72 1
96 91 1
96 93 1
96 94 1
96 95 1
97 8 1
97 9 1
97 10 1
97 12 1
97 13 1
97 18 1
97 28 1
97 31 1
97 45 1
97 48 1
97 49 1
97 50 1
97 58 1
97 66 1
97 68 1
97 70 1
97 71 1
97 72 1
97 91 1
97 93 1
97 94 1
97 95 1
97 96 1
98 1 1
98 4 1
98 5 1
98 15 1
98 16 1
98 22 1
98 23 1
98 36 1
98 37 1
98 38 1
98 39 1
98 40 1
98 41 1
98 45 1
98 47 1
98 52 1
98 54 1
98 55 1
98 59 1
98 61 1
98 62 1
98 63 1
98 65 1
98 69 1
98 73 1
98 74 1
98 75 1
98 76 1
98 79 1
98 80 1
98 81 1
98 92 1
99 1 1
99 3 1
99 4 1
99 5 1
99 15 1
99 16 1
99 22 1
99 23 1
99 36 1
99 37 1
99 38 1
99 41 1
99 52 1
99 53 1
99 54 1
99 55 1
99 59 1
99 60 1
99 61 1
99 62 1
99 63 1
99 64 1
99 65 1
99 69 1
99 73 1
99 75 1
99 76 1
99 77 1
99 78 1
99 79 1
99 81 1
99 82 1
99 92 1
99 98 1
100 3 1
100 4 1
100 5 1
100 6 1
100 16 1
100 21 1
100 22 1
100 23 1
100 38 1
100 42 1
100 53 1
100 63 1
100 64 1
100 65 1
100 76 1
100 79 1
100 82 1
100 83 1
100 84 1
101 11 1
101 18 1
101 19 1
101 29 1
101 34 1
101 44 1
101 45 1
101 46 1
101 49 1
101 57 1
101 67 1
101 68 1
101 69 1
101 70 1
101 74 1
101 86 1
101 87 1
101 88 1
101 89 1
101 91 1
102 8 1
102 11 1
102 12 1
102 18 1
102 19 1
102 29 1
102 30 1
102 34 1
102 37 1
102 39 1
102 44 1
102 45 1
102 46 1
102 47 1
102 48 1
102 49 1
102 57 1
102 58 1
102 62 1
102 66 1
102 68 1
102 69 1
102 70 1
102 72 1
102 73 1
102 74 1
102 80 1
102 86 1
102 87 1
102 91 1
102 92 1
102 93 1
102 98 1
102 101 1
103 8 1
103 10 1
103 11 1
103 12 1
103 18 1
103 19 1
103 29 1
103 30 1
103 34 1
103 44 1
103 45 1
103 46 1
103 49 1
103 56 1
103 57 1
103 58 1
103 62 1
103 66 1
103 67 1
103 68 1
103 69 1
103 70 1
103 71 1
103 72 1
103 74 1
103 80 1
103 86 1
103 87 1
103 88 1
103 89 1
103 91 1
103 93 1
103 94 1
103 101 1
103 102 1
104 10 1
104 11 1
104 12 1
104 13 1
104 19 1
104 28 1
104 29 1
104 30 1
104 46 1
104 50 1
104 56 1
104 70 1
104 71 1
104 72 1
104 87 1
104 91 1
104 94 1
104 95 1
104 96 1
105 4 1
105 15 1
105 16 1
105 22 1
105 36 1
105 37 1
105 38 1
105 41 1
105 52 1
105 54 1
105 60 1
105 61 1
105 62 1
105 63 1
105 73 1
105 75 1
105 76 1
105 77 1
105 78 1
105 79 1
105 98 1
105 99 1
106 3 1
106 4 1
106 5 1
106 15 1
106 16 1
106 22 1
106 23 1
106 36 1
106 38 1
106 42 1
106 53 1
106 54 1
106 60 1
106 61 1
106 63 1
106 64 1
106 65 1
106 75 1
106 76 1
106 77 1
106 79 1
106 82 1
106 98 1
106 99 1
106 100 1
106 105 1
107 10 1
107 11 1
107 12 1
107 18 1
107 19 1
107 29 1
107 30 1
107 34 1
107 46 1
107 56 1
107 57 1
107 67 1
107 68 1
107 70 1
107 71 1
107 72 1
107 86 1
107 87 1
107 88 1
107 91 1
107 94 1
107 101 1
107 102 1
107 103 1
107 104 1
108 0 1
108 4 1
108 14 1
108 20 1
108 33 1
108 38 1
108 53 1
108 60 1
108 75 1
108 76 1
108 77 1
108 78 1
108 79 1
108 82 1
108 106 1
109 0 1
109 14 1
109 15 1
109 20 1
109 24 1
109 33 1
109 38 1
109 41 1
109 43 1
109 53 1
109 54 1
109 60 1
109 61 1
109 63 1
109 65 1
109 75 1
109 76 1
109 77 1
109 78 1
109 79 1
109 82 1
109 84 1
109 108 1
110 1 1
110 2 1
110 5 1
110 6 1
110 25 1
110 37 1
110 39 1
110 40 1
110 55 1
110 59 1
110 61 1
110 62 1
110 69 1
110 73 1
110 74 1
110 80 1
110 81 1
110 83 1
110 85 1
110 92 1
110 98 1
110 99 1
111 1 1
111 2 1
111 15 1
111 24 1
111 33 1
111 36 1
111 37 1
111 38 1
111 39 1
111 40 1
111 41 1
111 43 1
111 45 1
111 47 1
111 54 1
111 55 1
111 58 1
111 59 1
111 61 1
111 62 1
111 63 1
111 65 1
111 69 1
111 73 1
111 75 1
111 76 1
111 78 1
111 79 1
111 80 1
111 81 1
111 82 1
111 84 1
111 85 1
111 92 1
111 98 1
111 99 1
111 105 1
111 109 1
111 110 1
112 1 1
112 2 1
112 5 1
112 6 1
112 16 1
112 23 1
112 25 1
112 37 1
112 39 1
112 40 1
112 42 1
112 55 1
112 59 1
112 62 1
112 64 1
112 80 1
112 81 1
112 83 1
112 85 1
112 98 1
112 110 1
113 7 1
113 11 1
113 17 1
113 26 1
113 35 1
113 46 1
113 56 1
113 67 1
113 86 1
113 87 1
113 88 1
113 89 1
113 90 1
113 91 1
113 94 1
113 107 1
114 7 1
114 17 1
114 18 1
114 26 1
114 27 1
114 35 1
114 49 1
114 51 1
114 67 1
114 88 1
114 89 1
114 90 1
115 7 1
115 17 1
115 18 1
115 26 1
115 27 1
115 31 1
115 35 1
115 46 1
115 49 1
115 51 1
115 56 1
115 57 1
115 67 1
115 68 1
115 70 1
115 72 1
115 86 1
115 87 1
115 88 1
115 89 1
115 90 1
115 91 1
115 94 1
115 96 1
115 113 1
115 114 1
116 8 1
116 9 1
116 12 1
116 13 1
116 18 1
116 32 1
116 45 1
116 47 1
116 48 1
116 58 1
116 62 1
116 66 1
116 68 1
116 69 1
116 73 1
116 74 1
116 80 1
116 92 1
116 93 1
116 95 1
116 97 1
116 102 1
116 103 1
116 111 1
117 8 1
117 9 1
117 18 1
117 27 1
117 31 1
117 34 1
117 35 1
117 37 1
117 39 1
117 45 1
117 46 1
117 47 1
117 48 1
117 49 1
117 51 1
117 55 1
117 57 1
117 58 1
117 62 1
117 66 1
117 68 1
117 69 1
117 70 1
117 72 1
117 74 1
117 80 1
117 86 1
117 87 1
117 89 1
117 91 1
117 92 1
117 93 1
117 94 1
117 96 1
117 97 1
117 101 1
117 102 1
117 103 1
117 110 1
117 115 1
117 116 1
118 8 1
118 9 1
118 12 1
118 13 1
118 19 1
118 30 1
118 32 1
118 45 1
118 47 1
118 48 1
118 50 1
118 58 1
118 66 1
118 69 1
118 71 1
118 92 1
118 93 1
118 95 1
118 97 1
118 102 1
118 116 1
119 0 1
119 3 1
119 14 1
119 15 1
119 20 1
119 33 1
119 38 1
119 43 1
119 53 1
119 60 1
119 63 1
119 65 1
119 75 1
119 76 1
119 77 1
119 78 1
119 79 1
119 82 1
119 100 1
119 106 1
119 108 1
119 109 1
120 3 1
120 4 1
120 5 1
120 6 1
120 16 1
120 21 1
120 22 1
120 23 1
120 38 1
120 42 1
120 53 1
120 63 1
120 64 1
120 65 1
120 82 1
120 83 1
120 85 1
120 100 1
120 106 1
121 3 1
121 4 1
121 5 1
121 14 1
121 15 1
121 16 1
121 21 1
121 22 1
121 23 1
121 36 1
121 38 1
121 42 1
121 53 1
121 60 1
121 61 1
121 63 1
121 64 1
121 65 1
121 75 1
121 76 1
121 77 1
121 79 1
121 82 1
121 99 1
121 100 1
121 105 1
121 106 1
121 108 1
121 119 1
121 120 1
122 1 1
122 3 1
122 5 1
122 6 1
122 16 1
122 21 1
122 22 1
122 23 1
122 25 1
122 42 1
122 59 1
122 64 1
122 83 1
122 85 1
122 110 1
122 112 1
122 120 1
123 1 1
123 2 1
123 3 1
123 5 1
123 6 1
123 16 1
123 21 1
123 23 1
123 25 1
123 37 1
123 40 1
123 42 1
123 55 1
123 59 1
123 64 1
123 81 1
123 83 1
123 85 1
123 110 1
123 112 1
123 120 1
123 122 1
124 1 1
124 2 1
124 3 1
124 4 1
124 5 1
124 6 1
124 15 1
124 16 1
124 21 1
124 24 1
124 38 1
124 40 1
124 41 1
124 42 1
124 43 1
124 53 1
124 55 1
124 61 1
124 63 1
124 64 1
124 65 1
124 79 1
124 81 1
124 82 1
124 83 1
124 84 1
124 85 1
124 99 1
124 100 1
124 106 1
124 109 1
124 111 1
124 119 1
124 120 1
124 121 1
124 122 1
124 123 1
125 7 1
125 17 1
125 18 1
125 26 1
125 27 1
125 35 1
125 46 1
125 49 1
125 51 1
125 56 1
125 57 1
125 67 1
125 86 1
125 87 1
125 88 1
125 89 1
125 90 1
125 91 1
125 113 1
125 114 1
125 115 1
126 7 1
126 10 1
126 11 1
126 17 1
126 18 1
126 26 1
126 35 1
126 46 1
126 51 1
126 56 1
126 67 1
126 70 1
126 72 1
126 86 1
126 87 1
126 88 1
126 89 1
126 91 1
126 94 1
126 104 1
126 107 1
126 113 1
126 115 1
126 125 1
127 10 1
127 11 1
127 12 1
127 13 1
127 19 1
127 28 1
127 29 1
127 30 1
127 46 1
127 50 1
127 56 1
127 70 1
127 71 1
127 72 1
127 94 1
127 95 1
127 97 1
127 104 1
127 107 1
127 126 1
128 10 1
128 11 1
128 12 1
128 17 1
128 18 1
128 19 1
128 28 1
128 29 1
128 30 1
128 34 1
128 46 1
128 50 1
128 56 1
128 67 1
128 68 1
128 70 1
128 71 1
128 72 1
128 86 1
128 87 1
128 88 1
128 91 1
128 94 1
128 101 1
128 103 1
128 104 1
128 107 1
128 113 1
128 126 1
128 127 1
129 8 1
129 10 1
129 12 1
129 13 1
129 19 1
129 28 1
129 29 1
129 30 1
129 32 1
129 50 1
129 66 1
129 71 1
129 95 1
129 97 1
129 116 1
129 118 1
129 127 1
130 8 1
130 9 1
130 10 1
130 12 1
130 13 1
130 19 1
130 28 1
130 30 1
130 32 1
130 45 1
130 48 1
130 50 1
130 58 1
130 66 1
130 71 1
130 93 1
130 95 1
130 97 1
130 116 1
130 118 1
130 127 1
130 129 1
131 8 1
131 9 1
131 10 1
131 11 1
131 12 1
131 13 1
131 18 1
131 19 1
131 28 1
131 31 1
131 46 1
131 48 1
131 49 1
131 50 1
131 51 1
131 56 1
131 58 1
131 68 1
131 70 1
131 71 1
131 72 1
131 91 1
131 93 1
131 94 1
131 95 1
131 96 1
131 97 1
131 103 1
131 104 1
131 107 1
131 115 1
131 117 1
131 126 1
131 127 1
131 128 1
131 129 1
131 130 1
132 1 1
132 4 1
132 5 1
132 16 1
132 22 1
132 23 1
132 25 1
132 36 1
132 37 1
132 44 1
132 59 1
132 62 1
132 83 1
132 98 1
132 110 1
132 112 1
132 122 1
132 123 1
133 1 1
133 2 1
133 6 1
133 15 1
133 25 1
133 37 1
133 39 1
133 40 1
133 47 1
133 55 1
133 59 1
133 61 1
133 62 1
133 69 1
133 73 1
133 74 1
133 80 1
133 81 1
133 83 1
133 85 1
133 92 1
133 110 1
133 111 1
133 112 1
133 123 1
134 1 1
134 2 1
134 15 1
134 24 1
134 33 1
134 37 1
134 39 1
134 40 1
134 41 1
134 43 1
134 47 1
134 54 1
134 55 1
134 58 1
134 59 1
134 61 1
134 62 1
134 63 1
134 65 1
134 69 1
134 73 1
134 75 1
134 79 1
134 80 1
134 81 1
134 82 1
134 84 1
134 85 1
134 92 1
134 98 1
134 99 1
134 109 1
134 110 1
134 111 1
134 124 1
134 133 1
135 1 1
135 4 1
135 5 1
135 6 1
135 16 1
135 22 1
135 23 1
135 25 1
135 36 1
135 37 1
135 42 1
135 59 1
135 64 1
135 83 1
135 106 1
135 110 1
135 112 1
135 120 1
135 122 1
135 123 1
135 132 1
136 1 1
136 2 1
136 3 1
136 6 1
136 14 1
136 15 1
136 24 1
136 33 1
136 38 1
136 40 1
136 41 1
136 42 1
136 43 1
136 53 1
136 54 1
136 61 1
136 63 1
136 64 1
136 65 1
136 75 1
136 76 1
136 77 1
136 79 1
136 81 1
136 82 1
136 84 1
136 85 1
136 99 1
136 100 1
136 109 1
136 111 1
136 119 1
136 121 1
136 124 1
136 134 1
137 1 1
137 2 1
137 3 1
137 14 1
137 15 1
137 24 1
137 33 1
137 38 1
137 40 1
137 41 1
137 43 1
137 53 1
137 54 1
137 55 1
137 61 1
137 63 1
137 65 1
137 73 1
137 76 1
137 79 1
137 81 1
137 82 1
137 84 1
137 85 1
137 109 1
137 111 1
137 119 1
137 124 1
137 134 1
137 136 1
138 14 1
138 15 1
138 24 1
138 33 1
138 38 1
138 41 1
138 43 1
138 53 1
138 63 1
138 65 1
138 79 1
138 82 1
138 84 1
138 109 1
138 119 1
138 124 1
138 134 1
138 136 1
138 137 1
139 8 1
139 11 1
139 12 1
139 19 1
139 29 1
139 30 1
139 32 1
139 34 1
139 45 1
139 52 1
139 66 1
139 69 1
139 95 1
139 102 1
139 116 1
139 118 1
139 129 1
139 130 1
140 7 1
140 17 1
140 26 1
140 27 1
140 35 1
140 44 1
140 49 1
140 51 1
140 57 1
140 67 1
140 87 1
140 88 1
140 89 1
140 90 1
140 91 1
140 113 1
140 114 1
140 115 1
140 125 1
141 8 1
141 9 1
141 13 1
141 18 1
141 32 1
141 39 1
141 45 1
141 47 1
141 48 1
141 58 1
141 62 1
141 66 1
141 68 1
141 69 1
141 73 1
141 74 1
141 80 1
141 92 1
141 93 1
141 95 1
141 97 1
141 111 1
141 116 1
141 117 1
141 118 1
141 130 1
142 8 1
142 9 1
142 18 1
142 31 1
142 35 1
142 39 1
142 45 1
142 46 1
142 47 1
142 48 1
142 49 1
142 51 1
142 55 1
142 57 1
142 58 1
142 62 1
142 66 1
142 68 1
142 69 1
142 70 1
142 72 1
142 74 1
142 80 1
142 86 1
142 91 1
142 92 1
142 93 1
142 94 1
142 96 1
142 97 1
142 102 1
142 103 1
142 115 1
142 116 1
142 117 1
142 131 1
142 141 1
143 8 1
143 11 1
143 12 1
143 13 1
143 19 1
143 29 1
143 30 1
143 32 1
143 34 1
143 45 1
143 50 1
143 66 1
143 71 1
143 95 1
143 107 1
143 116 1
143 118 1
143 127 1
143 129 1
143 130 1
143 139 1
144 8 1
144 9 1
144 10 1
144 13 1
144 17 1
144 18 1
144 27 1
144 31 1
144 35 1
144 46 1
144 48 1
144 49 1
144 50 1
144 51 1
144 56 1
144 57 1
144 68 1
144 70 1
144 71 1
144 72 1
144 86 1
144 87 1
144 88 1
144 89 1
144 91 1
144 93 1
144 94 1
144 96 1
144 97 1
144 103 1
144 104 1
144 114 1
144 115 1
144 117 1
144 125 1
144 126 1
144 128 1
144 131 1
144 142 1
145 8 1
145 9 1
145 10 1
145 17 1
145 18 1
145 27 1
145 31 1
145 35 1
145 46 1
145 48 1
145 49 1
145 51 1
145 56 1
145 57 1
145 58 1
145 68 1
145 70 1
145 72 1
145 74 1
145 87 1
145 88 1
145 89 1
145 91 1
145 93 1
145 94 1
145 96 1
145 97 1
145 103 1
145 114 1
145 115 1
145 117 1
145 125 1
145 126 1
145 131 1
145 142 1
145 144 1
146 17 1
146 18 1
146 27 1
146 31 1
146 35 1
146 46 1
146 49 1
146 51 1
146 70 1
146 72 1
146 91 1
146 94 1
146 96 1
146 114 1
146 115 1
146 125 1
146 126 1
146 131 1
146 142 1
146 144 1
146 145 1
147 0 1
147 4 1
147 14 1
147 16 1
147 20 1
147 22 1
147 33 1
147 36 1
147 38 1
147 52 1
147 53 1
147 54 1
147 60 1
147 61 1
147 63 1
147 75 1
147 76 1
147 77 1
147 78 1
147 79 1
147 82 1
147 99 1
147 100 1
147 105 1
147 106 1
147 108 1
147 109 1
147 119 1
147 121 1
148 0 1
148 14 1
148 20 1
148 33 1
148 38 1
148 52 1
148 53 1
148 60 1
148 75 1
148 76 1
148 77 1
148 78 1
148 79 1
148 105 1
148 106 1
148 108 1
148 119 1
148 121 1
148 147 1
149 1 1
149 2 1
149 25 1
149 37 1
149 39 1
149 40 1
149 45 1
149 47 1
149 49 1
149 54 1
149 55 1
149 57 1
149 58 1
149 59 1
149 61 1
149 62 1
149 68 1
149 69 1
149 73 1
149 74 1
149 80 1
149 81 1
149 83 1
149 85 1
149 92 1
149 98 1
149 99 1
149 102 1
149 110 1
149 111 1
149 112 1
149 117 1
149 123 1
149 132 1
149 133 1
149 134 1
149 142 1
150 1 1
150 2 1
150 5 1
150 6 1
150 21 1
150 23 1
150 25 1
150 42 1
150 59 1
150 64 1
150 83 1
150 85 1
150 110 1
150 112 1
150 122 1
150 123 1
150 132 1
150 135 1
151 7 1
151 11 1
151 17 1
151 19 1
151 26 1
151 29 1
151 34 1
151 35 1
151 44 1
151 46 1
151 56 1
151 57 1
151 67 1
151 68 1
151 70 1
151 86 1
151 87 1
151 88 1
151 89 1
151 90 1
151 91 1
151 94 1
151 101 1
151 103 1
151 104 1
151 107 1
151 113 1
151 115 1
151 125 1
151 126 1
151 128 1
152 7 1
152 17 1
152 26 1
152 27 1
152 35 1
152 44 1
152 46 1
152 56 1
152 67 1
152 86 1
152 87 1
152 88 1
152 89 1
152 90 1
152 91 1
152 107 1
152 113 1
152 114 1
152 115 1
152 125 1
152 126 1
152 128 1
152 140 1
152 151 1
153 7 1
153 17 1
153 18 1
153 26 1
153 27 1
153 31 1
153 35 1
153 49 1
153 51 1
153 67 1
153 88 1
153 89 1
153 90 1
153 91 1
153 114 1
153 115 1
153 117 1
153 125 1
153 140 1
153 144 1
153 145 1
153 146 1
154 8 1
154 9 1
154 32 1
154 37 1
154 39 1
154 41 1
154 45 1
154 47 1
154 48 1
154 54 1
154 55 1
154 57 1
154 58 1
154 61 1
154 62 1
154 66 1
154 68 1
154 69 1
154 73 1
154 74 1
154 80 1
154 92 1
154 93 1
154 95 1
154 97 1
154 98 1
154 102 1
154 103 1
154 111 1
154 116 1
154 117 1
154 118 1
154 130 1
154 134 1
154 139 1
154 141 1
154 142 1
154 149 1
155 8 1
155 9 1
155 12 1
155 13 1
155 28 1
155 30 1
155 32 1
155 50 1
155 66 1
155 71 1
155 95 1
155 97 1
155 116 1
155 118 1
155 129 1
155 130 1
155 139 1
155 143 1
156 0 1
156 3 1
156 4 1
156 14 1
156 15 1
156 16 1
156 20 1
156 22 1
156 23 1
156 33 1
156 36 1
156 38 1
156 41 1
156 52 1
156 53 1
156 54 1
156 60 1
156 61 1
156 63 1
156 64 1
156 65 1
156 73 1
156 75 1
156 76 1
156 77 1
156 78 1
156 79 1
156 82 1
156 98 1
156 99 1
156 100 1
156 105 1
156 106 1
156 108 1
156 109 1
156 111 1
156 119 1
156 121 1
156 136 1
156 147 1
156 148 1
157 4 1
157 5 1
157 6 1
157 16 1
157 21 1
157 22 1
157 23 1
157 25 1
157 42 1
157 59 1
157 64 1
157 83 1
157 112 1
157 120 1
157 122 1
157 123 1
157 132 1
157 135 1
157 150 1
158 3 1
158 6 1
158 14 1
158 15 1
158 24 1
158 33 1
158 38 1
158 40 1
158 41 1
158 42 1
158 43 1
158 53 1
158 61 1
158 63 1
158 64 1
158 65 1
158 79 1
158 81 1
158 82 1
158 84 1
158 85 1
158 100 1
158 109 1
158 111 1
158 119 1
158 124 1
158 134 1
158 136 1
158 137 1
158 138 1
159 1 1
159 2 1
159 3 1
159 6 1
159 15 1
159 21 1
159 24 1
159 38 1
159 40 1
159 41 1
159 42 1
159 43 1
159 55 1
159 61 1
159 63 1
159 64 1
159 65 1
159 79 1
159 81 1
159 82 1
159 83 1
159 84 1
159 85 1
159 100 1
159 110 1
159 120 1
159 123 1
159 124 1
159 133 1
159 134 1
159 136 1
159 137 1
159 138 1
159 158 1
160 1 1
160 2 1
160 5 1
160 6 1
160 23 1
160 25 1
160 37 1
160 39 1
160 40 1
160 42 1
160 55 1
160 59 1
160 62 1
160 64 1
160 80 1
160 81 1
160 83 1
160 85 1
160 110 1
160 112 1
160 122 1
160 123 1
160 124 1
160 132 1
160 133 1
160 135 1
160 149 1
160 150 1
160 157 1
160 159 1
161 11 1
161 26 1
161 29 1
161 34 1
161 44 1
161 57 1
161 67 1
161 68 1
161 74 1
161 86 1
161 87 1
161 88 1
161 89 1
161 91 1
161 101 1
161 102 1
161 103 1
161 107 1
161 151 1
161 152 1
162 7 1
162 10 1
162 11 1
162 17 1
162 18 1
162 19 1
162 26 1
162 29 1
162 30 1
162 34 1
162 35 1
162 44 1
162 46 1
162 49 1
162 56 1
162 57 1
162 67 1
162 68 1
162 70 1
162 71 1
162 72 1
162 74 1
162 86 1
162 87 1
162 88 1
162 89 1
162 91 1
162 94 1
162 101 1
162 102 1
162 103 1
162 104 1
162 107 1
162 113 1
162 115 1
162 117 1
162 125 1
162 126 1
162 128 1
162 144 1
162 151 1
162 152 1
162 161 1
163 11 1
163 12 1
163 13 1
163 19 1
163 28 1
163 29 1
163 30 1
163 32 1
163 50 1
163 66 1
163 71 1
163 95 1
163 118 1
163 127 1
163 129 1
163 130 1
163 139 1
163 143 1
163 155 1
164 10 1
164 13 1
164 17 1
164 18 1
164 31 1
164 35 1
164 46 1
164 48 1
164 49 1
164 50 1
164 51 1
164 56 1
164 68 1
164 70 1
164 71 1
164 72 1
164 91 1
164 93 1
164 94 1
164 96 1
164 97 1
164 104 1
164 115 1
164 117 1
164 126 1
164 131 1
164 142 1
164 144 1
164 145 1
164 146 1
164 153 1
165 8 1
165 9 1
165 10 1
165 13 1
165 18 1
165 28 1
165 31 1
165 46 1
165 48 1
165 49 1
165 50 1
165 51 1
165 58 1
165 68 1
165 70 1
165 71 1
165 72 1
165 91 1
165 93 1
165 94 1
165 95 1
165 96 1
165 97 1
165 104 1
165 116 1
165 127 1
165 130 1
165 131 1
165 141 1
165 142 1
165 144 1
165 145 1
165 146 1
165 164 1
166 8 1
166 9 1
166 12 1
166 13 1
166 30 1
166 32 1
166 45 1
166 47 1
166 48 1
166 50 1
166 58 1
166 66 1
166 69 1
166 71 1
166 92 1
166 93 1
166 95 1
166 97 1
166 116 1
166 118 1
166 129 1
166 130 1
166 131 1
166 139 1
166 141 1
166 143 1
166 154 1
166 155 1
166 163 1
166 165 1
167 4 1
167 20 1
167 22 1
167 36 1
167 52 1
167 54 1
167 60 1
167 61 1
167 73 1
167 75 1
167 76 1
167 77 1
167 78 1
167 79 1
167 98 1
167 99 1
167 105 1
167 106 1
167 108 1
167 147 1
167 148 1
167 156 1
168 1 1
168 2 1
168 4 1
168 5 1
168 15 1
168 16 1
168 22 1
168 23 1
168 25 1
168 36 1
168 37 1
168 38 1
168 39 1
168 40 1
168 41 1
168 45 1
168 47 1
168 54 1
168 55 1
168 59 1
168 61 1
168 62 1
168 63 1
168 64 1
168 65 1
168 69 1
168 73 1
168 74 1
168 75 1
168 79 1
168 80 1
168 81 1
168 82 1
168 83 1
168 85 1
168 92 1
168 98 1
168 99 1
168 102 1
168 105 1
168 106 1
168 110 1
168 111 1
168 112 1
168 124 1
168 132 1
168 133 1
168 134 1
168 135 1
168 149 1
168 154 1
168 156 1
168 160 1
168 167 1
169 0 1
169 3 1
169 14 1
169 15 1
169 20 1
169 24 1
169 33 1
169 38 1
169 41 1
169 43 1
169 53 1
169 60 1
169 61 1
169 63 1
169 65 1
169 75 1
169 76 1
169 77 1
169 78 1
169 79 1
169 82 1
169 84 1
169 100 1
169 106 1
169 108 1
169 109 1
169 119 1
169 121 1
169 124 1
169 136 1
169 137 1
169 138 1
169 147 1
169 148 1
169 156 1
169 158 1
170 0 1
170 1 1
170 3 1
170 4 1
170 5 1
170 6 1
170 14 1
170 15 1
170 16 1
170 20 1
170 22 1
170 23 1
170 33 1
170 36 1
170 37 1
170 38 1
170 41 1
170 42 1
170 43 1
170 53 1
170 54 1
170 59 1
170 60 1
170 61 1
170 63 1
170 64 1
170 65 1
170 73 1
170 75 1
170 76 1
170 77 1
170 78 1
170 79 1
170 81 1
170 82 1
170 83 1
170 84 1
170 85 1
170 98 1
170 99 1
170 100 1
170 105 1
170 106 1
170 108 1
170 109 1
170 111 1
170 119 1
170 120 1
170 121 1
170 124 1
170 134 1
170 136 1
170 137 1
170 147 1
170 148 1
170 156 1
170 158 1
170 159 1
170 167 1
170 168 1
170 169 1
171 1 1
171 2 1
171 4 1
171 8 1
171 15 1
171 25 1
171 36 1
171 37 1
171 39 1
171 40 1
171 41 1
171 45 1
171 47 1
171 54 1
171 55 1
171 57 1
171 58 1
171 59 1
171 61 1
171 62 1
171 63 1
171 65 1
171 66 1
171 69 1
171 73 1
171 74 1
171 75 1
171 79 1
171 80 1
171 81 1
171 85 1
171 92 1
171 98 1
171 99 1
171 102 1
171 105 1
171 110 1
171 111 1
171 112 1
171 116 1
171 117 1
171 133 1
171 134 1
171 137 1
171 141 1
171 142 1
171 149 1
171 154 1
171 160 1
171 168 1
171 170 1
172 0 1
172 1 1
172 2 1
172 3 1
172 4 1
172 6 1
172 14 1
172 15 1
172 16 1
172 22 1
172 24 1
172 33 1
172 36 1
172 37 1
172 38 1
172 40 1
172 41 1
172 42 1
172 43 1
172 53 1
172 54 1
172 55 1
172 60 1
172 61 1
172 63 1
172 64 1
172 65 1
172 73 1
172 75 1
172 76 1
172 77 1
172 78 1
172 79 1
172 81 1
172 82 1
172 83 1
172 84 1
172 85 1
172 98 1
172 99 1
172 100 1
172 105 1
172 106 1
172 108 1
172 109 1
172 111 1
172 119 1
172 120 1
172 121 1
172 124 1
172 134 1
172 136 1
172 137 1
172 138 1
172 147 1
172 156 1
172 158 1
172 159 1
172 168 1
172 169 1
172 170 1
172 171 1
173 3 1
173 4 1
173 5 1
173 6 1
173 15 1
173 16 1
173 21 1
173 22 1
173 23 1
173 36 1
173 38 1
173 42 1
173 53 1
173 61 1
173 63 1
173 64 1
173 65 1
173 75 1
173 76 1
173 77 1
173 79 1
173 82 1
173 83 1
173 84 1
173 85 1
173 99 1
173 100 1
173 106 1
173 108 1
173 119 1
173 120 1
173 121 1
173 122 1
173 124 1
173 135 1
173 136 1
173 147 1
173 156 1
173 157 1
173 158 1
173 159 1
173 169 1
173 170 1
173 172 1
174 1 1
174 3 1
174 4 1
174 5 1
174 6 1
174 15 1
174 16 1
174 21 1
174 22 1
174 23 1
174 25 1
174 36 1
174 37 1
174 38 1
174 42 1
174 53 1
174 54 1
174 59 1
174 61 1
174 63 1
174 64 1
174 65 1
174 73 1
174 75 1
174 76 1
174 79 1
174 81 1
174 82 1
174 83 1
174 85 1
174 98 1
174 99 1
174 100 1
174 105 1
174 106 1
174 110 1
174 112 1
174 120 1
174 121 1
174 122 1
174 123 1
174 124 1
174 132 1
174 135 1
174 147 1
174 150 1
174 156 1
174 157 1
174 159 1
174 160 1
174 168 1
174 170 1
174 171 1
174 172 1
174 173 1
175 1 1
175 2 1
175 3 1
175 4 1
175 5 1
175 6 1
175 16 1
175 21 1
175 22 1
175 23 1
175 25 1
175 36 1
175 37 1
175 42 1
175 55 1
175 59 1
175 61 1
175 63 1
175 64 1
175 81 1
175 82 1
175 83 1
175 85 1
175 98 1
175 99 1
175 100 1
175 106 1
175 110 1
175 112 1
175 120 1
175 121 1
175 122 1
175 123 1
175 124 1
175 132 1
175 135 1
175 149 1
175 150 1
175 157 1
175 160 1
175 168 1
175 170 1
175 173 1
175 174 1
176 1 1
176 2 1
176 3 1
176 4 1
176 5 1
176 6 1
176 15 1
176 16 1
176 21 1
176 22 1
176 23 1
176 24 1
176 37 1
176 38 1
176 40 1
176 41 1
176 42 1
176 53 1
176 55 1
176 59 1
176 61 1
176 63 1
176 64 1
176 65 1
176 79 1
176 81 1
176 82 1
176 83 1
176 84 1
176 85 1
176 98 1
176 99 1
176 100 1
176 106 1
176 110 1
176 111 1
176 112 1
176 120 1
176 121 1
176 122 1
176 123 1
176 124 1
176 133 1
176 134 1
176 135 1
176 136 1
176 137 1
176 150 1
176 157 1
176 158 1
176 159 1
176 160 1
176 168 1
176 170 1
176 171 1
176 172 1
176 173 1
176 174 1
176 175 1
177 1 1
177 2 1
177 3 1
177 5 1
177 6 1
177 15 1
177 21 1
177 23 1
177 25 1
177 37 1
177 39 1
177 40 1
177 42 1
177 55 1
177 59 1
177 61 1
177 62 1
177 63 1
177 64 1
177 65 1
177 80 1
177 81 1
177 82 1
177 83 1
177 84 1
177 85 1
177 98 1
177 110 1
177 112 1
177 122 1
177 123 1
177 124 1
177 132 1
177 133 1
177 134 1
177 135 1
177 149 1
177 150 1
177 157 1
177 159 1
177 160 1
177 168 1
177 171 1
177 172 1
177 174 1
177 175 1
177 176 1
178 1 1
178 5 1
178 23 1
178 25 1
178 37 1
178 39 1
178 44 1
178 59 1
178 62 1
178 83 1
178 110 1
178 112 1
178 122 1
178 123 1
178 132 1
178 135 1
178 149 1
178 150 1
178 157 1
178 160 1
178 168 1
178 175 1
178 177 1
179 8 1
179 9 1
179 11 1
179 12 1
179 18 1
179 19 1
179 29 1
179 30 1
179 32 1
179 34 1
179 45 1
179 47 1
179 57 1
179 58 1
179 62 1
179 66 1
179 68 1
179 69 1
179 70 1
179 71 1
179 73 1
179 74 1
179 86 1
179 91 1
179 92 1
179 93 1
179 95 1
179 98 1
179 101 1
179 102 1
179 103 1
179 107 1
179 116 1
179 117 1
179 118 1
179 129 1
179 130 1
179 139 1
179 141 1
179 142 1
179 143 1
179 154 1
179 155 1
179 161 1
179 162 1
179 163 1
179 166 1
179 171 1
180 8 1
180 9 1
180 11 1
180 12 1
180 18 1
180 19 1
180 29 1
180 30 1
180 32 1
180 34 1
180 37 1
180 39 1
180 45 1
180 46 1
180 47 1
180 48 1
180 49 1
180 57 1
180 58 1
180 62 1
180 66 1
180 68 1
180 69 1
180 70 1
180 71 1
180 72 1
180 73 1
180 74 1
180 80 1
180 86 1
180 91 1
180 92 1
180 93 1
180 94 1
180 95 1
180 97 1
180 98 1
180 101 1
180 102 1
180 103 1
180 107 1
180 116 1
180 117 1
180 118 1
180 131 1
180 139 1
180 141 1
180 142 1
180 143 1
180 149 1
180 154 1
180 161 1
180 162 1
180 166 1
180 168 1
180 171 1
180 179 1
181 7 1
181 10 1
181 17 1
181 18 1
181 26 1
181 27 1
181 31 1
181 35 1
181 46 1
181 49 1
181 51 1
181 56 1
181 67 1
181 68 1
181 70 1
181 72 1
181 86 1
181 87 1
181 88 1
181 89 1
181 90 1
181 91 1
181 94 1
181 96 1
181 104 1
181 107 1
181 113 1
181 114 1
181 115 1
181 125 1
181 126 1
181 128 1
181 131 1
181 144 1
181 145 1
181 146 1
181 151 1
181 152 1
181 153 1
181 162 1
181 164 1
182 7 1
182 8 1
182 10 1
182 11 1
182 12 1
182 13 1
182 17 1
182 18 1
182 19 1
182 26 1
182 29 1
182 30 1
182 34 1
182 35 1
182 45 1
182 46 1
182 49 1
182 50 1
182 51 1
182 56 1
182 57 1
182 66 1
182 67 1
182 68 1
182 70 1
182 71 1
182 72 1
182 74 1
182 86 1
182 87 1
182 88 1
182 89 1
182 91 1
182 93 1
182 94 1
182 95 1
182 96 1
182 97 1
182 101 1
182 102 1
182 103 1
182 104 1
182 107 1
182 113 1
182 115 1
182 117 1
182 125 1
182 126 1
182 127 1
182 128 1
182 131 1
182 142 1
182 144 1
182 145 1
182 151 1
182 152 1
182 161 1
182 162 1
182 164 1
182 165 1
182 179 1
182 180 1
182 181 1
183 1 1
183 8 1
183 9 1
183 11 1
183 18 1
183 32 1
183 34 1
183 37 1
183 39 1
183 45 1
183 47 1
183 48 1
183 49 1
183 54 1
183 55 1
183 57 1
183 58 1
183 59 1
183 62 1
183 66 1
183 68 1
183 69 1
183 70 1
183 72 1
183 73 1
183 74 1
183 80 1
183 86 1
183 91 1
183 92 1
183 93 1
183 97 1
183 98 1
183 101 1
183 102 1
183 103 1
183 110 1
183 111 1
183 116 1
183 117 1
183 118 1
183 133 1
183 134 1
183 141 1
183 142 1
183 145 1
183 149 1
183 154 1
183 166 1
183 168 1
183 171 1
183 179 1
183 180 1
183 182 1
184 7 1
184 8 1
184 9 1
184 10 1
184 11 1
184 13 1
184 17 1
184 18 1
184 19 1
184 27 1
184 29 1
184 31 1
184 34 1
184 35 1
184 45 1
184 46 1
184 48 1
184 49 1
184 50 1
184 51 1
184 56 1
184 57 1
184 58 1
184 67 1
184 68 1
184 70 1
184 71 1
184 72 1
184 74 1
184 86 1
184 87 1
184 88 1
184 89 1
184 91 1
184 93 1
184 94 1
184 95 1
184 96 1
184 97 1
184 101 1
184 102 1
184 103 1
184 104 1
184 107 1
184 113 1
184 114 1
184 115 1
184 117 1
184 125 1
184 126 1
184 127 1
184 128 1
184 131 1
184 142 1
184 144 1
184 145 1
184 146 1
184 151 1
184 153 1
184 162 1
184 164 1
184 165 1
184 179 1
184 180 1
184 181 1
184 182 1
184 183 1
185 10 1
185 11 1
185 12 1
185 13 1
185 18 1
185 19 1
185 28 1
185 29 1
185 30 1
185 34 1
185 46 1
185 50 1
185 56 1
185 68 1
185 70 1
185 71 1
185 72 1
185 86 1
185 87 1
185 88 1
185 91 1
185 94 1
185 95 1
185 96 1
185 97 1
185 103 1
185 104 1
185 107 1
185 113 1
185 126 1
185 127 1
185 128 1
185 129 1
185 131 1
185 143 1
185 144 1
185 151 1
185 162 1
185 163 1
185 164 1
185 165 1
185 179 1
185 181 1
185 182 1
185 184 1
186 8 1
186 10 1
186 11 1
186 12 1
186 13 1
186 18 1
186 19 1
186 28 1
186 29 1
186 30 1
186 32 1
186 34 1
186 45 1
186 46 1
186 50 1
186 56 1
186 57 1
186 66 1
186 68 1
186 70 1
186 71 1
186 72 1
186 74 1
186 86 1
186 87 1
186 91 1
186 93 1
186 94 1
186 95 1
186 97 1
186 101 1
186 102 1
186 103 1
186 104 1
186 107 1
186 116 1
186 118 1
186 127 1
186 128 1
186 129 1
186 130 1
186 131 1
186 139 1
186 143 1
186 155 1
186 162 1
186 163 1
186 165 1
186 166 1
186 179 1
186 180 1
186 182 1
186 183 1
186 184 1
186 185 1
187 8 1
187 9 1
187 10 1
187 11 1
187 12 1
187 13 1
187 19 1
187 28 1
187 29 1
187 30 1
187 32 1
187 34 1
187 45 1
187 50 1
187 58 1
187 66 1
187 68 1
187 70 1
187 71 1
187 93 1
187 94 1
187 95 1
187 97 1
187 102 1
187 103 1
187 104 1
187 107 1
187 116 1
187 118 1
187 127 1
187 128 1
187 129 1
187 130 1
187 131 1
187 139 1
187 143 1
187 154 1
187 155 1
187 163 1
187 166 1
187 179 1
187 180 1
187 182 1
187 185 1
187 186 1
188 8 1
188 9 1
188 10 1
188 11 1
188 12 1
188 13 1
188 18 1
188 19 1
188 28 1
188 29 1
188 30 1
188 31 1
188 45 1
188 46 1
188 48 1
188 49 1
188 50 1
188 56 1
188 58 1
188 66 1
188 68 1
188 70 1
188 71 1
188 72 1
188 91 1
188 93 1
188 94 1
188 95 1
188 96 1
188 97 1
188 102 1
188 103 1
188 104 1
188 107 1
188 116 1
188 117 1
188 118 1
188 127 1
188 128 1
188 129 1
188 130 1
188 131 1
188 141 1
188 142 1
188 143 1
188 144 1
188 145 1
188 155 1
188 163 1
188 164 1
188 165 1
188 166 1
188 179 1
188 180 1
188 182 1
188 183 1
188 184 1
188 185 1
188 186 1
188 187 1
189 8 1
189 9 1
189 10 1
189 12 1
189 13 1
189 18 1
189 19 1
189 28 1
189 30 1
189 32 1
189 45 1
189 47 1
189 48 1
189 50 1
189 58 1
189 66 1
189 68 1
189 69 1
189 70 1
189 71 1
189 72 1
189 92 1
189 93 1
189 94 1
189 95 1
189 96 1
189 97 1
189 102 1
189 116 1
189 118 1
189 129 1
189 130 1
189 131 1
189 139 1
189 141 1
189 142 1
189 143 1
189 154 1
189 155 1
189 163 1
189 165 1
189 166 1
189 179 1
189 180 1
189 183 1
189 184 1
189 186 1
189 187 1
189 188 1
190 8 1
190 12 1
190 30 1
190 32 1
190 45 1
190 47 1
190 52 1
190 66 1
190 69 1
190 73 1
190 95 1
190 116 1
190 118 1
190 129 1
190 130 1
190 139 1
190 143 1
190 154 1
190 155 1
190 163 1
190 166 1
190 179 1
190 180 1
190 187 1
190 189 1
191 1 1
191 2 1
191 4 1
191 5 1
191 16 1
191 22 1
191 23 1
191 25 1
191 36 1
191 37 1
191 39 1
191 54 1
191 55 1
191 59 1
191 61 1
191 62 1
191 63 1
191 64 1
191 69 1
191 73 1
191 74 1
191 75 1
191 79 1
191 80 1
191 81 1
191 83 1
191 98 1
191 99 1
191 102 1
191 105 1
191 106 1
191 110 1
191 111 1
191 112 1
191 122 1
191 123 1
191 132 1
191 133 1
191 134 1
191 135 1
191 149 1
191 150 1
191 156 1
191 157 1
191 160 1
191 167 1
191 168 1
191 170 1
191 171 1
191 172 1
191 173 1
191 174 1
191 175 1
191 176 1
191 177 1
191 178 1
191 183 1
192 7 1
192 11 1
192 26 1
192 34 1
192 44 1
192 57 1
192 67 1
192 68 1
192 74 1
192 86 1
192 87 1
192 88 1
192 89 1
192 91 1
192 101 1
192 102 1
192 103 1
192 107 1
192 113 1
192 140 1
192 151 1
192 152 1
192 161 1
192 162 1
192 182 1
193 8 1
193 11 1
193 12 1
193 19 1
193 29 1
193 30 1
193 32 1
193 34 1
193 36 1
193 37 1
193 45 1
193 57 1
193 58 1
193 62 1
193 66 1
193 68 1
193 69 1
193 70 1
193 73 1
193 74 1
193 80 1
193 86 1
193 91 1
193 92 1
193 93 1
193 98 1
193 101 1
193 102 1
193 103 1
193 105 1
193 107 1
193 116 1
193 117 1
193 118 1
193 139 1
193 142 1
193 143 1
193 154 1
193 161 1
193 162 1
193 168 1
193 171 1
193 179 1
193 180 1
193 182 1
193 183 1
193 186 1
193 187 1
193 190 1
193 191 1
193 192 1
194 0 1
194 4 1
194 20 1
194 36 1
194 52 1
194 54 1
194 60 1
194 61 1
194 73 1
194 75 1
194 76 1
194 77 1
194 78 1
194 79 1
194 98 1
194 99 1
194 105 1
194 106 1
194 108 1
194 147 1
194 148 1
194 156 1
194 167 1
194 170 1
195 1 1
195 4 1
195 5 1
195 16 1
195 22 1
195 23 1
195 25 1
195 34 1
195 36 1
195 37 1
195 45 1
195 54 1
195 55 1
195 59 1
195 61 1
195 62 1
195 63 1
195 69 1
195 73 1
195 74 1
195 75 1
195 79 1
195 80 1
195 81 1
195 92 1
195 98 1
195 99 1
195 101 1
195 102 1
195 105 1
195 106 1
195 110 1
195 111 1
195 112 1
195 132 1
195 134 1
195 135 1
195 149 1
195 156 1
195 167 1
195 168 1
195 170 1
195 171 1
195 174 1
195 175 1
195 178 1
195 179 1
195 180 1
195 183 1
195 191 1
195 193 1
195 194 1
196 1 1
196 2 1
196 4 1
196 5 1
196 6 1
196 16 1
196 22 1
196 23 1
196 25 1
196 36 1
196 37 1
196 39 1
196 55 1
196 57 1
196 59 1
196 61 1
196 62 1
196 69 1
196 73 1
196 74 1
196 80 1
196 81 1
196 83 1
196 98 1
196 99 1
196 110 1
196 112 1
196 122 1
196 123 1
196 132 1
196 133 1
196 135 1
196 149 1
196 150 1
196 157 1
196 160 1
196 168 1
196 171 1
196 174 1
196 175 1
196 176 1
196 177 1
196 178 1
196 191 1
196 195 1
197 1 1
197 3 1
197 4 1
197 5 1
197 6 1
197 16 1
197 22 1
197 23 1
197 25 1
197 36 1
197 37 1
197 38 1
197 42 1
197 59 1
197 61 1
197 63 1
197 64 1
197 75 1
197 79 1
197 82 1
197 83 1
197 98 1
197 99 1
197 100 1
197 105 1
197 106 1
197 110 1
197 112 1
197 120 1
197 121 1
197 122 1
197 123 1
197 132 1
197 135 1
197 150 1
197 156 1
197 157 1
197 160 1
197 168 1
197 170 1
197 173 1
197 174 1
197 175 1
197 176 1
197 177 1
197 178 1
197 191 1
197 195 1
197 196 1
198 1 1
198 2 1
198 3 1
198 5 1
198 6 1
198 15 1
198 21 1
198 25 1
198 37 1
198 39 1
198 40 1
198 42 1
198 55 1
198 59 1
198 61 1
198 63 1
198 64 1
198 65 1
198 81 1
198 82 1
198 83 1
198 84 1
198 85 1
198 110 1
198 112 1
198 120 1
198 122 1
198 123 1
198 124 1
198 133 1
198 134 1
198 136 1
198 149 1
198 150 1
198 157 1
198 158 1
198 159 1
198 160 1
198 168 1
198 172 1
198 174 1
198 175 1
198 176 1
198 177 1
198 196 1
199 8 1
199 9 1
199 11 1
199 12 1
199 13 1
199 19 1
199 29 1
199 30 1
199 32 1
199 34 1
199 45 1
199 47 1
199 54 1
199 58 1
199 62 1
199 66 1
199 68 1
199 69 1
199 73 1
199 74 1
199 92 1
199 93 1
199 95 1
199 102 1
199 103 1
199 116 1
199 118 1
199 129 1
199 130 1
199 139 1
199 141 1
199 143 1
199 154 1
199 155 1
199 163 1
199 166 1
199 179 1
199 180 1
199 183 1
199 186 1
199 187 1
199 188 1
199 189 1
199 190 1
199 193 1
200 8 1
200 10 1
200 11 1
200 12 1
200 13 1
200 19 1
200 29 1
200 30 1
200 32 1
200 34 1
200 45 1
200 46 1
200 50 1
200 66 1
200 68 1
200 70 1
200 71 1
200 86 1
200 91 1
200 94 1
200 95 1
200 101 1
200 102 1
200 103 1
200 104 1
200 107 1
200 116 1
200 118 1
200 127 1
200 128 1
200 129 1
200 130 1
200 139 1
200 143 1
200 155 1
200 162 1
200 163 1
200 166 1
200 179 1
200 180 1
200 182 1
200 185 1
200 186 1
200 187 1
200 188 1
200 189 1
200 190 1
200 193 1
200 199 1
201 8 1
201 9 1
201 10 1
201 12 1
201 13 1
201 18 1
201 28 1
201 32 1
201 45 1
201 47 1
201 48 1
201 50 1
201 58 1
201 66 1
201 70 1
201 71 1
201 72 1
201 93 1
201 94 1
201 95 1
201 96 1
201 97 1
201 116 1
201 118 1
201 127 1
201 129 1
201 130 1
201 131 1
201 141 1
201 142 1
201 144 1
201 154 1
201 155 1
201 163 1
201 164 1
201 165 1
201 166 1
201 180 1
201 184 1
201 186 1
201 187 1
201 188 1
201 189 1
201 199 1
