# minsup
1
# graph
G_portein_file\Serpin\1ANT.pdb
# node ID, label
0 A
1 A
2 A
3 A
4 A
5 A
6 A
7 A
8 A
9 A
10 A
11 A
12 A
13 A
14 A
15 A
16 A
17 A
18 A
19 A
20 A
21 A
22 A
23 A
24 A
25 A
26 A
27 A
28 A
29 A
30 A
31 A
32 A
33 A
34 A
35 A
36 A
37 A
38 A
39 A
40 A
41 A
42 A
43 A
44 D
45 D
46 D
47 D
48 D
49 D
50 D
51 D
52 D
53 D
54 D
55 D
56 D
57 D
58 D
59 D
60 D
61 D
62 D
63 D
64 D
65 D
66 D
67 D
68 E
69 E
70 E
71 E
72 E
73 E
74 E
75 E
76 E
77 E
78 E
79 E
80 E
81 E
82 E
83 E
84 E
85 E
86 E
87 E
88 E
89 E
90 E
91 E
92 E
93 E
94 E
95 E
96 E
97 E
98 E
99 E
100 E
101 E
102 E
103 E
104 E
105 E
106 E
107 E
108 F
109 F
110 F
111 F
112 F
113 F
114 F
115 F
116 F
117 F
118 F
119 F
120 F
121 F
122 F
123 F
124 F
125 F
126 F
127 F
128 F
129 F
130 F
131 F
132 F
133 F
134 F
135 F
136 F
137 F
138 F
139 F
140 F
141 F
142 F
143 F
144 F
145 F
146 F
147 F
148 F
149 F
150 F
151 G
152 G
153 G
154 G
155 G
156 G
157 G
158 G
159 G
160 G
161 G
162 G
163 G
164 G
165 G
166 G
167 G
168 G
169 G
170 G
171 G
172 H
173 H
174 H
175 H
176 H
177 H
178 H
179 H
180 I
181 I
182 I
183 I
184 I
185 I
186 I
187 I
188 I
189 I
190 I
191 I
192 I
193 I
194 I
195 I
196 I
197 I
198 I
199 I
200 I
201 I
202 I
203 I
204 I
205 I
206 I
207 I
208 I
209 I
210 I
211 I
212 K
213 K
214 K
215 K
216 K
217 K
218 K
219 K
220 K
221 K
222 K
223 K
224 K
225 K
226 K
227 K
228 K
229 K
230 K
231 K
232 K
233 K
234 K
235 K
236 K
237 K
238 K
239 K
240 K
241 K
242 K
243 K
244 K
245 K
246 L
247 L
248 L
249 L
250 L
251 L
252 L
253 L
254 L
255 L
256 L
257 L
258 L
259 L
260 L
261 L
262 L
263 L
264 L
265 L
266 L
267 L
268 L
269 L
270 L
271 L
272 L
273 L
274 L
275 L
276 L
277 L
278 L
279 L
280 L
281 L
282 L
283 L
284 L
285 L
286 L
287 L
288 L
289 L
290 L
291 L
292 L
293 L
294 L
295 L
296 L
297 L
298 L
299 L
300 L
301 L
302 L
303 L
304 L
305 L
306 L
307 L
308 L
309 M
310 M
311 M
312 M
313 M
314 M
315 M
316 M
317 M
318 M
319 M
320 M
321 M
322 M
323 M
324 M
325 M
326 M
327 M
328 M
329 M
330 N
331 N
332 N
333 N
334 N
335 N
336 N
337 N
338 N
339 N
340 N
341 N
342 N
343 N
344 N
345 N
346 N
347 N
348 N
349 N
350 N
351 N
352 N
353 N
354 N
355 N
356 N
357 N
358 N
359 N
360 N
361 N
362 N
363 P
364 P
365 P
366 P
367 P
368 P
369 P
370 P
371 P
372 P
373 P
374 P
375 P
376 P
377 P
378 P
379 P
380 P
381 P
382 P
383 Q
384 Q
385 Q
386 Q
387 Q
388 Q
389 Q
390 Q
391 Q
392 Q
393 Q
394 Q
395 Q
396 Q
397 Q
398 Q
399 Q
400 Q
401 R
402 R
403 R
404 R
405 R
406 R
407 R
408 R
409 R
410 R
411 R
412 R
413 R
414 R
415 R
416 R
417 R
418 R
419 R
420 R
421 R
422 R
423 R
424 R
425 R
426 R
427 R
428 R
429 S
430 S
431 S
432 S
433 S
434 S
435 S
436 S
437 S
438 S
439 S
440 S
441 S
442 S
443 S
444 S
445 S
446 S
447 S
448 S
449 S
450 S
451 S
452 S
453 S
454 S
455 S
456 S
457 S
458 S
459 S
460 S
461 S
462 S
463 S
464 S
465 S
466 S
467 T
468 T
469 T
470 T
471 T
472 T
473 T
474 T
475 T
476 T
477 T
478 T
479 T
480 T
481 T
482 T
483 T
484 T
485 T
486 T
487 T
488 T
489 T
490 T
491 T
492 T
493 T
494 T
495 T
496 T
497 V
498 V
499 V
500 V
501 V
502 V
503 V
504 V
505 V
506 V
507 V
508 V
509 V
510 V
511 V
512 V
513 V
514 V
515 V
516 V
517 V
518 V
519 V
520 V
521 V
522 V
523 V
524 V
525 V
526 V
527 V
528 V
529 V
530 V
531 V
532 V
533 V
534 V
535 V
536 V
537 V
538 V
539 V
540 V
541 V
542 W
543 W
544 W
545 W
546 W
547 W
548 W
549 Y
550 Y
551 Y
552 Y
553 Y
554 Y
555 Y
556 Y
557 Y
558 Y
559 Y
560 Y
561 Y
562 Y
563 Y
# node ID1, node ID2, number of bounds
2 1 1
5 4 1
9 8 1
11 10 1
15 4 1
17 16 1
18 16 1
18 17 1
19 16 1
19 17 1
19 18 1
20 4 1
20 15 1
22 12 1
25 24 1
28 27 1
29 28 1
32 27 1
36 26 1
37 27 1
39 38 1
40 39 1
46 10 1
47 12 1
48 7 1
49 16 1
49 19 1
51 21 1
52 15 1
52 20 1
52 21 1
53 26 1
53 36 1
54 26 1
54 36 1
54 43 1
54 53 1
55 26 1
55 43 1
55 54 1
56 29 1
57 24 1
61 33 1
64 29 1
64 56 1
66 65 1
67 37 1
69 9 1
70 45 1
71 18 1
72 12 1
72 47 1
73 40 1
76 3 1
78 16 1
78 17 1
78 18 1
78 19 1
78 49 1
79 15 1
79 50 1
79 52 1
80 14 1
81 17 1
81 18 1
81 78 1
83 82 1
84 17 1
84 18 1
84 81 1
84 83 1
85 48 1
86 57 1
87 57 1
88 59 1
89 60 1
92 40 1
95 35 1
97 36 1
97 42 1
98 26 1
98 36 1
98 53 1
99 36 1
99 98 1
102 96 1
103 67 1
104 65 1
104 66 1
106 38 1
106 39 1
106 40 1
106 92 1
107 62 1
108 1 1
108 2 1
109 2 1
109 3 1
109 50 1
109 108 1
110 16 1
110 17 1
110 19 1
110 49 1
110 78 1
111 4 1
111 5 1
111 15 1
111 20 1
112 1 1
112 2 1
112 5 1
112 108 1
112 109 1
112 111 1
113 1 1
113 5 1
113 108 1
113 112 1
114 44 1
115 5 1
115 114 1
116 9 1
116 11 1
116 45 1
117 14 1
117 80 1
118 45 1
118 70 1
118 116 1
119 17 1
119 18 1
119 19 1
119 71 1
119 84 1
120 73 1
120 74 1
121 48 1
121 74 1
122 13 1
122 81 1
123 15 1
123 16 1
123 49 1
123 79 1
124 15 1
124 21 1
124 52 1
124 79 1
125 15 1
125 20 1
125 46 1
125 52 1
125 123 1
126 16 1
126 17 1
126 18 1
126 19 1
126 49 1
126 78 1
126 81 1
126 84 1
126 110 1
127 22 1
127 41 1
127 75 1
127 76 1
128 74 1
128 85 1
128 110 1
129 2 1
129 16 1
129 17 1
129 18 1
129 19 1
129 85 1
129 110 1
129 119 1
129 126 1
129 128 1
130 24 1
130 25 1
130 87 1
131 25 1
131 26 1
131 130 1
132 63 1
133 27 1
133 28 1
133 37 1
134 24 1
134 25 1
134 28 1
134 57 1
134 87 1
134 130 1
134 131 1
134 133 1
135 24 1
135 28 1
135 57 1
135 87 1
135 130 1
135 134 1
136 30 1
136 58 1
137 30 1
137 58 1
137 136 1
138 28 1
138 30 1
138 136 1
138 137 1
139 37 1
139 60 1
140 104 1
141 60 1
141 89 1
141 139 1
142 90 1
143 39 1
143 40 1
143 92 1
143 94 1
143 106 1
144 34 1
144 42 1
144 43 1
144 93 1
145 94 1
145 96 1
145 102 1
146 62 1
146 96 1
147 42 1
147 94 1
148 36 1
148 42 1
148 43 1
148 97 1
148 98 1
149 96 1
149 107 1
149 132 1
150 25 1
150 132 1
150 149 1
151 5 1
151 6 1
151 14 1
152 8 1
152 9 1
152 69 1
153 18 1
153 71 1
154 17 1
154 83 1
154 84 1
154 119 1
154 121 1
155 12 1
155 47 1
155 72 1
156 73 1
156 120 1
157 16 1
157 19 1
157 46 1
157 49 1
157 78 1
157 110 1
157 123 1
157 125 1
157 126 1
158 6 1
158 14 1
158 80 1
158 117 1
158 151 1
159 14 1
159 51 1
159 80 1
159 117 1
159 158 1
160 81 1
160 82 1
160 83 1
160 84 1
160 121 1
160 154 1
161 21 1
161 52 1
161 118 1
162 3 1
162 22 1
162 49 1
162 110 1
162 127 1
162 128 1
162 129 1
163 90 1
164 93 1
164 144 1
165 94 1
165 102 1
165 145 1
166 35 1
166 95 1
167 64 1
167 87 1
167 134 1
168 29 1
168 140 1
169 65 1
169 66 1
169 104 1
169 168 1
170 13 1
170 22 1
170 41 1
170 122 1
170 127 1
171 26 1
171 43 1
171 132 1
171 148 1
171 149 1
171 150 1
172 3 1
172 50 1
172 79 1
172 109 1
173 5 1
173 114 1
173 115 1
174 41 1
174 73 1
174 170 1
175 15 1
175 16 1
175 19 1
175 20 1
175 46 1
175 49 1
175 110 1
175 123 1
175 125 1
175 157 1
176 25 1
176 26 1
176 53 1
176 131 1
177 28 1
177 30 1
177 58 1
177 136 1
177 137 1
177 138 1
178 42 1
178 94 1
178 143 1
178 147 1
179 27 1
179 32 1
179 37 1
179 63 1
180 44 1
181 3 1
181 16 1
181 22 1
181 49 1
181 78 1
181 110 1
181 123 1
181 157 1
181 162 1
182 2 1
182 4 1
182 5 1
182 15 1
182 19 1
182 20 1
182 108 1
182 109 1
182 111 1
182 112 1
182 125 1
182 175 1
183 5 1
183 113 1
183 114 1
183 115 1
183 173 1
184 9 1
184 69 1
184 152 1
184 173 1
185 16 1
185 17 1
185 18 1
185 19 1
185 46 1
185 71 1
185 78 1
185 126 1
185 153 1
185 157 1
185 175 1
186 10 1
186 15 1
186 20 1
186 46 1
186 125 1
186 175 1
187 8 1
187 16 1
187 17 1
187 18 1
187 19 1
187 71 1
187 119 1
187 129 1
187 185 1
188 7 1
188 48 1
188 85 1
188 119 1
188 121 1
188 154 1
189 41 1
189 74 1
189 127 1
189 128 1
190 16 1
190 17 1
190 22 1
190 49 1
190 78 1
190 81 1
190 110 1
190 122 1
190 126 1
190 181 1
191 6 1
191 14 1
191 80 1
191 117 1
191 151 1
191 158 1
191 159 1
192 15 1
192 20 1
192 21 1
192 51 1
192 52 1
192 116 1
192 124 1
192 161 1
192 191 1
193 17 1
193 74 1
193 85 1
193 119 1
193 121 1
193 128 1
193 129 1
193 162 1
193 188 1
194 2 1
194 85 1
194 128 1
194 129 1
194 188 1
194 193 1
195 2 1
195 17 1
195 19 1
195 85 1
195 119 1
195 128 1
195 129 1
195 187 1
195 188 1
195 193 1
195 194 1
196 26 1
196 43 1
196 54 1
196 55 1
196 63 1
196 132 1
196 171 1
197 25 1
197 27 1
197 28 1
197 37 1
197 130 1
197 133 1
197 134 1
197 179 1
198 24 1
198 57 1
198 86 1
198 135 1
199 28 1
199 30 1
199 57 1
199 58 1
199 135 1
199 136 1
199 137 1
199 138 1
199 177 1
199 198 1
200 30 1
200 59 1
200 88 1
200 136 1
200 177 1
201 33 1
201 61 1
201 139 1
202 61 1
202 90 1
202 163 1
202 179 1
203 32 1
203 142 1
203 150 1
203 179 1
203 197 1
203 202 1
204 62 1
204 107 1
204 146 1
205 42 1
205 96 1
205 98 1
205 148 1
205 149 1
206 63 1
206 105 1
206 132 1
206 171 1
206 196 1
207 29 1
207 104 1
207 140 1
207 168 1
207 169 1
208 41 1
208 170 1
208 174 1
209 96 1
209 107 1
209 146 1
209 149 1
209 150 1
209 171 1
209 204 1
210 25 1
210 107 1
210 149 1
210 150 1
210 209 1
211 25 1
211 107 1
211 142 1
211 149 1
211 150 1
211 203 1
211 204 1
211 209 1
211 210 1
212 1 1
212 2 1
212 108 1
212 113 1
212 194 1
213 4 1
213 5 1
213 6 1
213 111 1
213 151 1
213 158 1
213 173 1
214 68 1
214 183 1
215 7 1
215 48 1
215 85 1
215 188 1
216 7 1
216 215 1
217 8 1
217 9 1
217 69 1
217 116 1
217 152 1
217 184 1
218 45 1
218 70 1
218 118 1
219 10 1
219 11 1
219 46 1
219 153 1
219 185 1
219 186 1
220 8 1
220 18 1
220 19 1
220 71 1
220 153 1
220 185 1
220 187 1
220 219 1
221 17 1
221 18 1
221 71 1
221 81 1
221 84 1
221 119 1
221 121 1
221 154 1
221 160 1
222 83 1
222 121 1
222 154 1
222 160 1
223 13 1
224 12 1
224 22 1
224 47 1
224 72 1
224 155 1
225 75 1
226 15 1
226 50 1
226 52 1
226 79 1
226 123 1
226 124 1
226 125 1
227 6 1
227 51 1
227 151 1
227 158 1
227 159 1
227 213 1
228 16 1
228 18 1
228 19 1
228 20 1
228 46 1
228 49 1
228 78 1
228 110 1
228 123 1
228 125 1
228 126 1
228 157 1
228 175 1
228 185 1
228 186 1
229 13 1
229 122 1
230 57 1
230 86 1
230 198 1
231 24 1
231 57 1
231 86 1
231 87 1
231 135 1
231 198 1
231 230 1
232 24 1
232 100 1
232 130 1
232 135 1
232 198 1
232 210 1
233 27 1
233 28 1
233 29 1
233 58 1
233 133 1
233 168 1
233 177 1
234 24 1
234 25 1
234 57 1
234 87 1
234 130 1
234 134 1
234 135 1
234 198 1
234 231 1
234 232 1
235 31 1
236 31 1
236 62 1
236 146 1
236 235 1
237 31 1
237 142 1
237 203 1
237 204 1
237 235 1
237 236 1
238 59 1
238 88 1
238 139 1
238 200 1
239 33 1
239 61 1
239 163 1
239 201 1
239 202 1
240 143 1
240 146 1
241 39 1
241 40 1
241 106 1
241 143 1
241 146 1
241 240 1
242 94 1
242 102 1
242 145 1
242 165 1
243 62 1
243 146 1
243 204 1
243 236 1
243 240 1
243 241 1
244 36 1
244 98 1
244 99 1
245 34 1
246 3 1
246 79 1
246 109 1
246 123 1
246 172 1
246 181 1
247 2 1
247 16 1
247 17 1
247 18 1
247 19 1
247 49 1
247 78 1
247 110 1
247 123 1
247 126 1
247 128 1
247 129 1
247 157 1
247 162 1
247 175 1
247 181 1
247 182 1
247 195 1
247 228 1
248 2 1
248 4 1
248 19 1
248 108 1
248 129 1
248 182 1
248 187 1
248 194 1
248 195 1
248 247 1
249 5 1
249 6 1
249 111 1
249 151 1
249 158 1
249 173 1
249 183 1
249 184 1
249 191 1
249 213 1
250 6 1
250 151 1
250 213 1
250 227 1
250 249 1
251 5 1
251 6 1
251 111 1
251 112 1
251 113 1
251 213 1
251 250 1
252 114 1
252 115 1
252 173 1
253 7 1
253 17 1
253 18 1
253 85 1
253 119 1
253 154 1
253 187 1
253 188 1
253 195 1
253 215 1
253 221 1
254 9 1
254 20 1
254 69 1
254 116 1
254 217 1
255 14 1
255 80 1
255 117 1
256 9 1
256 69 1
256 116 1
256 117 1
256 152 1
256 217 1
256 254 1
257 11 1
257 45 1
257 70 1
257 116 1
257 118 1
257 218 1
257 254 1
257 256 1
258 21 1
258 51 1
258 118 1
258 161 1
258 192 1
258 218 1
259 21 1
259 116 1
259 117 1
259 118 1
259 161 1
259 191 1
259 192 1
259 254 1
259 255 1
259 256 1
259 257 1
259 258 1
260 4 1
260 9 1
260 15 1
260 20 1
260 111 1
260 116 1
260 192 1
260 254 1
260 256 1
260 259 1
261 74 1
261 120 1
261 189 1
262 74 1
262 120 1
262 121 1
262 188 1
262 193 1
262 222 1
262 261 1
263 41 1
263 74 1
263 127 1
263 128 1
263 189 1
263 193 1
263 261 1
263 262 1
264 41 1
264 75 1
264 127 1
264 170 1
264 189 1
264 208 1
264 225 1
264 261 1
264 263 1
265 189 1
266 74 1
266 77 1
266 261 1
266 265 1
267 74 1
267 77 1
267 120 1
267 261 1
267 266 1
268 40 1
268 73 1
268 120 1
268 156 1
269 15 1
269 20 1
269 52 1
269 79 1
269 109 1
269 123 1
269 125 1
269 157 1
269 175 1
269 182 1
269 226 1
269 246 1
270 15 1
270 50 1
270 79 1
270 109 1
270 112 1
270 124 1
270 172 1
270 226 1
270 246 1
270 269 1
271 50 1
271 79 1
271 112 1
271 124 1
271 226 1
271 251 1
271 270 1
272 6 1
272 52 1
272 124 1
272 213 1
272 226 1
272 227 1
272 250 1
272 251 1
272 270 1
272 271 1
273 6 1
273 14 1
273 51 1
273 151 1
273 158 1
273 159 1
273 191 1
273 192 1
273 213 1
273 227 1
273 249 1
273 250 1
273 272 1
274 16 1
274 17 1
274 18 1
274 19 1
274 49 1
274 78 1
274 81 1
274 84 1
274 110 1
274 119 1
274 122 1
274 126 1
274 129 1
274 162 1
274 190 1
274 247 1
275 22 1
275 41 1
275 76 1
275 110 1
275 127 1
275 128 1
275 162 1
275 181 1
275 189 1
275 263 1
275 264 1
276 48 1
276 85 1
276 194 1
276 212 1
276 252 1
277 24 1
277 57 1
277 135 1
277 137 1
277 138 1
277 177 1
277 198 1
277 199 1
277 232 1
277 234 1
278 26 1
278 53 1
278 131 1
278 176 1
278 196 1
279 25 1
279 63 1
279 132 1
279 149 1
279 150 1
279 171 1
279 179 1
279 196 1
279 197 1
279 203 1
279 206 1
279 211 1
280 25 1
280 27 1
280 130 1
280 150 1
280 197 1
280 203 1
280 210 1
280 211 1
280 279 1
281 28 1
281 29 1
281 58 1
281 133 1
281 168 1
281 177 1
281 199 1
281 200 1
281 233 1
282 28 1
282 29 1
282 56 1
282 64 1
282 87 1
282 233 1
282 281 1
283 28 1
283 29 1
283 56 1
283 57 1
283 64 1
283 87 1
283 133 1
283 134 1
283 135 1
283 167 1
283 233 1
283 234 1
283 282 1
284 30 1
284 136 1
284 137 1
284 138 1
284 177 1
284 277 1
285 30 1
285 62 1
285 107 1
285 237 1
285 284 1
286 32 1
286 142 1
286 203 1
286 235 1
286 237 1
286 285 1
287 27 1
287 37 1
287 67 1
287 133 1
287 139 1
287 201 1
287 238 1
288 30 1
288 59 1
288 88 1
288 200 1
288 238 1
289 27 1
289 37 1
289 67 1
289 133 1
289 139 1
289 179 1
289 287 1
290 34 1
290 93 1
290 144 1
291 96 1
291 102 1
291 145 1
291 147 1
291 205 1
292 96 1
292 145 1
292 146 1
292 204 1
292 209 1
292 240 1
292 241 1
292 242 1
292 243 1
292 291 1
293 42 1
293 96 1
293 148 1
293 149 1
293 171 1
293 205 1
293 209 1
293 291 1
293 292 1
294 42 1
294 97 1
294 147 1
294 148 1
294 166 1
294 205 1
294 291 1
294 293 1
295 36 1
295 43 1
295 54 1
295 97 1
295 98 1
295 99 1
295 148 1
295 205 1
295 244 1
295 294 1
296 98 1
296 99 1
296 100 1
296 244 1
297 99 1
297 100 1
297 296 1
298 96 1
298 100 1
298 101 1
298 291 1
298 297 1
299 96 1
299 101 1
299 102 1
299 145 1
299 291 1
299 298 1
300 94 1
300 102 1
300 145 1
300 147 1
300 165 1
300 242 1
301 103 1
301 131 1
301 134 1
301 167 1
301 283 1
302 64 1
302 87 1
302 103 1
302 134 1
302 167 1
302 282 1
302 283 1
302 301 1
303 29 1
303 56 1
303 64 1
303 67 1
303 233 1
303 282 1
303 283 1
303 301 1
303 302 1
304 29 1
304 64 1
304 65 1
304 66 1
304 168 1
304 169 1
304 207 1
304 233 1
304 281 1
304 282 1
304 303 1
305 65 1
305 66 1
305 104 1
305 168 1
305 169 1
305 207 1
305 303 1
305 304 1
306 63 1
306 105 1
306 132 1
306 142 1
306 150 1
306 171 1
306 206 1
306 279 1
307 43 1
307 98 1
307 132 1
307 148 1
307 149 1
307 171 1
307 196 1
307 205 1
307 293 1
307 294 1
307 295 1
308 62 1
308 107 1
308 204 1
308 210 1
308 277 1
308 284 1
308 285 1
309 44 1
309 180 1
309 184 1
310 4 1
310 5 1
310 6 1
310 9 1
310 111 1
310 115 1
310 151 1
310 173 1
310 182 1
310 184 1
310 213 1
310 249 1
310 254 1
310 260 1
311 5 1
311 112 1
311 113 1
311 183 1
311 213 1
311 250 1
311 251 1
312 13 1
312 41 1
312 82 1
312 122 1
312 170 1
312 174 1
312 208 1
312 223 1
313 13 1
313 41 1
313 82 1
313 174 1
313 208 1
313 223 1
313 312 1
314 48 1
314 74 1
314 85 1
314 121 1
314 128 1
314 129 1
314 154 1
314 188 1
314 193 1
314 194 1
314 261 1
314 262 1
314 263 1
315 40 1
315 120 1
315 156 1
315 261 1
315 267 1
315 268 1
316 39 1
316 40 1
316 73 1
316 120 1
316 156 1
316 268 1
316 315 1
317 41 1
317 82 1
317 122 1
317 170 1
317 174 1
317 208 1
317 263 1
317 312 1
317 313 1
318 50 1
318 79 1
318 108 1
318 109 1
318 112 1
318 172 1
318 226 1
318 270 1
318 271 1
319 2 1
319 16 1
319 17 1
319 110 1
319 128 1
319 129 1
319 162 1
319 181 1
319 193 1
319 194 1
319 195 1
319 247 1
319 248 1
319 274 1
319 275 1
319 314 1
320 58 1
320 136 1
320 177 1
320 200 1
322 28 1
322 57 1
322 87 1
322 133 1
322 134 1
322 135 1
322 199 1
322 233 1
322 234 1
322 282 1
322 283 1
322 302 1
323 34 1
323 42 1
323 106 1
323 144 1
323 178 1
323 290 1
324 34 1
324 42 1
324 92 1
324 106 1
324 143 1
324 178 1
324 323 1
325 96 1
325 107 1
325 146 1
325 149 1
325 150 1
325 204 1
325 209 1
325 291 1
325 292 1
325 293 1
326 102 1
326 145 1
326 165 1
326 242 1
326 299 1
326 300 1
327 94 1
327 102 1
327 145 1
327 165 1
327 242 1
327 300 1
327 326 1
328 34 1
328 42 1
328 106 1
328 143 1
328 147 1
328 178 1
328 323 1
328 324 1
329 25 1
329 132 1
329 149 1
329 150 1
329 171 1
329 196 1
329 209 1
329 210 1
329 211 1
329 279 1
329 280 1
329 293 1
329 307 1
329 325 1
330 173 1
330 180 1
330 183 1
330 184 1
330 249 1
330 309 1
331 0 1
331 68 1
332 1 1
332 2 1
332 108 1
332 112 1
332 113 1
332 115 1
332 182 1
332 194 1
332 195 1
332 212 1
332 248 1
333 3 1
333 181 1
333 246 1
334 3 1
334 22 1
334 49 1
334 78 1
334 110 1
334 127 1
334 162 1
334 181 1
334 190 1
334 275 1
334 333 1
335 6 1
335 227 1
335 250 1
335 273 1
336 7 1
336 215 1
336 216 1
337 4 1
337 8 1
337 9 1
337 20 1
337 69 1
337 152 1
337 187 1
337 217 1
337 220 1
337 254 1
337 256 1
337 260 1
337 310 1
338 14 1
338 80 1
338 117 1
338 151 1
338 158 1
338 159 1
338 184 1
338 191 1
339 45 1
339 70 1
339 118 1
339 218 1
339 257 1
340 10 1
340 11 1
340 20 1
340 46 1
340 185 1
340 186 1
340 219 1
341 71 1
341 153 1
341 185 1
341 219 1
341 220 1
341 340 1
342 21 1
342 70 1
342 118 1
342 161 1
342 218 1
342 258 1
342 339 1
343 4 1
343 8 1
343 9 1
343 19 1
343 20 1
343 111 1
343 175 1
343 182 1
343 187 1
343 220 1
343 248 1
343 254 1
343 260 1
343 310 1
343 337 1
344 81 1
344 82 1
344 83 1
344 84 1
344 122 1
344 160 1
344 312 1
344 313 1
344 317 1
345 13 1
345 22 1
345 122 1
345 127 1
345 170 1
345 190 1
345 224 1
345 229 1
345 334 1
346 58 1
346 200 1
346 281 1
346 320 1
346 321 1
347 23 1
348 24 1
348 25 1
348 130 1
348 134 1
348 135 1
348 197 1
348 210 1
348 211 1
348 232 1
348 234 1
348 277 1
348 280 1
349 26 1
349 43 1
349 53 1
349 54 1
349 55 1
349 196 1
350 43 1
350 54 1
350 55 1
350 164 1
350 196 1
350 349 1
351 26 1
351 43 1
351 54 1
351 55 1
351 63 1
351 132 1
351 148 1
351 171 1
351 196 1
351 206 1
351 307 1
351 349 1
351 350 1
352 29 1
352 56 1
352 282 1
352 304 1
352 321 1
353 30 1
353 136 1
353 137 1
353 138 1
353 177 1
353 284 1
353 285 1
354 31 1
354 235 1
354 236 1
354 237 1
355 59 1
355 140 1
355 168 1
355 207 1
356 33 1
356 61 1
356 201 1
356 202 1
356 239 1
357 27 1
357 32 1
357 37 1
357 133 1
357 179 1
357 197 1
357 203 1
357 287 1
357 289 1
358 40 1
358 92 1
358 106 1
358 143 1
358 323 1
358 324 1
359 38 1
359 39 1
359 105 1
359 106 1
359 143 1
359 241 1
359 306 1
359 324 1
359 328 1
360 34 1
360 42 1
360 43 1
360 97 1
360 144 1
360 147 1
360 148 1
360 178 1
360 290 1
360 294 1
360 323 1
360 328 1
361 62 1
361 107 1
361 204 1
361 210 1
361 211 1
361 232 1
361 277 1
361 308 1
361 348 1
362 34 1
362 43 1
362 55 1
362 144 1
362 148 1
362 206 1
362 245 1
362 350 1
362 351 1
362 360 1
363 44 1
363 173 1
363 180 1
363 184 1
363 309 1
363 330 1
364 2 1
364 19 1
364 108 1
364 109 1
364 110 1
364 129 1
364 162 1
364 175 1
364 182 1
364 194 1
364 195 1
364 247 1
364 248 1
364 319 1
364 332 1
365 45 1
365 116 1
365 118 1
365 254 1
365 255 1
365 256 1
365 257 1
365 259 1
366 10 1
366 46 1
366 123 1
366 125 1
366 186 1
366 340 1
367 48 1
367 74 1
367 120 1
367 121 1
367 154 1
367 188 1
367 222 1
367 261 1
367 262 1
367 314 1
368 75 1
368 225 1
368 264 1
369 13 1
369 41 1
369 82 1
369 122 1
369 170 1
369 174 1
369 208 1
369 223 1
369 312 1
369 313 1
369 317 1
369 344 1
369 345 1
370 6 1
370 14 1
370 51 1
370 80 1
370 151 1
370 158 1
370 159 1
370 191 1
370 227 1
370 273 1
370 335 1
370 338 1
371 30 1
371 58 1
371 59 1
371 136 1
371 177 1
371 199 1
371 200 1
371 281 1
371 288 1
371 320 1
371 346 1
372 58 1
372 320 1
372 321 1
372 346 1
373 25 1
373 27 1
373 130 1
373 131 1
373 132 1
373 150 1
373 179 1
373 197 1
373 203 1
373 210 1
373 211 1
373 279 1
373 280 1
373 329 1
373 348 1
374 39 1
374 40 1
374 92 1
374 106 1
374 143 1
374 241 1
374 323 1
374 324 1
374 358 1
374 359 1
375 62 1
375 96 1
375 145 1
375 146 1
375 204 1
375 209 1
375 240 1
375 243 1
375 291 1
375 292 1
375 325 1
376 35 1
376 36 1
376 42 1
376 95 1
376 97 1
376 98 1
376 148 1
376 166 1
376 205 1
376 244 1
376 294 1
376 295 1
376 307 1
377 24 1
377 25 1
377 100 1
377 130 1
377 232 1
377 296 1
377 297 1
377 348 1
378 34 1
378 42 1
378 106 1
378 144 1
378 178 1
378 290 1
378 323 1
378 324 1
378 328 1
378 359 1
378 360 1
378 362 1
379 29 1
379 140 1
379 168 1
379 169 1
379 207 1
379 281 1
379 304 1
379 305 1
379 352 1
379 355 1
380 36 1
380 42 1
380 43 1
380 54 1
380 55 1
380 97 1
380 144 1
380 148 1
380 205 1
380 294 1
380 295 1
380 307 1
380 350 1
380 351 1
380 360 1
380 362 1
380 376 1
381 62 1
381 107 1
381 204 1
381 285 1
381 308 1
381 361 1
382 34 1
382 43 1
382 144 1
382 206 1
382 245 1
382 290 1
382 323 1
382 328 1
382 351 1
382 360 1
382 362 1
382 378 1
382 380 1
383 2 1
383 3 1
383 76 1
383 108 1
383 109 1
383 172 1
383 246 1
384 112 1
384 113 1
384 213 1
384 250 1
384 251 1
384 271 1
384 272 1
384 311 1
384 318 1
384 335 1
385 9 1
385 69 1
385 117 1
385 158 1
385 184 1
385 191 1
385 217 1
385 254 1
385 256 1
385 338 1
386 9 1
386 116 1
386 217 1
386 254 1
386 256 1
386 257 1
386 259 1
386 365 1
387 10 1
387 11 1
387 45 1
387 70 1
387 118 1
387 257 1
387 339 1
387 340 1
388 73 1
388 82 1
388 156 1
388 174 1
388 268 1
388 313 1
388 317 1
389 189 1
389 208 1
389 261 1
389 263 1
389 264 1
389 368 1
390 77 1
390 265 1
390 266 1
391 50 1
391 79 1
391 109 1
391 172 1
391 226 1
391 246 1
391 269 1
391 270 1
391 271 1
391 318 1
391 383 1
392 50 1
392 79 1
392 124 1
392 226 1
392 269 1
392 270 1
392 271 1
392 272 1
392 318 1
392 391 1
393 25 1
393 26 1
393 53 1
393 98 1
393 99 1
393 130 1
393 131 1
393 176 1
393 278 1
393 296 1
394 29 1
394 56 1
394 64 1
394 87 1
394 134 1
394 167 1
394 233 1
394 234 1
394 282 1
394 283 1
394 302 1
394 303 1
394 322 1
394 352 1
395 58 1
395 136 1
395 137 1
395 138 1
395 177 1
395 199 1
395 320 1
395 346 1
395 371 1
396 59 1
396 88 1
396 140 1
396 168 1
396 200 1
396 207 1
396 238 1
396 281 1
396 288 1
396 355 1
397 94 1
397 106 1
397 143 1
397 165 1
397 178 1
397 241 1
397 242 1
397 300 1
397 324 1
397 328 1
397 358 1
398 35 1
398 42 1
398 95 1
398 147 1
398 166 1
398 205 1
398 291 1
398 293 1
398 294 1
398 376 1
399 100 1
399 101 1
399 297 1
399 298 1
399 361 1
399 377 1
400 103 1
400 131 1
400 167 1
400 176 1
400 278 1
400 301 1
400 302 1
401 68 1
401 214 1
401 250 1
401 311 1
402 1 1
402 2 1
402 108 1
402 109 1
402 112 1
402 212 1
402 332 1
403 7 1
403 215 1
403 216 1
403 253 1
403 336 1
404 4 1
404 8 1
404 9 1
404 20 1
404 69 1
404 116 1
404 152 1
404 217 1
404 254 1
404 256 1
404 260 1
404 310 1
404 337 1
404 343 1
404 386 1
405 10 1
405 11 1
405 45 1
405 46 1
405 116 1
405 118 1
405 186 1
405 219 1
405 257 1
405 339 1
405 340 1
405 342 1
405 366 1
405 387 1
406 16 1
406 17 1
406 18 1
406 19 1
406 46 1
406 71 1
406 78 1
406 84 1
406 126 1
406 153 1
406 185 1
406 220 1
406 228 1
406 274 1
406 341 1
407 74 1
407 77 1
407 120 1
407 261 1
407 262 1
407 266 1
407 267 1
407 268 1
407 315 1
407 316 1
407 367 1
408 40 1
408 74 1
408 77 1
408 120 1
408 261 1
408 266 1
408 267 1
408 315 1
408 389 1
408 407 1
409 40 1
409 77 1
409 92 1
409 189 1
409 261 1
409 264 1
409 267 1
409 389 1
409 408 1
410 13 1
410 41 1
410 81 1
410 82 1
410 122 1
410 160 1
410 170 1
410 174 1
410 312 1
410 313 1
410 317 1
410 344 1
410 369 1
411 17 1
411 78 1
411 81 1
411 84 1
411 122 1
411 126 1
411 190 1
411 229 1
411 274 1
411 344 1
411 345 1
411 369 1
411 410 1
412 6 1
412 14 1
412 51 1
412 80 1
412 158 1
412 159 1
412 191 1
412 227 1
412 273 1
412 370 1
413 48 1
413 74 1
413 85 1
413 128 1
413 129 1
413 188 1
413 193 1
413 194 1
413 195 1
413 276 1
413 314 1
413 319 1
413 367 1
414 3 1
414 22 1
414 76 1
414 110 1
414 127 1
414 128 1
414 162 1
414 181 1
414 189 1
414 247 1
414 275 1
414 319 1
414 334 1
414 345 1
415 30 1
415 136 1
415 371 1
416 24 1
416 25 1
416 100 1
416 130 1
416 131 1
416 134 1
416 135 1
416 210 1
416 232 1
416 234 1
416 348 1
416 377 1
417 31 1
417 235 1
417 237 1
417 285 1
417 286 1
417 353 1
417 354 1
418 27 1
418 32 1
418 37 1
418 139 1
418 201 1
418 238 1
418 287 1
418 289 1
418 357 1
419 96 1
419 101 1
419 102 1
419 145 1
419 242 1
419 291 1
419 292 1
419 298 1
419 299 1
419 300 1
419 326 1
419 327 1
419 375 1
420 96 1
420 101 1
420 102 1
420 145 1
420 166 1
420 205 1
420 291 1
420 298 1
420 299 1
420 326 1
420 398 1
420 419 1
421 35 1
421 95 1
421 101 1
421 166 1
421 205 1
421 291 1
421 294 1
421 299 1
421 376 1
421 398 1
421 420 1
422 34 1
422 105 1
422 106 1
422 178 1
422 323 1
422 324 1
422 328 1
422 359 1
422 378 1
422 382 1
423 105 1
423 206 1
423 306 1
423 351 1
423 359 1
423 362 1
423 378 1
423 382 1
423 422 1
424 65 1
424 66 1
424 104 1
424 169 1
424 207 1
424 304 1
424 305 1
424 379 1
425 13 1
425 22 1
425 41 1
425 165 1
425 170 1
425 174 1
425 208 1
425 224 1
425 312 1
425 317 1
425 345 1
425 369 1
426 42 1
426 43 1
426 93 1
426 97 1
426 144 1
426 148 1
426 290 1
426 294 1
426 295 1
426 328 1
426 360 1
426 362 1
426 376 1
426 378 1
426 380 1
426 382 1
427 62 1
427 96 1
427 107 1
427 149 1
427 150 1
427 204 1
427 209 1
427 210 1
427 211 1
427 308 1
427 325 1
427 329 1
427 361 1
427 375 1
427 381 1
428 26 1
428 43 1
428 54 1
428 55 1
428 98 1
428 132 1
428 148 1
428 149 1
428 171 1
428 196 1
428 205 1
428 206 1
428 279 1
428 293 1
428 295 1
428 307 1
428 329 1
428 350 1
428 351 1
428 362 1
428 380 1
429 1 1
429 108 1
429 114 1
429 115 1
429 194 1
429 212 1
429 248 1
429 252 1
429 276 1
429 332 1
429 402 1
430 2 1
430 16 1
430 17 1
430 18 1
430 19 1
430 110 1
430 126 1
430 128 1
430 129 1
430 162 1
430 175 1
430 182 1
430 187 1
430 193 1
430 194 1
430 195 1
430 228 1
430 247 1
430 248 1
430 319 1
430 364 1
431 4 1
431 5 1
431 8 1
431 19 1
431 20 1
431 111 1
431 129 1
431 175 1
431 182 1
431 187 1
431 195 1
431 247 1
431 248 1
431 337 1
431 343 1
431 364 1
431 430 1
432 1 1
432 2 1
432 4 1
432 5 1
432 108 1
432 111 1
432 112 1
432 113 1
432 115 1
432 182 1
432 248 1
432 310 1
432 332 1
432 343 1
432 364 1
432 430 1
432 431 1
433 68 1
433 113 1
433 214 1
433 331 1
434 113 1
434 173 1
434 183 1
434 213 1
434 214 1
434 249 1
434 250 1
434 311 1
434 330 1
434 401 1
435 7 1
435 48 1
435 121 1
435 154 1
435 188 1
435 215 1
435 216 1
435 221 1
435 253 1
435 336 1
436 8 1
436 18 1
436 19 1
436 119 1
436 152 1
436 187 1
436 220 1
436 253 1
436 337 1
436 343 1
436 431 1
437 45 1
437 117 1
437 118 1
437 218 1
437 255 1
437 257 1
437 365 1
438 9 1
438 69 1
438 151 1
438 152 1
438 173 1
438 184 1
438 217 1
438 249 1
438 254 1
438 256 1
438 310 1
438 330 1
438 337 1
438 385 1
438 404 1
439 11 1
439 18 1
439 46 1
439 71 1
439 153 1
439 185 1
439 219 1
439 220 1
439 340 1
439 341 1
439 406 1
440 13 1
440 122 1
440 170 1
440 174 1
440 223 1
440 229 1
440 312 1
440 313 1
440 317 1
440 369 1
440 410 1
440 425 1
441 75 1
441 76 1
441 225 1
441 368 1
442 15 1
442 20 1
442 52 1
442 79 1
442 123 1
442 125 1
442 157 1
442 175 1
442 186 1
442 226 1
442 228 1
442 269 1
442 270 1
442 391 1
443 51 1
443 124 1
443 227 1
443 271 1
443 272 1
444 15 1
444 21 1
444 52 1
444 124 1
444 161 1
444 192 1
444 226 1
444 272 1
444 443 1
445 17 1
445 81 1
445 82 1
445 83 1
445 84 1
445 119 1
445 121 1
445 122 1
445 154 1
445 160 1
445 193 1
445 221 1
445 274 1
445 314 1
445 344 1
445 410 1
445 411 1
446 4 1
446 8 1
446 16 1
446 18 1
446 19 1
446 20 1
446 46 1
446 125 1
446 126 1
446 157 1
446 175 1
446 182 1
446 185 1
446 186 1
446 187 1
446 220 1
446 228 1
446 247 1
446 248 1
446 337 1
446 340 1
446 343 1
446 406 1
446 430 1
446 431 1
446 436 1
446 439 1
447 24 1
447 130 1
447 135 1
447 137 1
447 138 1
447 198 1
447 210 1
447 232 1
447 277 1
447 280 1
447 284 1
447 308 1
447 348 1
447 361 1
447 416 1
448 24 1
448 25 1
448 100 1
448 130 1
448 131 1
448 134 1
448 210 1
448 211 1
448 232 1
448 234 1
448 277 1
448 280 1
448 297 1
448 348 1
448 361 1
448 373 1
448 377 1
448 416 1
448 447 1
449 26 1
449 53 1
449 54 1
449 176 1
449 278 1
449 349 1
449 393 1
450 25 1
450 132 1
450 149 1
450 150 1
450 171 1
450 179 1
450 197 1
450 203 1
450 209 1
450 210 1
450 211 1
450 279 1
450 280 1
450 329 1
450 357 1
450 373 1
451 27 1
451 28 1
451 32 1
451 133 1
451 150 1
451 179 1
451 197 1
451 203 1
451 211 1
451 279 1
451 280 1
451 357 1
451 373 1
451 450 1
452 24 1
452 25 1
452 27 1
452 28 1
452 130 1
452 133 1
452 134 1
452 135 1
452 197 1
452 234 1
452 280 1
452 283 1
452 348 1
452 373 1
452 448 1
452 450 1
452 451 1
453 28 1
453 57 1
453 58 1
453 135 1
453 136 1
453 177 1
453 198 1
453 199 1
453 233 1
453 281 1
453 282 1
453 322 1
453 346 1
453 395 1
454 31 1
454 235 1
454 236 1
454 237 1
454 243 1
454 286 1
454 354 1
455 31 1
455 62 1
455 142 1
455 146 1
455 204 1
455 235 1
455 236 1
455 237 1
455 243 1
455 286 1
455 354 1
455 454 1
456 27 1
456 32 1
456 142 1
456 203 1
456 285 1
456 286 1
456 353 1
456 357 1
456 417 1
456 418 1
456 451 1
457 28 1
457 30 1
457 59 1
457 88 1
457 177 1
457 200 1
457 238 1
457 281 1
457 288 1
457 371 1
457 396 1
457 418 1
458 33 1
458 61 1
458 91 1
459 94 1
459 106 1
459 143 1
459 145 1
459 146 1
459 165 1
459 240 1
459 241 1
459 242 1
459 243 1
459 292 1
459 375 1
459 397 1
460 39 1
460 40 1
460 92 1
460 106 1
460 143 1
460 241 1
460 268 1
460 324 1
460 358 1
460 359 1
460 374 1
460 397 1
460 459 1
461 34 1
461 144 1
461 245 1
461 290 1
461 323 1
461 360 1
461 362 1
461 378 1
461 382 1
462 34 1
462 144 1
462 178 1
462 290 1
462 323 1
462 324 1
462 328 1
462 359 1
462 378 1
462 382 1
462 422 1
462 461 1
463 36 1
463 54 1
463 97 1
463 98 1
463 148 1
463 244 1
463 294 1
463 295 1
463 376 1
463 380 1
463 426 1
464 29 1
464 56 1
464 64 1
464 66 1
464 282 1
464 303 1
464 304 1
464 305 1
464 352 1
464 379 1
464 424 1
465 37 1
465 67 1
465 289 1
465 303 1
465 305 1
466 38 1
466 39 1
466 40 1
466 92 1
466 106 1
466 268 1
466 315 1
466 316 1
466 374 1
466 460 1
467 0 1
467 331 1
467 433 1
468 2 1
468 3 1
468 76 1
468 108 1
468 109 1
468 172 1
468 194 1
468 246 1
468 265 1
468 319 1
468 332 1
468 364 1
468 383 1
468 402 1
469 2 1
469 3 1
469 108 1
469 109 1
469 112 1
469 172 1
469 246 1
469 270 1
469 318 1
469 364 1
469 383 1
469 391 1
469 402 1
469 468 1
470 4 1
470 5 1
470 111 1
470 112 1
470 115 1
470 173 1
470 182 1
470 213 1
470 248 1
470 310 1
470 332 1
470 337 1
470 343 1
470 364 1
470 431 1
470 432 1
471 4 1
471 5 1
471 6 1
471 111 1
471 151 1
471 191 1
471 192 1
471 213 1
471 249 1
471 250 1
471 251 1
471 260 1
471 273 1
471 310 1
471 432 1
471 438 1
471 470 1
472 68 1
472 113 1
472 183 1
472 214 1
472 401 1
472 433 1
472 434 1
473 8 1
473 16 1
473 17 1
473 18 1
473 19 1
473 71 1
473 119 1
473 126 1
473 153 1
473 185 1
473 187 1
473 219 1
473 220 1
473 341 1
473 406 1
473 436 1
473 439 1
473 446 1
474 21 1
474 45 1
474 116 1
474 118 1
474 161 1
474 192 1
474 218 1
474 258 1
474 259 1
474 342 1
474 444 1
475 4 1
475 8 1
475 16 1
475 18 1
475 19 1
475 20 1
475 175 1
475 182 1
475 185 1
475 187 1
475 220 1
475 228 1
475 248 1
475 337 1
475 343 1
475 404 1
475 430 1
475 431 1
475 436 1
475 439 1
475 446 1
475 470 1
475 473 1
476 82 1
476 174 1
476 223 1
476 312 1
476 313 1
476 317 1
476 369 1
476 388 1
476 410 1
476 440 1
477 75 1
477 189 1
477 225 1
477 261 1
477 264 1
477 368 1
477 389 1
477 408 1
477 409 1
478 48 1
478 74 1
478 85 1
478 121 1
478 128 1
478 154 1
478 188 1
478 193 1
478 222 1
478 262 1
478 314 1
478 367 1
478 413 1
478 445 1
479 2 1
479 76 1
479 108 1
479 265 1
479 383 1
479 390 1
479 402 1
479 468 1
479 469 1
480 4 1
480 15 1
480 16 1
480 19 1
480 20 1
480 111 1
480 123 1
480 125 1
480 157 1
480 175 1
480 182 1
480 186 1
480 187 1
480 228 1
480 247 1
480 248 1
480 260 1
480 269 1
480 337 1
480 343 1
480 364 1
480 430 1
480 431 1
480 432 1
480 442 1
480 446 1
480 470 1
480 475 1
481 1 1
481 2 1
481 85 1
481 129 1
481 188 1
481 193 1
481 194 1
481 195 1
481 212 1
481 248 1
481 252 1
481 276 1
481 332 1
481 364 1
481 413 1
481 429 1
482 23 1
482 347 1
483 24 1
483 25 1
483 98 1
483 130 1
483 131 1
483 176 1
483 210 1
483 296 1
483 297 1
483 329 1
483 348 1
483 373 1
483 377 1
483 393 1
483 416 1
483 448 1
484 25 1
484 26 1
484 130 1
484 131 1
484 134 1
484 176 1
484 278 1
484 296 1
484 377 1
484 393 1
484 416 1
484 448 1
484 483 1
485 27 1
485 28 1
485 133 1
485 134 1
485 138 1
485 177 1
485 197 1
485 280 1
485 348 1
485 353 1
485 357 1
485 373 1
485 450 1
485 451 1
485 452 1
485 456 1
486 27 1
486 28 1
486 29 1
486 133 1
486 168 1
486 207 1
486 233 1
486 281 1
486 282 1
486 283 1
486 287 1
486 289 1
486 303 1
486 304 1
486 418 1
486 457 1
486 485 1
487 29 1
487 56 1
487 64 1
487 87 1
487 233 1
487 282 1
487 283 1
487 302 1
487 303 1
487 304 1
487 322 1
487 352 1
487 394 1
487 464 1
488 24 1
488 57 1
488 86 1
488 87 1
488 134 1
488 135 1
488 198 1
488 230 1
488 231 1
488 232 1
488 234 1
488 277 1
488 322 1
488 348 1
488 416 1
489 27 1
489 32 1
489 142 1
489 179 1
489 197 1
489 202 1
489 203 1
489 279 1
489 280 1
489 357 1
489 373 1
489 418 1
489 450 1
489 451 1
489 456 1
489 485 1
490 34 1
490 92 1
490 106 1
490 143 1
490 178 1
490 323 1
490 324 1
490 328 1
490 358 1
490 374 1
490 378 1
490 397 1
490 422 1
490 460 1
490 462 1
491 35 1
491 95 1
491 97 1
491 166 1
491 205 1
491 294 1
491 295 1
491 376 1
491 398 1
491 420 1
491 421 1
492 62 1
492 96 1
492 107 1
492 146 1
492 149 1
492 204 1
492 209 1
492 240 1
492 243 1
492 292 1
492 325 1
492 375 1
492 427 1
493 25 1
493 98 1
493 99 1
493 100 1
493 296 1
493 297 1
493 377 1
493 393 1
493 399 1
493 416 1
493 448 1
493 483 1
493 484 1
494 38 1
494 39 1
494 40 1
494 73 1
494 92 1
494 106 1
494 143 1
494 156 1
494 241 1
494 268 1
494 315 1
494 316 1
494 374 1
494 460 1
494 466 1
495 42 1
495 94 1
495 147 1
495 178 1
495 300 1
495 327 1
495 398 1
496 24 1
496 25 1
496 107 1
496 150 1
496 204 1
496 209 1
496 210 1
496 211 1
496 232 1
496 277 1
496 280 1
496 284 1
496 285 1
496 308 1
496 348 1
496 361 1
496 373 1
496 381 1
496 427 1
496 447 1
496 448 1
497 108 1
497 109 1
497 112 1
497 113 1
497 251 1
497 270 1
497 271 1
497 311 1
497 318 1
497 384 1
497 392 1
497 402 1
497 469 1
498 9 1
498 69 1
498 114 1
498 115 1
498 152 1
498 173 1
498 184 1
498 310 1
498 330 1
498 363 1
498 438 1
499 8 1
499 11 1
499 18 1
499 19 1
499 20 1
499 46 1
499 71 1
499 153 1
499 185 1
499 186 1
499 187 1
499 219 1
499 220 1
499 337 1
499 340 1
499 341 1
499 343 1
499 404 1
499 406 1
499 439 1
499 446 1
499 473 1
499 475 1
499 480 1
500 10 1
500 15 1
500 16 1
500 19 1
500 20 1
500 46 1
500 123 1
500 125 1
500 157 1
500 175 1
500 185 1
500 186 1
500 219 1
500 228 1
500 340 1
500 366 1
500 405 1
500 439 1
500 442 1
500 446 1
500 480 1
500 499 1
501 21 1
501 45 1
501 51 1
501 116 1
501 118 1
501 161 1
501 191 1
501 192 1
501 218 1
501 255 1
501 257 1
501 258 1
501 259 1
501 342 1
501 437 1
501 474 1
502 4 1
502 15 1
502 20 1
502 21 1
502 116 1
502 161 1
502 192 1
502 254 1
502 256 1
502 257 1
502 259 1
502 260 1
502 386 1
502 404 1
502 405 1
502 471 1
502 474 1
502 501 1
503 4 1
503 8 1
503 9 1
503 15 1
503 20 1
503 111 1
503 116 1
503 125 1
503 182 1
503 254 1
503 259 1
503 260 1
503 310 1
503 337 1
503 343 1
503 404 1
503 431 1
503 446 1
503 470 1
503 471 1
503 475 1
503 480 1
503 499 1
503 500 1
503 502 1
504 74 1
504 189 1
504 261 1
504 263 1
504 264 1
504 265 1
504 266 1
504 267 1
504 275 1
504 389 1
504 407 1
504 408 1
504 409 1
504 477 1
505 74 1
505 128 1
505 188 1
505 189 1
505 193 1
505 261 1
505 262 1
505 263 1
505 266 1
505 275 1
505 314 1
505 319 1
505 367 1
505 407 1
505 413 1
505 478 1
505 504 1
506 265 1
506 266 1
506 390 1
506 479 1
507 40 1
507 73 1
507 120 1
507 156 1
507 174 1
507 208 1
507 241 1
507 268 1
507 315 1
507 316 1
507 317 1
507 388 1
507 459 1
507 460 1
507 494 1
508 40 1
508 41 1
508 73 1
508 120 1
508 156 1
508 174 1
508 208 1
508 261 1
508 268 1
508 312 1
508 313 1
508 317 1
508 369 1
508 388 1
508 507 1
509 14 1
509 80 1
509 117 1
509 151 1
509 158 1
509 159 1
509 191 1
509 255 1
509 259 1
509 273 1
509 338 1
509 370 1
509 385 1
509 412 1
509 501 1
510 15 1
510 21 1
510 51 1
510 52 1
510 124 1
510 161 1
510 192 1
510 226 1
510 259 1
510 272 1
510 273 1
510 443 1
510 444 1
510 471 1
510 502 1
511 17 1
511 81 1
511 82 1
511 83 1
511 84 1
511 122 1
511 154 1
511 160 1
511 190 1
511 221 1
511 274 1
511 317 1
511 344 1
511 369 1
511 410 1
511 411 1
511 445 1
512 4 1
512 15 1
512 20 1
512 21 1
512 52 1
512 111 1
512 125 1
512 175 1
512 182 1
512 186 1
512 192 1
512 226 1
512 254 1
512 259 1
512 260 1
512 269 1
512 343 1
512 442 1
512 444 1
512 471 1
512 480 1
512 502 1
512 503 1
512 510 1
513 15 1
513 20 1
513 21 1
513 52 1
513 116 1
513 125 1
513 161 1
513 186 1
513 192 1
513 259 1
513 260 1
513 444 1
513 474 1
513 501 1
513 502 1
513 503 1
513 510 1
513 512 1
514 74 1
514 110 1
514 127 1
514 128 1
514 129 1
514 162 1
514 181 1
514 189 1
514 193 1
514 263 1
514 264 1
514 275 1
514 314 1
514 319 1
514 413 1
514 414 1
514 505 1
515 48 1
515 85 1
515 188 1
515 193 1
515 194 1
515 276 1
515 413 1
515 478 1
515 481 1
516 22 1
516 41 1
516 110 1
516 122 1
516 127 1
516 162 1
516 170 1
516 181 1
516 190 1
516 274 1
516 275 1
516 319 1
516 334 1
516 345 1
516 411 1
516 414 1
516 514 1
517 13 1
517 22 1
517 122 1
517 190 1
517 229 1
517 345 1
517 411 1
518 24 1
518 30 1
518 136 1
518 137 1
518 138 1
518 199 1
518 232 1
518 277 1
518 284 1
518 308 1
518 347 1
518 353 1
518 361 1
518 447 1
518 496 1
519 57 1
519 87 1
519 130 1
519 131 1
519 134 1
519 135 1
519 167 1
519 234 1
519 283 1
519 301 1
519 302 1
519 322 1
519 394 1
519 452 1
520 30 1
520 59 1
520 88 1
520 136 1
520 137 1
520 138 1
520 177 1
520 200 1
520 284 1
520 288 1
520 353 1
520 371 1
520 457 1
521 32 1
521 61 1
521 90 1
521 163 1
521 201 1
521 202 1
521 203 1
521 239 1
521 356 1
521 357 1
521 418 1
521 456 1
521 489 1
522 33 1
522 61 1
522 63 1
522 179 1
522 201 1
522 202 1
522 239 1
522 356 1
522 357 1
522 489 1
522 521 1
523 60 1
523 66 1
523 67 1
523 139 1
523 141 1
523 305 1
523 465 1
524 37 1
524 67 1
524 139 1
524 141 1
524 201 1
524 287 1
524 289 1
524 418 1
524 465 1
524 523 1
525 27 1
525 32 1
525 37 1
525 67 1
525 139 1
525 179 1
525 197 1
525 201 1
525 287 1
525 289 1
525 356 1
525 357 1
525 418 1
525 451 1
525 489 1
525 521 1
525 522 1
525 524 1
526 35 1
526 95 1
526 101 1
526 166 1
526 205 1
526 299 1
526 376 1
526 398 1
526 420 1
526 421 1
526 491 1
527 96 1
527 101 1
527 147 1
527 166 1
527 205 1
527 291 1
527 293 1
527 294 1
527 297 1
527 298 1
527 299 1
527 307 1
527 376 1
527 398 1
527 419 1
527 420 1
527 421 1
527 491 1
527 526 1
528 96 1
528 149 1
528 205 1
528 209 1
528 291 1
528 292 1
528 293 1
528 298 1
528 307 1
528 325 1
528 329 1
528 375 1
528 419 1
528 427 1
528 492 1
528 527 1
529 35 1
529 36 1
529 95 1
529 97 1
529 98 1
529 99 1
529 148 1
529 205 1
529 244 1
529 294 1
529 295 1
529 296 1
529 307 1
529 376 1
529 463 1
529 491 1
530 35 1
530 99 1
530 100 1
530 296 1
530 297 1
530 298 1
530 377 1
530 399 1
530 493 1
531 94 1
531 145 1
531 147 1
531 165 1
531 178 1
531 242 1
531 300 1
531 327 1
531 397 1
531 495 1
532 42 1
532 94 1
532 143 1
532 145 1
532 147 1
532 165 1
532 178 1
532 242 1
532 291 1
532 300 1
532 323 1
532 324 1
532 327 1
532 328 1
532 397 1
532 495 1
532 531 1
533 56 1
533 64 1
533 103 1
533 167 1
533 283 1
533 301 1
533 302 1
533 303 1
533 394 1
533 464 1
533 487 1
534 105 1
534 106 1
534 206 1
534 306 1
534 328 1
534 359 1
534 378 1
534 422 1
534 423 1
535 40 1
535 73 1
535 92 1
535 143 1
535 174 1
535 208 1
535 241 1
535 268 1
535 315 1
535 316 1
535 358 1
535 374 1
535 389 1
535 459 1
535 460 1
535 466 1
535 494 1
535 507 1
535 508 1
536 40 1
536 41 1
536 73 1
536 174 1
536 208 1
536 261 1
536 264 1
536 268 1
536 317 1
536 389 1
536 460 1
536 494 1
536 504 1
536 507 1
536 508 1
536 535 1
537 94 1
537 147 1
537 300 1
537 326 1
537 327 1
537 495 1
537 531 1
537 532 1
538 132 1
538 148 1
538 149 1
538 150 1
538 171 1
538 196 1
538 205 1
538 209 1
538 293 1
538 294 1
538 307 1
538 325 1
538 329 1
538 427 1
538 428 1
538 528 1
539 62 1
539 107 1
539 204 1
539 209 1
539 210 1
539 308 1
539 361 1
539 375 1
539 381 1
539 427 1
539 492 1
539 496 1
540 42 1
540 43 1
540 55 1
540 132 1
540 148 1
540 171 1
540 196 1
540 206 1
540 293 1
540 295 1
540 307 1
540 350 1
540 351 1
540 362 1
540 378 1
540 380 1
540 382 1
540 423 1
540 426 1
540 428 1
540 538 1
541 34 1
541 206 1
541 245 1
541 362 1
541 382 1
541 423 1
541 461 1
542 8 1
542 10 1
542 11 1
542 185 1
542 219 1
542 220 1
542 340 1
542 341 1
542 404 1
542 405 1
542 439 1
542 473 1
542 475 1
542 499 1
542 500 1
542 503 1
543 82 1
543 83 1
543 121 1
543 154 1
543 160 1
543 188 1
543 221 1
543 222 1
543 262 1
543 314 1
543 344 1
543 367 1
543 445 1
543 478 1
543 511 1
544 77 1
544 189 1
544 261 1
544 265 1
544 266 1
544 267 1
544 389 1
544 390 1
544 408 1
544 409 1
544 477 1
544 504 1
544 506 1
545 23 1
545 24 1
545 137 1
545 198 1
545 232 1
545 277 1
545 284 1
545 308 1
545 347 1
545 348 1
545 361 1
545 381 1
545 447 1
545 482 1
545 496 1
545 518 1
546 32 1
546 33 1
546 61 1
546 163 1
546 201 1
546 202 1
546 239 1
546 356 1
546 521 1
546 522 1
547 106 1
547 143 1
547 146 1
547 240 1
547 241 1
547 243 1
547 292 1
547 325 1
547 359 1
547 375 1
547 455 1
547 459 1
547 492 1
548 35 1
548 100 1
548 101 1
548 205 1
548 291 1
548 297 1
548 298 1
548 299 1
548 377 1
548 398 1
548 399 1
548 420 1
548 421 1
548 491 1
548 526 1
548 527 1
548 530 1
549 2 1
549 3 1
549 76 1
549 108 1
549 109 1
549 110 1
549 162 1
549 172 1
549 181 1
549 246 1
549 247 1
549 319 1
549 364 1
549 383 1
549 391 1
549 402 1
549 414 1
549 430 1
549 468 1
549 469 1
550 7 1
550 187 1
550 215 1
550 252 1
550 253 1
550 336 1
550 403 1
550 436 1
551 14 1
551 69 1
551 117 1
551 151 1
551 158 1
551 184 1
551 191 1
551 249 1
551 256 1
551 310 1
551 330 1
551 338 1
551 385 1
551 438 1
551 509 1
552 4 1
552 5 1
552 8 1
552 9 1
552 69 1
552 115 1
552 152 1
552 173 1
552 184 1
552 217 1
552 310 1
552 337 1
552 343 1
552 404 1
552 436 1
552 438 1
552 470 1
552 498 1
553 8 1
553 16 1
553 17 1
553 18 1
553 19 1
553 71 1
553 84 1
553 119 1
553 126 1
553 129 1
553 185 1
553 187 1
553 195 1
553 220 1
553 221 1
553 253 1
553 406 1
553 436 1
553 446 1
553 473 1
553 475 1
554 12 1
554 13 1
554 47 1
554 72 1
554 155 1
554 224 1
554 425 1
555 73 1
555 82 1
555 174 1
555 208 1
555 312 1
555 313 1
555 317 1
555 369 1
555 388 1
555 410 1
555 476 1
555 507 1
555 508 1
555 536 1
556 40 1
556 74 1
556 77 1
556 120 1
556 261 1
556 262 1
556 263 1
556 266 1
556 267 1
556 268 1
556 315 1
556 316 1
556 389 1
556 407 1
556 408 1
556 409 1
556 504 1
556 505 1
556 536 1
556 544 1
557 25 1
557 26 1
557 53 1
557 98 1
557 130 1
557 131 1
557 132 1
557 171 1
557 176 1
557 196 1
557 278 1
557 279 1
557 296 1
557 329 1
557 373 1
557 393 1
557 416 1
557 449 1
557 483 1
557 484 1
558 31 1
558 235 1
558 237 1
558 284 1
558 285 1
558 286 1
558 353 1
558 417 1
558 456 1
559 29 1
559 59 1
559 88 1
559 140 1
559 168 1
559 200 1
559 207 1
559 233 1
559 238 1
559 281 1
559 288 1
559 320 1
559 346 1
559 355 1
559 371 1
559 379 1
559 396 1
559 457 1
559 486 1
560 27 1
560 28 1
560 30 1
560 59 1
560 88 1
560 136 1
560 138 1
560 177 1
560 200 1
560 238 1
560 288 1
560 353 1
560 418 1
560 456 1
560 457 1
560 485 1
560 520 1
561 92 1
561 94 1
561 106 1
561 143 1
561 178 1
561 323 1
561 324 1
561 328 1
561 358 1
561 374 1
561 378 1
561 397 1
561 460 1
561 462 1
561 490 1
561 531 1
561 532 1
562 96 1
562 101 1
562 102 1
562 145 1
562 147 1
562 242 1
562 291 1
562 292 1
562 293 1
562 298 1
562 299 1
562 300 1
562 326 1
562 327 1
562 398 1
562 419 1
562 420 1
562 421 1
562 526 1
562 527 1
562 528 1
562 537 1
562 548 1
563 29 1
563 64 1
563 65 1
563 66 1
563 67 1
563 207 1
563 303 1
563 304 1
563 305 1
563 424 1
563 464 1
563 465 1
563 523 1
563 524 1
