# minsup
1
# graph
G_portein_file\Serpin\1ATH.pdb
# node ID, label
0 A
1 A
2 A
3 A
4 A
5 A
6 A
7 A
8 A
9 A
10 A
11 A
12 A
13 A
14 A
15 A
16 A
17 A
18 A
19 A
20 A
21 A
22 A
23 A
24 A
25 A
26 A
27 A
28 A
29 A
30 A
31 A
32 A
33 A
34 A
35 A
36 A
37 A
38 C
39 C
40 C
41 D
42 D
43 D
44 D
45 D
46 D
47 D
48 D
49 D
50 D
51 D
52 D
53 D
54 D
55 D
56 D
57 D
58 D
59 D
60 E
61 E
62 E
63 E
64 E
65 E
66 E
67 E
68 E
69 E
70 E
71 E
72 E
73 E
74 E
75 E
76 E
77 E
78 E
79 E
80 E
81 E
82 E
83 E
84 E
85 E
86 E
87 E
88 E
89 E
90 E
91 E
92 F
93 F
94 F
95 F
96 F
97 F
98 F
99 F
100 F
101 F
102 F
103 F
104 F
105 F
106 F
107 F
108 F
109 F
110 F
111 F
112 F
113 F
114 F
115 F
116 F
117 F
118 F
119 F
120 F
121 F
122 F
123 F
124 F
125 F
126 F
127 F
128 F
129 F
130 F
131 F
132 F
133 F
134 F
135 G
136 G
137 G
138 G
139 G
140 G
141 G
142 G
143 G
144 G
145 G
146 G
147 G
148 G
149 G
150 G
151 G
152 G
153 G
154 H
155 H
156 H
157 H
158 H
159 H
160 H
161 I
162 I
163 I
164 I
165 I
166 I
167 I
168 I
169 I
170 I
171 I
172 I
173 I
174 I
175 I
176 I
177 I
178 I
179 I
180 I
181 I
182 I
183 I
184 I
185 I
186 I
187 I
188 I
189 I
190 K
191 K
192 K
193 K
194 K
195 K
196 K
197 K
198 K
199 K
200 K
201 K
202 K
203 K
204 K
205 K
206 K
207 K
208 K
209 K
210 K
211 K
212 K
213 K
214 K
215 K
216 K
217 K
218 K
219 K
220 K
221 L
222 L
223 L
224 L
225 L
226 L
227 L
228 L
229 L
230 L
231 L
232 L
233 L
234 L
235 L
236 L
237 L
238 L
239 L
240 L
241 L
242 L
243 L
244 L
245 L
246 L
247 L
248 L
249 L
250 L
251 L
252 L
253 L
254 L
255 L
256 L
257 L
258 L
259 L
260 L
261 L
262 L
263 L
264 L
265 L
266 L
267 L
268 L
269 L
270 L
271 L
272 L
273 L
274 L
275 L
276 L
277 L
278 L
279 L
280 L
281 L
282 M
283 M
284 M
285 M
286 M
287 M
288 M
289 M
290 M
291 M
292 M
293 M
294 M
295 M
296 M
297 M
298 N
299 N
300 N
301 N
302 N
303 N
304 N
305 N
306 N
307 N
308 N
309 N
310 N
311 N
312 N
313 N
314 N
315 N
316 N
317 N
318 N
319 N
320 N
321 N
322 P
323 P
324 P
325 P
326 P
327 P
328 P
329 P
330 P
331 P
332 P
333 P
334 P
335 P
336 P
337 P
338 P
339 P
340 Q
341 Q
342 Q
343 Q
344 Q
345 Q
346 Q
347 Q
348 Q
349 Q
350 Q
351 Q
352 Q
353 Q
354 Q
355 Q
356 R
357 R
358 R
359 R
360 R
361 R
362 R
363 R
364 R
365 R
366 R
367 R
368 R
369 R
370 R
371 R
372 R
373 R
374 R
375 R
376 S
377 S
378 S
379 S
380 S
381 S
382 S
383 S
384 S
385 S
386 S
387 S
388 S
389 S
390 S
391 S
392 S
393 S
394 S
395 S
396 S
397 S
398 S
399 S
400 S
401 S
402 S
403 S
404 S
405 S
406 S
407 S
408 S
409 S
410 S
411 T
412 T
413 T
414 T
415 T
416 T
417 T
418 T
419 T
420 T
421 T
422 T
423 T
424 T
425 T
426 T
427 T
428 T
429 T
430 T
431 T
432 T
433 T
434 T
435 T
436 T
437 T
438 T
439 T
440 V
441 V
442 V
443 V
444 V
445 V
446 V
447 V
448 V
449 V
450 V
451 V
452 V
453 V
454 V
455 V
456 V
457 V
458 V
459 V
460 V
461 V
462 V
463 V
464 V
465 V
466 V
467 V
468 V
469 V
470 V
471 V
472 V
473 V
474 V
475 V
476 V
477 V
478 V
479 V
480 V
481 V
482 V
483 V
484 V
485 V
486 W
487 W
488 W
489 W
490 W
491 W
492 W
493 Y
494 Y
495 Y
496 Y
497 Y
498 Y
499 Y
500 Y
501 Y
502 Y
503 Y
504 Y
505 Y
506 Y
507 Y
# node ID1, node ID2, number of bounds
1 0 1
4 3 1
7 3 1
8 3 1
8 7 1
10 9 1
14 2 1
14 11 1
15 3 1
18 17 1
21 11 1
24 23 1
26 25 1
28 27 1
30 23 1
32 31 1
33 31 1
33 32 1
34 31 1
34 32 1
34 33 1
35 23 1
35 30 1
38 5 1
39 6 1
40 12 1
41 2 1
41 14 1
42 2 1
42 11 1
42 14 1
42 21 1
42 41 1
43 2 1
43 11 1
43 21 1
43 42 1
45 8 1
46 11 1
46 42 1
49 16 1
52 15 1
53 37 1
55 54 1
56 27 1
57 31 1
57 34 1
59 30 1
59 35 1
59 36 1
60 0 1
62 45 1
63 8 1
63 45 1
65 12 1
65 40 1
67 13 1
69 67 1
70 2 1
70 14 1
70 41 1
71 14 1
71 70 1
73 48 1
73 72 1
74 48 1
74 73 1
75 48 1
75 68 1
75 74 1
76 68 1
76 75 1
78 17 1
78 18 1
79 17 1
79 18 1
79 78 1
80 47 1
82 33 1
83 29 1
87 31 1
87 32 1
87 33 1
87 34 1
87 57 1
88 32 1
88 33 1
88 87 1
90 32 1
90 33 1
90 88 1
92 0 1
92 1 1
92 61 1
93 1 1
93 2 1
93 41 1
93 92 1
94 16 1
94 49 1
95 3 1
95 4 1
95 15 1
96 0 1
96 1 1
96 4 1
96 61 1
96 92 1
96 93 1
96 95 1
97 0 1
97 4 1
97 60 1
97 61 1
97 92 1
97 96 1
98 6 1
98 44 1
99 6 1
99 39 1
99 44 1
99 60 1
99 98 1
100 4 1
100 6 1
100 39 1
100 98 1
100 99 1
101 45 1
101 62 1
102 16 1
103 64 1
103 66 1
103 78 1
103 79 1
104 11 1
104 12 1
104 20 1
104 21 1
104 40 1
104 65 1
105 66 1
105 68 1
105 75 1
105 76 1
106 47 1
106 79 1
107 12 1
107 77 1
108 15 1
108 51 1
108 52 1
109 15 1
109 52 1
110 16 1
110 49 1
110 77 1
110 94 1
110 102 1
111 20 1
111 66 1
112 14 1
112 20 1
112 21 1
113 68 1
113 80 1
113 94 1
114 1 1
114 16 1
114 80 1
114 94 1
114 102 1
114 110 1
114 113 1
115 22 1
116 22 1
116 115 1
117 31 1
117 32 1
117 34 1
117 57 1
117 87 1
118 23 1
118 24 1
118 30 1
118 35 1
119 22 1
119 24 1
119 115 1
119 116 1
119 118 1
120 26 1
120 28 1
120 54 1
120 55 1
121 54 1
121 81 1
122 54 1
122 55 1
122 120 1
123 32 1
123 33 1
123 34 1
123 82 1
123 90 1
124 84 1
124 89 1
125 29 1
125 83 1
126 84 1
126 85 1
127 85 1
128 29 1
128 88 1
129 30 1
129 31 1
129 57 1
129 117 1
130 30 1
130 35 1
130 59 1
130 129 1
131 31 1
131 32 1
131 33 1
131 34 1
131 57 1
131 87 1
131 88 1
131 90 1
131 117 1
132 19 1
132 37 1
133 85 1
133 91 1
133 117 1
134 22 1
134 31 1
134 32 1
134 33 1
134 34 1
134 91 1
134 117 1
134 123 1
134 131 1
134 133 1
135 4 1
135 5 1
135 38 1
135 101 1
136 6 1
136 7 1
136 8 1
136 45 1
136 63 1
137 79 1
137 102 1
137 106 1
138 66 1
138 76 1
138 103 1
138 105 1
139 13 1
139 67 1
139 69 1
140 47 1
140 106 1
140 137 1
141 50 1
141 51 1
141 61 1
141 96 1
142 5 1
142 38 1
142 62 1
142 101 1
142 135 1
143 17 1
143 77 1
143 78 1
143 79 1
143 103 1
143 106 1
143 137 1
144 19 1
144 29 1
144 37 1
144 125 1
144 132 1
145 2 1
145 21 1
145 49 1
145 94 1
145 112 1
145 113 1
145 114 1
146 54 1
146 55 1
146 120 1
146 121 1
146 122 1
147 25 1
147 26 1
148 33 1
148 82 1
149 84 1
149 126 1
150 31 1
150 34 1
150 56 1
150 57 1
150 87 1
150 117 1
150 129 1
150 130 1
150 131 1
151 81 1
151 121 1
152 88 1
152 89 1
152 90 1
152 124 1
152 127 1
153 31 1
153 37 1
153 57 1
153 117 1
153 132 1
153 133 1
153 134 1
154 2 1
154 41 1
154 50 1
154 70 1
154 93 1
155 4 1
155 6 1
155 44 1
155 98 1
155 99 1
155 100 1
156 20 1
156 66 1
156 103 1
156 111 1
157 3 1
157 15 1
157 16 1
157 49 1
157 109 1
158 24 1
159 19 1
159 84 1
159 124 1
159 144 1
160 30 1
160 31 1
160 34 1
160 35 1
160 56 1
160 57 1
160 117 1
160 129 1
160 130 1
160 150 1
161 2 1
161 16 1
161 21 1
161 42 1
161 43 1
161 49 1
161 94 1
161 145 1
162 1 1
162 3 1
162 4 1
162 15 1
162 92 1
162 95 1
162 96 1
162 109 1
162 157 1
163 4 1
163 6 1
163 44 1
163 97 1
163 98 1
163 99 1
163 100 1
163 155 1
164 6 1
164 8 1
164 45 1
164 62 1
164 63 1
164 136 1
164 155 1
165 9 1
165 10 1
166 9 1
166 15 1
166 52 1
166 109 1
166 157 1
166 165 1
167 7 1
167 16 1
167 102 1
167 110 1
167 114 1
167 157 1
167 162 1
168 47 1
168 80 1
168 106 1
168 137 1
168 140 1
169 20 1
169 68 1
169 112 1
169 113 1
170 5 1
170 62 1
170 101 1
170 135 1
170 142 1
171 19 1
171 144 1
171 159 1
172 68 1
172 80 1
172 102 1
172 113 1
172 114 1
172 145 1
172 168 1
173 1 1
173 80 1
173 113 1
173 114 1
173 168 1
173 172 1
174 1 1
174 80 1
174 102 1
174 113 1
174 114 1
174 167 1
174 168 1
174 172 1
174 173 1
175 31 1
175 37 1
175 53 1
175 57 1
175 87 1
175 117 1
175 129 1
175 150 1
175 153 1
176 22 1
176 23 1
176 24 1
176 30 1
176 34 1
176 35 1
176 115 1
176 116 1
176 118 1
176 119 1
176 130 1
176 160 1
177 24 1
177 158 1
178 26 1
178 81 1
178 147 1
178 158 1
179 27 1
179 28 1
179 35 1
179 56 1
179 120 1
180 31 1
180 32 1
180 33 1
180 34 1
180 56 1
180 57 1
180 82 1
180 87 1
180 131 1
180 148 1
180 150 1
180 160 1
181 27 1
181 30 1
181 35 1
181 56 1
181 130 1
181 160 1
181 179 1
182 25 1
182 31 1
182 32 1
182 33 1
182 34 1
182 123 1
182 134 1
183 19 1
183 85 1
183 132 1
183 133 1
184 31 1
184 32 1
184 37 1
184 57 1
184 87 1
184 88 1
184 117 1
184 128 1
184 131 1
184 153 1
184 175 1
185 81 1
185 121 1
185 146 1
185 151 1
186 30 1
186 35 1
186 36 1
186 59 1
186 146 1
187 32 1
187 85 1
187 91 1
187 123 1
187 127 1
187 133 1
187 134 1
187 153 1
188 22 1
188 91 1
188 133 1
188 134 1
188 187 1
189 22 1
189 32 1
189 33 1
189 34 1
189 91 1
189 123 1
189 133 1
189 134 1
189 182 1
189 187 1
189 188 1
190 0 1
190 1 1
190 60 1
190 72 1
190 92 1
190 97 1
190 173 1
191 2 1
191 41 1
191 42 1
191 43 1
191 154 1
191 161 1
192 3 1
192 4 1
192 5 1
192 38 1
192 44 1
192 95 1
192 135 1
192 142 1
192 155 1
192 163 1
193 0 1
193 1 1
193 61 1
193 92 1
193 96 1
193 97 1
193 190 1
194 6 1
194 39 1
194 98 1
194 99 1
194 100 1
194 155 1
194 163 1
195 8 1
195 45 1
195 63 1
195 136 1
195 164 1
196 9 1
196 10 1
196 165 1
197 7 1
197 167 1
197 196 1
198 77 1
198 102 1
198 106 1
198 137 1
198 143 1
199 79 1
199 103 1
199 106 1
199 137 1
199 140 1
199 143 1
200 78 1
200 79 1
200 103 1
200 106 1
200 138 1
200 143 1
200 199 1
201 11 1
201 21 1
201 40 1
201 42 1
201 46 1
201 104 1
202 66 1
202 75 1
202 76 1
202 83 1
202 105 1
202 138 1
203 47 1
203 106 1
203 137 1
203 140 1
203 143 1
203 168 1
203 199 1
203 200 1
204 13 1
204 67 1
204 69 1
204 139 1
205 14 1
205 67 1
205 69 1
205 139 1
205 204 1
206 14 1
206 70 1
206 71 1
206 205 1
207 2 1
207 14 1
207 41 1
207 70 1
207 71 1
207 154 1
207 206 1
208 16 1
208 49 1
208 94 1
208 109 1
208 110 1
208 157 1
208 166 1
208 167 1
209 20 1
209 104 1
209 111 1
209 156 1
210 53 1
210 175 1
211 23 1
211 24 1
211 118 1
211 151 1
211 158 1
212 22 1
212 115 1
212 119 1
213 26 1
213 120 1
213 147 1
214 27 1
214 28 1
214 56 1
214 148 1
214 179 1
214 180 1
215 25 1
215 33 1
215 34 1
215 82 1
215 148 1
215 180 1
215 182 1
215 214 1
216 32 1
216 33 1
216 88 1
216 90 1
216 123 1
216 127 1
216 152 1
217 124 1
217 127 1
217 152 1
218 89 1
218 124 1
218 127 1
218 152 1
218 217 1
219 29 1
219 83 1
219 125 1
220 31 1
220 33 1
220 34 1
220 35 1
220 56 1
220 57 1
220 87 1
220 117 1
220 129 1
220 130 1
220 131 1
220 150 1
220 160 1
220 180 1
220 181 1
221 0 1
221 60 1
221 97 1
221 99 1
221 100 1
221 163 1
221 190 1
221 193 1
222 2 1
222 41 1
222 93 1
222 154 1
222 161 1
222 191 1
223 1 1
223 16 1
223 49 1
223 94 1
223 110 1
223 113 1
223 114 1
223 145 1
223 157 1
223 161 1
223 162 1
223 167 1
223 174 1
223 208 1
223 222 1
224 1 1
224 3 1
224 92 1
224 95 1
224 114 1
224 162 1
224 167 1
224 173 1
224 174 1
224 223 1
225 4 1
225 5 1
225 38 1
225 44 1
225 95 1
225 135 1
225 142 1
225 155 1
225 163 1
225 164 1
225 192 1
226 4 1
226 5 1
226 38 1
226 51 1
226 61 1
226 135 1
226 192 1
226 225 1
227 4 1
227 5 1
227 38 1
227 51 1
227 61 1
227 95 1
227 96 1
227 97 1
227 141 1
227 192 1
227 193 1
227 226 1
228 6 1
228 39 1
228 98 1
228 99 1
228 100 1
228 155 1
228 194 1
228 221 1
229 6 1
229 39 1
229 80 1
229 194 1
229 228 1
230 7 1
230 102 1
230 137 1
230 167 1
230 174 1
230 198 1
230 229 1
231 6 1
231 8 1
231 45 1
231 63 1
231 136 1
231 164 1
231 195 1
232 8 1
232 45 1
232 63 1
232 101 1
232 136 1
232 195 1
233 10 1
233 165 1
233 232 1
234 15 1
234 52 1
234 108 1
234 170 1
234 232 1
234 233 1
235 3 1
235 15 1
235 52 1
235 95 1
235 109 1
235 157 1
235 166 1
235 232 1
235 234 1
236 78 1
236 79 1
236 106 1
236 137 1
236 140 1
236 143 1
236 198 1
236 199 1
236 200 1
236 203 1
237 12 1
237 40 1
237 65 1
237 104 1
237 201 1
238 68 1
238 75 1
238 76 1
238 105 1
238 111 1
238 169 1
239 68 1
239 105 1
239 106 1
239 138 1
239 168 1
239 172 1
239 199 1
239 202 1
239 238 1
240 20 1
240 68 1
240 112 1
240 113 1
240 145 1
240 169 1
240 172 1
240 238 1
240 239 1
241 20 1
241 111 1
241 112 1
241 139 1
241 169 1
241 204 1
241 205 1
241 209 1
241 238 1
241 240 1
242 11 1
242 14 1
242 21 1
242 42 1
242 69 1
242 70 1
242 71 1
242 112 1
242 169 1
242 204 1
242 205 1
242 206 1
242 207 1
242 241 1
243 70 1
243 71 1
243 72 1
243 206 1
243 207 1
244 48 1
244 71 1
244 72 1
244 73 1
244 169 1
244 243 1
245 48 1
245 68 1
245 73 1
245 74 1
245 75 1
245 238 1
245 244 1
246 48 1
246 68 1
246 73 1
246 74 1
246 75 1
246 76 1
246 105 1
246 238 1
246 245 1
247 66 1
247 76 1
247 105 1
247 111 1
247 138 1
247 202 1
248 15 1
248 52 1
248 109 1
248 157 1
248 162 1
248 208 1
248 235 1
249 15 1
249 50 1
249 93 1
249 96 1
249 108 1
249 141 1
249 154 1
249 248 1
250 50 1
250 51 1
250 61 1
250 96 1
250 108 1
250 141 1
250 226 1
250 227 1
250 249 1
251 5 1
251 38 1
251 51 1
251 52 1
251 108 1
251 192 1
251 226 1
251 227 1
251 250 1
252 5 1
252 38 1
252 51 1
252 135 1
252 142 1
252 170 1
252 192 1
252 225 1
252 226 1
252 251 1
253 16 1
253 49 1
253 77 1
253 94 1
253 102 1
253 107 1
253 110 1
253 114 1
253 143 1
253 145 1
253 198 1
253 223 1
254 14 1
254 21 1
254 70 1
254 94 1
254 112 1
254 113 1
254 145 1
254 161 1
254 169 1
254 240 1
254 241 1
254 242 1
255 47 1
255 80 1
255 168 1
255 173 1
255 190 1
255 221 1
255 228 1
255 229 1
256 22 1
256 31 1
256 32 1
256 33 1
256 34 1
256 57 1
256 87 1
256 116 1
256 117 1
256 129 1
256 131 1
256 133 1
256 134 1
256 150 1
256 153 1
256 160 1
256 175 1
256 176 1
256 189 1
256 220 1
257 22 1
257 23 1
257 34 1
257 115 1
257 134 1
257 176 1
257 182 1
257 188 1
257 189 1
257 256 1
258 24 1
258 118 1
258 151 1
258 158 1
258 178 1
258 185 1
258 211 1
259 24 1
259 118 1
259 119 1
259 211 1
259 212 1
260 158 1
261 91 1
261 260 1
262 32 1
262 33 1
262 91 1
262 123 1
262 182 1
262 189 1
262 216 1
262 261 1
263 23 1
263 26 1
263 35 1
263 54 1
263 120 1
263 146 1
263 147 1
263 179 1
263 213 1
264 54 1
264 121 1
264 146 1
265 26 1
265 54 1
265 120 1
265 121 1
265 146 1
265 147 1
265 213 1
265 263 1
266 28 1
266 54 1
266 55 1
266 120 1
266 122 1
266 146 1
266 179 1
266 265 1
267 36 1
267 54 1
267 120 1
267 121 1
267 122 1
267 146 1
267 185 1
267 186 1
267 263 1
267 264 1
267 265 1
267 266 1
268 23 1
268 26 1
268 30 1
268 35 1
268 118 1
268 120 1
268 146 1
268 179 1
268 186 1
268 263 1
268 265 1
268 267 1
269 89 1
269 90 1
269 127 1
269 152 1
269 216 1
269 217 1
269 218 1
270 29 1
270 83 1
270 125 1
270 219 1
271 85 1
271 126 1
271 183 1
272 85 1
272 126 1
272 127 1
272 187 1
272 217 1
272 271 1
273 19 1
273 85 1
273 132 1
273 133 1
273 153 1
273 183 1
273 187 1
273 271 1
273 272 1
274 19 1
274 132 1
274 144 1
274 171 1
274 183 1
274 271 1
274 273 1
275 86 1
275 183 1
276 85 1
276 86 1
276 271 1
276 275 1
277 84 1
277 126 1
277 149 1
277 159 1
277 271 1
278 30 1
278 58 1
278 116 1
278 119 1
278 259 1
279 151 1
279 185 1
279 186 1
279 211 1
279 258 1
280 31 1
280 32 1
280 33 1
280 34 1
280 57 1
280 87 1
280 88 1
280 90 1
280 117 1
280 123 1
280 128 1
280 131 1
280 134 1
280 153 1
280 184 1
280 216 1
280 256 1
281 19 1
281 37 1
281 117 1
281 132 1
281 133 1
281 153 1
281 175 1
281 183 1
281 273 1
281 274 1
282 3 1
282 4 1
282 5 1
282 8 1
282 63 1
282 95 1
282 100 1
282 135 1
282 136 1
282 155 1
282 162 1
282 163 1
282 164 1
282 192 1
282 225 1
283 4 1
283 61 1
283 95 1
283 96 1
283 97 1
283 163 1
283 192 1
283 193 1
283 226 1
283 227 1
283 250 1
284 12 1
284 20 1
284 65 1
284 78 1
284 104 1
284 107 1
284 156 1
284 209 1
284 237 1
285 12 1
285 64 1
285 65 1
285 78 1
285 103 1
285 156 1
285 209 1
285 284 1
286 68 1
286 80 1
286 106 1
286 113 1
286 114 1
286 168 1
286 172 1
286 173 1
286 174 1
286 238 1
286 239 1
286 240 1
287 75 1
287 76 1
287 105 1
287 138 1
287 202 1
287 246 1
287 247 1
288 66 1
288 75 1
288 76 1
288 83 1
288 105 1
288 138 1
288 202 1
288 247 1
288 270 1
288 287 1
289 12 1
289 20 1
289 78 1
289 104 1
289 107 1
289 111 1
289 112 1
289 156 1
289 209 1
289 240 1
289 284 1
289 285 1
290 50 1
290 61 1
290 93 1
290 96 1
290 141 1
290 154 1
290 249 1
290 250 1
291 1 1
291 16 1
291 94 1
291 113 1
291 114 1
291 145 1
291 161 1
291 172 1
291 173 1
291 174 1
291 223 1
291 224 1
291 254 1
291 286 1
292 23 1
292 24 1
292 26 1
292 118 1
292 158 1
292 176 1
292 178 1
292 211 1
292 258 1
292 263 1
292 268 1
293 19 1
293 29 1
293 83 1
293 128 1
293 144 1
293 159 1
293 171 1
293 219 1
293 270 1
294 19 1
294 89 1
294 124 1
294 159 1
294 171 1
294 219 1
294 293 1
295 85 1
295 91 1
295 127 1
295 133 1
295 134 1
295 187 1
295 271 1
295 272 1
295 273 1
296 19 1
296 89 1
296 124 1
296 128 1
296 144 1
296 159 1
296 171 1
296 273 1
296 293 1
296 294 1
297 22 1
297 31 1
297 117 1
297 133 1
297 134 1
297 153 1
297 175 1
297 187 1
297 188 1
297 189 1
297 256 1
297 257 1
297 280 1
297 281 1
297 295 1
298 0 1
298 1 1
298 60 1
298 92 1
298 96 1
298 97 1
298 162 1
298 173 1
298 174 1
298 190 1
298 193 1
298 221 1
298 224 1
299 2 1
299 11 1
299 21 1
299 41 1
299 42 1
299 43 1
299 191 1
300 11 1
300 21 1
300 42 1
300 43 1
300 46 1
300 161 1
300 191 1
300 201 1
300 299 1
301 2 1
301 21 1
301 42 1
301 43 1
301 49 1
301 94 1
301 112 1
301 145 1
301 161 1
301 191 1
301 254 1
301 299 1
301 300 1
302 5 1
302 38 1
302 226 1
302 252 1
303 6 1
303 39 1
303 98 1
303 99 1
303 100 1
303 136 1
303 194 1
303 228 1
303 229 1
304 45 1
304 62 1
304 101 1
304 135 1
304 142 1
304 170 1
305 9 1
305 10 1
305 165 1
305 166 1
305 196 1
306 3 1
306 7 1
306 15 1
306 16 1
306 95 1
306 109 1
306 157 1
306 162 1
306 167 1
306 208 1
306 224 1
306 235 1
307 17 1
307 77 1
307 78 1
307 79 1
307 103 1
307 107 1
307 143 1
307 200 1
307 236 1
307 253 1
307 284 1
307 285 1
307 289 1
308 12 1
308 20 1
308 21 1
308 40 1
308 65 1
308 104 1
308 111 1
308 112 1
308 156 1
308 201 1
308 209 1
308 237 1
308 241 1
308 284 1
308 289 1
309 47 1
309 80 1
309 168 1
309 173 1
309 174 1
309 190 1
309 221 1
309 255 1
310 11 1
310 12 1
310 21 1
310 40 1
310 42 1
310 43 1
310 104 1
310 107 1
310 112 1
310 201 1
310 300 1
310 301 1
310 308 1
311 53 1
311 175 1
311 210 1
312 279 1
313 260 1
313 261 1
314 23 1
314 25 1
314 26 1
314 35 1
314 147 1
314 182 1
314 213 1
314 215 1
314 263 1
314 265 1
314 268 1
314 292 1
315 81 1
315 121 1
315 151 1
315 185 1
315 264 1
316 27 1
316 28 1
316 35 1
316 56 1
316 179 1
316 180 1
316 181 1
316 214 1
316 215 1
317 82 1
317 148 1
317 180 1
317 214 1
317 215 1
317 316 1
318 23 1
318 25 1
318 26 1
318 34 1
318 35 1
318 118 1
318 160 1
318 176 1
318 182 1
318 215 1
318 257 1
318 263 1
318 268 1
318 292 1
318 314 1
319 88 1
319 89 1
319 90 1
319 124 1
319 128 1
319 152 1
319 218 1
319 269 1
319 293 1
319 294 1
319 296 1
320 59 1
320 129 1
320 130 1
321 29 1
321 37 1
321 125 1
321 128 1
321 132 1
321 144 1
321 184 1
322 1 1
322 3 1
322 92 1
322 93 1
322 94 1
322 96 1
322 114 1
322 157 1
322 162 1
322 167 1
322 173 1
322 174 1
322 223 1
322 224 1
322 291 1
322 298 1
323 101 1
323 195 1
323 232 1
323 233 1
323 234 1
324 17 1
324 18 1
324 64 1
324 78 1
324 79 1
324 103 1
324 200 1
324 285 1
324 307 1
325 47 1
325 68 1
325 105 1
325 106 1
325 137 1
325 140 1
325 143 1
325 168 1
325 172 1
325 199 1
325 200 1
325 203 1
325 236 1
325 238 1
325 239 1
325 286 1
326 13 1
326 14 1
326 20 1
326 67 1
326 69 1
326 112 1
326 139 1
326 169 1
326 204 1
326 205 1
326 206 1
326 241 1
326 242 1
326 254 1
327 67 1
327 69 1
327 139 1
327 204 1
327 205 1
327 241 1
327 242 1
327 308 1
327 326 1
328 0 1
328 1 1
328 71 1
328 72 1
328 73 1
328 92 1
328 190 1
328 243 1
328 244 1
328 298 1
329 12 1
329 20 1
329 65 1
329 78 1
329 104 1
329 107 1
329 156 1
329 209 1
329 237 1
329 284 1
329 285 1
329 289 1
329 307 1
329 308 1
329 310 1
330 5 1
330 38 1
330 101 1
330 135 1
330 142 1
330 170 1
330 225 1
330 252 1
330 302 1
330 304 1
331 11 1
331 14 1
331 20 1
331 21 1
331 42 1
331 43 1
331 104 1
331 112 1
331 169 1
331 201 1
331 241 1
331 242 1
331 254 1
331 300 1
331 301 1
331 308 1
331 310 1
331 326 1
331 327 1
332 47 1
332 80 1
332 168 1
332 229 1
332 255 1
332 309 1
333 12 1
333 21 1
333 40 1
333 43 1
333 104 1
333 107 1
333 201 1
333 284 1
333 300 1
333 301 1
333 308 1
333 310 1
333 329 1
333 331 1
334 22 1
334 34 1
334 115 1
334 116 1
334 117 1
334 134 1
334 153 1
334 176 1
334 188 1
334 189 1
334 256 1
334 257 1
334 297 1
335 54 1
335 55 1
335 120 1
335 122 1
335 146 1
335 213 1
335 263 1
335 264 1
335 265 1
335 266 1
335 267 1
336 85 1
336 91 1
336 126 1
336 127 1
336 152 1
336 187 1
336 217 1
336 269 1
336 271 1
336 272 1
336 295 1
337 19 1
337 29 1
337 83 1
337 89 1
337 128 1
337 144 1
337 159 1
337 171 1
337 219 1
337 293 1
337 294 1
337 296 1
337 319 1
337 321 1
338 151 1
338 185 1
338 258 1
338 279 1
338 312 1
338 315 1
339 29 1
339 37 1
339 125 1
339 128 1
339 144 1
339 184 1
339 293 1
339 296 1
339 321 1
339 337 1
340 1 1
340 2 1
340 14 1
340 41 1
340 70 1
340 71 1
340 92 1
340 93 1
340 154 1
340 207 1
340 222 1
340 243 1
341 5 1
341 38 1
341 61 1
341 192 1
341 226 1
341 227 1
341 250 1
341 283 1
341 302 1
342 38 1
342 51 1
342 61 1
342 96 1
342 97 1
342 141 1
342 192 1
342 193 1
342 226 1
342 227 1
342 250 1
342 251 1
342 283 1
342 302 1
342 341 1
343 6 1
343 44 1
343 98 1
343 99 1
343 100 1
343 155 1
343 163 1
344 8 1
344 45 1
344 62 1
344 63 1
344 101 1
344 135 1
344 142 1
344 164 1
344 170 1
344 195 1
344 225 1
344 231 1
344 232 1
344 304 1
345 8 1
345 101 1
345 165 1
345 195 1
345 232 1
345 233 1
345 234 1
345 323 1
345 344 1
346 66 1
346 78 1
346 103 1
346 138 1
346 156 1
346 200 1
346 202 1
346 247 1
346 285 1
346 289 1
347 13 1
347 20 1
347 67 1
347 111 1
347 112 1
347 139 1
347 169 1
347 204 1
347 209 1
347 238 1
347 240 1
347 241 1
347 246 1
347 326 1
348 48 1
348 72 1
348 73 1
348 74 1
348 244 1
348 245 1
348 309 1
348 328 1
349 50 1
349 93 1
349 141 1
349 154 1
349 222 1
349 248 1
349 249 1
349 250 1
349 290 1
350 119 1
350 211 1
350 212 1
350 259 1
350 312 1
351 26 1
351 81 1
351 121 1
351 151 1
351 178 1
351 185 1
351 213 1
351 258 1
351 263 1
351 265 1
351 315 1
352 26 1
352 54 1
352 120 1
352 146 1
352 179 1
352 213 1
352 263 1
352 265 1
352 266 1
352 267 1
352 335 1
353 84 1
353 124 1
353 149 1
353 159 1
353 218 1
353 277 1
353 294 1
353 296 1
354 19 1
354 171 1
354 183 1
354 271 1
354 273 1
354 274 1
355 58 1
355 116 1
355 278 1
356 0 1
356 1 1
356 72 1
356 92 1
356 93 1
356 96 1
356 97 1
356 190 1
356 193 1
356 298 1
356 328 1
357 6 1
357 39 1
357 100 1
357 194 1
357 228 1
357 229 1
357 255 1
357 303 1
357 332 1
358 9 1
358 10 1
358 165 1
358 166 1
358 196 1
358 233 1
358 305 1
359 68 1
359 74 1
359 75 1
359 76 1
359 105 1
359 202 1
359 238 1
359 239 1
359 245 1
359 246 1
359 247 1
359 287 1
359 288 1
359 325 1
360 13 1
360 48 1
360 68 1
360 74 1
360 75 1
360 76 1
360 105 1
360 139 1
360 238 1
360 245 1
360 246 1
360 287 1
360 347 1
360 359 1
361 13 1
361 67 1
361 74 1
361 111 1
361 139 1
361 169 1
361 204 1
361 238 1
361 241 1
361 246 1
361 326 1
361 347 1
361 360 1
362 12 1
362 77 1
362 78 1
362 107 1
362 143 1
362 156 1
362 284 1
362 285 1
362 289 1
362 307 1
362 329 1
362 333 1
363 19 1
363 29 1
363 37 1
363 83 1
363 125 1
363 132 1
363 144 1
363 159 1
363 171 1
363 270 1
363 293 1
363 296 1
363 321 1
363 337 1
363 339 1
364 11 1
364 20 1
364 21 1
364 104 1
364 112 1
364 201 1
364 204 1
364 209 1
364 237 1
364 241 1
364 242 1
364 289 1
364 308 1
364 310 1
364 326 1
364 327 1
364 329 1
364 331 1
364 333 1
365 47 1
365 68 1
365 80 1
365 113 1
365 114 1
365 168 1
365 172 1
365 173 1
365 174 1
365 255 1
365 286 1
365 291 1
365 309 1
365 325 1
365 332 1
366 2 1
366 14 1
366 21 1
366 42 1
366 43 1
366 70 1
366 94 1
366 112 1
366 113 1
366 145 1
366 161 1
366 169 1
366 223 1
366 240 1
366 242 1
366 254 1
366 291 1
366 300 1
366 301 1
366 310 1
366 331 1
367 23 1
367 25 1
367 26 1
367 35 1
367 120 1
367 146 1
367 147 1
367 179 1
367 213 1
367 263 1
367 265 1
367 268 1
367 292 1
367 314 1
367 318 1
367 352 1
368 27 1
368 28 1
368 55 1
368 56 1
368 120 1
368 122 1
368 179 1
368 181 1
368 214 1
368 266 1
368 316 1
369 31 1
369 32 1
369 33 1
369 34 1
369 56 1
369 82 1
369 87 1
369 90 1
369 131 1
369 148 1
369 180 1
369 215 1
369 220 1
369 280 1
369 317 1
370 85 1
370 126 1
370 271 1
370 276 1
370 354 1
371 64 1
371 183 1
371 271 1
371 274 1
371 354 1
371 370 1
372 29 1
372 88 1
372 89 1
372 124 1
372 128 1
372 144 1
372 152 1
372 159 1
372 219 1
372 293 1
372 294 1
372 296 1
372 319 1
372 337 1
372 339 1
373 32 1
373 87 1
373 88 1
373 90 1
373 128 1
373 131 1
373 184 1
373 280 1
373 319 1
373 321 1
373 337 1
373 339 1
373 372 1
374 85 1
374 91 1
374 133 1
374 134 1
374 187 1
374 188 1
374 189 1
374 295 1
374 297 1
374 336 1
375 37 1
375 53 1
375 117 1
375 132 1
375 133 1
375 153 1
375 175 1
375 183 1
375 184 1
375 256 1
375 273 1
375 281 1
375 297 1
375 321 1
376 0 1
376 60 1
376 97 1
376 99 1
376 100 1
376 173 1
376 190 1
376 221 1
376 224 1
376 228 1
376 255 1
376 298 1
376 309 1
376 356 1
377 0 1
377 1 1
377 60 1
377 72 1
377 92 1
377 93 1
377 96 1
377 173 1
377 174 1
377 190 1
377 193 1
377 221 1
377 224 1
377 244 1
377 298 1
377 309 1
377 322 1
377 328 1
377 356 1
377 376 1
378 2 1
378 41 1
378 42 1
378 154 1
378 191 1
378 222 1
378 299 1
378 340 1
378 349 1
379 1 1
379 16 1
379 94 1
379 110 1
379 113 1
379 114 1
379 145 1
379 157 1
379 162 1
379 167 1
379 172 1
379 173 1
379 174 1
379 208 1
379 223 1
379 224 1
379 291 1
379 306 1
379 322 1
380 3 1
380 4 1
380 7 1
380 16 1
380 95 1
380 114 1
380 157 1
380 162 1
380 167 1
380 174 1
380 208 1
380 223 1
380 224 1
380 306 1
380 322 1
380 379 1
381 0 1
381 1 1
381 3 1
381 4 1
381 92 1
381 95 1
381 96 1
381 97 1
381 100 1
381 162 1
381 193 1
381 224 1
381 227 1
381 282 1
381 298 1
381 306 1
381 322 1
381 377 1
381 379 1
381 380 1
382 4 1
382 44 1
382 97 1
382 98 1
382 155 1
382 163 1
382 192 1
382 225 1
382 226 1
382 227 1
382 283 1
382 341 1
382 343 1
383 3 1
383 7 1
383 8 1
383 102 1
383 136 1
383 167 1
383 197 1
383 224 1
383 230 1
383 306 1
383 380 1
384 3 1
384 4 1
384 8 1
384 45 1
384 63 1
384 135 1
384 136 1
384 155 1
384 164 1
384 195 1
384 225 1
384 231 1
384 232 1
384 282 1
384 344 1
385 7 1
385 165 1
385 196 1
385 197 1
385 305 1
386 66 1
386 78 1
386 79 1
386 103 1
386 105 1
386 106 1
386 138 1
386 143 1
386 199 1
386 200 1
386 202 1
386 203 1
386 236 1
386 239 1
386 325 1
386 346 1
387 64 1
387 78 1
387 79 1
387 103 1
387 200 1
387 277 1
387 285 1
387 324 1
387 346 1
387 386 1
388 12 1
388 40 1
388 65 1
388 104 1
388 237 1
388 284 1
388 308 1
388 310 1
388 329 1
388 333 1
389 12 1
389 65 1
389 104 1
389 107 1
389 237 1
389 284 1
389 285 1
389 289 1
389 307 1
389 329 1
389 333 1
389 362 1
389 388 1
390 11 1
390 14 1
390 42 1
390 69 1
390 70 1
390 112 1
390 204 1
390 205 1
390 206 1
390 241 1
390 242 1
390 326 1
390 327 1
390 331 1
390 364 1
391 15 1
391 52 1
391 108 1
391 234 1
391 235 1
391 251 1
392 17 1
392 77 1
392 78 1
392 79 1
392 102 1
392 106 1
392 110 1
392 137 1
392 143 1
392 198 1
392 236 1
392 253 1
392 307 1
393 17 1
393 18 1
393 64 1
393 78 1
393 79 1
393 277 1
393 324 1
393 387 1
394 19 1
394 37 1
394 125 1
394 144 1
394 270 1
394 321 1
394 363 1
395 22 1
395 86 1
395 115 1
395 116 1
395 119 1
395 188 1
395 189 1
395 212 1
395 257 1
395 334 1
396 53 1
396 210 1
396 311 1
396 355 1
397 22 1
397 31 1
397 32 1
397 33 1
397 34 1
397 117 1
397 131 1
397 133 1
397 134 1
397 153 1
397 160 1
397 176 1
397 182 1
397 187 1
397 188 1
397 189 1
397 220 1
397 256 1
397 257 1
397 297 1
397 334 1
398 23 1
398 24 1
398 25 1
398 31 1
398 33 1
398 34 1
398 35 1
398 118 1
398 134 1
398 160 1
398 176 1
398 182 1
398 189 1
398 220 1
398 256 1
398 257 1
398 314 1
398 318 1
398 334 1
398 397 1
399 22 1
399 23 1
399 24 1
399 115 1
399 118 1
399 119 1
399 176 1
399 212 1
399 257 1
399 259 1
399 292 1
399 318 1
399 334 1
399 395 1
399 397 1
399 398 1
400 25 1
400 33 1
400 34 1
400 123 1
400 147 1
400 182 1
400 215 1
400 261 1
400 262 1
400 313 1
400 314 1
400 318 1
400 398 1
401 54 1
401 55 1
401 121 1
401 122 1
401 146 1
401 264 1
401 266 1
401 335 1
402 26 1
402 147 1
402 158 1
402 178 1
402 213 1
402 258 1
402 263 1
402 265 1
402 292 1
402 314 1
402 351 1
402 367 1
403 33 1
403 56 1
403 82 1
403 148 1
403 179 1
403 180 1
403 214 1
403 215 1
403 316 1
403 317 1
403 369 1
404 84 1
404 89 1
404 124 1
404 126 1
404 127 1
404 149 1
404 152 1
404 217 1
404 218 1
404 269 1
404 272 1
404 336 1
404 353 1
405 29 1
405 83 1
405 125 1
405 219 1
405 270 1
405 293 1
405 321 1
405 339 1
406 29 1
406 83 1
406 125 1
406 128 1
406 144 1
406 219 1
406 270 1
406 293 1
406 294 1
406 296 1
406 319 1
406 337 1
406 339 1
406 363 1
406 372 1
406 405 1
407 30 1
407 35 1
407 59 1
407 129 1
407 130 1
407 150 1
407 160 1
407 181 1
407 220 1
407 278 1
407 320 1
407 355 1
408 30 1
408 36 1
408 59 1
408 186 1
409 32 1
409 88 1
409 89 1
409 90 1
409 123 1
409 127 1
409 128 1
409 152 1
409 187 1
409 216 1
409 269 1
409 280 1
409 295 1
409 319 1
409 372 1
409 373 1
410 23 1
410 25 1
410 31 1
410 33 1
410 34 1
410 35 1
410 130 1
410 131 1
410 150 1
410 160 1
410 176 1
410 180 1
410 181 1
410 182 1
410 215 1
410 220 1
410 256 1
410 257 1
410 314 1
410 316 1
410 318 1
410 397 1
410 398 1
410 400 1
410 403 1
411 1 1
411 70 1
411 92 1
411 93 1
411 154 1
411 173 1
411 222 1
411 243 1
411 244 1
411 291 1
411 298 1
411 322 1
411 328 1
411 340 1
411 356 1
411 377 1
412 1 1
412 2 1
412 92 1
412 93 1
412 96 1
412 154 1
412 207 1
412 222 1
412 243 1
412 290 1
412 328 1
412 340 1
412 356 1
412 377 1
412 411 1
413 3 1
413 4 1
413 95 1
413 96 1
413 100 1
413 155 1
413 162 1
413 192 1
413 224 1
413 282 1
413 298 1
413 303 1
413 306 1
413 322 1
413 380 1
413 381 1
413 383 1
414 3 1
414 4 1
414 5 1
414 95 1
414 135 1
414 142 1
414 192 1
414 225 1
414 226 1
414 227 1
414 232 1
414 235 1
414 251 1
414 252 1
414 282 1
414 381 1
414 384 1
414 413 1
415 5 1
415 38 1
415 51 1
415 61 1
415 108 1
415 135 1
415 192 1
415 226 1
415 227 1
415 250 1
415 251 1
415 252 1
415 283 1
415 302 1
415 341 1
415 342 1
416 62 1
416 101 1
416 142 1
416 170 1
416 232 1
416 304 1
416 323 1
416 344 1
416 345 1
417 45 1
417 62 1
417 63 1
417 101 1
417 135 1
417 142 1
417 164 1
417 225 1
417 304 1
417 344 1
417 384 1
418 7 1
418 16 1
418 102 1
418 110 1
418 167 1
418 196 1
418 197 1
418 198 1
418 230 1
418 383 1
418 385 1
419 52 1
419 234 1
419 391 1
420 3 1
420 7 1
420 16 1
420 102 1
420 109 1
420 110 1
420 157 1
420 162 1
420 167 1
420 197 1
420 208 1
420 223 1
420 224 1
420 306 1
420 322 1
420 379 1
420 380 1
420 383 1
420 413 1
420 418 1
421 12 1
421 64 1
421 65 1
421 78 1
421 103 1
421 156 1
421 284 1
421 285 1
421 289 1
421 307 1
421 324 1
421 329 1
421 346 1
421 362 1
421 387 1
421 389 1
422 13 1
422 67 1
422 139 1
422 169 1
422 204 1
422 205 1
422 238 1
422 241 1
422 242 1
422 326 1
422 327 1
422 347 1
422 360 1
422 361 1
423 47 1
423 68 1
423 80 1
423 106 1
423 113 1
423 137 1
423 140 1
423 168 1
423 172 1
423 199 1
423 203 1
423 238 1
423 239 1
423 240 1
423 286 1
423 325 1
423 365 1
424 70 1
424 71 1
424 72 1
424 73 1
424 207 1
424 243 1
424 244 1
424 328 1
424 340 1
424 348 1
424 356 1
424 377 1
424 411 1
424 412 1
425 20 1
425 66 1
425 111 1
425 156 1
425 209 1
425 247 1
425 288 1
425 347 1
426 0 1
426 1 1
426 80 1
426 114 1
426 168 1
426 172 1
426 173 1
426 174 1
426 190 1
426 221 1
426 224 1
426 228 1
426 229 1
426 255 1
426 298 1
426 309 1
426 322 1
426 332 1
426 365 1
426 376 1
426 377 1
427 22 1
427 115 1
427 116 1
427 188 1
427 275 1
427 297 1
427 334 1
427 395 1
428 22 1
428 115 1
428 116 1
428 119 1
428 355 1
428 395 1
428 427 1
429 23 1
429 24 1
429 118 1
429 119 1
429 158 1
429 176 1
429 182 1
429 211 1
429 257 1
429 292 1
429 313 1
429 314 1
429 318 1
429 334 1
429 398 1
429 399 1
429 400 1
429 410 1
430 23 1
430 24 1
430 118 1
430 151 1
430 185 1
430 186 1
430 211 1
430 258 1
430 259 1
430 263 1
430 267 1
430 268 1
430 279 1
430 292 1
430 399 1
430 402 1
430 429 1
431 54 1
431 81 1
431 121 1
431 146 1
431 185 1
431 264 1
431 315 1
431 401 1
432 25 1
432 31 1
432 32 1
432 33 1
432 34 1
432 82 1
432 123 1
432 131 1
432 148 1
432 180 1
432 182 1
432 215 1
432 317 1
432 369 1
432 400 1
432 403 1
432 410 1
433 27 1
433 31 1
433 34 1
433 56 1
433 82 1
433 148 1
433 179 1
433 180 1
433 181 1
433 214 1
433 215 1
433 220 1
433 316 1
433 317 1
433 369 1
433 403 1
433 410 1
433 432 1
434 36 1
434 54 1
434 55 1
434 120 1
434 122 1
434 146 1
434 186 1
434 267 1
434 408 1
435 23 1
435 25 1
435 31 1
435 33 1
435 34 1
435 35 1
435 176 1
435 180 1
435 182 1
435 215 1
435 257 1
435 314 1
435 318 1
435 367 1
435 397 1
435 398 1
435 400 1
435 403 1
435 410 1
435 429 1
435 432 1
436 83 1
436 89 1
436 124 1
436 159 1
436 219 1
436 293 1
436 294 1
436 296 1
436 337 1
436 353 1
436 372 1
436 406 1
437 183 1
437 271 1
437 274 1
437 354 1
437 370 1
437 371 1
438 85 1
438 91 1
438 127 1
438 133 1
438 187 1
438 188 1
438 217 1
438 272 1
438 273 1
438 295 1
438 336 1
438 374 1
439 23 1
439 30 1
439 31 1
439 34 1
439 35 1
439 118 1
439 129 1
439 130 1
439 150 1
439 160 1
439 176 1
439 181 1
439 182 1
439 220 1
439 256 1
439 257 1
439 268 1
439 314 1
439 318 1
439 334 1
439 397 1
439 398 1
439 399 1
439 407 1
439 410 1
439 429 1
439 435 1
440 0 1
440 6 1
440 60 1
440 98 1
440 99 1
440 100 1
440 190 1
440 194 1
440 221 1
440 228 1
440 255 1
440 303 1
440 309 1
440 357 1
440 376 1
440 426 1
441 61 1
441 92 1
441 93 1
441 96 1
441 97 1
441 141 1
441 193 1
441 227 1
441 249 1
441 250 1
441 283 1
441 290 1
441 341 1
441 342 1
441 381 1
441 412 1
442 7 1
442 102 1
442 167 1
442 197 1
442 198 1
442 229 1
442 230 1
442 383 1
442 418 1
442 420 1
443 6 1
443 8 1
443 39 1
443 45 1
443 63 1
443 98 1
443 99 1
443 100 1
443 136 1
443 155 1
443 164 1
443 194 1
443 228 1
443 231 1
443 282 1
443 303 1
443 384 1
444 7 1
444 10 1
444 165 1
444 166 1
444 196 1
444 197 1
444 305 1
444 306 1
444 383 1
444 385 1
444 418 1
444 420 1
445 9 1
445 16 1
445 109 1
445 157 1
445 165 1
445 166 1
445 196 1
445 208 1
445 305 1
445 306 1
445 358 1
445 385 1
445 420 1
445 444 1
446 52 1
446 233 1
446 234 1
446 391 1
446 419 1
447 15 1
447 52 1
447 109 1
447 166 1
447 234 1
447 235 1
447 391 1
447 419 1
447 446 1
448 3 1
448 7 1
448 15 1
448 52 1
448 109 1
448 157 1
448 162 1
448 165 1
448 166 1
448 208 1
448 235 1
448 248 1
448 305 1
448 306 1
448 380 1
448 420 1
448 444 1
448 445 1
448 447 1
449 13 1
449 67 1
449 73 1
449 74 1
449 139 1
449 204 1
449 246 1
449 326 1
449 347 1
449 360 1
449 361 1
449 422 1
450 68 1
450 74 1
450 111 1
450 139 1
450 169 1
450 238 1
450 240 1
450 241 1
450 244 1
450 245 1
450 246 1
450 254 1
450 326 1
450 347 1
450 359 1
450 360 1
450 361 1
450 422 1
450 449 1
451 68 1
451 113 1
451 168 1
451 169 1
451 172 1
451 238 1
451 239 1
451 240 1
451 245 1
451 254 1
451 286 1
451 291 1
451 325 1
451 359 1
451 365 1
451 423 1
451 450 1
452 14 1
452 67 1
452 70 1
452 71 1
452 112 1
452 169 1
452 205 1
452 206 1
452 207 1
452 241 1
452 242 1
452 243 1
452 254 1
452 326 1
452 390 1
452 422 1
453 48 1
453 71 1
453 72 1
453 73 1
453 243 1
453 244 1
453 245 1
453 328 1
453 348 1
453 424 1
454 66 1
454 105 1
454 111 1
454 138 1
454 156 1
454 202 1
454 209 1
454 247 1
454 287 1
454 288 1
454 346 1
454 425 1
455 20 1
455 66 1
455 103 1
455 105 1
455 111 1
455 138 1
455 156 1
455 202 1
455 209 1
455 238 1
455 239 1
455 247 1
455 284 1
455 285 1
455 288 1
455 289 1
455 346 1
455 425 1
455 454 1
456 50 1
456 51 1
456 108 1
456 141 1
456 227 1
456 249 1
456 250 1
456 251 1
456 290 1
456 342 1
456 415 1
457 101 1
457 142 1
457 170 1
457 252 1
457 304 1
457 330 1
457 416 1
458 17 1
458 77 1
458 78 1
458 79 1
458 107 1
458 110 1
458 137 1
458 143 1
458 198 1
458 236 1
458 253 1
458 307 1
458 329 1
458 362 1
458 392 1
459 19 1
459 64 1
459 84 1
459 103 1
459 159 1
459 171 1
459 200 1
459 277 1
459 324 1
459 346 1
459 354 1
459 386 1
459 387 1
459 393 1
460 19 1
460 144 1
460 159 1
460 171 1
460 271 1
460 274 1
460 277 1
460 296 1
460 354 1
460 371 1
460 387 1
460 459 1
461 66 1
461 111 1
461 209 1
461 247 1
461 287 1
461 288 1
461 360 1
461 361 1
461 425 1
461 454 1
461 455 1
462 94 1
462 112 1
462 113 1
462 114 1
462 145 1
462 161 1
462 169 1
462 172 1
462 238 1
462 240 1
462 241 1
462 254 1
462 286 1
462 291 1
462 331 1
462 365 1
462 366 1
462 451 1
463 47 1
463 80 1
463 168 1
463 172 1
463 173 1
463 255 1
463 309 1
463 325 1
463 332 1
463 365 1
463 423 1
463 426 1
464 20 1
464 21 1
464 43 1
464 94 1
464 107 1
464 112 1
464 145 1
464 161 1
464 240 1
464 254 1
464 300 1
464 301 1
464 310 1
464 329 1
464 331 1
464 333 1
464 364 1
464 366 1
464 462 1
465 58 1
465 115 1
465 116 1
465 119 1
465 212 1
465 259 1
465 278 1
465 350 1
465 428 1
466 25 1
466 33 1
466 123 1
466 182 1
466 215 1
466 216 1
466 261 1
466 262 1
466 313 1
466 400 1
466 432 1
466 435 1
467 26 1
467 147 1
467 158 1
467 178 1
467 292 1
467 313 1
467 402 1
468 25 1
468 28 1
468 34 1
468 35 1
468 56 1
468 82 1
468 148 1
468 179 1
468 180 1
468 181 1
468 182 1
468 214 1
468 215 1
468 314 1
468 316 1
468 317 1
468 318 1
468 367 1
468 369 1
468 403 1
468 410 1
468 432 1
468 433 1
468 435 1
468 439 1
469 27 1
469 31 1
469 34 1
469 35 1
469 56 1
469 129 1
469 130 1
469 150 1
469 160 1
469 179 1
469 180 1
469 181 1
469 214 1
469 220 1
469 316 1
469 368 1
469 403 1
469 407 1
469 410 1
469 433 1
469 439 1
469 468 1
470 36 1
470 54 1
470 55 1
470 120 1
470 121 1
470 122 1
470 146 1
470 185 1
470 186 1
470 264 1
470 266 1
470 267 1
470 268 1
470 401 1
470 434 1
471 30 1
471 35 1
471 36 1
471 54 1
471 120 1
471 146 1
471 179 1
471 181 1
471 186 1
471 263 1
471 265 1
471 266 1
471 267 1
471 268 1
471 352 1
471 367 1
471 368 1
471 430 1
471 434 1
471 439 1
471 470 1
472 23 1
472 25 1
472 26 1
472 30 1
472 35 1
472 118 1
472 120 1
472 130 1
472 160 1
472 176 1
472 179 1
472 181 1
472 263 1
472 267 1
472 268 1
472 292 1
472 314 1
472 316 1
472 318 1
472 367 1
472 398 1
472 410 1
472 429 1
472 430 1
472 435 1
472 439 1
472 468 1
472 469 1
472 471 1
473 276 1
473 354 1
473 370 1
473 371 1
473 437 1
474 85 1
474 183 1
474 271 1
474 273 1
474 274 1
474 276 1
474 281 1
474 354 1
474 370 1
474 371 1
474 437 1
474 460 1
474 473 1
475 85 1
475 133 1
475 183 1
475 187 1
475 271 1
475 272 1
475 273 1
475 274 1
475 276 1
475 281 1
475 295 1
475 297 1
475 336 1
475 374 1
475 438 1
475 474 1
476 86 1
476 275 1
476 276 1
477 84 1
477 103 1
477 126 1
477 149 1
477 159 1
477 171 1
477 200 1
477 277 1
477 353 1
477 386 1
477 387 1
477 459 1
477 460 1
478 19 1
478 84 1
478 124 1
478 126 1
478 149 1
478 159 1
478 171 1
478 271 1
478 272 1
478 277 1
478 293 1
478 294 1
478 296 1
478 353 1
478 459 1
478 460 1
478 477 1
479 54 1
479 81 1
479 121 1
479 146 1
479 151 1
479 185 1
479 264 1
479 267 1
479 279 1
479 315 1
479 338 1
479 351 1
479 431 1
479 470 1
480 30 1
480 36 1
480 59 1
480 186 1
480 267 1
480 279 1
480 408 1
480 430 1
480 434 1
480 470 1
480 471 1
481 32 1
481 88 1
481 89 1
481 90 1
481 128 1
481 152 1
481 184 1
481 280 1
481 296 1
481 319 1
481 337 1
481 372 1
481 373 1
481 409 1
482 23 1
482 30 1
482 35 1
482 36 1
482 59 1
482 118 1
482 130 1
482 160 1
482 176 1
482 181 1
482 186 1
482 263 1
482 267 1
482 268 1
482 292 1
482 318 1
482 407 1
482 408 1
482 410 1
482 430 1
482 439 1
482 471 1
482 472 1
482 480 1
483 30 1
483 35 1
483 36 1
483 59 1
483 120 1
483 130 1
483 146 1
483 181 1
483 186 1
483 263 1
483 267 1
483 268 1
483 408 1
483 430 1
483 434 1
483 439 1
483 470 1
483 471 1
483 472 1
483 480 1
483 482 1
484 85 1
484 117 1
484 132 1
484 133 1
484 134 1
484 153 1
484 183 1
484 187 1
484 271 1
484 273 1
484 274 1
484 281 1
484 295 1
484 297 1
484 374 1
484 375 1
484 475 1
485 19 1
485 37 1
485 53 1
485 117 1
485 128 1
485 132 1
485 144 1
485 153 1
485 175 1
485 184 1
485 273 1
485 280 1
485 281 1
485 297 1
485 321 1
485 337 1
485 339 1
485 373 1
485 375 1
485 484 1
486 0 1
486 60 1
486 99 1
486 190 1
486 221 1
486 228 1
486 255 1
486 298 1
486 309 1
486 332 1
486 376 1
486 426 1
486 440 1
487 7 1
487 9 1
487 10 1
487 165 1
487 196 1
487 197 1
487 305 1
487 385 1
487 418 1
487 444 1
488 78 1
488 79 1
488 103 1
488 106 1
488 137 1
488 140 1
488 143 1
488 168 1
488 199 1
488 200 1
488 203 1
488 236 1
488 239 1
488 286 1
488 307 1
488 325 1
488 386 1
488 392 1
488 423 1
488 458 1
489 13 1
489 48 1
489 72 1
489 73 1
489 74 1
489 169 1
489 238 1
489 244 1
489 245 1
489 246 1
489 328 1
489 347 1
489 348 1
489 360 1
489 361 1
489 422 1
489 449 1
489 450 1
489 453 1
490 25 1
490 27 1
490 28 1
490 148 1
490 179 1
490 180 1
490 214 1
490 215 1
490 316 1
490 317 1
490 367 1
490 403 1
490 432 1
490 433 1
490 435 1
490 468 1
490 472 1
491 89 1
491 124 1
491 127 1
491 152 1
491 217 1
491 218 1
491 269 1
491 272 1
491 295 1
491 319 1
491 336 1
491 404 1
491 409 1
491 438 1
491 481 1
492 86 1
492 183 1
492 271 1
492 275 1
492 276 1
492 354 1
492 370 1
492 371 1
492 473 1
492 474 1
492 476 1
493 1 1
493 2 1
493 41 1
493 70 1
493 92 1
493 93 1
493 94 1
493 145 1
493 154 1
493 161 1
493 207 1
493 222 1
493 223 1
493 243 1
493 291 1
493 322 1
493 340 1
493 356 1
493 366 1
493 378 1
493 379 1
493 411 1
493 412 1
494 5 1
494 45 1
494 62 1
494 63 1
494 101 1
494 135 1
494 142 1
494 164 1
494 170 1
494 192 1
494 225 1
494 231 1
494 232 1
494 282 1
494 304 1
494 330 1
494 344 1
494 384 1
494 414 1
494 417 1
495 3 1
495 4 1
495 6 1
495 8 1
495 39 1
495 45 1
495 63 1
495 100 1
495 136 1
495 155 1
495 164 1
495 195 1
495 231 1
495 282 1
495 303 1
495 383 1
495 384 1
495 413 1
495 443 1
496 7 1
496 16 1
496 102 1
496 110 1
496 114 1
496 167 1
496 174 1
496 197 1
496 198 1
496 208 1
496 230 1
496 253 1
496 379 1
496 380 1
496 383 1
496 418 1
496 420 1
496 442 1
497 11 1
497 12 1
497 20 1
497 21 1
497 40 1
497 46 1
497 65 1
497 104 1
497 201 1
497 237 1
497 308 1
497 310 1
497 327 1
497 331 1
497 364 1
497 388 1
498 64 1
498 66 1
498 78 1
498 103 1
498 111 1
498 138 1
498 156 1
498 200 1
498 209 1
498 284 1
498 285 1
498 289 1
498 324 1
498 329 1
498 346 1
498 387 1
498 389 1
498 421 1
498 454 1
498 455 1
499 68 1
499 74 1
499 75 1
499 76 1
499 105 1
499 111 1
499 202 1
499 238 1
499 239 1
499 240 1
499 245 1
499 246 1
499 247 1
499 287 1
499 288 1
499 347 1
499 359 1
499 360 1
499 361 1
499 449 1
499 450 1
499 451 1
499 461 1
499 489 1
500 5 1
500 51 1
500 52 1
500 108 1
500 170 1
500 234 1
500 251 1
500 252 1
500 391 1
500 419 1
500 446 1
500 447 1
501 22 1
501 115 1
501 116 1
501 117 1
501 153 1
501 175 1
501 256 1
501 297 1
501 334 1
501 355 1
501 375 1
501 396 1
501 397 1
501 427 1
501 428 1
502 81 1
502 121 1
502 151 1
502 178 1
502 185 1
502 258 1
502 315 1
502 338 1
502 351 1
502 402 1
502 479 1
503 23 1
503 24 1
503 25 1
503 26 1
503 147 1
503 158 1
503 178 1
503 213 1
503 292 1
503 313 1
503 314 1
503 318 1
503 367 1
503 400 1
503 402 1
503 429 1
503 467 1
504 25 1
504 31 1
504 32 1
504 33 1
504 34 1
504 82 1
504 90 1
504 123 1
504 131 1
504 134 1
504 180 1
504 182 1
504 189 1
504 215 1
504 216 1
504 262 1
504 369 1
504 398 1
504 400 1
504 410 1
504 432 1
504 435 1
504 466 1
505 84 1
505 89 1
505 124 1
505 159 1
505 171 1
505 293 1
505 294 1
505 296 1
505 337 1
505 353 1
505 436 1
505 460 1
505 477 1
505 478 1
506 85 1
506 126 1
506 271 1
506 272 1
506 273 1
506 276 1
506 277 1
506 354 1
506 370 1
506 371 1
506 459 1
506 460 1
506 473 1
506 474 1
506 475 1
506 492 1
507 36 1
507 59 1
507 186 1
507 279 1
507 338 1
507 408 1
507 470 1
507 480 1
507 483 1
