# minsup
1
# graph
G_portein_file\Serpin\1DB2.pdb
# node ID, label
0 A
1 A
2 A
3 A
4 A
5 A
6 A
7 A
8 A
9 A
10 D
11 D
12 E
13 E
14 E
15 E
16 F
17 F
18 F
19 F
20 F
21 F
22 F
23 F
24 F
25 F
26 G
27 G
28 G
29 G
30 G
31 G
32 G
33 G
34 I
35 I
36 K
37 K
38 L
39 L
40 L
41 L
42 L
43 L
44 L
45 L
46 L
47 L
48 L
49 L
50 M
51 M
52 M
53 M
54 N
55 N
56 N
57 P
58 P
59 Q
60 Q
61 Q
62 Q
63 R
64 R
65 S
66 S
67 S
68 S
69 S
70 S
71 T
72 T
73 V
74 V
75 V
76 V
77 V
78 V
79 V
80 V
81 V
82 V
83 V
84 V
85 V
86 V
87 V
88 V
89 V
90 V
91 V
92 V
93 V
94 V
95 V
96 Y
97 Y
# node ID1, node ID2, number of bounds
3 1 1
8 6 1
10 4 1
11 9 1
13 3 1
13 10 1
13 12 1
15 8 1
15 11 1
15 14 1
17 3 1
17 12 1
17 13 1
17 16 1
18 1 1
20 16 1
20 17 1
20 19 1
22 8 1
22 14 1
22 15 1
22 21 1
23 6 1
25 21 1
25 22 1
25 24 1
26 0 1
26 16 1
26 17 1
26 20 1
27 0 1
27 3 1
27 17 1
27 20 1
27 26 1
28 2 1
29 16 1
29 17 1
29 19 1
29 20 1
30 5 1
30 21 1
30 22 1
30 25 1
31 5 1
31 8 1
31 22 1
31 25 1
31 30 1
32 7 1
33 21 1
33 22 1
33 24 1
33 25 1
34 1 1
34 4 1
34 18 1
35 6 1
35 9 1
35 23 1
36 3 1
36 10 1
36 12 1
36 13 1
36 17 1
36 27 1
37 8 1
37 11 1
37 14 1
37 15 1
37 22 1
37 31 1
38 3 1
38 17 1
38 20 1
38 27 1
38 36 1
39 12 1
39 17 1
39 29 1
40 4 1
40 10 1
40 13 1
40 16 1
41 2 1
41 4 1
41 10 1
41 28 1
41 40 1
42 3 1
42 4 1
42 10 1
42 13 1
42 36 1
42 40 1
42 41 1
43 17 1
43 20 1
43 26 1
43 27 1
43 38 1
44 5 1
44 9 1
44 30 1
44 31 1
44 35 1
45 8 1
45 14 1
45 22 1
45 25 1
45 31 1
45 37 1
46 9 1
46 11 1
46 15 1
46 21 1
47 7 1
47 9 1
47 11 1
47 32 1
47 46 1
48 8 1
48 9 1
48 11 1
48 15 1
48 37 1
48 46 1
48 47 1
49 22 1
49 25 1
49 30 1
49 31 1
49 45 1
50 19 1
50 20 1
50 43 1
51 16 1
51 17 1
51 19 1
51 20 1
51 26 1
51 29 1
51 43 1
51 50 1
52 24 1
52 25 1
52 49 1
53 21 1
53 22 1
53 24 1
53 25 1
53 30 1
53 33 1
53 49 1
53 52 1
54 12 1
54 29 1
54 39 1
55 0 1
55 1 1
55 3 1
55 4 1
55 13 1
55 27 1
55 34 1
55 36 1
55 38 1
55 42 1
56 5 1
56 6 1
56 8 1
56 9 1
56 15 1
56 31 1
56 35 1
56 37 1
56 44 1
56 45 1
56 48 1
57 0 1
57 16 1
57 17 1
57 20 1
57 26 1
57 27 1
57 29 1
57 43 1
57 51 1
58 5 1
58 21 1
58 22 1
58 25 1
58 30 1
58 31 1
58 33 1
58 49 1
58 53 1
59 3 1
59 4 1
59 10 1
59 13 1
59 17 1
59 27 1
59 36 1
59 38 1
59 40 1
59 42 1
59 55 1
60 17 1
60 19 1
60 29 1
60 39 1
60 51 1
60 54 1
61 8 1
61 9 1
61 11 1
61 15 1
61 22 1
61 31 1
61 37 1
61 45 1
61 46 1
61 48 1
61 56 1
62 22 1
62 24 1
62 33 1
62 53 1
63 16 1
63 26 1
63 57 1
64 21 1
64 30 1
64 58 1
65 0 1
65 3 1
65 16 1
65 17 1
65 20 1
65 26 1
65 27 1
65 29 1
65 36 1
65 38 1
65 43 1
65 51 1
65 55 1
65 57 1
65 59 1
66 0 1
66 26 1
66 27 1
66 55 1
66 57 1
66 65 1
67 43 1
67 50 1
69 5 1
69 8 1
69 21 1
69 22 1
69 25 1
69 30 1
69 31 1
69 33 1
69 37 1
69 45 1
69 49 1
69 53 1
69 56 1
69 58 1
69 61 1
70 5 1
70 30 1
70 31 1
70 44 1
70 56 1
70 58 1
70 69 1
71 3 1
71 10 1
71 12 1
71 13 1
71 17 1
71 29 1
71 36 1
71 39 1
71 54 1
71 59 1
72 8 1
72 11 1
72 14 1
72 15 1
72 22 1
72 37 1
72 61 1
73 0 1
73 16 1
73 17 1
73 20 1
73 26 1
73 43 1
73 51 1
73 57 1
73 63 1
73 65 1
74 0 1
74 16 1
74 17 1
74 26 1
74 40 1
74 57 1
74 63 1
74 65 1
74 73 1
75 12 1
75 13 1
75 16 1
75 17 1
75 19 1
75 20 1
75 29 1
75 36 1
75 39 1
75 51 1
75 54 1
75 57 1
75 60 1
75 65 1
75 71 1
76 0 1
76 3 1
76 4 1
76 16 1
76 17 1
76 26 1
76 27 1
76 40 1
76 42 1
76 43 1
76 55 1
76 57 1
76 59 1
76 65 1
76 66 1
76 73 1
76 74 1
77 0 1
77 1 1
77 3 1
77 4 1
77 27 1
77 34 1
77 55 1
77 59 1
77 66 1
77 76 1
78 4 1
78 10 1
78 12 1
78 13 1
78 16 1
78 17 1
78 36 1
78 40 1
78 42 1
78 55 1
78 59 1
78 71 1
78 75 1
79 3 1
79 12 1
79 13 1
79 17 1
79 20 1
79 27 1
79 36 1
79 38 1
79 39 1
79 42 1
79 55 1
79 59 1
79 65 1
79 71 1
79 75 1
79 78 1
80 11 1
80 15 1
80 37 1
80 46 1
80 48 1
80 61 1
80 72 1
81 17 1
81 19 1
81 20 1
81 29 1
81 43 1
81 50 1
81 51 1
81 60 1
81 65 1
81 67 1
81 75 1
82 19 1
82 20 1
82 29 1
82 43 1
82 50 1
82 51 1
82 65 1
82 67 1
82 81 1
83 20 1
83 26 1
83 27 1
83 43 1
83 50 1
83 51 1
83 57 1
83 65 1
83 67 1
83 73 1
83 81 1
83 82 1
84 19 1
84 29 1
84 39 1
84 54 1
84 60 1
84 75 1
85 5 1
85 21 1
85 22 1
85 25 1
85 30 1
85 53 1
85 58 1
85 64 1
85 69 1
86 5 1
86 21 1
86 22 1
86 30 1
86 46 1
86 58 1
86 64 1
86 69 1
86 85 1
87 14 1
87 15 1
87 21 1
87 22 1
87 24 1
87 25 1
87 33 1
87 37 1
87 53 1
87 58 1
87 62 1
87 69 1
87 72 1
88 5 1
88 8 1
88 9 1
88 21 1
88 22 1
88 30 1
88 31 1
88 44 1
88 46 1
88 48 1
88 49 1
88 56 1
88 58 1
88 61 1
88 69 1
88 70 1
88 85 1
88 86 1
89 5 1
89 6 1
89 8 1
89 9 1
89 31 1
89 35 1
89 44 1
89 56 1
89 61 1
89 70 1
89 88 1
90 9 1
90 11 1
90 14 1
90 15 1
90 21 1
90 22 1
90 37 1
90 46 1
90 48 1
90 56 1
90 61 1
90 72 1
90 80 1
90 87 1
91 8 1
91 14 1
91 15 1
91 22 1
91 25 1
91 31 1
91 37 1
91 45 1
91 56 1
91 61 1
91 69 1
91 72 1
91 87 1
91 90 1
92 22 1
92 24 1
92 25 1
92 33 1
92 49 1
92 52 1
92 53 1
92 58 1
92 62 1
92 69 1
92 87 1
93 24 1
93 25 1
93 33 1
93 49 1
93 52 1
93 53 1
93 69 1
93 92 1
94 25 1
94 30 1
94 31 1
94 49 1
94 52 1
94 53 1
94 58 1
94 69 1
94 85 1
94 92 1
94 93 1
95 24 1
95 33 1
95 62 1
95 87 1
96 0 1
96 17 1
96 20 1
96 26 1
96 27 1
96 38 1
96 43 1
96 51 1
96 57 1
96 65 1
96 66 1
96 73 1
96 76 1
96 77 1
96 83 1
97 5 1
97 22 1
97 25 1
97 30 1
97 31 1
97 45 1
97 49 1
97 53 1
97 58 1
97 69 1
97 70 1
97 85 1
97 88 1
97 89 1
97 94 1
