# minsup
1
# graph
G_portein_file\Serpin\1JVQ.pdb
# node ID, label
0 A
1 A
2 A
3 A
4 A
5 A
6 A
7 A
8 A
9 A
10 A
11 A
12 A
13 A
14 A
15 A
16 A
17 A
18 A
19 A
20 A
21 A
22 A
23 A
24 A
25 A
26 A
27 A
28 A
29 A
30 A
31 A
32 A
33 A
34 A
35 A
36 A
37 A
38 A
39 A
40 A
41 C
42 C
43 C
44 C
45 D
46 D
47 D
48 D
49 D
50 D
51 D
52 D
53 D
54 D
55 D
56 D
57 D
58 D
59 D
60 D
61 D
62 D
63 D
64 E
65 E
66 E
67 E
68 E
69 E
70 E
71 E
72 E
73 E
74 E
75 E
76 E
77 E
78 E
79 E
80 E
81 E
82 E
83 E
84 E
85 E
86 E
87 E
88 E
89 E
90 E
91 E
92 E
93 E
94 F
95 F
96 F
97 F
98 F
99 F
100 F
101 F
102 F
103 F
104 F
105 F
106 F
107 F
108 F
109 F
110 F
111 F
112 F
113 F
114 F
115 F
116 F
117 F
118 F
119 F
120 F
121 F
122 F
123 F
124 F
125 F
126 F
127 F
128 F
129 F
130 F
131 F
132 F
133 G
134 G
135 G
136 G
137 G
138 G
139 G
140 G
141 G
142 G
143 G
144 G
145 G
146 G
147 G
148 G
149 G
150 G
151 G
152 G
153 G
154 G
155 H
156 H
157 H
158 H
159 H
160 H
161 I
162 I
163 I
164 I
165 I
166 I
167 I
168 I
169 I
170 I
171 I
172 I
173 I
174 I
175 I
176 I
177 I
178 I
179 I
180 I
181 I
182 I
183 I
184 I
185 I
186 K
187 K
188 K
189 K
190 K
191 K
192 K
193 K
194 K
195 K
196 K
197 K
198 K
199 K
200 K
201 K
202 K
203 K
204 K
205 K
206 K
207 K
208 K
209 K
210 K
211 K
212 K
213 K
214 K
215 K
216 K
217 L
218 L
219 L
220 L
221 L
222 L
223 L
224 L
225 L
226 L
227 L
228 L
229 L
230 L
231 L
232 L
233 L
234 L
235 L
236 L
237 L
238 L
239 L
240 L
241 L
242 L
243 L
244 L
245 L
246 L
247 L
248 L
249 L
250 L
251 L
252 L
253 L
254 L
255 L
256 L
257 L
258 L
259 L
260 L
261 L
262 L
263 L
264 L
265 L
266 M
267 M
268 M
269 M
270 M
271 M
272 M
273 M
274 M
275 M
276 M
277 M
278 M
279 M
280 M
281 N
282 N
283 N
284 N
285 N
286 N
287 N
288 N
289 N
290 N
291 N
292 N
293 N
294 N
295 N
296 N
297 N
298 N
299 N
300 N
301 N
302 N
303 N
304 N
305 N
306 N
307 P
308 P
309 P
310 P
311 P
312 P
313 P
314 P
315 P
316 P
317 P
318 P
319 P
320 Q
321 Q
322 Q
323 Q
324 Q
325 Q
326 Q
327 Q
328 Q
329 Q
330 Q
331 Q
332 Q
333 Q
334 R
335 R
336 R
337 R
338 R
339 R
340 R
341 R
342 R
343 R
344 R
345 R
346 R
347 R
348 R
349 R
350 R
351 R
352 R
353 R
354 R
355 R
356 R
357 R
358 R
359 R
360 S
361 S
362 S
363 S
364 S
365 S
366 S
367 S
368 S
369 S
370 S
371 S
372 S
373 S
374 S
375 S
376 S
377 S
378 S
379 S
380 S
381 S
382 S
383 S
384 S
385 S
386 S
387 S
388 S
389 S
390 S
391 S
392 T
393 T
394 T
395 T
396 T
397 T
398 T
399 T
400 T
401 T
402 T
403 T
404 T
405 T
406 T
407 T
408 T
409 T
410 T
411 T
412 T
413 T
414 T
415 V
416 V
417 V
418 V
419 V
420 V
421 V
422 V
423 V
424 V
425 V
426 V
427 V
428 V
429 V
430 V
431 V
432 V
433 V
434 V
435 V
436 V
437 V
438 V
439 V
440 V
441 V
442 V
443 V
444 V
445 V
446 V
447 V
448 V
449 V
450 V
451 V
452 V
453 V
454 V
455 W
456 W
457 W
458 W
459 W
460 W
461 Y
462 Y
463 Y
464 Y
465 Y
466 Y
467 Y
468 Y
469 Y
470 Y
471 Y
472 Y
473 Y
474 Y
475 Y
# node ID1, node ID2, number of bounds
3 2 1
6 5 1
9 2 1
11 10 1
12 10 1
12 11 1
13 10 1
13 11 1
13 12 1
14 2 1
14 9 1
15 8 1
18 17 1
21 20 1
22 21 1
26 25 1
28 27 1
31 19 1
32 20 1
38 33 1
39 33 1
39 38 1
40 33 1
40 38 1
40 39 1
41 0 1
42 15 1
43 22 1
44 29 1
45 0 1
45 41 1
46 0 1
46 45 1
48 47 1
50 49 1
51 19 1
51 31 1
52 19 1
52 37 1
53 22 1
53 43 1
54 26 1
55 27 1
58 33 1
58 40 1
58 52 1
60 53 1
62 61 1
63 32 1
66 12 1
69 10 1
69 11 1
69 12 1
69 13 1
70 9 1
71 11 1
71 12 1
71 69 1
75 54 1
76 26 1
76 54 1
77 38 1
77 39 1
79 29 1
79 44 1
80 44 1
80 56 1
82 30 1
84 19 1
84 31 1
84 51 1
87 83 1
87 86 1
88 83 1
88 87 1
89 33 1
89 38 1
89 39 1
89 40 1
89 58 1
90 61 1
91 38 1
91 39 1
91 89 1
92 57 1
93 38 1
93 39 1
93 77 1
93 91 1
94 1 1
95 1 1
95 94 1
96 10 1
96 11 1
96 12 1
96 13 1
96 69 1
97 2 1
97 3 1
97 9 1
97 14 1
98 0 1
98 41 1
99 6 1
99 7 1
99 47 1
99 48 1
100 47 1
100 49 1
100 65 1
101 11 1
101 12 1
101 13 1
101 66 1
102 8 1
102 15 1
102 42 1
103 9 1
103 10 1
104 9 1
104 14 1
104 103 1
105 10 1
105 11 1
105 12 1
105 13 1
105 69 1
105 71 1
105 96 1
105 101 1
106 15 1
107 35 1
108 67 1
108 96 1
109 1 1
109 10 1
109 11 1
109 12 1
109 13 1
109 96 1
109 101 1
109 105 1
109 108 1
110 17 1
110 18 1
110 74 1
111 18 1
111 19 1
111 51 1
111 110 1
112 33 1
112 38 1
112 39 1
112 40 1
112 58 1
112 89 1
113 20 1
113 21 1
113 32 1
114 17 1
114 18 1
114 21 1
114 74 1
114 110 1
114 111 1
114 113 1
115 17 1
115 21 1
115 74 1
115 110 1
115 114 1
116 16 1
116 23 1
117 23 1
117 116 1
118 21 1
118 23 1
118 116 1
118 117 1
119 26 1
119 28 1
119 63 1
120 75 1
120 90 1
121 38 1
121 39 1
121 40 1
121 77 1
121 93 1
122 29 1
122 36 1
122 37 1
122 44 1
122 79 1
122 80 1
123 81 1
123 83 1
123 87 1
123 88 1
124 57 1
124 83 1
125 32 1
125 33 1
125 58 1
126 32 1
126 63 1
126 125 1
127 33 1
127 38 1
127 39 1
127 40 1
127 58 1
127 89 1
127 91 1
127 93 1
127 112 1
128 36 1
129 31 1
129 36 1
129 37 1
129 84 1
130 83 1
130 92 1
130 112 1
131 18 1
131 33 1
131 38 1
131 39 1
131 40 1
131 92 1
131 112 1
131 121 1
131 127 1
131 130 1
132 32 1
132 63 1
133 47 1
133 48 1
133 99 1
133 100 1
134 5 1
134 6 1
135 12 1
135 66 1
138 10 1
138 13 1
138 69 1
138 96 1
138 103 1
138 104 1
138 105 1
139 47 1
139 49 1
139 100 1
140 10 1
140 96 1
140 107 1
140 108 1
140 109 1
141 21 1
141 22 1
141 43 1
142 119 1
142 120 1
142 132 1
143 23 1
143 25 1
143 26 1
143 54 1
143 76 1
144 39 1
144 55 1
144 77 1
145 38 1
145 93 1
145 121 1
145 124 1
146 81 1
146 88 1
146 123 1
147 30 1
147 82 1
148 57 1
148 124 1
148 145 1
149 59 1
149 60 1
149 74 1
149 114 1
150 22 1
150 43 1
150 61 1
150 75 1
150 90 1
150 120 1
150 141 1
151 61 1
151 62 1
151 90 1
151 150 1
152 91 1
152 93 1
152 145 1
153 35 1
153 42 1
153 102 1
153 107 1
154 19 1
154 33 1
154 37 1
154 58 1
154 112 1
154 129 1
154 130 1
154 131 1
155 35 1
155 153 1
156 9 1
156 10 1
156 13 1
156 14 1
156 96 1
156 103 1
156 104 1
156 138 1
157 18 1
157 19 1
157 51 1
157 59 1
157 84 1
157 111 1
158 21 1
158 23 1
158 115 1
158 116 1
158 117 1
158 118 1
159 36 1
159 79 1
159 81 1
159 128 1
160 32 1
160 33 1
160 40 1
160 58 1
160 112 1
160 125 1
160 126 1
161 0 1
161 45 1
161 46 1
161 98 1
162 1 1
162 2 1
162 3 1
162 9 1
162 13 1
162 14 1
162 94 1
162 97 1
162 104 1
162 156 1
163 9 1
163 14 1
163 103 1
163 104 1
163 138 1
163 156 1
164 5 1
164 10 1
164 11 1
164 12 1
164 13 1
164 101 1
164 109 1
165 35 1
165 67 1
165 107 1
165 108 1
166 10 1
166 11 1
166 42 1
166 69 1
166 71 1
166 96 1
166 105 1
166 140 1
167 49 1
167 50 1
167 65 1
167 100 1
167 133 1
168 9 1
168 14 1
168 50 1
168 133 1
169 11 1
169 67 1
169 101 1
169 108 1
169 109 1
169 140 1
170 1 1
170 108 1
170 109 1
170 169 1
171 1 1
171 11 1
171 12 1
171 13 1
171 101 1
171 108 1
171 109 1
171 164 1
171 169 1
171 170 1
172 19 1
172 33 1
172 37 1
172 52 1
172 58 1
172 89 1
172 112 1
172 127 1
172 154 1
173 18 1
173 20 1
173 21 1
173 32 1
173 40 1
173 110 1
173 113 1
173 114 1
173 126 1
173 160 1
174 21 1
174 23 1
174 115 1
174 116 1
174 117 1
174 118 1
174 158 1
175 26 1
175 54 1
175 75 1
175 76 1
175 143 1
175 158 1
176 27 1
176 28 1
176 55 1
176 119 1
177 25 1
177 33 1
177 38 1
177 39 1
177 40 1
177 121 1
177 131 1
178 57 1
178 92 1
178 121 1
178 124 1
178 145 1
178 148 1
179 36 1
179 83 1
179 84 1
179 129 1
179 130 1
180 33 1
180 38 1
180 58 1
180 89 1
180 91 1
180 112 1
180 127 1
180 154 1
180 172 1
181 22 1
181 61 1
181 75 1
181 90 1
181 120 1
181 141 1
181 150 1
181 151 1
182 35 1
182 81 1
182 153 1
182 155 1
183 38 1
183 83 1
183 92 1
183 121 1
183 124 1
183 130 1
183 131 1
183 154 1
183 178 1
184 18 1
184 92 1
184 130 1
184 131 1
184 178 1
184 183 1
185 18 1
185 38 1
185 39 1
185 40 1
185 92 1
185 121 1
185 130 1
185 131 1
185 177 1
185 178 1
185 183 1
185 184 1
186 0 1
186 41 1
186 45 1
186 46 1
186 98 1
186 161 1
187 64 1
188 4 1
189 4 1
189 188 1
190 47 1
190 48 1
190 99 1
190 100 1
190 133 1
191 7 1
191 135 1
192 5 1
192 12 1
192 13 1
192 66 1
192 135 1
192 164 1
192 191 1
193 136 1
194 9 1
194 70 1
194 103 1
194 104 1
195 10 1
195 12 1
195 13 1
195 14 1
195 69 1
195 96 1
195 103 1
195 104 1
195 105 1
195 138 1
195 156 1
195 163 1
196 8 1
196 15 1
196 106 1
197 17 1
197 18 1
197 85 1
197 110 1
197 115 1
197 184 1
198 19 1
198 51 1
198 52 1
198 157 1
198 172 1
199 20 1
199 21 1
199 22 1
199 43 1
199 113 1
199 141 1
199 150 1
199 158 1
199 181 1
200 17 1
200 18 1
200 74 1
200 110 1
200 114 1
200 115 1
200 197 1
201 16 1
201 23 1
201 116 1
201 117 1
201 118 1
201 158 1
201 174 1
202 24 1
202 57 1
202 148 1
203 24 1
203 93 1
203 121 1
203 145 1
203 178 1
203 202 1
204 25 1
204 39 1
204 40 1
204 77 1
204 144 1
204 177 1
205 124 1
205 145 1
205 148 1
206 34 1
206 81 1
206 124 1
206 146 1
206 205 1
207 29 1
207 44 1
207 79 1
207 122 1
208 57 1
208 124 1
208 145 1
208 148 1
208 178 1
208 202 1
208 205 1
209 30 1
209 36 1
209 82 1
209 128 1
209 129 1
209 147 1
209 179 1
210 31 1
210 82 1
210 147 1
210 209 1
211 31 1
211 84 1
211 210 1
212 19 1
212 31 1
212 51 1
212 84 1
212 157 1
212 211 1
213 32 1
213 59 1
213 125 1
213 126 1
214 53 1
214 60 1
214 62 1
215 33 1
215 39 1
215 40 1
215 55 1
215 58 1
215 89 1
215 112 1
215 125 1
215 126 1
215 127 1
215 160 1
216 36 1
216 122 1
216 128 1
216 159 1
216 209 1
217 1 1
217 10 1
217 11 1
217 12 1
217 13 1
217 69 1
217 96 1
217 103 1
217 105 1
217 108 1
217 109 1
217 138 1
217 140 1
217 156 1
217 162 1
217 171 1
217 195 1
218 1 1
218 2 1
218 13 1
218 94 1
218 109 1
218 162 1
218 164 1
218 170 1
218 171 1
218 217 1
219 41 1
219 98 1
220 2 1
220 6 1
220 14 1
220 99 1
220 133 1
220 134 1
221 47 1
221 48 1
221 49 1
221 100 1
221 133 1
221 139 1
221 190 1
222 6 1
222 47 1
222 99 1
222 100 1
222 133 1
222 134 1
222 220 1
223 7 1
223 47 1
223 48 1
223 99 1
223 133 1
223 190 1
223 220 1
223 222 1
224 47 1
224 99 1
224 100 1
224 133 1
224 167 1
224 168 1
224 190 1
224 220 1
224 221 1
224 222 1
224 223 1
225 2 1
225 3 1
225 6 1
225 9 1
225 14 1
225 97 1
225 99 1
225 133 1
225 168 1
225 220 1
225 222 1
225 224 1
226 67 1
226 165 1
227 35 1
227 67 1
227 107 1
227 108 1
227 140 1
227 165 1
227 169 1
227 226 1
228 35 1
228 107 1
228 137 1
228 153 1
228 165 1
228 182 1
228 226 1
228 227 1
229 165 1
230 34 1
230 136 1
230 193 1
230 206 1
230 226 1
231 9 1
231 14 1
231 70 1
231 95 1
231 103 1
231 104 1
231 138 1
231 156 1
231 162 1
231 194 1
232 49 1
232 50 1
232 167 1
232 168 1
233 10 1
233 11 1
233 12 1
233 13 1
233 69 1
233 71 1
233 96 1
233 101 1
233 105 1
233 109 1
233 140 1
233 166 1
233 217 1
234 9 1
235 35 1
235 96 1
235 107 1
235 108 1
235 140 1
235 165 1
235 227 1
235 228 1
236 17 1
236 115 1
236 117 1
236 118 1
236 158 1
236 174 1
236 197 1
236 200 1
236 201 1
237 19 1
237 51 1
237 111 1
237 125 1
237 157 1
237 172 1
237 198 1
238 18 1
238 33 1
238 38 1
238 39 1
238 40 1
238 58 1
238 89 1
238 112 1
238 125 1
238 127 1
238 130 1
238 131 1
238 154 1
238 160 1
238 172 1
238 173 1
238 180 1
238 185 1
238 215 1
239 18 1
239 20 1
239 40 1
239 110 1
239 131 1
239 173 1
239 177 1
239 184 1
239 185 1
239 238 1
240 21 1
240 22 1
240 43 1
240 113 1
240 141 1
240 150 1
240 158 1
240 175 1
240 181 1
240 199 1
241 22 1
241 43 1
241 53 1
241 60 1
241 74 1
241 141 1
241 199 1
241 240 1
242 21 1
242 22 1
242 43 1
242 53 1
242 60 1
242 74 1
242 113 1
242 114 1
242 115 1
242 149 1
242 199 1
242 200 1
242 241 1
243 23 1
243 116 1
243 117 1
243 118 1
243 158 1
243 201 1
243 236 1
244 23 1
244 57 1
244 92 1
244 178 1
244 185 1
244 201 1
244 243 1
245 38 1
245 39 1
245 92 1
245 121 1
245 145 1
245 177 1
245 178 1
245 185 1
245 202 1
245 203 1
245 244 1
246 26 1
246 76 1
246 119 1
246 142 1
246 143 1
246 176 1
247 23 1
247 26 1
247 54 1
247 76 1
247 116 1
247 143 1
247 175 1
248 26 1
248 54 1
248 76 1
248 119 1
248 120 1
248 142 1
248 143 1
248 246 1
249 28 1
249 119 1
249 142 1
249 176 1
249 246 1
249 248 1
250 20 1
250 26 1
250 32 1
250 63 1
250 113 1
250 119 1
250 132 1
250 142 1
250 176 1
250 246 1
250 248 1
251 93 1
251 124 1
251 145 1
251 148 1
251 152 1
251 203 1
251 205 1
251 206 1
251 208 1
252 29 1
252 44 1
252 79 1
252 80 1
252 122 1
252 207 1
253 83 1
253 87 1
253 88 1
253 123 1
253 128 1
253 179 1
254 83 1
254 123 1
254 124 1
254 178 1
254 183 1
254 205 1
254 253 1
255 36 1
255 83 1
255 128 1
255 129 1
255 130 1
255 154 1
255 179 1
255 183 1
255 253 1
255 254 1
256 36 1
256 128 1
256 129 1
256 147 1
256 179 1
256 209 1
256 210 1
256 216 1
256 253 1
256 255 1
257 31 1
257 37 1
257 84 1
257 129 1
257 179 1
257 209 1
257 210 1
257 211 1
257 212 1
257 256 1
258 81 1
258 88 1
258 123 1
258 128 1
258 146 1
258 159 1
258 253 1
259 32 1
259 111 1
259 125 1
259 126 1
259 160 1
259 173 1
259 213 1
259 237 1
260 32 1
260 59 1
260 111 1
260 114 1
260 149 1
260 157 1
260 213 1
260 237 1
260 242 1
260 259 1
261 53 1
261 59 1
261 60 1
261 74 1
261 114 1
261 149 1
261 213 1
261 241 1
261 242 1
261 260 1
262 22 1
262 43 1
262 53 1
262 60 1
262 132 1
262 199 1
262 213 1
262 214 1
262 241 1
262 242 1
262 261 1
263 22 1
263 43 1
263 60 1
263 61 1
263 62 1
263 132 1
263 141 1
263 150 1
263 181 1
263 199 1
263 214 1
263 240 1
263 241 1
263 262 1
264 33 1
264 38 1
264 39 1
264 40 1
264 58 1
264 89 1
264 91 1
264 93 1
264 112 1
264 121 1
264 127 1
264 131 1
264 154 1
264 172 1
264 180 1
264 238 1
265 37 1
265 84 1
265 112 1
265 129 1
265 130 1
265 154 1
265 172 1
265 179 1
265 255 1
265 256 1
265 257 1
266 46 1
266 98 1
266 161 1
267 2 1
267 3 1
267 6 1
267 97 1
267 162 1
267 220 1
267 225 1
268 35 1
268 72 1
268 153 1
268 155 1
268 182 1
269 35 1
269 72 1
269 155 1
269 182 1
269 268 1
270 35 1
270 72 1
270 153 1
270 155 1
270 182 1
270 227 1
270 268 1
270 269 1
271 70 1
271 94 1
271 95 1
271 194 1
272 1 1
272 10 1
272 96 1
272 108 1
272 109 1
272 140 1
272 169 1
272 170 1
272 171 1
272 217 1
272 218 1
272 227 1
272 233 1
272 235 1
273 20 1
273 21 1
273 22 1
273 26 1
273 76 1
273 113 1
273 141 1
273 158 1
273 173 1
273 175 1
273 199 1
273 240 1
273 246 1
273 250 1
274 21 1
274 53 1
274 74 1
274 113 1
274 114 1
274 115 1
274 174 1
274 199 1
274 200 1
274 241 1
274 242 1
274 261 1
275 29 1
275 36 1
275 79 1
275 122 1
275 159 1
275 207 1
275 216 1
275 252 1
276 29 1
276 36 1
276 79 1
276 159 1
276 207 1
276 275 1
277 83 1
277 92 1
277 124 1
277 130 1
277 131 1
277 178 1
277 183 1
277 253 1
277 254 1
277 255 1
278 29 1
278 36 1
278 128 1
278 159 1
278 216 1
278 255 1
278 275 1
278 276 1
279 59 1
279 74 1
279 110 1
279 111 1
279 114 1
279 149 1
279 157 1
279 213 1
279 260 1
279 261 1
280 18 1
280 112 1
280 130 1
280 131 1
280 154 1
280 172 1
280 183 1
280 184 1
280 185 1
280 238 1
280 239 1
280 255 1
280 264 1
280 265 1
280 277 1
281 161 1
281 266 1
282 1 1
282 94 1
282 162 1
282 170 1
282 171 1
282 218 1
283 15 1
283 69 1
283 96 1
283 106 1
283 107 1
283 140 1
283 166 1
283 196 1
283 235 1
284 41 1
284 98 1
284 218 1
284 219 1
285 4 1
285 188 1
285 189 1
286 2 1
286 5 1
286 6 1
286 14 1
286 134 1
286 164 1
286 192 1
286 220 1
286 222 1
286 225 1
286 267 1
287 65 1
287 100 1
287 167 1
287 221 1
288 2 1
288 5 1
288 6 1
288 13 1
288 14 1
288 97 1
288 156 1
288 162 1
288 164 1
288 192 1
288 218 1
288 220 1
288 225 1
288 267 1
288 286 1
289 71 1
289 72 1
289 268 1
289 269 1
289 270 1
290 234 1
291 103 1
291 138 1
291 234 1
291 290 1
292 170 1
292 171 1
292 282 1
293 17 1
293 18 1
293 110 1
293 114 1
293 115 1
293 118 1
293 173 1
293 184 1
293 185 1
293 197 1
293 200 1
293 236 1
293 239 1
294 19 1
294 31 1
294 37 1
294 51 1
294 52 1
294 198 1
295 37 1
295 52 1
295 56 1
295 172 1
295 198 1
295 294 1
296 19 1
296 37 1
296 52 1
296 58 1
296 89 1
296 112 1
296 129 1
296 154 1
296 172 1
296 180 1
296 198 1
296 265 1
296 294 1
296 295 1
297 22 1
297 43 1
297 53 1
297 60 1
297 214 1
297 241 1
297 263 1
298 23 1
298 116 1
298 117 1
298 118 1
298 201 1
298 243 1
298 244 1
299 24 1
299 148 1
299 202 1
300 20 1
300 25 1
300 26 1
300 76 1
300 143 1
300 177 1
300 204 1
300 246 1
300 248 1
300 250 1
300 273 1
301 54 1
301 75 1
301 90 1
301 120 1
301 141 1
301 150 1
301 181 1
302 77 1
302 144 1
302 176 1
302 204 1
303 78 1
304 20 1
304 25 1
304 26 1
304 40 1
304 113 1
304 160 1
304 173 1
304 177 1
304 204 1
304 239 1
304 246 1
304 250 1
304 273 1
304 300 1
305 34 1
305 137 1
305 275 1
305 276 1
306 29 1
306 37 1
306 44 1
306 52 1
306 122 1
306 129 1
306 172 1
306 180 1
306 295 1
306 296 1
307 266 1
307 281 1
308 1 1
308 13 1
308 94 1
308 95 1
308 96 1
308 109 1
308 140 1
308 156 1
308 162 1
308 170 1
308 171 1
308 217 1
308 218 1
308 272 1
308 282 1
309 47 1
309 48 1
309 99 1
309 133 1
309 190 1
309 220 1
309 221 1
309 222 1
309 223 1
309 224 1
310 35 1
310 68 1
310 107 1
310 137 1
310 165 1
310 228 1
310 235 1
311 70 1
311 103 1
311 104 1
311 194 1
311 231 1
311 234 1
311 290 1
311 291 1
312 18 1
312 20 1
312 40 1
312 110 1
312 111 1
312 112 1
312 131 1
312 154 1
312 160 1
312 173 1
312 184 1
312 185 1
312 238 1
312 239 1
312 280 1
312 293 1
313 34 1
313 206 1
313 275 1
313 276 1
313 305 1
314 57 1
314 83 1
314 92 1
314 123 1
314 124 1
314 145 1
314 148 1
314 178 1
314 183 1
314 205 1
314 208 1
314 251 1
314 253 1
314 254 1
314 277 1
315 30 1
315 31 1
315 36 1
315 82 1
315 129 1
315 147 1
315 179 1
315 209 1
315 210 1
315 211 1
315 255 1
315 256 1
315 257 1
315 265 1
316 29 1
316 36 1
316 79 1
316 122 1
316 159 1
316 207 1
316 216 1
316 252 1
316 275 1
316 276 1
316 278 1
316 306 1
317 22 1
317 43 1
317 61 1
317 62 1
317 90 1
317 141 1
317 150 1
317 151 1
317 181 1
317 240 1
317 263 1
317 297 1
317 301 1
318 31 1
318 36 1
318 37 1
318 52 1
318 122 1
318 129 1
318 179 1
318 209 1
318 256 1
318 257 1
318 265 1
318 295 1
318 296 1
318 306 1
318 315 1
319 29 1
319 37 1
319 44 1
319 122 1
319 180 1
319 275 1
319 278 1
319 296 1
319 306 1
319 316 1
319 318 1
320 6 1
320 65 1
320 100 1
320 167 1
320 220 1
320 222 1
320 287 1
321 6 1
321 47 1
321 99 1
321 133 1
321 190 1
321 220 1
321 222 1
321 223 1
321 224 1
321 309 1
322 72 1
322 136 1
322 155 1
322 193 1
322 230 1
322 269 1
322 270 1
323 34 1
323 35 1
323 107 1
323 137 1
323 165 1
323 182 1
323 226 1
323 227 1
323 228 1
323 310 1
324 70 1
324 194 1
324 231 1
324 271 1
325 18 1
325 19 1
325 31 1
325 51 1
325 84 1
325 110 1
325 111 1
325 157 1
325 198 1
325 212 1
325 237 1
326 22 1
326 43 1
326 53 1
326 60 1
326 74 1
326 114 1
326 149 1
326 199 1
326 200 1
326 241 1
326 242 1
326 261 1
326 262 1
326 274 1
326 279 1
326 297 1
327 115 1
327 116 1
327 117 1
327 118 1
327 158 1
327 174 1
328 26 1
328 54 1
328 75 1
328 76 1
328 120 1
328 141 1
328 150 1
328 175 1
328 181 1
328 240 1
328 246 1
328 247 1
328 248 1
328 301 1
329 26 1
329 119 1
329 142 1
329 176 1
329 246 1
329 248 1
329 249 1
330 81 1
330 146 1
330 159 1
330 206 1
330 258 1
330 276 1
330 278 1
330 305 1
331 30 1
331 36 1
331 82 1
331 128 1
331 129 1
331 147 1
331 179 1
331 209 1
331 216 1
331 253 1
331 255 1
331 256 1
331 315 1
332 59 1
332 111 1
332 125 1
332 149 1
332 157 1
332 213 1
332 237 1
332 259 1
332 260 1
332 261 1
332 279 1
333 59 1
333 60 1
333 149 1
333 213 1
333 259 1
333 260 1
333 261 1
333 262 1
333 279 1
333 326 1
333 332 1
334 0 1
334 46 1
334 161 1
334 186 1
334 266 1
335 1 1
335 94 1
335 95 1
335 170 1
335 282 1
335 308 1
336 4 1
336 41 1
336 188 1
336 189 1
336 219 1
336 284 1
336 285 1
337 2 1
337 5 1
337 6 1
337 14 1
337 99 1
337 133 1
337 134 1
337 220 1
337 222 1
337 225 1
337 267 1
337 286 1
337 288 1
337 321 1
338 10 1
338 11 1
338 12 1
338 13 1
338 66 1
338 69 1
338 71 1
338 105 1
338 135 1
338 192 1
338 195 1
338 233 1
339 67 1
339 193 1
339 226 1
339 230 1
340 34 1
340 67 1
340 137 1
340 165 1
340 226 1
340 323 1
340 339 1
341 34 1
341 137 1
341 165 1
341 226 1
341 228 1
341 310 1
341 323 1
341 340 1
342 103 1
342 106 1
342 138 1
342 290 1
342 291 1
342 311 1
343 108 1
343 109 1
343 169 1
343 170 1
343 171 1
343 272 1
343 292 1
344 96 1
344 107 1
344 108 1
344 140 1
344 165 1
344 166 1
344 217 1
344 227 1
344 235 1
344 272 1
344 283 1
345 17 1
345 18 1
345 85 1
345 110 1
345 111 1
345 114 1
345 115 1
345 184 1
345 197 1
345 200 1
345 236 1
345 293 1
346 23 1
346 24 1
346 92 1
346 201 1
346 243 1
346 244 1
346 298 1
347 24 1
347 202 1
347 203 1
347 243 1
347 244 1
347 245 1
347 298 1
347 299 1
347 346 1
348 20 1
348 25 1
348 26 1
348 76 1
348 119 1
348 142 1
348 143 1
348 176 1
348 246 1
348 248 1
348 250 1
348 273 1
348 300 1
348 304 1
348 329 1
349 33 1
349 38 1
349 39 1
349 40 1
349 55 1
349 77 1
349 89 1
349 91 1
349 93 1
349 127 1
349 144 1
349 204 1
349 215 1
349 264 1
349 302 1
350 29 1
350 79 1
350 207 1
350 275 1
350 276 1
350 305 1
350 313 1
350 316 1
351 83 1
351 86 1
351 87 1
351 88 1
351 123 1
351 253 1
351 254 1
351 258 1
351 314 1
352 30 1
352 83 1
352 86 1
352 87 1
352 88 1
352 123 1
352 147 1
352 253 1
352 331 1
352 351 1
353 30 1
353 82 1
353 86 1
353 147 1
353 179 1
353 209 1
353 253 1
353 256 1
353 315 1
353 331 1
353 352 1
354 38 1
354 89 1
354 91 1
354 93 1
354 127 1
354 180 1
354 264 1
354 296 1
354 306 1
354 316 1
354 319 1
355 61 1
355 62 1
355 90 1
355 151 1
355 181 1
355 263 1
355 317 1
356 35 1
356 102 1
356 107 1
356 153 1
356 155 1
356 182 1
356 268 1
356 270 1
357 36 1
357 37 1
357 122 1
357 129 1
357 209 1
357 216 1
357 252 1
357 256 1
357 257 1
357 306 1
357 315 1
357 316 1
357 318 1
357 319 1
358 57 1
358 83 1
358 92 1
358 130 1
358 131 1
358 178 1
358 183 1
358 184 1
358 185 1
358 277 1
358 280 1
358 314 1
359 19 1
359 37 1
359 52 1
359 84 1
359 112 1
359 129 1
359 130 1
359 154 1
359 172 1
359 179 1
359 180 1
359 238 1
359 255 1
359 257 1
359 265 1
359 280 1
359 295 1
359 296 1
359 306 1
359 318 1
359 319 1
360 94 1
360 170 1
360 218 1
360 219 1
360 282 1
360 292 1
360 335 1
361 1 1
361 94 1
361 95 1
361 170 1
361 171 1
361 218 1
361 229 1
361 282 1
361 292 1
361 308 1
361 335 1
361 360 1
362 1 1
362 10 1
362 11 1
362 12 1
362 13 1
362 96 1
362 105 1
362 108 1
362 109 1
362 140 1
362 156 1
362 162 1
362 164 1
362 169 1
362 170 1
362 171 1
362 195 1
362 217 1
362 218 1
362 272 1
362 308 1
363 2 1
363 3 1
363 5 1
363 10 1
363 12 1
363 13 1
363 14 1
363 97 1
363 109 1
363 156 1
363 162 1
363 164 1
363 171 1
363 195 1
363 217 1
363 218 1
363 286 1
363 288 1
363 308 1
363 362 1
364 1 1
364 2 1
364 3 1
364 94 1
364 97 1
364 162 1
364 218 1
364 267 1
364 282 1
364 288 1
364 308 1
364 361 1
364 362 1
364 363 1
365 5 1
365 12 1
365 13 1
365 101 1
365 134 1
365 164 1
365 192 1
365 284 1
365 286 1
365 288 1
365 336 1
365 363 1
366 3 1
366 6 1
366 134 1
366 220 1
366 222 1
366 267 1
366 286 1
366 320 1
366 337 1
367 7 1
367 47 1
367 48 1
367 99 1
367 191 1
367 223 1
367 309 1
368 7 1
368 12 1
368 13 1
368 66 1
368 135 1
368 191 1
368 192 1
368 338 1
369 72 1
369 136 1
369 193 1
369 322 1
370 68 1
370 228 1
370 310 1
371 9 1
371 14 1
371 70 1
371 103 1
371 104 1
371 138 1
371 156 1
371 163 1
371 194 1
371 195 1
371 231 1
371 234 1
371 290 1
371 291 1
371 311 1
371 342 1
373 9 1
373 168 1
373 194 1
373 234 1
373 372 1
374 2 1
374 5 1
374 10 1
374 12 1
374 13 1
374 14 1
374 104 1
374 105 1
374 138 1
374 156 1
374 162 1
374 163 1
374 164 1
374 192 1
374 195 1
374 217 1
374 218 1
374 286 1
374 288 1
374 308 1
374 338 1
374 362 1
374 363 1
374 365 1
374 368 1
375 17 1
375 110 1
375 115 1
375 117 1
375 118 1
375 184 1
375 197 1
375 236 1
375 239 1
375 243 1
375 293 1
375 345 1
376 17 1
376 18 1
376 85 1
376 110 1
376 111 1
376 114 1
376 184 1
376 185 1
376 197 1
376 200 1
376 236 1
376 239 1
376 293 1
376 312 1
376 345 1
376 375 1
377 19 1
377 51 1
377 157 1
377 198 1
377 237 1
377 294 1
377 325 1
377 332 1
378 18 1
378 33 1
378 38 1
378 39 1
378 40 1
378 112 1
378 127 1
378 130 1
378 131 1
378 154 1
378 160 1
378 173 1
378 177 1
378 183 1
378 184 1
378 185 1
378 215 1
378 238 1
378 239 1
378 280 1
378 312 1
379 20 1
379 21 1
379 25 1
379 33 1
379 39 1
379 40 1
379 113 1
379 131 1
379 160 1
379 173 1
379 177 1
379 185 1
379 238 1
379 239 1
379 300 1
379 304 1
379 312 1
379 378 1
380 17 1
380 18 1
380 20 1
380 21 1
380 110 1
380 113 1
380 114 1
380 115 1
380 118 1
380 173 1
380 200 1
380 239 1
380 242 1
380 273 1
380 293 1
380 304 1
380 312 1
380 376 1
380 378 1
380 379 1
381 115 1
381 116 1
381 158 1
381 174 1
381 199 1
381 240 1
381 241 1
381 242 1
381 274 1
381 327 1
382 25 1
382 39 1
382 40 1
382 121 1
382 143 1
382 177 1
382 204 1
382 244 1
382 245 1
382 298 1
382 300 1
382 304 1
382 379 1
383 21 1
383 26 1
383 54 1
383 76 1
383 141 1
383 143 1
383 158 1
383 175 1
383 240 1
383 246 1
383 247 1
383 248 1
383 273 1
383 300 1
383 328 1
383 348 1
384 39 1
384 55 1
384 77 1
384 144 1
384 176 1
384 204 1
384 302 1
384 349 1
385 81 1
385 123 1
385 124 1
385 146 1
385 205 1
385 206 1
385 208 1
385 251 1
385 254 1
385 314 1
385 330 1
386 34 1
386 206 1
386 230 1
386 276 1
386 305 1
386 313 1
386 330 1
386 385 1
387 29 1
387 79 1
387 122 1
387 159 1
387 207 1
387 252 1
387 275 1
387 276 1
387 278 1
387 316 1
387 319 1
387 350 1
388 32 1
388 63 1
388 132 1
388 213 1
388 262 1
389 91 1
389 93 1
389 145 1
389 152 1
389 251 1
390 38 1
390 91 1
390 93 1
390 121 1
390 124 1
390 145 1
390 152 1
390 183 1
390 251 1
390 264 1
390 277 1
390 354 1
390 389 1
391 20 1
391 25 1
391 33 1
391 39 1
391 40 1
391 126 1
391 127 1
391 160 1
391 173 1
391 177 1
391 204 1
391 215 1
391 238 1
391 300 1
391 304 1
391 378 1
391 379 1
391 382 1
391 384 1
392 0 1
392 41 1
392 45 1
392 186 1
393 1 1
393 94 1
393 95 1
393 170 1
393 229 1
393 272 1
393 282 1
393 308 1
393 335 1
393 361 1
394 2 1
394 3 1
394 97 1
394 162 1
394 218 1
394 225 1
394 267 1
394 282 1
394 284 1
394 286 1
394 288 1
394 308 1
394 363 1
394 364 1
394 374 1
395 2 1
395 3 1
395 97 1
395 167 1
395 168 1
395 220 1
395 225 1
395 232 1
395 267 1
395 364 1
395 366 1
395 394 1
396 47 1
396 65 1
396 100 1
396 133 1
396 139 1
396 167 1
396 190 1
396 221 1
396 287 1
397 47 1
397 48 1
397 133 1
397 168 1
397 224 1
397 373 1
398 2 1
398 5 1
398 10 1
398 12 1
398 13 1
398 14 1
398 156 1
398 162 1
398 164 1
398 192 1
398 195 1
398 218 1
398 286 1
398 288 1
398 337 1
398 362 1
398 363 1
398 365 1
398 368 1
398 374 1
398 394 1
399 2 1
399 9 1
399 10 1
399 13 1
399 14 1
399 97 1
399 103 1
399 104 1
399 138 1
399 156 1
399 162 1
399 163 1
399 164 1
399 195 1
399 217 1
399 218 1
399 225 1
399 231 1
399 286 1
399 288 1
399 308 1
399 362 1
399 363 1
399 364 1
399 371 1
399 374 1
399 394 1
399 398 1
400 15 1
400 106 1
400 196 1
400 283 1
400 291 1
400 342 1
401 1 1
401 109 1
401 169 1
401 170 1
401 171 1
401 218 1
401 219 1
401 282 1
401 292 1
401 308 1
401 343 1
401 360 1
401 361 1
402 18 1
402 84 1
402 85 1
402 110 1
402 111 1
402 157 1
402 184 1
402 212 1
402 237 1
402 280 1
402 293 1
402 312 1
402 325 1
402 345 1
402 376 1
403 18 1
403 19 1
403 110 1
403 111 1
403 114 1
403 157 1
403 212 1
403 237 1
403 279 1
403 325 1
403 345 1
403 376 1
403 402 1
404 20 1
404 21 1
404 23 1
404 113 1
404 114 1
404 118 1
404 158 1
404 173 1
404 199 1
404 239 1
404 273 1
404 293 1
404 298 1
404 300 1
404 304 1
404 312 1
404 379 1
404 380 1
405 20 1
405 21 1
405 22 1
405 113 1
405 132 1
405 141 1
405 150 1
405 181 1
405 199 1
405 240 1
405 241 1
405 242 1
405 250 1
405 262 1
405 263 1
405 273 1
405 380 1
405 383 1
405 404 1
406 22 1
406 43 1
406 53 1
406 60 1
406 141 1
406 199 1
406 214 1
406 241 1
406 242 1
406 261 1
406 262 1
406 263 1
406 274 1
406 297 1
406 326 1
407 54 1
407 75 1
407 76 1
407 120 1
407 141 1
407 150 1
407 175 1
407 181 1
407 240 1
407 301 1
407 328 1
407 383 1
408 25 1
408 38 1
408 39 1
408 40 1
408 77 1
408 121 1
408 127 1
408 144 1
408 177 1
408 204 1
408 302 1
408 349 1
408 382 1
408 384 1
408 391 1
409 20 1
409 25 1
409 33 1
409 39 1
409 40 1
409 160 1
409 173 1
409 177 1
409 204 1
409 215 1
409 239 1
409 300 1
409 302 1
409 304 1
409 348 1
409 378 1
409 379 1
409 382 1
409 384 1
409 391 1
409 404 1
409 408 1
410 29 1
410 79 1
410 159 1
410 207 1
410 275 1
410 276 1
410 278 1
410 305 1
410 313 1
410 316 1
410 330 1
410 350 1
410 386 1
410 387 1
411 30 1
411 82 1
411 129 1
411 147 1
411 179 1
411 209 1
411 210 1
411 253 1
411 256 1
411 257 1
411 315 1
411 331 1
411 352 1
411 353 1
412 57 1
412 83 1
412 92 1
412 124 1
412 130 1
412 145 1
412 148 1
412 178 1
412 183 1
412 184 1
412 185 1
412 205 1
412 208 1
412 254 1
412 255 1
412 277 1
412 314 1
412 358 1
412 390 1
413 36 1
413 81 1
413 128 1
413 159 1
413 216 1
413 258 1
413 331 1
414 17 1
414 18 1
414 92 1
414 131 1
414 178 1
414 183 1
414 184 1
414 185 1
414 197 1
414 236 1
414 239 1
414 243 1
414 244 1
414 293 1
414 312 1
414 358 1
414 375 1
414 376 1
415 0 1
415 41 1
415 45 1
415 46 1
415 161 1
415 392 1
416 5 1
416 7 1
416 13 1
416 14 1
416 66 1
416 135 1
416 163 1
416 164 1
416 191 1
416 192 1
416 286 1
416 288 1
416 337 1
416 338 1
416 368 1
416 374 1
416 398 1
416 399 1
417 9 1
417 10 1
417 13 1
417 14 1
417 103 1
417 104 1
417 138 1
417 156 1
417 163 1
417 191 1
417 195 1
417 368 1
417 371 1
417 374 1
417 398 1
417 399 1
417 416 1
418 47 1
418 48 1
418 49 1
418 99 1
418 100 1
418 133 1
418 139 1
418 167 1
418 168 1
418 190 1
418 221 1
418 223 1
418 224 1
418 397 1
419 2 1
419 9 1
419 14 1
419 47 1
419 99 1
419 133 1
419 168 1
419 220 1
419 222 1
419 223 1
419 224 1
419 225 1
419 321 1
419 337 1
419 395 1
419 397 1
419 399 1
419 418 1
420 2 1
420 5 1
420 6 1
420 9 1
420 14 1
420 97 1
420 99 1
420 104 1
420 156 1
420 162 1
420 220 1
420 224 1
420 225 1
420 267 1
420 286 1
420 288 1
420 337 1
420 363 1
420 374 1
420 394 1
420 395 1
420 398 1
420 399 1
420 416 1
420 417 1
420 419 1
421 67 1
421 137 1
421 165 1
421 226 1
421 227 1
421 228 1
421 229 1
421 235 1
421 310 1
421 323 1
421 339 1
421 340 1
421 341 1
422 67 1
422 108 1
422 165 1
422 169 1
422 226 1
422 227 1
422 228 1
422 235 1
422 272 1
422 339 1
422 343 1
422 421 1
423 229 1
424 34 1
424 136 1
424 155 1
424 182 1
424 193 1
424 206 1
424 230 1
424 270 1
424 322 1
424 385 1
424 386 1
425 34 1
425 35 1
425 136 1
425 155 1
425 182 1
425 226 1
425 230 1
425 268 1
425 269 1
425 270 1
425 322 1
425 424 1
426 70 1
426 194 1
426 271 1
426 324 1
426 372 1
427 49 1
427 50 1
427 65 1
427 100 1
427 133 1
427 139 1
427 167 1
427 221 1
427 224 1
427 232 1
427 287 1
427 320 1
427 396 1
427 418 1
428 9 1
428 168 1
428 194 1
428 224 1
428 232 1
428 372 1
428 373 1
428 395 1
428 397 1
428 418 1
428 419 1
429 2 1
429 9 1
429 14 1
429 97 1
429 104 1
429 156 1
429 162 1
429 163 1
429 168 1
429 194 1
429 220 1
429 224 1
429 225 1
429 231 1
429 267 1
429 288 1
429 371 1
429 373 1
429 395 1
429 399 1
429 419 1
429 420 1
429 428 1
430 9 1
430 14 1
430 99 1
430 104 1
430 163 1
430 168 1
430 224 1
430 225 1
430 373 1
430 395 1
430 397 1
430 399 1
430 418 1
430 419 1
430 420 1
430 428 1
430 429 1
431 103 1
431 106 1
431 138 1
431 291 1
431 311 1
431 342 1
431 400 1
432 67 1
432 96 1
432 107 1
432 108 1
432 109 1
432 140 1
432 165 1
432 169 1
432 226 1
432 227 1
432 228 1
432 235 1
432 272 1
432 343 1
432 344 1
432 421 1
432 422 1
433 169 1
433 170 1
433 292 1
433 343 1
433 401 1
434 15 1
434 35 1
434 96 1
434 107 1
434 140 1
434 153 1
434 166 1
434 227 1
434 233 1
434 235 1
434 272 1
434 283 1
434 344 1
434 432 1
435 42 1
435 69 1
435 166 1
436 59 1
436 74 1
436 110 1
436 111 1
436 114 1
436 115 1
436 149 1
436 200 1
436 242 1
436 260 1
436 261 1
436 274 1
436 279 1
436 326 1
436 333 1
436 345 1
436 380 1
436 403 1
437 25 1
437 39 1
437 121 1
437 177 1
437 203 1
437 204 1
437 244 1
437 245 1
437 298 1
437 347 1
437 382 1
437 408 1
437 409 1
438 23 1
438 26 1
438 54 1
438 76 1
438 116 1
438 117 1
438 118 1
438 143 1
438 158 1
438 175 1
438 201 1
438 247 1
438 273 1
438 298 1
438 383 1
439 25 1
439 28 1
439 40 1
439 55 1
439 77 1
439 144 1
439 176 1
439 177 1
439 204 1
439 300 1
439 302 1
439 304 1
439 348 1
439 349 1
439 384 1
439 391 1
439 408 1
439 409 1
440 32 1
440 63 1
440 119 1
440 132 1
440 142 1
440 176 1
440 246 1
440 248 1
440 249 1
440 250 1
440 329 1
440 348 1
441 20 1
441 25 1
441 26 1
441 32 1
441 63 1
441 113 1
441 119 1
441 126 1
441 160 1
441 173 1
441 176 1
441 246 1
441 250 1
441 273 1
441 300 1
441 304 1
441 348 1
441 379 1
441 391 1
441 404 1
441 405 1
441 409 1
441 439 1
441 440 1
442 30 1
442 82 1
442 86 1
442 147 1
442 179 1
442 315 1
442 331 1
442 352 1
442 353 1
442 411 1
443 83 1
443 86 1
443 128 1
443 129 1
443 147 1
443 179 1
443 253 1
443 255 1
443 256 1
443 265 1
443 315 1
443 331 1
443 351 1
443 352 1
443 353 1
443 411 1
443 442 1
444 83 1
444 130 1
444 178 1
444 179 1
444 183 1
444 253 1
444 254 1
444 255 1
444 256 1
444 265 1
444 277 1
444 280 1
444 314 1
444 351 1
444 358 1
444 412 1
444 443 1
445 30 1
445 31 1
445 82 1
445 84 1
445 129 1
445 179 1
445 210 1
445 211 1
445 212 1
445 256 1
445 257 1
445 265 1
445 315 1
445 411 1
446 36 1
446 81 1
446 123 1
446 128 1
446 146 1
446 159 1
446 216 1
446 253 1
446 254 1
446 258 1
446 275 1
446 276 1
446 278 1
446 316 1
446 330 1
446 413 1
447 53 1
447 59 1
447 60 1
447 149 1
447 213 1
447 214 1
447 242 1
447 260 1
447 261 1
447 262 1
447 279 1
447 326 1
447 333 1
447 406 1
447 436 1
448 32 1
448 60 1
448 62 1
448 63 1
448 132 1
448 213 1
448 262 1
448 263 1
448 388 1
448 405 1
448 440 1
449 38 1
449 91 1
449 93 1
449 145 1
449 152 1
449 180 1
449 251 1
449 264 1
449 278 1
449 316 1
449 354 1
449 389 1
449 390 1
450 34 1
450 35 1
450 155 1
450 182 1
450 206 1
450 230 1
450 305 1
450 313 1
450 323 1
450 330 1
450 386 1
450 424 1
450 425 1
451 34 1
451 35 1
451 153 1
451 155 1
451 182 1
451 226 1
451 227 1
451 228 1
451 230 1
451 270 1
451 323 1
451 341 1
451 386 1
451 421 1
451 424 1
451 425 1
451 450 1
452 83 1
452 112 1
452 129 1
452 130 1
452 131 1
452 154 1
452 172 1
452 179 1
452 183 1
452 253 1
452 255 1
452 256 1
452 265 1
452 277 1
452 280 1
452 358 1
452 359 1
452 443 1
452 444 1
453 57 1
453 92 1
453 178 1
453 183 1
453 184 1
453 277 1
453 314 1
453 358 1
453 412 1
453 414 1
454 36 1
454 37 1
454 52 1
454 112 1
454 129 1
454 154 1
454 172 1
454 180 1
454 255 1
454 265 1
454 295 1
454 296 1
454 306 1
454 316 1
454 318 1
454 319 1
454 354 1
454 357 1
454 359 1
454 452 1
455 5 1
455 7 1
455 135 1
455 191 1
455 192 1
455 337 1
455 368 1
455 398 1
455 416 1
455 420 1
456 72 1
456 289 1
456 369 1
457 17 1
457 73 1
457 117 1
457 197 1
457 201 1
457 236 1
457 243 1
457 293 1
457 375 1
457 414 1
458 25 1
458 27 1
458 28 1
458 55 1
458 144 1
458 176 1
458 204 1
458 302 1
458 348 1
458 384 1
458 408 1
458 409 1
458 439 1
458 441 1
459 124 1
459 145 1
459 148 1
459 152 1
459 205 1
459 206 1
459 208 1
459 251 1
459 254 1
459 277 1
459 314 1
459 385 1
459 390 1
459 412 1
460 20 1
460 32 1
460 63 1
460 126 1
460 132 1
460 160 1
460 173 1
460 176 1
460 215 1
460 250 1
460 304 1
460 391 1
460 409 1
460 439 1
460 440 1
460 441 1
461 1 1
461 94 1
461 95 1
461 96 1
461 140 1
461 217 1
461 272 1
461 308 1
461 335 1
461 344 1
461 393 1
462 4 1
462 5 1
462 164 1
462 188 1
462 189 1
462 219 1
462 284 1
462 336 1
462 365 1
463 65 1
463 100 1
463 167 1
463 222 1
463 266 1
463 267 1
463 281 1
463 287 1
463 307 1
463 320 1
463 366 1
463 427 1
464 2 1
464 3 1
464 5 1
464 6 1
464 98 1
464 134 1
464 267 1
464 284 1
464 286 1
464 288 1
464 337 1
464 365 1
464 366 1
464 394 1
465 5 1
465 10 1
465 11 1
465 12 1
465 13 1
465 66 1
465 101 1
465 105 1
465 164 1
465 171 1
465 192 1
465 338 1
465 365 1
465 374 1
465 398 1
466 34 1
466 67 1
466 193 1
466 226 1
466 227 1
466 230 1
466 323 1
466 339 1
466 340 1
466 341 1
466 421 1
466 422 1
466 450 1
466 451 1
467 18 1
467 19 1
467 51 1
467 84 1
467 110 1
467 111 1
467 112 1
467 154 1
467 157 1
467 172 1
467 212 1
467 237 1
467 238 1
467 280 1
467 312 1
467 325 1
467 332 1
467 345 1
467 359 1
467 377 1
467 402 1
467 403 1
468 24 1
468 25 1
468 177 1
468 203 1
468 243 1
468 244 1
468 245 1
468 298 1
468 346 1
468 347 1
468 382 1
468 437 1
469 54 1
469 75 1
469 76 1
469 120 1
469 141 1
469 150 1
469 175 1
469 181 1
469 240 1
469 247 1
469 273 1
469 301 1
469 328 1
469 383 1
469 405 1
469 407 1
470 20 1
470 21 1
470 23 1
470 25 1
470 26 1
470 54 1
470 76 1
470 116 1
470 118 1
470 143 1
470 158 1
470 175 1
470 247 1
470 273 1
470 298 1
470 300 1
470 304 1
470 348 1
470 382 1
470 383 1
470 404 1
470 438 1
471 25 1
471 33 1
471 38 1
471 39 1
471 40 1
471 77 1
471 93 1
471 121 1
471 127 1
471 177 1
471 185 1
471 203 1
471 204 1
471 245 1
471 349 1
471 378 1
471 379 1
471 382 1
471 391 1
471 408 1
471 409 1
471 437 1
472 29 1
472 36 1
472 37 1
472 44 1
472 56 1
472 79 1
472 80 1
472 122 1
472 252 1
472 306 1
472 318 1
472 319 1
472 357 1
473 81 1
473 159 1
473 206 1
473 216 1
473 275 1
473 276 1
473 278 1
473 305 1
473 313 1
473 316 1
473 330 1
473 350 1
473 386 1
473 387 1
473 410 1
473 446 1
474 83 1
474 86 1
474 87 1
474 88 1
474 123 1
474 128 1
474 253 1
474 254 1
474 255 1
474 258 1
474 331 1
474 351 1
474 352 1
474 353 1
474 442 1
474 443 1
474 444 1
475 60 1
475 61 1
475 62 1
475 63 1
475 132 1
475 214 1
475 262 1
475 263 1
475 317 1
475 388 1
475 406 1
475 448 1
