# minsup
1
# graph
G_portein_file\Serpin\1LK6.pdb
# node ID, label
0 A
1 A
2 A
3 A
4 A
5 A
6 A
7 A
8 A
9 A
10 A
11 A
12 A
13 A
14 A
15 A
16 A
17 A
18 A
19 A
20 A
21 A
22 A
23 A
24 A
25 A
26 A
27 A
28 A
29 A
30 A
31 A
32 A
33 A
34 A
35 A
36 A
37 A
38 A
39 A
40 A
41 A
42 A
43 A
44 A
45 C
46 C
47 C
48 C
49 D
50 D
51 D
52 D
53 D
54 D
55 D
56 D
57 D
58 D
59 D
60 D
61 D
62 D
63 D
64 D
65 D
66 D
67 D
68 D
69 D
70 D
71 D
72 E
73 E
74 E
75 E
76 E
77 E
78 E
79 E
80 E
81 E
82 E
83 E
84 E
85 E
86 E
87 E
88 E
89 E
90 E
91 E
92 E
93 E
94 E
95 E
96 E
97 E
98 E
99 E
100 E
101 E
102 E
103 E
104 E
105 E
106 E
107 E
108 E
109 E
110 E
111 E
112 E
113 E
114 E
115 E
116 F
117 F
118 F
119 F
120 F
121 F
122 F
123 F
124 F
125 F
126 F
127 F
128 F
129 F
130 F
131 F
132 F
133 F
134 F
135 F
136 F
137 F
138 F
139 F
140 F
141 F
142 F
143 F
144 F
145 F
146 F
147 F
148 F
149 F
150 F
151 F
152 F
153 F
154 F
155 F
156 F
157 F
158 F
159 F
160 G
161 G
162 G
163 G
164 G
165 G
166 G
167 G
168 G
169 G
170 G
171 G
172 G
173 G
174 G
175 G
176 G
177 G
178 G
179 G
180 G
181 G
182 G
183 G
184 G
185 G
186 G
187 G
188 H
189 H
190 H
191 H
192 H
193 H
194 H
195 H
196 I
197 I
198 I
199 I
200 I
201 I
202 I
203 I
204 I
205 I
206 I
207 I
208 I
209 I
210 I
211 I
212 I
213 I
214 I
215 I
216 I
217 I
218 I
219 I
220 I
221 I
222 I
223 K
224 K
225 K
226 K
227 K
228 K
229 K
230 K
231 K
232 K
233 K
234 K
235 K
236 K
237 K
238 K
239 K
240 K
241 K
242 K
243 K
244 K
245 K
246 K
247 K
248 K
249 K
250 K
251 K
252 K
253 K
254 K
255 K
256 K
257 K
258 K
259 K
260 K
261 K
262 K
263 K
264 K
265 L
266 L
267 L
268 L
269 L
270 L
271 L
272 L
273 L
274 L
275 L
276 L
277 L
278 L
279 L
280 L
281 L
282 L
283 L
284 L
285 L
286 L
287 L
288 L
289 L
290 L
291 L
292 L
293 L
294 L
295 L
296 L
297 L
298 L
299 L
300 L
301 L
302 L
303 L
304 L
305 L
306 L
307 L
308 L
309 L
310 L
311 L
312 L
313 L
314 L
315 L
316 L
317 L
318 L
319 L
320 L
321 L
322 L
323 L
324 L
325 L
326 L
327 M
328 M
329 M
330 M
331 M
332 M
333 M
334 M
335 M
336 M
337 M
338 M
339 M
340 M
341 M
342 M
343 M
344 M
345 N
346 N
347 N
348 N
349 N
350 N
351 N
352 N
353 N
354 N
355 N
356 N
357 N
358 N
359 N
360 N
361 N
362 N
363 N
364 N
365 N
366 N
367 N
368 N
369 N
370 N
371 N
372 N
373 N
374 N
375 N
376 N
377 N
378 N
379 N
380 P
381 P
382 P
383 P
384 P
385 P
386 P
387 P
388 P
389 P
390 P
391 P
392 P
393 P
394 P
395 P
396 P
397 P
398 Q
399 Q
400 Q
401 Q
402 Q
403 Q
404 Q
405 Q
406 Q
407 Q
408 Q
409 Q
410 Q
411 Q
412 Q
413 Q
414 Q
415 Q
416 Q
417 R
418 R
419 R
420 R
421 R
422 R
423 R
424 R
425 R
426 R
427 R
428 R
429 R
430 R
431 R
432 R
433 R
434 R
435 R
436 R
437 R
438 R
439 R
440 R
441 R
442 R
443 R
444 S
445 S
446 S
447 S
448 S
449 S
450 S
451 S
452 S
453 S
454 S
455 S
456 S
457 S
458 S
459 S
460 S
461 S
462 S
463 S
464 S
465 S
466 S
467 S
468 S
469 S
470 S
471 S
472 S
473 S
474 S
475 S
476 S
477 S
478 S
479 S
480 S
481 S
482 S
483 S
484 S
485 S
486 T
487 T
488 T
489 T
490 T
491 T
492 T
493 T
494 T
495 T
496 T
497 T
498 T
499 T
500 T
501 T
502 T
503 T
504 T
505 T
506 T
507 T
508 T
509 T
510 T
511 T
512 T
513 T
514 T
515 T
516 T
517 T
518 T
519 T
520 V
521 V
522 V
523 V
524 V
525 V
526 V
527 V
528 V
529 V
530 V
531 V
532 V
533 V
534 V
535 V
536 V
537 V
538 V
539 V
540 V
541 V
542 V
543 V
544 V
545 V
546 V
547 V
548 V
549 V
550 V
551 V
552 V
553 V
554 V
555 V
556 V
557 V
558 V
559 V
560 V
561 V
562 V
563 V
564 V
565 V
566 V
567 V
568 W
569 W
570 W
571 W
572 W
573 Y
574 Y
575 Y
576 Y
577 Y
578 Y
579 Y
580 Y
581 Y
582 Y
583 Y
584 Y
585 Y
586 Y
587 Y
# node ID1, node ID2, number of bounds
1 0 1
3 2 1
4 3 1
8 7 1
10 9 1
13 2 1
15 14 1
16 14 1
16 15 1
17 14 1
17 15 1
17 16 1
18 2 1
18 13 1
22 21 1
25 24 1
26 25 1
27 20 1
30 29 1
35 23 1
35 32 1
36 24 1
39 19 1
41 32 1
42 37 1
43 37 1
43 42 1
44 37 1
44 42 1
44 43 1
45 26 1
46 27 1
47 33 1
48 33 1
48 41 1
48 47 1
50 19 1
52 51 1
53 9 1
55 14 1
55 17 1
55 50 1
56 23 1
56 35 1
57 23 1
57 32 1
57 35 1
57 41 1
57 56 1
58 23 1
58 32 1
58 41 1
58 57 1
59 26 1
59 45 1
60 21 1
63 30 1
65 32 1
65 57 1
67 37 1
67 44 1
67 58 1
69 59 1
71 70 1
72 0 1
74 12 1
75 8 1
76 16 1
81 78 1
82 78 1
82 81 1
83 14 1
83 15 1
83 16 1
83 17 1
83 55 1
84 15 1
84 16 1
84 83 1
86 85 1
87 54 1
89 21 1
90 60 1
91 63 1
92 30 1
92 63 1
93 31 1
94 43 1
95 38 1
96 33 1
96 47 1
96 48 1
97 32 1
97 47 1
97 65 1
99 34 1
101 99 1
102 23 1
102 35 1
102 56 1
103 35 1
103 102 1
105 104 1
106 105 1
107 100 1
107 106 1
108 100 1
108 107 1
109 37 1
109 42 1
109 43 1
109 44 1
109 67 1
110 36 1
110 68 1
111 70 1
112 42 1
112 43 1
112 109 1
113 95 1
114 66 1
115 42 1
115 43 1
115 112 1
116 0 1
116 1 1
116 72 1
117 1 1
117 116 1
118 14 1
118 15 1
118 16 1
118 17 1
118 55 1
118 83 1
119 2 1
119 3 1
119 13 1
119 18 1
120 0 1
120 1 1
120 3 1
120 72 1
120 116 1
120 117 1
120 119 1
121 5 1
122 5 1
122 121 1
123 3 1
123 5 1
123 121 1
123 122 1
124 8 1
124 10 1
124 51 1
124 52 1
125 12 1
125 51 1
125 74 1
126 15 1
126 16 1
126 17 1
126 76 1
127 11 1
127 77 1
128 78 1
128 81 1
128 82 1
129 54 1
129 78 1
129 86 1
130 13 1
130 14 1
130 55 1
131 13 1
132 13 1
132 18 1
132 130 1
133 14 1
133 15 1
133 16 1
133 17 1
133 55 1
133 83 1
133 84 1
133 118 1
133 126 1
134 19 1
134 50 1
135 19 1
135 39 1
136 78 1
136 87 1
136 118 1
137 1 1
137 14 1
137 15 1
137 16 1
137 17 1
137 87 1
137 118 1
137 126 1
137 133 1
137 136 1
138 21 1
138 22 1
138 90 1
139 22 1
139 23 1
139 56 1
139 68 1
139 138 1
140 37 1
140 42 1
140 43 1
140 44 1
140 58 1
140 67 1
140 109 1
141 24 1
141 25 1
141 26 1
141 36 1
142 21 1
142 25 1
142 60 1
142 89 1
142 90 1
142 138 1
143 20 1
143 27 1
143 61 1
144 27 1
144 46 1
144 61 1
144 89 1
144 143 1
145 25 1
145 27 1
145 46 1
145 143 1
145 144 1
146 62 1
146 91 1
146 111 1
147 42 1
147 43 1
147 44 1
147 94 1
147 115 1
148 38 1
148 95 1
148 98 1
148 113 1
149 32 1
149 33 1
149 40 1
149 41 1
149 47 1
149 48 1
149 96 1
149 97 1
150 98 1
150 100 1
150 107 1
150 108 1
151 66 1
151 100 1
152 36 1
152 37 1
152 67 1
152 110 1
153 36 1
153 69 1
153 110 1
154 36 1
154 152 1
155 37 1
155 42 1
155 43 1
155 44 1
155 67 1
155 109 1
155 112 1
155 115 1
155 140 1
156 40 1
157 35 1
157 40 1
157 41 1
157 102 1
158 100 1
158 114 1
158 140 1
159 22 1
159 37 1
159 42 1
159 43 1
159 44 1
159 114 1
159 140 1
159 147 1
159 155 1
159 158 1
160 3 1
160 4 1
161 51 1
161 52 1
161 124 1
161 125 1
162 5 1
162 7 1
162 8 1
162 75 1
163 16 1
163 53 1
163 76 1
164 82 1
164 128 1
165 54 1
165 129 1
166 14 1
166 17 1
166 53 1
166 55 1
166 83 1
166 118 1
166 130 1
166 132 1
166 133 1
167 72 1
167 120 1
168 4 1
168 12 1
168 74 1
168 125 1
168 160 1
169 12 1
169 51 1
169 125 1
170 84 1
170 85 1
170 86 1
170 129 1
172 14 1
172 19 1
172 55 1
172 118 1
172 135 1
172 136 1
172 137 1
173 25 1
173 26 1
173 45 1
174 62 1
174 146 1
175 27 1
175 29 1
175 30 1
175 63 1
175 92 1
176 43 1
176 64 1
176 94 1
177 42 1
177 115 1
177 147 1
177 151 1
178 32 1
178 65 1
178 97 1
179 77 1
179 98 1
179 108 1
179 150 1
180 34 1
180 99 1
180 101 1
181 66 1
181 151 1
181 177 1
182 37 1
182 44 1
182 67 1
182 109 1
182 140 1
182 152 1
182 154 1
182 155 1
183 68 1
183 69 1
183 90 1
184 26 1
184 45 1
184 70 1
184 91 1
184 146 1
184 173 1
185 70 1
185 71 1
185 111 1
186 19 1
186 39 1
186 127 1
186 135 1
187 23 1
187 37 1
187 41 1
187 67 1
187 140 1
187 157 1
187 158 1
187 159 1
188 1 1
188 117 1
189 3 1
189 5 1
189 121 1
189 122 1
189 123 1
190 39 1
190 186 1
191 2 1
191 13 1
191 14 1
191 17 1
191 18 1
191 53 1
191 55 1
191 118 1
191 130 1
191 132 1
191 166 1
192 22 1
192 23 1
192 56 1
192 68 1
192 102 1
192 139 1
193 25 1
193 27 1
193 61 1
193 143 1
193 144 1
193 145 1
194 40 1
194 96 1
194 98 1
194 156 1
195 36 1
195 37 1
195 44 1
195 67 1
195 140 1
195 152 1
195 154 1
195 182 1
196 14 1
196 19 1
196 50 1
196 55 1
196 83 1
196 118 1
196 133 1
196 166 1
196 172 1
197 1 1
197 2 1
197 3 1
197 13 1
197 17 1
197 18 1
197 116 1
197 117 1
197 119 1
197 120 1
197 132 1
197 191 1
198 8 1
198 74 1
198 75 1
198 162 1
198 189 1
199 9 1
199 10 1
199 18 1
199 53 1
199 124 1
200 9 1
200 13 1
200 18 1
200 53 1
200 130 1
200 132 1
200 166 1
200 191 1
200 199 1
201 7 1
201 14 1
201 15 1
201 16 1
201 17 1
201 126 1
201 137 1
202 54 1
202 87 1
202 126 1
202 129 1
202 136 1
202 165 1
203 39 1
203 78 1
203 135 1
203 136 1
204 14 1
204 15 1
204 19 1
204 55 1
204 83 1
204 84 1
204 118 1
204 133 1
204 172 1
204 196 1
205 4 1
205 12 1
205 74 1
205 125 1
205 160 1
205 161 1
205 168 1
206 15 1
206 78 1
206 87 1
206 126 1
206 129 1
206 136 1
206 137 1
206 172 1
206 202 1
207 1 1
207 87 1
207 136 1
207 137 1
207 202 1
207 206 1
208 1 1
208 15 1
208 16 1
208 17 1
208 87 1
208 126 1
208 136 1
208 137 1
208 201 1
208 202 1
208 206 1
208 207 1
209 23 1
209 37 1
209 41 1
209 57 1
209 58 1
209 67 1
209 109 1
209 140 1
209 155 1
209 182 1
209 187 1
210 22 1
210 24 1
210 25 1
210 36 1
210 44 1
210 138 1
210 141 1
210 154 1
210 195 1
211 21 1
211 25 1
211 27 1
211 60 1
211 61 1
211 89 1
211 142 1
211 143 1
211 144 1
211 145 1
211 193 1
212 30 1
212 63 1
212 91 1
212 92 1
212 175 1
212 193 1
213 31 1
213 64 1
213 93 1
214 29 1
214 37 1
214 42 1
214 43 1
214 44 1
214 147 1
214 159 1
215 66 1
215 100 1
215 114 1
215 147 1
215 151 1
215 177 1
215 181 1
216 40 1
216 100 1
216 102 1
216 157 1
216 158 1
217 37 1
217 42 1
217 67 1
217 109 1
217 112 1
217 140 1
217 155 1
217 187 1
217 209 1
218 26 1
218 70 1
218 91 1
218 111 1
218 146 1
218 173 1
218 184 1
219 39 1
219 98 1
219 186 1
219 190 1
220 42 1
220 100 1
220 114 1
220 147 1
220 151 1
220 158 1
220 159 1
220 187 1
220 215 1
221 22 1
221 114 1
221 158 1
221 159 1
221 215 1
221 220 1
222 22 1
222 42 1
222 43 1
222 44 1
222 114 1
222 147 1
222 158 1
222 159 1
222 214 1
222 215 1
222 220 1
222 221 1
223 0 1
223 1 1
223 116 1
223 207 1
224 2 1
224 3 1
224 4 1
224 119 1
224 160 1
224 168 1
224 189 1
224 205 1
225 0 1
225 72 1
225 116 1
225 120 1
225 223 1
226 73 1
227 5 1
227 121 1
227 122 1
227 123 1
227 189 1
228 126 1
229 51 1
229 52 1
229 124 1
229 125 1
229 161 1
230 8 1
230 75 1
230 124 1
230 162 1
230 198 1
231 51 1
231 52 1
231 229 1
232 9 1
232 10 1
232 53 1
232 163 1
232 199 1
233 7 1
233 16 1
233 17 1
233 76 1
233 163 1
233 201 1
233 232 1
234 15 1
234 16 1
234 84 1
234 126 1
234 129 1
234 170 1
234 202 1
234 228 1
235 85 1
235 86 1
235 129 1
235 170 1
236 77 1
236 127 1
237 81 1
237 82 1
237 128 1
237 164 1
238 13 1
238 130 1
238 131 1
238 132 1
239 131 1
240 14 1
240 16 1
240 17 1
240 18 1
240 53 1
240 55 1
240 83 1
240 118 1
240 130 1
240 132 1
240 133 1
240 166 1
240 191 1
240 200 1
241 20 1
241 143 1
242 21 1
242 22 1
242 89 1
242 104 1
242 138 1
242 142 1
242 221 1
243 24 1
243 25 1
243 26 1
243 45 1
243 61 1
243 141 1
243 173 1
243 184 1
243 193 1
243 218 1
244 21 1
244 22 1
244 60 1
244 90 1
244 138 1
244 142 1
244 242 1
245 20 1
245 27 1
245 46 1
245 143 1
245 144 1
245 145 1
245 193 1
245 211 1
246 28 1
246 66 1
246 181 1
247 28 1
247 115 1
247 147 1
247 177 1
247 181 1
247 215 1
247 246 1
248 29 1
248 30 1
248 63 1
248 92 1
248 175 1
249 31 1
249 64 1
249 176 1
249 213 1
250 29 1
250 43 1
250 44 1
250 94 1
250 176 1
250 214 1
250 249 1
251 42 1
251 43 1
251 112 1
251 115 1
251 147 1
251 151 1
251 177 1
251 247 1
252 148 1
252 151 1
252 177 1
252 181 1
252 215 1
253 38 1
253 98 1
253 113 1
253 148 1
253 151 1
253 179 1
253 252 1
254 33 1
254 47 1
254 48 1
254 96 1
254 149 1
255 32 1
255 41 1
255 47 1
255 48 1
255 57 1
255 58 1
255 65 1
255 97 1
255 149 1
255 178 1
256 77 1
256 98 1
256 100 1
256 107 1
256 108 1
256 150 1
256 179 1
257 66 1
257 151 1
257 177 1
257 181 1
257 215 1
257 246 1
257 252 1
257 253 1
258 40 1
258 99 1
258 101 1
258 156 1
258 157 1
258 180 1
258 216 1
259 35 1
259 99 1
259 101 1
259 180 1
259 258 1
260 35 1
260 102 1
260 103 1
260 259 1
261 23 1
261 35 1
261 56 1
261 102 1
261 103 1
261 192 1
261 260 1
262 36 1
262 68 1
262 110 1
262 152 1
262 153 1
262 154 1
263 37 1
263 43 1
263 44 1
263 64 1
263 67 1
263 109 1
263 140 1
263 152 1
263 154 1
263 155 1
263 182 1
263 195 1
264 40 1
264 149 1
264 156 1
264 194 1
264 258 1
265 0 1
265 120 1
265 122 1
265 123 1
265 189 1
265 223 1
265 225 1
266 1 1
266 14 1
266 15 1
266 16 1
266 17 1
266 55 1
266 83 1
266 118 1
266 130 1
266 133 1
266 136 1
266 137 1
266 166 1
266 172 1
266 191 1
266 196 1
266 197 1
266 208 1
266 240 1
267 1 1
267 2 1
267 17 1
267 116 1
267 119 1
267 137 1
267 197 1
267 201 1
267 207 1
267 208 1
267 266 1
268 3 1
268 4 1
268 119 1
268 160 1
268 168 1
268 189 1
268 198 1
268 205 1
268 224 1
269 5 1
269 121 1
269 122 1
269 123 1
269 189 1
269 227 1
269 265 1
270 5 1
270 87 1
270 208 1
270 227 1
270 269 1
271 15 1
271 16 1
271 126 1
271 201 1
271 202 1
271 208 1
271 228 1
271 234 1
271 270 1
272 2 1
272 8 1
272 18 1
272 75 1
272 124 1
272 161 1
272 162 1
272 199 1
272 230 1
273 12 1
273 51 1
273 125 1
273 161 1
273 169 1
273 229 1
274 8 1
274 51 1
274 75 1
274 124 1
274 125 1
274 161 1
274 162 1
274 230 1
274 272 1
275 10 1
275 51 1
275 52 1
275 124 1
275 161 1
275 199 1
275 229 1
275 231 1
275 272 1
275 274 1
276 51 1
276 171 1
276 231 1
277 51 1
277 124 1
277 125 1
277 161 1
277 171 1
277 205 1
277 229 1
277 272 1
277 273 1
277 274 1
277 275 1
277 276 1
278 2 1
278 8 1
278 13 1
278 18 1
278 119 1
278 124 1
278 161 1
278 272 1
278 274 1
278 277 1
279 39 1
279 78 1
279 81 1
279 128 1
279 203 1
280 54 1
280 78 1
280 128 1
280 129 1
280 136 1
280 170 1
280 202 1
280 206 1
280 235 1
280 237 1
280 279 1
281 39 1
281 78 1
281 135 1
281 136 1
281 172 1
281 203 1
281 206 1
281 279 1
281 280 1
282 39 1
282 135 1
282 186 1
282 203 1
282 219 1
282 279 1
282 281 1
283 80 1
284 78 1
284 80 1
284 81 1
284 279 1
284 283 1
285 38 1
285 82 1
285 128 1
285 164 1
285 190 1
285 237 1
285 253 1
285 279 1
286 13 1
286 18 1
286 117 1
286 130 1
286 132 1
286 166 1
286 191 1
286 197 1
286 238 1
287 13 1
287 117 1
287 120 1
287 131 1
287 167 1
287 188 1
287 238 1
287 286 1
288 4 1
288 131 1
288 224 1
288 238 1
288 239 1
289 14 1
289 15 1
289 16 1
289 17 1
289 55 1
289 83 1
289 84 1
289 118 1
289 126 1
289 133 1
289 137 1
289 172 1
289 204 1
289 234 1
289 266 1
290 13 1
290 171 1
291 19 1
291 39 1
291 79 1
291 118 1
291 135 1
291 136 1
291 172 1
291 196 1
291 203 1
291 281 1
291 282 1
292 87 1
292 202 1
292 207 1
292 223 1
292 265 1
292 269 1
292 270 1
293 21 1
293 60 1
293 89 1
293 142 1
293 144 1
293 145 1
293 193 1
293 211 1
293 242 1
293 244 1
293 245 1
294 23 1
294 56 1
294 110 1
294 139 1
294 152 1
294 187 1
294 192 1
294 209 1
295 22 1
295 37 1
295 42 1
295 43 1
295 44 1
295 67 1
295 109 1
295 140 1
295 152 1
295 155 1
295 158 1
295 159 1
295 182 1
295 187 1
295 195 1
295 209 1
295 210 1
295 217 1
295 222 1
295 263 1
296 22 1
296 24 1
296 44 1
296 138 1
296 159 1
296 210 1
296 214 1
296 221 1
296 222 1
296 295 1
297 25 1
297 26 1
297 45 1
297 61 1
297 141 1
297 173 1
297 184 1
297 193 1
297 212 1
297 218 1
297 243 1
298 26 1
298 45 1
298 59 1
298 69 1
298 90 1
298 173 1
298 243 1
298 297 1
299 25 1
299 26 1
299 45 1
299 59 1
299 60 1
299 69 1
299 90 1
299 141 1
299 142 1
299 183 1
299 243 1
299 244 1
299 298 1
300 27 1
300 46 1
300 89 1
300 143 1
300 144 1
300 145 1
300 193 1
300 245 1
300 293 1
301 42 1
301 43 1
301 114 1
301 147 1
301 177 1
301 214 1
301 215 1
301 222 1
301 246 1
301 247 1
301 251 1
302 30 1
302 62 1
302 92 1
302 174 1
302 175 1
302 213 1
302 248 1
303 27 1
303 30 1
303 63 1
303 92 1
303 143 1
303 175 1
303 212 1
303 248 1
304 24 1
304 30 1
304 36 1
304 141 1
304 174 1
304 213 1
304 302 1
305 113 1
305 115 1
305 151 1
305 177 1
305 181 1
305 247 1
305 251 1
305 252 1
305 253 1
305 257 1
306 33 1
306 47 1
306 48 1
306 96 1
306 97 1
306 149 1
306 254 1
306 255 1
307 100 1
307 107 1
307 108 1
307 150 1
307 156 1
307 216 1
308 100 1
308 150 1
308 151 1
308 215 1
308 220 1
308 252 1
308 256 1
308 307 1
309 40 1
309 100 1
309 157 1
309 158 1
309 187 1
309 216 1
309 220 1
309 307 1
309 308 1
310 40 1
310 156 1
310 157 1
310 180 1
310 216 1
310 258 1
310 259 1
310 264 1
310 307 1
310 309 1
311 32 1
311 35 1
311 41 1
311 57 1
311 101 1
311 102 1
311 103 1
311 157 1
311 216 1
311 258 1
311 259 1
311 260 1
311 261 1
311 310 1
312 35 1
312 102 1
312 103 1
312 104 1
312 260 1
312 261 1
313 103 1
313 104 1
313 105 1
313 106 1
313 216 1
313 312 1
314 100 1
314 105 1
314 106 1
314 107 1
314 307 1
314 313 1
315 100 1
315 105 1
315 106 1
315 107 1
315 108 1
315 150 1
315 307 1
315 314 1
316 98 1
316 108 1
316 150 1
316 156 1
316 179 1
316 194 1
316 256 1
316 307 1
317 36 1
317 110 1
317 139 1
317 152 1
317 154 1
317 182 1
317 195 1
317 210 1
317 262 1
317 294 1
318 36 1
318 68 1
318 110 1
318 139 1
318 153 1
318 183 1
318 192 1
318 262 1
318 294 1
318 299 1
318 317 1
319 59 1
319 68 1
319 69 1
319 90 1
319 110 1
319 153 1
319 183 1
319 262 1
319 298 1
319 299 1
319 318 1
320 26 1
320 45 1
320 59 1
320 69 1
320 71 1
320 153 1
320 243 1
320 262 1
320 298 1
320 299 1
320 319 1
321 26 1
321 45 1
321 70 1
321 71 1
321 173 1
321 184 1
321 218 1
321 243 1
321 297 1
321 298 1
321 320 1
322 26 1
322 70 1
322 71 1
322 153 1
322 184 1
322 185 1
322 218 1
322 320 1
322 321 1
323 37 1
323 42 1
323 43 1
323 44 1
323 67 1
323 109 1
323 112 1
323 115 1
323 140 1
323 147 1
323 155 1
323 159 1
323 187 1
323 209 1
323 217 1
323 251 1
323 295 1
324 41 1
324 102 1
324 140 1
324 157 1
324 158 1
324 187 1
324 209 1
324 216 1
324 309 1
324 310 1
324 311 1
325 66 1
325 88 1
325 114 1
325 215 1
325 221 1
325 242 1
325 300 1
326 36 1
326 154 1
326 174 1
326 302 1
326 304 1
327 49 1
327 121 1
327 189 1
327 198 1
327 268 1
328 2 1
328 3 1
328 4 1
328 8 1
328 75 1
328 119 1
328 160 1
328 189 1
328 197 1
328 198 1
328 224 1
328 268 1
328 272 1
328 278 1
329 39 1
329 77 1
329 127 1
329 186 1
329 190 1
329 219 1
329 236 1
330 39 1
330 85 1
330 190 1
330 219 1
330 235 1
330 236 1
330 329 1
331 78 1
331 87 1
331 129 1
331 136 1
331 137 1
331 170 1
331 202 1
331 206 1
331 279 1
331 280 1
331 281 1
332 39 1
332 85 1
332 186 1
332 190 1
332 219 1
332 281 1
332 329 1
332 330 1
333 72 1
333 116 1
333 117 1
333 120 1
333 167 1
333 188 1
333 238 1
333 287 1
334 1 1
334 14 1
334 118 1
334 136 1
334 137 1
334 172 1
334 196 1
334 206 1
334 207 1
334 208 1
334 266 1
334 267 1
334 281 1
334 289 1
334 291 1
334 331 1
335 26 1
335 45 1
335 61 1
335 173 1
335 184 1
335 218 1
335 297 1
335 321 1
336 24 1
336 25 1
336 26 1
336 30 1
336 92 1
336 141 1
336 145 1
336 173 1
336 193 1
336 210 1
336 212 1
336 243 1
336 297 1
336 302 1
336 304 1
337 25 1
337 26 1
337 59 1
337 60 1
337 90 1
337 141 1
337 142 1
337 211 1
337 243 1
337 244 1
337 298 1
337 299 1
337 319 1
338 33 1
338 40 1
338 96 1
338 149 1
338 194 1
338 254 1
338 264 1
338 306 1
339 33 1
339 40 1
339 95 1
339 96 1
339 113 1
339 148 1
339 194 1
339 253 1
339 254 1
339 338 1
340 100 1
340 114 1
340 151 1
340 158 1
340 159 1
340 215 1
340 220 1
340 221 1
340 222 1
340 307 1
340 308 1
340 309 1
341 107 1
341 108 1
341 150 1
341 179 1
341 256 1
341 315 1
341 316 1
342 33 1
342 40 1
342 96 1
342 148 1
342 156 1
342 194 1
342 264 1
342 309 1
342 338 1
342 339 1
343 68 1
343 90 1
343 110 1
343 138 1
343 139 1
343 183 1
343 192 1
343 262 1
343 318 1
343 319 1
344 22 1
344 140 1
344 158 1
344 159 1
344 187 1
344 209 1
344 220 1
344 221 1
344 222 1
344 295 1
344 296 1
344 309 1
344 323 1
344 324 1
344 340 1
345 0 1
345 1 1
345 116 1
345 120 1
345 197 1
345 207 1
345 208 1
345 223 1
345 225 1
345 265 1
345 267 1
346 11 1
346 19 1
346 50 1
346 134 1
346 135 1
346 196 1
347 19 1
347 50 1
347 55 1
347 83 1
347 118 1
347 134 1
347 135 1
347 172 1
347 196 1
347 204 1
347 291 1
347 346 1
348 4 1
348 239 1
349 5 1
349 122 1
349 123 1
349 227 1
349 267 1
349 269 1
349 270 1
349 292 1
350 6 1
350 165 1
351 2 1
351 7 1
351 8 1
351 18 1
351 75 1
351 162 1
351 201 1
351 230 1
351 233 1
351 272 1
351 274 1
351 278 1
351 328 1
352 12 1
352 74 1
352 125 1
352 160 1
352 168 1
352 205 1
352 273 1
353 9 1
353 10 1
353 18 1
353 53 1
353 199 1
353 200 1
353 232 1
354 7 1
354 76 1
354 163 1
354 199 1
354 232 1
354 233 1
354 353 1
355 52 1
355 171 1
355 231 1
355 276 1
356 2 1
356 7 1
356 8 1
356 17 1
356 18 1
356 119 1
356 191 1
356 197 1
356 201 1
356 233 1
356 267 1
356 272 1
356 278 1
356 328 1
356 351 1
357 85 1
357 190 1
357 329 1
357 330 1
358 84 1
358 85 1
358 86 1
358 170 1
358 235 1
358 329 1
358 330 1
358 332 1
359 290 1
360 130 1
360 132 1
360 166 1
360 290 1
360 359 1
361 87 1
361 202 1
361 207 1
361 208 1
361 223 1
361 265 1
361 292 1
361 345 1
362 19 1
362 50 1
362 127 1
362 134 1
362 135 1
362 186 1
362 196 1
362 204 1
362 346 1
362 347 1
363 21 1
363 22 1
363 89 1
363 138 1
363 142 1
363 145 1
363 210 1
363 221 1
363 222 1
363 242 1
363 244 1
363 293 1
363 296 1
364 23 1
364 32 1
364 35 1
364 41 1
364 56 1
364 57 1
364 58 1
364 209 1
365 32 1
365 41 1
365 57 1
365 58 1
365 65 1
365 209 1
365 255 1
365 364 1
366 23 1
366 41 1
366 57 1
366 58 1
366 67 1
366 109 1
366 140 1
366 157 1
366 187 1
366 209 1
366 217 1
366 324 1
366 364 1
366 365 1
367 26 1
367 45 1
367 59 1
367 69 1
367 298 1
367 321 1
367 335 1
368 27 1
368 46 1
368 143 1
368 144 1
368 145 1
368 175 1
368 245 1
368 300 1
369 28 1
369 181 1
369 246 1
370 24 1
370 29 1
370 30 1
370 92 1
370 175 1
370 214 1
370 248 1
370 250 1
370 302 1
370 304 1
370 336 1
371 63 1
371 91 1
371 111 1
371 146 1
371 173 1
371 184 1
371 218 1
372 31 1
372 64 1
372 176 1
372 213 1
372 249 1
373 94 1
373 176 1
373 213 1
373 249 1
373 250 1
373 372 1
374 24 1
374 29 1
374 30 1
374 44 1
374 141 1
374 195 1
374 210 1
374 214 1
374 250 1
374 296 1
374 302 1
374 304 1
374 336 1
374 370 1
375 38 1
375 95 1
375 148 1
375 254 1
375 338 1
375 339 1
376 112 1
376 113 1
376 115 1
376 148 1
376 253 1
376 305 1
376 338 1
376 339 1
376 342 1
377 33 1
377 40 1
377 41 1
377 47 1
377 96 1
377 149 1
377 156 1
377 157 1
377 194 1
377 255 1
377 264 1
377 306 1
377 310 1
377 338 1
377 342 1
378 66 1
378 89 1
378 114 1
378 215 1
378 221 1
378 222 1
378 242 1
378 314 1
378 325 1
379 32 1
379 33 1
379 41 1
379 47 1
379 48 1
379 57 1
379 58 1
379 149 1
379 157 1
379 209 1
379 217 1
379 255 1
379 365 1
379 366 1
379 377 1
380 49 1
380 198 1
380 327 1
381 1 1
381 17 1
381 116 1
381 117 1
381 118 1
381 137 1
381 172 1
381 191 1
381 197 1
381 207 1
381 208 1
381 266 1
381 267 1
381 334 1
381 345 1
382 51 1
382 52 1
382 124 1
382 161 1
382 229 1
382 230 1
382 272 1
382 273 1
382 274 1
382 275 1
382 277 1
383 39 1
383 135 1
383 203 1
383 282 1
383 291 1
384 130 1
384 132 1
384 238 1
384 286 1
384 290 1
384 359 1
384 360 1
385 54 1
385 87 1
385 202 1
385 270 1
385 292 1
385 361 1
386 22 1
386 24 1
386 44 1
386 138 1
386 139 1
386 140 1
386 159 1
386 187 1
386 195 1
386 210 1
386 221 1
386 222 1
386 295 1
386 296 1
386 344 1
386 363 1
387 62 1
387 174 1
387 248 1
387 302 1
388 38 1
388 95 1
388 113 1
388 148 1
388 253 1
388 338 1
388 339 1
388 375 1
388 376 1
389 66 1
389 100 1
389 114 1
389 150 1
389 151 1
389 177 1
389 181 1
389 215 1
389 220 1
389 252 1
389 257 1
389 305 1
389 307 1
389 308 1
389 340 1
390 34 1
390 35 1
390 40 1
390 99 1
390 101 1
390 157 1
390 180 1
390 216 1
390 258 1
390 259 1
390 260 1
390 309 1
390 310 1
390 311 1
390 324 1
391 40 1
391 101 1
391 180 1
391 258 1
391 259 1
391 310 1
391 311 1
391 377 1
391 390 1
392 21 1
392 22 1
392 103 1
392 104 1
392 105 1
392 138 1
392 242 1
392 312 1
392 313 1
393 33 1
393 40 1
393 48 1
393 96 1
393 149 1
393 194 1
393 254 1
393 264 1
393 306 1
393 338 1
393 339 1
393 342 1
393 376 1
393 377 1
393 379 1
394 69 1
394 71 1
394 153 1
394 320 1
394 322 1
395 32 1
395 35 1
395 40 1
395 41 1
395 57 1
395 58 1
395 149 1
395 157 1
395 216 1
395 255 1
395 310 1
395 311 1
395 324 1
395 365 1
395 366 1
395 377 1
395 379 1
395 390 1
395 391 1
396 66 1
396 88 1
396 114 1
396 215 1
396 325 1
396 378 1
397 33 1
397 41 1
397 47 1
397 48 1
397 149 1
397 217 1
397 255 1
397 338 1
397 342 1
397 366 1
397 377 1
397 379 1
397 393 1
397 395 1
398 1 1
398 79 1
398 116 1
398 117 1
398 188 1
399 8 1
399 74 1
399 75 1
399 125 1
399 160 1
399 168 1
399 198 1
399 205 1
399 230 1
399 268 1
399 272 1
399 274 1
399 352 1
400 8 1
400 51 1
400 124 1
400 161 1
400 199 1
400 229 1
400 230 1
400 272 1
400 274 1
400 275 1
400 277 1
400 382 1
401 9 1
401 10 1
401 52 1
401 199 1
401 275 1
402 85 1
402 164 1
402 190 1
402 235 1
402 285 1
402 330 1
402 332 1
402 357 1
403 39 1
403 78 1
403 135 1
403 203 1
403 219 1
403 279 1
403 281 1
403 282 1
403 383 1
404 117 1
404 167 1
404 188 1
404 238 1
404 286 1
404 287 1
404 333 1
404 398 1
405 131 1
405 167 1
405 238 1
405 286 1
405 287 1
405 288 1
405 333 1
405 404 1
406 22 1
406 23 1
406 35 1
406 56 1
406 102 1
406 103 1
406 138 1
406 139 1
406 192 1
406 261 1
406 294 1
406 312 1
407 26 1
407 45 1
407 59 1
407 60 1
407 69 1
407 90 1
407 142 1
407 243 1
407 298 1
407 299 1
407 319 1
407 337 1
407 367 1
408 26 1
408 45 1
408 59 1
408 60 1
408 69 1
408 90 1
408 183 1
408 243 1
408 244 1
408 298 1
408 299 1
408 319 1
408 320 1
408 337 1
408 343 1
408 367 1
408 407 1
409 27 1
409 61 1
409 142 1
409 143 1
409 144 1
409 145 1
409 193 1
409 211 1
410 30 1
410 63 1
410 91 1
410 92 1
410 146 1
410 184 1
410 212 1
410 218 1
410 248 1
410 297 1
410 302 1
410 303 1
410 371 1
411 31 1
411 93 1
411 213 1
411 372 1
412 98 1
412 148 1
412 179 1
412 194 1
412 253 1
412 316 1
412 339 1
412 342 1
412 375 1
413 34 1
413 40 1
413 99 1
413 156 1
413 157 1
413 180 1
413 216 1
413 258 1
413 264 1
413 307 1
413 309 1
413 310 1
413 390 1
414 104 1
414 105 1
414 106 1
414 242 1
414 312 1
414 313 1
414 314 1
414 378 1
414 392 1
415 68 1
415 110 1
415 139 1
415 152 1
415 183 1
415 192 1
415 262 1
415 294 1
415 317 1
415 318 1
415 319 1
415 343 1
416 68 1
416 69 1
416 110 1
416 153 1
416 183 1
416 262 1
416 317 1
416 318 1
416 319 1
416 320 1
416 343 1
416 408 1
416 415 1
417 49 1
417 121 1
417 327 1
417 380 1
418 0 1
418 1 1
418 116 1
418 117 1
418 120 1
418 223 1
418 225 1
418 265 1
418 345 1
418 381 1
419 2 1
419 7 1
419 8 1
419 18 1
419 75 1
419 124 1
419 161 1
419 162 1
419 199 1
419 230 1
419 272 1
419 274 1
419 278 1
419 328 1
419 351 1
419 356 1
419 400 1
420 9 1
420 10 1
420 52 1
420 53 1
420 124 1
420 199 1
420 200 1
420 232 1
420 275 1
420 353 1
420 355 1
420 401 1
421 14 1
421 15 1
421 16 1
421 17 1
421 53 1
421 76 1
421 83 1
421 84 1
421 133 1
421 163 1
421 233 1
421 240 1
421 289 1
421 354 1
422 77 1
422 236 1
422 329 1
422 330 1
422 357 1
423 38 1
423 78 1
423 81 1
423 82 1
423 128 1
423 279 1
423 284 1
423 403 1
424 38 1
424 95 1
424 203 1
424 279 1
424 282 1
424 383 1
424 403 1
424 423 1
425 84 1
425 85 1
425 170 1
425 186 1
425 190 1
425 236 1
425 329 1
425 330 1
425 332 1
425 358 1
425 422 1
426 15 1
426 83 1
426 84 1
426 133 1
426 204 1
426 289 1
426 358 1
426 362 1
426 425 1
427 55 1
427 130 1
427 166 1
427 359 1
427 360 1
427 384 1
428 87 1
428 136 1
428 137 1
428 202 1
428 206 1
428 207 1
428 208 1
428 292 1
428 331 1
428 334 1
428 361 1
428 385 1
429 19 1
429 50 1
429 79 1
429 118 1
429 135 1
429 136 1
429 172 1
429 196 1
429 203 1
429 204 1
429 266 1
429 281 1
429 282 1
429 291 1
429 334 1
429 346 1
429 347 1
429 362 1
430 21 1
430 22 1
430 104 1
430 138 1
430 139 1
430 142 1
430 242 1
430 244 1
430 293 1
430 313 1
430 363 1
430 386 1
430 392 1
431 27 1
431 28 1
431 46 1
431 114 1
431 245 1
431 300 1
431 325 1
431 368 1
431 396 1
432 28 1
432 46 1
432 246 1
432 247 1
432 301 1
432 368 1
432 369 1
432 431 1
433 24 1
433 29 1
433 30 1
433 92 1
433 174 1
433 175 1
433 213 1
433 248 1
433 302 1
433 304 1
433 336 1
433 370 1
433 374 1
434 37 1
434 42 1
434 43 1
434 44 1
434 64 1
434 94 1
434 109 1
434 112 1
434 115 1
434 155 1
434 176 1
434 250 1
434 263 1
434 323 1
434 373 1
435 33 1
435 95 1
435 96 1
435 254 1
435 338 1
435 339 1
435 375 1
435 388 1
435 393 1
436 100 1
436 106 1
436 107 1
436 108 1
436 150 1
436 256 1
436 307 1
436 308 1
436 314 1
436 315 1
436 316 1
436 341 1
436 389 1
437 34 1
437 100 1
437 106 1
437 107 1
437 108 1
437 150 1
437 180 1
437 216 1
437 307 1
437 314 1
437 315 1
437 341 1
437 413 1
437 436 1
438 34 1
438 99 1
438 106 1
438 107 1
438 180 1
438 216 1
438 307 1
438 310 1
438 315 1
438 390 1
438 413 1
438 437 1
439 42 1
439 48 1
439 109 1
439 112 1
439 115 1
439 155 1
439 217 1
439 323 1
439 366 1
439 376 1
439 379 1
439 397 1
440 70 1
440 71 1
440 111 1
440 185 1
440 218 1
440 321 1
440 322 1
441 32 1
441 40 1
441 41 1
441 149 1
441 157 1
441 255 1
441 258 1
441 264 1
441 306 1
441 310 1
441 311 1
441 342 1
441 377 1
441 379 1
441 390 1
441 391 1
441 393 1
441 395 1
441 397 1
442 66 1
442 100 1
442 114 1
442 158 1
442 159 1
442 215 1
442 220 1
442 221 1
442 222 1
442 325 1
442 340 1
442 344 1
442 378 1
442 389 1
442 396 1
443 23 1
443 41 1
443 57 1
443 58 1
443 102 1
443 140 1
443 157 1
443 158 1
443 187 1
443 209 1
443 216 1
443 217 1
443 295 1
443 309 1
443 311 1
443 324 1
443 344 1
443 365 1
443 366 1
443 379 1
443 395 1
443 397 1
444 0 1
444 116 1
444 122 1
444 123 1
444 207 1
444 223 1
444 265 1
444 267 1
444 269 1
444 292 1
444 345 1
444 361 1
444 418 1
445 0 1
445 1 1
445 116 1
445 117 1
445 120 1
445 207 1
445 208 1
445 223 1
445 225 1
445 265 1
445 267 1
445 283 1
445 345 1
445 361 1
445 381 1
445 418 1
445 444 1
446 1 1
446 14 1
446 15 1
446 16 1
446 17 1
446 118 1
446 133 1
446 136 1
446 137 1
446 172 1
446 191 1
446 197 1
446 201 1
446 206 1
446 207 1
446 208 1
446 240 1
446 266 1
446 267 1
446 334 1
446 381 1
447 2 1
447 3 1
447 7 1
447 14 1
447 16 1
447 17 1
447 18 1
447 119 1
447 137 1
447 191 1
447 197 1
447 201 1
447 208 1
447 240 1
447 266 1
447 267 1
447 351 1
447 356 1
447 381 1
447 446 1
448 0 1
448 1 1
448 2 1
448 3 1
448 116 1
448 119 1
448 120 1
448 123 1
448 197 1
448 225 1
448 267 1
448 328 1
448 345 1
448 356 1
448 381 1
448 445 1
448 446 1
448 447 1
449 6 1
449 54 1
449 129 1
449 165 1
449 202 1
449 228 1
449 234 1
449 271 1
449 350 1
450 7 1
450 16 1
450 17 1
450 126 1
450 162 1
450 201 1
450 233 1
450 270 1
450 271 1
450 349 1
450 351 1
450 356 1
450 447 1
451 51 1
451 52 1
451 125 1
451 161 1
451 169 1
451 229 1
451 231 1
451 273 1
451 275 1
451 382 1
452 3 1
452 8 1
452 74 1
452 75 1
452 160 1
452 162 1
452 189 1
452 198 1
452 230 1
452 268 1
452 272 1
452 274 1
452 328 1
452 351 1
452 399 1
452 419 1
453 9 1
453 10 1
453 51 1
453 52 1
453 124 1
453 161 1
453 199 1
453 231 1
453 232 1
453 275 1
453 353 1
453 355 1
453 382 1
453 401 1
453 420 1
454 10 1
454 16 1
454 17 1
454 53 1
454 76 1
454 163 1
454 199 1
454 232 1
454 233 1
454 353 1
454 354 1
454 421 1
455 85 1
455 86 1
455 128 1
455 129 1
455 164 1
455 170 1
455 235 1
455 237 1
455 280 1
455 402 1
456 77 1
456 127 1
456 236 1
456 329 1
456 330 1
456 332 1
456 358 1
456 422 1
456 425 1
457 13 1
457 18 1
457 130 1
457 132 1
457 166 1
457 191 1
457 200 1
457 238 1
457 240 1
457 286 1
457 287 1
457 290 1
457 359 1
457 360 1
457 384 1
457 404 1
457 427 1
458 131 1
458 239 1
458 288 1
459 4 1
459 131 1
459 239 1
459 288 1
459 348 1
459 458 1
460 13 1
460 131 1
460 171 1
460 238 1
460 288 1
460 290 1
460 458 1
461 15 1
461 84 1
461 85 1
461 86 1
461 126 1
461 129 1
461 170 1
461 206 1
461 234 1
461 289 1
461 331 1
461 358 1
461 425 1
461 426 1
462 2 1
462 7 1
462 14 1
462 16 1
462 17 1
462 18 1
462 53 1
462 132 1
462 133 1
462 166 1
462 191 1
462 197 1
462 200 1
462 201 1
462 233 1
462 240 1
462 266 1
462 267 1
462 351 1
462 353 1
462 356 1
462 381 1
462 446 1
462 447 1
462 450 1
462 454 1
463 21 1
463 89 1
463 142 1
463 144 1
463 145 1
463 221 1
463 242 1
463 293 1
463 296 1
463 300 1
463 325 1
463 363 1
463 378 1
463 430 1
464 21 1
464 22 1
464 89 1
464 104 1
464 138 1
464 139 1
464 221 1
464 222 1
464 242 1
464 244 1
464 293 1
464 296 1
464 313 1
464 363 1
464 378 1
464 386 1
464 392 1
464 414 1
464 430 1
464 463 1
465 23 1
465 56 1
465 57 1
465 192 1
465 294 1
465 364 1
465 406 1
465 415 1
466 22 1
466 37 1
466 42 1
466 43 1
466 44 1
466 140 1
466 155 1
466 158 1
466 159 1
466 187 1
466 195 1
466 210 1
466 214 1
466 220 1
466 221 1
466 222 1
466 263 1
466 295 1
466 296 1
466 344 1
466 386 1
467 24 1
467 25 1
467 29 1
467 43 1
467 44 1
467 141 1
467 159 1
467 195 1
467 210 1
467 214 1
467 222 1
467 295 1
467 296 1
467 370 1
467 374 1
467 386 1
467 466 1
468 21 1
468 22 1
468 24 1
468 25 1
468 138 1
468 141 1
468 142 1
468 145 1
468 210 1
468 244 1
468 296 1
468 299 1
468 336 1
468 363 1
468 374 1
468 386 1
468 464 1
468 466 1
468 467 1
469 25 1
469 60 1
469 61 1
469 142 1
469 193 1
469 211 1
469 243 1
469 297 1
469 298 1
469 299 1
469 337 1
469 407 1
469 409 1
470 66 1
470 147 1
470 151 1
470 177 1
470 181 1
470 215 1
470 246 1
470 247 1
470 251 1
470 252 1
470 257 1
470 301 1
470 305 1
470 369 1
471 29 1
471 43 1
471 44 1
471 147 1
471 175 1
471 214 1
471 250 1
471 301 1
471 368 1
471 370 1
471 374 1
471 467 1
472 62 1
472 146 1
472 174 1
472 387 1
473 25 1
473 30 1
473 63 1
473 91 1
473 92 1
473 173 1
473 175 1
473 193 1
473 212 1
473 248 1
473 297 1
473 302 1
473 303 1
473 336 1
473 370 1
473 410 1
473 433 1
474 31 1
474 43 1
474 64 1
474 94 1
474 176 1
474 213 1
474 249 1
474 250 1
474 372 1
474 373 1
474 434 1
475 98 1
475 113 1
475 148 1
475 150 1
475 151 1
475 179 1
475 252 1
475 253 1
475 256 1
475 257 1
475 305 1
475 308 1
475 389 1
475 412 1
476 38 1
476 95 1
476 113 1
476 148 1
476 253 1
476 285 1
476 339 1
476 375 1
476 376 1
476 388 1
476 412 1
476 475 1
477 32 1
477 33 1
477 47 1
477 48 1
477 65 1
477 96 1
477 97 1
477 149 1
477 178 1
477 255 1
477 306 1
477 377 1
477 379 1
477 441 1
478 33 1
478 47 1
478 48 1
478 96 1
478 149 1
478 254 1
478 306 1
478 338 1
478 377 1
478 379 1
478 397 1
478 435 1
478 477 1
479 33 1
479 48 1
479 96 1
479 149 1
479 194 1
479 254 1
479 306 1
479 338 1
479 339 1
479 342 1
479 376 1
479 377 1
479 393 1
479 397 1
479 435 1
479 478 1
480 32 1
480 35 1
480 57 1
480 101 1
480 102 1
480 157 1
480 258 1
480 259 1
480 260 1
480 310 1
480 311 1
480 390 1
480 391 1
480 395 1
480 441 1
481 26 1
481 45 1
481 59 1
481 69 1
481 70 1
481 71 1
481 153 1
481 298 1
481 320 1
481 321 1
481 322 1
481 367 1
481 394 1
482 36 1
482 153 1
482 262 1
482 320 1
482 322 1
482 326 1
482 394 1
483 113 1
483 115 1
483 177 1
483 251 1
483 305 1
483 376 1
484 42 1
484 112 1
484 113 1
484 115 1
484 147 1
484 151 1
484 177 1
484 220 1
484 251 1
484 305 1
484 323 1
484 340 1
484 376 1
484 439 1
484 470 1
484 483 1
485 24 1
485 29 1
485 37 1
485 43 1
485 44 1
485 64 1
485 154 1
485 155 1
485 182 1
485 195 1
485 210 1
485 214 1
485 250 1
485 263 1
485 295 1
485 370 1
485 374 1
485 466 1
485 467 1
485 471 1
485 474 1
486 49 1
486 227 1
487 1 1
487 79 1
487 116 1
487 117 1
487 188 1
487 207 1
487 283 1
487 334 1
487 345 1
487 381 1
487 398 1
487 418 1
487 445 1
488 1 1
488 79 1
488 116 1
488 117 1
488 120 1
488 188 1
488 333 1
488 398 1
488 404 1
488 418 1
488 445 1
488 487 1
489 2 1
489 3 1
489 5 1
489 119 1
489 120 1
489 123 1
489 189 1
489 197 1
489 201 1
489 224 1
489 267 1
489 278 1
489 328 1
489 345 1
489 349 1
489 351 1
489 356 1
489 381 1
489 447 1
489 448 1
489 462 1
490 2 1
490 3 1
490 4 1
490 119 1
490 160 1
490 205 1
490 224 1
490 268 1
490 272 1
490 278 1
490 288 1
490 328 1
490 448 1
490 452 1
490 489 1
491 12 1
491 51 1
491 74 1
491 125 1
491 161 1
491 169 1
491 205 1
491 229 1
491 273 1
491 352 1
491 451 1
492 12 1
492 74 1
492 75 1
492 125 1
492 168 1
492 198 1
492 205 1
492 268 1
492 327 1
492 352 1
492 380 1
492 399 1
492 452 1
493 7 1
493 14 1
493 15 1
493 16 1
493 17 1
493 76 1
493 126 1
493 133 1
493 163 1
493 201 1
493 232 1
493 233 1
493 354 1
493 421 1
493 450 1
493 454 1
493 462 1
494 51 1
494 52 1
494 124 1
494 161 1
494 171 1
494 231 1
494 275 1
494 276 1
494 277 1
494 355 1
494 460 1
495 2 1
495 7 1
495 14 1
495 16 1
495 17 1
495 18 1
495 191 1
495 197 1
495 201 1
495 233 1
495 240 1
495 267 1
495 351 1
495 354 1
495 356 1
495 419 1
495 446 1
495 447 1
495 450 1
495 454 1
495 462 1
495 489 1
495 493 1
496 77 1
496 85 1
496 190 1
496 236 1
496 329 1
496 330 1
496 332 1
496 357 1
496 402 1
496 422 1
496 425 1
496 456 1
497 203 1
497 279 1
497 282 1
497 383 1
497 403 1
497 423 1
497 424 1
498 54 1
498 78 1
498 87 1
498 129 1
498 136 1
498 165 1
498 202 1
498 206 1
498 280 1
498 281 1
498 331 1
498 428 1
498 461 1
499 2 1
499 13 1
499 14 1
499 17 1
499 18 1
499 119 1
499 132 1
499 166 1
499 191 1
499 197 1
499 200 1
499 201 1
499 240 1
499 266 1
499 267 1
499 278 1
499 286 1
499 351 1
499 356 1
499 381 1
499 446 1
499 447 1
499 448 1
499 457 1
499 462 1
499 489 1
499 495 1
500 50 1
500 134 1
500 346 1
500 347 1
500 427 1
501 0 1
501 1 1
501 87 1
501 136 1
501 137 1
501 202 1
501 206 1
501 207 1
501 208 1
501 223 1
501 265 1
501 267 1
501 269 1
501 270 1
501 292 1
501 345 1
501 361 1
501 381 1
501 385 1
501 428 1
501 444 1
501 445 1
502 22 1
502 102 1
502 104 1
502 138 1
502 139 1
502 192 1
502 221 1
502 261 1
502 294 1
502 312 1
502 313 1
502 344 1
502 363 1
502 386 1
502 392 1
502 406 1
502 430 1
502 464 1
503 22 1
503 23 1
503 138 1
503 139 1
503 192 1
503 244 1
503 261 1
503 294 1
503 312 1
503 343 1
503 392 1
503 406 1
503 430 1
503 464 1
503 502 1
504 24 1
504 25 1
504 141 1
504 145 1
504 193 1
504 210 1
504 243 1
504 296 1
504 336 1
504 363 1
504 368 1
504 370 1
504 374 1
504 386 1
504 466 1
504 467 1
504 468 1
505 24 1
505 25 1
505 26 1
505 141 1
505 173 1
505 184 1
505 218 1
505 243 1
505 297 1
505 298 1
505 299 1
505 304 1
505 320 1
505 321 1
505 336 1
505 468 1
505 473 1
505 504 1
506 26 1
506 45 1
506 59 1
506 69 1
506 90 1
506 153 1
506 173 1
506 243 1
506 298 1
506 299 1
506 319 1
506 320 1
506 321 1
506 337 1
506 367 1
506 407 1
506 408 1
506 481 1
507 21 1
507 60 1
507 89 1
507 90 1
507 142 1
507 242 1
507 244 1
507 293 1
507 337 1
507 430 1
508 60 1
508 61 1
508 142 1
508 193 1
508 211 1
508 337 1
508 409 1
508 469 1
509 63 1
509 91 1
509 92 1
509 146 1
509 173 1
509 184 1
509 212 1
509 218 1
509 297 1
509 335 1
509 371 1
509 410 1
509 473 1
510 29 1
510 37 1
510 42 1
510 43 1
510 44 1
510 94 1
510 147 1
510 155 1
510 176 1
510 214 1
510 249 1
510 250 1
510 373 1
510 434 1
510 471 1
510 474 1
510 485 1
511 62 1
511 174 1
511 326 1
511 482 1
512 24 1
512 29 1
512 37 1
512 43 1
512 44 1
512 195 1
512 210 1
512 214 1
512 250 1
512 263 1
512 296 1
512 370 1
512 374 1
512 433 1
512 466 1
512 467 1
512 471 1
512 474 1
512 485 1
512 504 1
512 510 1
513 33 1
513 95 1
513 96 1
513 113 1
513 148 1
513 194 1
513 254 1
513 338 1
513 339 1
513 342 1
513 375 1
513 376 1
513 388 1
513 393 1
513 412 1
513 435 1
513 476 1
513 479 1
514 34 1
514 99 1
514 157 1
514 180 1
514 216 1
514 258 1
514 259 1
514 310 1
514 311 1
514 390 1
514 391 1
514 413 1
514 437 1
514 438 1
515 66 1
515 100 1
515 114 1
515 151 1
515 158 1
515 177 1
515 181 1
515 215 1
515 220 1
515 221 1
515 252 1
515 257 1
515 307 1
515 308 1
515 309 1
515 340 1
515 389 1
515 442 1
515 484 1
516 102 1
516 103 1
516 104 1
516 105 1
516 261 1
516 312 1
516 313 1
516 392 1
516 406 1
516 414 1
516 430 1
516 502 1
516 503 1
517 38 1
517 95 1
517 113 1
517 148 1
517 164 1
517 237 1
517 253 1
517 285 1
517 388 1
517 476 1
518 40 1
518 98 1
518 156 1
518 194 1
518 264 1
518 316 1
518 413 1
519 21 1
519 114 1
519 158 1
519 159 1
519 215 1
519 220 1
519 221 1
519 222 1
519 242 1
519 293 1
519 296 1
519 300 1
519 325 1
519 363 1
519 378 1
519 386 1
519 396 1
519 442 1
519 463 1
519 464 1
520 49 1
520 486 1
521 0 1
521 72 1
521 116 1
521 117 1
521 120 1
521 167 1
521 225 1
521 287 1
521 333 1
521 405 1
521 418 1
521 448 1
521 488 1
522 5 1
522 8 1
522 75 1
522 121 1
522 122 1
522 123 1
522 162 1
522 189 1
522 198 1
522 227 1
522 268 1
522 327 1
522 328 1
522 349 1
522 452 1
523 7 1
523 9 1
523 10 1
523 17 1
523 18 1
523 53 1
523 76 1
523 163 1
523 199 1
523 200 1
523 201 1
523 232 1
523 233 1
523 351 1
523 353 1
523 354 1
523 356 1
523 419 1
523 421 1
523 454 1
523 462 1
523 493 1
523 495 1
523 499 1
524 9 1
524 13 1
524 14 1
524 17 1
524 18 1
524 53 1
524 130 1
524 132 1
524 166 1
524 191 1
524 199 1
524 200 1
524 232 1
524 240 1
524 353 1
524 420 1
524 454 1
524 457 1
524 462 1
524 499 1
524 523 1
525 51 1
525 52 1
525 124 1
525 125 1
525 161 1
525 169 1
525 171 1
525 205 1
525 229 1
525 231 1
525 273 1
525 275 1
525 276 1
525 277 1
525 355 1
525 451 1
525 494 1
526 2 1
526 13 1
526 18 1
526 51 1
526 124 1
526 161 1
526 171 1
526 199 1
526 272 1
526 274 1
526 275 1
526 277 1
526 278 1
526 400 1
526 419 1
526 420 1
526 490 1
526 494 1
526 499 1
526 525 1
527 2 1
527 7 1
527 8 1
527 13 1
527 18 1
527 119 1
527 124 1
527 132 1
527 191 1
527 197 1
527 199 1
527 272 1
527 277 1
527 278 1
527 328 1
527 351 1
527 353 1
527 356 1
527 419 1
527 447 1
527 462 1
527 489 1
527 490 1
527 495 1
527 499 1
527 523 1
527 524 1
527 526 1
528 383 1
528 403 1
528 423 1
528 424 1
528 497 1
529 78 1
529 203 1
529 279 1
529 281 1
529 282 1
529 283 1
529 284 1
529 291 1
529 383 1
529 403 1
529 423 1
529 424 1
529 497 1
529 528 1
530 78 1
530 136 1
530 202 1
530 203 1
530 206 1
530 279 1
530 280 1
530 281 1
530 284 1
530 291 1
530 331 1
530 334 1
530 428 1
530 498 1
530 529 1
531 38 1
531 128 1
531 148 1
531 164 1
531 190 1
531 219 1
531 237 1
531 253 1
531 285 1
531 332 1
531 402 1
531 475 1
531 476 1
531 517 1
532 38 1
532 39 1
532 128 1
532 164 1
532 190 1
532 219 1
532 237 1
532 279 1
532 285 1
532 329 1
532 330 1
532 332 1
532 402 1
532 531 1
533 131 1
533 167 1
533 238 1
533 239 1
533 287 1
533 288 1
533 333 1
533 405 1
533 458 1
533 459 1
533 521 1
534 12 1
534 74 1
534 125 1
534 160 1
534 161 1
534 168 1
534 169 1
534 205 1
534 273 1
534 277 1
534 352 1
534 399 1
534 491 1
534 525 1
535 13 1
535 131 1
535 171 1
535 238 1
535 277 1
535 288 1
535 458 1
535 459 1
535 460 1
535 490 1
535 494 1
535 525 1
535 526 1
536 2 1
536 13 1
536 18 1
536 119 1
536 132 1
536 171 1
536 191 1
536 197 1
536 200 1
536 238 1
536 272 1
536 277 1
536 278 1
536 286 1
536 328 1
536 356 1
536 457 1
536 460 1
536 490 1
536 499 1
536 526 1
536 527 1
536 535 1
537 13 1
537 18 1
537 124 1
537 131 1
537 132 1
537 171 1
537 200 1
537 277 1
537 278 1
537 460 1
537 490 1
537 494 1
537 499 1
537 525 1
537 526 1
537 527 1
537 535 1
537 536 1
538 50 1
538 55 1
538 130 1
538 134 1
538 166 1
538 360 1
538 427 1
538 500 1
539 78 1
539 118 1
539 135 1
539 136 1
539 137 1
539 172 1
539 196 1
539 203 1
539 206 1
539 279 1
539 281 1
539 282 1
539 291 1
539 331 1
539 334 1
539 428 1
539 429 1
539 529 1
539 530 1
540 54 1
540 87 1
540 202 1
540 206 1
540 207 1
540 292 1
540 361 1
540 385 1
540 428 1
540 498 1
540 501 1
541 19 1
541 39 1
541 50 1
541 118 1
541 135 1
541 172 1
541 186 1
541 196 1
541 204 1
541 281 1
541 289 1
541 291 1
541 334 1
541 346 1
541 347 1
541 362 1
541 426 1
541 429 1
541 539 1
542 19 1
542 83 1
542 84 1
542 204 1
542 362 1
542 425 1
542 426 1
542 456 1
543 21 1
543 27 1
543 89 1
543 143 1
543 144 1
543 145 1
543 211 1
543 242 1
543 245 1
543 293 1
543 300 1
543 325 1
543 368 1
543 378 1
543 431 1
543 463 1
543 519 1
544 60 1
544 90 1
544 138 1
544 139 1
544 142 1
544 183 1
544 244 1
544 299 1
544 318 1
544 319 1
544 337 1
544 343 1
544 407 1
544 408 1
544 416 1
544 430 1
544 468 1
544 503 1
544 507 1
545 29 1
545 43 1
545 147 1
545 214 1
545 247 1
545 250 1
545 251 1
545 301 1
545 368 1
545 432 1
545 470 1
545 471 1
545 510 1
545 512 1
546 27 1
546 30 1
546 46 1
546 63 1
546 92 1
546 143 1
546 144 1
546 145 1
546 175 1
546 193 1
546 212 1
546 245 1
546 303 1
546 336 1
546 368 1
546 473 1
547 29 1
547 31 1
547 44 1
547 64 1
547 94 1
547 176 1
547 213 1
547 214 1
547 249 1
547 250 1
547 370 1
547 372 1
547 373 1
547 374 1
547 433 1
547 434 1
547 474 1
547 485 1
547 510 1
547 512 1
548 62 1
548 174 1
548 322 1
548 326 1
548 387 1
548 472 1
548 511 1
549 36 1
549 62 1
549 174 1
549 213 1
549 302 1
549 304 1
549 326 1
549 433 1
549 511 1
549 548 1
550 24 1
550 29 1
550 30 1
550 36 1
550 141 1
550 154 1
550 195 1
550 210 1
550 213 1
550 302 1
550 304 1
550 326 1
550 336 1
550 370 1
550 374 1
550 433 1
550 467 1
550 485 1
550 504 1
550 512 1
550 547 1
550 549 1
551 34 1
551 99 1
551 105 1
551 106 1
551 180 1
551 216 1
551 315 1
551 390 1
551 413 1
551 437 1
551 438 1
551 514 1
552 100 1
552 106 1
552 156 1
552 157 1
552 180 1
552 216 1
552 307 1
552 309 1
552 310 1
552 314 1
552 315 1
552 324 1
552 390 1
552 413 1
552 436 1
552 437 1
552 438 1
552 514 1
552 551 1
553 100 1
553 158 1
553 215 1
553 216 1
553 220 1
553 221 1
553 307 1
553 308 1
553 309 1
553 310 1
553 314 1
553 324 1
553 340 1
553 344 1
553 389 1
553 436 1
553 442 1
553 515 1
553 552 1
554 34 1
554 35 1
554 99 1
554 102 1
554 103 1
554 157 1
554 216 1
554 259 1
554 260 1
554 261 1
554 310 1
554 311 1
554 312 1
554 324 1
554 390 1
554 480 1
554 514 1
554 516 1
555 103 1
555 104 1
555 105 1
555 312 1
555 313 1
555 314 1
555 392 1
555 414 1
555 516 1
556 98 1
556 150 1
556 156 1
556 179 1
556 194 1
556 256 1
556 264 1
556 316 1
556 341 1
556 342 1
556 412 1
556 518 1
557 40 1
557 98 1
557 148 1
557 150 1
557 156 1
557 179 1
557 194 1
557 256 1
557 264 1
557 307 1
557 308 1
557 316 1
557 338 1
557 339 1
557 342 1
557 412 1
557 518 1
557 556 1
558 59 1
558 68 1
558 69 1
558 110 1
558 153 1
558 183 1
558 262 1
558 299 1
558 318 1
558 319 1
558 320 1
558 343 1
558 408 1
558 416 1
558 481 1
558 506 1
559 70 1
559 71 1
559 91 1
559 111 1
559 146 1
559 173 1
559 174 1
559 184 1
559 185 1
559 218 1
559 321 1
559 322 1
559 371 1
559 410 1
559 440 1
559 548 1
560 36 1
560 69 1
560 153 1
560 262 1
560 304 1
560 320 1
560 321 1
560 322 1
560 326 1
560 394 1
560 481 1
560 482 1
560 505 1
560 549 1
561 42 1
561 112 1
561 113 1
561 115 1
561 177 1
561 217 1
561 251 1
561 305 1
561 323 1
561 342 1
561 376 1
561 393 1
561 439 1
561 484 1
562 38 1
562 39 1
562 95 1
562 148 1
562 190 1
562 219 1
562 253 1
562 279 1
562 285 1
562 375 1
562 388 1
562 403 1
562 412 1
562 424 1
562 476 1
562 517 1
562 531 1
562 532 1
563 38 1
563 39 1
563 186 1
563 190 1
563 203 1
563 219 1
563 279 1
563 281 1
563 282 1
563 285 1
563 332 1
563 403 1
563 424 1
563 476 1
563 529 1
563 531 1
563 532 1
563 562 1
564 156 1
564 316 1
564 341 1
564 438 1
564 518 1
564 556 1
564 557 1
565 100 1
565 140 1
565 157 1
565 158 1
565 159 1
565 187 1
565 209 1
565 216 1
565 220 1
565 307 1
565 309 1
565 310 1
565 324 1
565 340 1
565 344 1
565 395 1
565 442 1
565 443 1
565 552 1
565 553 1
566 66 1
566 114 1
566 215 1
566 220 1
566 221 1
566 314 1
566 325 1
566 340 1
566 378 1
566 389 1
566 396 1
566 442 1
566 515 1
566 519 1
567 40 1
567 41 1
567 48 1
567 57 1
567 58 1
567 140 1
567 157 1
567 187 1
567 209 1
567 217 1
567 255 1
567 309 1
567 324 1
567 365 1
567 366 1
567 377 1
567 379 1
567 393 1
567 395 1
567 397 1
567 439 1
567 441 1
567 443 1
567 565 1
568 7 1
568 9 1
568 10 1
568 163 1
568 199 1
568 232 1
568 233 1
568 353 1
568 354 1
568 419 1
568 420 1
568 454 1
568 493 1
568 495 1
568 523 1
568 527 1
569 54 1
569 85 1
569 86 1
569 129 1
569 165 1
569 170 1
569 202 1
569 234 1
569 235 1
569 280 1
569 331 1
569 358 1
569 455 1
569 461 1
569 498 1
570 21 1
570 88 1
570 89 1
570 144 1
570 242 1
570 293 1
570 300 1
570 325 1
570 378 1
570 396 1
570 463 1
570 519 1
570 543 1
571 29 1
571 31 1
571 64 1
571 94 1
571 176 1
571 213 1
571 249 1
571 250 1
571 372 1
571 373 1
571 433 1
571 474 1
571 510 1
571 512 1
571 547 1
571 550 1
572 113 1
572 148 1
572 151 1
572 177 1
572 181 1
572 252 1
572 253 1
572 257 1
572 305 1
572 308 1
572 340 1
572 376 1
572 389 1
572 470 1
572 475 1
572 484 1
572 515 1
572 561 1
573 1 1
573 79 1
573 116 1
573 117 1
573 118 1
573 172 1
573 188 1
573 196 1
573 266 1
573 334 1
573 381 1
573 398 1
573 404 1
573 418 1
573 429 1
573 487 1
573 488 1
574 6 1
574 7 1
574 201 1
574 228 1
574 269 1
574 270 1
574 271 1
574 349 1
574 450 1
575 12 1
575 74 1
575 75 1
575 125 1
575 160 1
575 168 1
575 198 1
575 205 1
575 268 1
575 327 1
575 328 1
575 352 1
575 399 1
575 452 1
575 492 1
575 534 1
576 2 1
576 3 1
576 5 1
576 7 1
576 8 1
576 75 1
576 121 1
576 123 1
576 162 1
576 189 1
576 198 1
576 230 1
576 328 1
576 349 1
576 351 1
576 356 1
576 419 1
576 450 1
576 452 1
576 489 1
576 522 1
577 7 1
577 14 1
577 15 1
577 16 1
577 17 1
577 76 1
577 126 1
577 133 1
577 201 1
577 208 1
577 228 1
577 233 1
577 234 1
577 271 1
577 421 1
577 446 1
577 447 1
577 450 1
577 462 1
577 493 1
577 495 1
577 574 1
578 38 1
578 78 1
578 81 1
578 82 1
578 128 1
578 237 1
578 279 1
578 280 1
578 281 1
578 284 1
578 285 1
578 403 1
578 423 1
578 424 1
578 528 1
578 529 1
578 530 1
578 562 1
578 563 1
579 45 1
579 59 1
579 60 1
579 61 1
579 298 1
579 337 1
579 367 1
579 407 1
579 409 1
579 469 1
579 508 1
580 22 1
580 23 1
580 56 1
580 102 1
580 138 1
580 139 1
580 140 1
580 187 1
580 192 1
580 209 1
580 294 1
580 295 1
580 312 1
580 344 1
580 386 1
580 406 1
580 415 1
580 430 1
580 443 1
580 465 1
580 466 1
580 502 1
580 503 1
581 28 1
581 46 1
581 214 1
581 247 1
581 300 1
581 301 1
581 368 1
581 431 1
581 432 1
581 471 1
581 545 1
582 63 1
582 91 1
582 92 1
582 146 1
582 173 1
582 184 1
582 212 1
582 218 1
582 297 1
582 303 1
582 335 1
582 336 1
582 371 1
582 410 1
582 473 1
582 505 1
582 509 1
582 559 1
583 24 1
583 25 1
583 27 1
583 29 1
583 30 1
583 46 1
583 63 1
583 92 1
583 145 1
583 175 1
583 193 1
583 212 1
583 248 1
583 303 1
583 336 1
583 368 1
583 370 1
583 374 1
583 433 1
583 471 1
583 473 1
583 504 1
583 546 1
584 29 1
584 37 1
584 42 1
584 43 1
584 44 1
584 94 1
584 115 1
584 147 1
584 155 1
584 214 1
584 222 1
584 247 1
584 250 1
584 251 1
584 301 1
584 434 1
584 467 1
584 471 1
584 485 1
584 510 1
584 512 1
584 545 1
585 32 1
585 33 1
585 40 1
585 41 1
585 47 1
585 48 1
585 65 1
585 96 1
585 97 1
585 149 1
585 178 1
585 255 1
585 306 1
585 377 1
585 379 1
585 391 1
585 395 1
585 397 1
585 441 1
585 477 1
585 478 1
586 95 1
586 98 1
586 113 1
586 148 1
586 194 1
586 253 1
586 264 1
586 338 1
586 339 1
586 342 1
586 375 1
586 388 1
586 393 1
586 412 1
586 435 1
586 476 1
586 479 1
586 513 1
586 556 1
586 557 1
587 100 1
587 106 1
587 107 1
587 108 1
587 150 1
587 156 1
587 256 1
587 307 1
587 308 1
587 309 1
587 314 1
587 315 1
587 316 1
587 341 1
587 413 1
587 436 1
587 437 1
587 438 1
587 551 1
587 552 1
587 553 1
587 564 1
