# minsup
1
# graph
G_portein_file\Serpin\1R1L.pdb
# node ID, label
0 A
1 A
2 A
3 A
4 A
5 A
6 A
7 A
8 D
9 D
10 D
11 E
12 E
13 E
14 E
15 E
16 F
17 F
18 F
19 F
20 G
21 G
22 I
23 K
24 K
25 K
26 K
27 K
28 K
29 K
30 L
31 L
32 L
33 L
34 M
35 M
36 N
37 N
38 N
39 N
40 N
41 P
42 P
43 Q
44 R
45 R
46 R
47 R
48 R
49 S
50 S
51 S
52 T
53 T
54 V
55 V
56 V
57 V
58 W
# node ID1, node ID2, number of bounds
2 1 1
10 9 1
14 9 1
15 6 1
17 5 1
18 7 1
19 5 1
19 17 1
21 9 1
21 10 1
21 14 1
22 19 1
23 12 1
24 0 1
25 0 1
25 24 1
26 1 1
26 2 1
28 27 1
29 4 1
31 16 1
31 19 1
32 18 1
35 7 1
36 0 1
36 24 1
36 25 1
37 30 1
38 30 1
38 37 1
40 4 1
40 29 1
41 34 1
42 30 1
42 37 1
42 38 1
43 7 1
43 18 1
43 32 1
44 34 1
44 41 1
45 0 1
45 24 1
45 25 1
45 36 1
46 37 1
46 38 1
46 42 1
47 4 1
47 29 1
47 40 1
48 9 1
48 10 1
48 14 1
48 21 1
50 0 1
50 24 1
50 25 1
50 36 1
53 2 1
53 26 1
53 46 1
54 52 1
55 26 1
55 38 1
55 46 1
55 53 1
58 13 1
