# minsup
1
# graph
G_portein_file\Serpin\1SEK.pdb
# node ID, label
0 A
1 A
2 A
3 A
4 A
5 A
6 A
7 A
8 A
9 A
10 A
11 A
12 A
13 A
14 A
15 A
16 A
17 A
18 A
19 A
20 A
21 A
22 A
23 A
24 A
25 A
26 A
27 A
28 C
29 D
30 D
31 D
32 D
33 D
34 D
35 D
36 D
37 D
38 D
39 D
40 D
41 D
42 D
43 D
44 D
45 D
46 D
47 D
48 D
49 D
50 D
51 D
52 D
53 D
54 E
55 E
56 E
57 E
58 E
59 E
60 E
61 E
62 E
63 E
64 E
65 E
66 E
67 E
68 E
69 E
70 E
71 E
72 E
73 E
74 E
75 E
76 E
77 E
78 E
79 E
80 E
81 F
82 F
83 F
84 F
85 F
86 F
87 F
88 F
89 F
90 F
91 F
92 F
93 F
94 F
95 F
96 F
97 F
98 G
99 G
100 G
101 G
102 G
103 G
104 G
105 G
106 G
107 G
108 G
109 G
110 G
111 G
112 G
113 H
114 H
115 I
116 I
117 I
118 I
119 I
120 I
121 I
122 I
123 I
124 I
125 I
126 I
127 I
128 I
129 I
130 I
131 I
132 I
133 K
134 K
135 K
136 K
137 K
138 K
139 K
140 K
141 K
142 K
143 K
144 K
145 K
146 K
147 K
148 K
149 K
150 K
151 K
152 K
153 K
154 K
155 K
156 K
157 K
158 K
159 K
160 K
161 K
162 K
163 K
164 K
165 K
166 K
167 L
168 L
169 L
170 L
171 L
172 L
173 L
174 L
175 L
176 L
177 L
178 L
179 L
180 L
181 L
182 L
183 L
184 L
185 L
186 L
187 L
188 L
189 L
190 L
191 L
192 L
193 L
194 L
195 L
196 L
197 L
198 L
199 L
200 M
201 M
202 M
203 M
204 M
205 M
206 M
207 M
208 M
209 N
210 N
211 N
212 N
213 N
214 N
215 N
216 N
217 N
218 N
219 N
220 N
221 N
222 N
223 N
224 N
225 N
226 N
227 N
228 N
229 N
230 N
231 P
232 P
233 P
234 P
235 P
236 P
237 P
238 P
239 P
240 P
241 P
242 P
243 P
244 P
245 Q
246 Q
247 Q
248 Q
249 Q
250 Q
251 Q
252 Q
253 Q
254 Q
255 Q
256 Q
257 R
258 R
259 R
260 R
261 R
262 R
263 R
264 R
265 R
266 R
267 R
268 S
269 S
270 S
271 S
272 S
273 S
274 S
275 S
276 S
277 S
278 S
279 S
280 S
281 S
282 S
283 S
284 S
285 S
286 S
287 S
288 S
289 T
290 T
291 T
292 T
293 T
294 T
295 T
296 T
297 T
298 T
299 T
300 T
301 T
302 T
303 T
304 T
305 V
306 V
307 V
308 V
309 V
310 V
311 V
312 V
313 V
314 V
315 V
316 V
317 V
318 V
319 V
320 V
321 V
322 V
323 V
324 V
325 V
326 V
327 V
328 V
329 V
330 V
331 V
332 V
333 V
334 V
335 V
336 V
337 V
338 W
339 W
340 Y
341 Y
342 Y
343 Y
344 Y
345 Y
346 Y
347 Y
# node ID1, node ID2, number of bounds
2 0 1
4 3 1
6 5 1
11 10 1
12 9 1
13 12 1
14 12 1
14 13 1
15 8 1
17 16 1
20 0 1
21 16 1
21 17 1
21 20 1
23 4 1
23 22 1
25 24 1
26 15 1
30 0 1
30 2 1
31 3 1
31 5 1
32 3 1
32 4 1
33 7 1
33 32 1
34 7 1
34 33 1
36 10 1
36 11 1
37 10 1
37 11 1
37 36 1
38 9 1
38 12 1
38 13 1
38 14 1
40 12 1
40 13 1
41 12 1
42 27 1
44 43 1
46 42 1
47 16 1
47 17 1
47 21 1
48 17 1
48 19 1
48 47 1
49 18 1
50 19 1
51 0 1
51 20 1
51 30 1
52 24 1
52 25 1
53 24 1
53 25 1
53 41 1
54 29 1
54 33 1
54 34 1
55 6 1
55 30 1
56 0 1
56 1 1
57 22 1
57 23 1
57 31 1
58 3 1
58 5 1
58 6 1
58 31 1
58 57 1
59 9 1
59 36 1
60 8 1
60 10 1
60 11 1
61 12 1
61 13 1
61 14 1
61 38 1
62 14 1
62 15 1
62 39 1
63 9 1
63 12 1
63 38 1
63 41 1
65 17 1
65 20 1
65 21 1
65 47 1
65 48 1
66 16 1
66 46 1
67 18 1
67 27 1
67 42 1
67 49 1
68 0 1
68 19 1
68 51 1
69 16 1
69 20 1
69 21 1
69 66 1
70 16 1
70 21 1
70 69 1
71 46 1
72 46 1
72 71 1
73 26 1
74 1 1
74 24 1
74 25 1
74 52 1
74 56 1
75 4 1
75 23 1
76 59 1
76 75 1
77 73 1
78 27 1
78 42 1
78 64 1
79 27 1
79 42 1
79 78 1
80 44 1
80 72 1
81 0 1
81 2 1
81 5 1
81 6 1
81 30 1
81 55 1
82 0 1
82 2 1
82 56 1
82 68 1
82 81 1
83 2 1
83 30 1
83 81 1
84 7 1
84 33 1
84 34 1
85 4 1
85 10 1
85 11 1
85 36 1
85 37 1
85 60 1
86 7 1
86 11 1
86 33 1
86 34 1
86 60 1
86 84 1
87 9 1
87 12 1
87 13 1
87 38 1
87 41 1
87 61 1
87 63 1
88 26 1
88 35 1
88 77 1
89 27 1
89 42 1
89 64 1
89 78 1
89 79 1
90 43 1
90 44 1
90 80 1
91 28 1
91 77 1
92 22 1
92 23 1
92 24 1
92 25 1
92 53 1
92 74 1
93 15 1
93 26 1
93 73 1
93 77 1
93 88 1
94 17 1
94 28 1
94 50 1
94 68 1
95 28 1
95 68 1
95 94 1
96 28 1
96 66 1
96 94 1
96 95 1
97 2 1
97 26 1
97 82 1
97 83 1
97 88 1
97 96 1
98 29 1
98 33 1
98 54 1
99 1 1
99 28 1
100 3 1
100 4 1
100 32 1
100 84 1
100 86 1
101 22 1
101 23 1
101 31 1
101 57 1
101 58 1
102 18 1
102 27 1
102 35 1
102 49 1
102 67 1
103 9 1
103 38 1
103 59 1
103 87 1
104 7 1
104 8 1
104 11 1
104 60 1
104 84 1
104 86 1
105 12 1
105 13 1
105 14 1
105 40 1
105 61 1
106 18 1
106 35 1
106 67 1
106 77 1
106 78 1
106 79 1
106 88 1
106 102 1
107 42 1
107 46 1
107 72 1
107 78 1
107 89 1
108 18 1
108 27 1
108 49 1
108 67 1
108 102 1
109 17 1
109 19 1
109 48 1
109 50 1
109 68 1
109 94 1
110 22 1
110 23 1
110 92 1
111 27 1
111 42 1
111 67 1
111 78 1
111 79 1
111 89 1
111 102 1
111 106 1
112 28 1
112 68 1
112 82 1
112 94 1
112 95 1
112 96 1
112 97 1
113 3 1
113 4 1
113 23 1
113 31 1
113 32 1
113 57 1
113 58 1
113 100 1
113 101 1
114 44 1
114 45 1
114 50 1
114 90 1
115 6 1
115 29 1
115 30 1
115 54 1
115 55 1
116 25 1
116 60 1
117 12 1
117 13 1
117 14 1
117 40 1
117 61 1
117 62 1
117 105 1
117 116 1
118 15 1
118 26 1
118 39 1
118 62 1
118 73 1
118 93 1
119 8 1
119 15 1
119 26 1
119 73 1
119 83 1
119 88 1
119 93 1
119 97 1
119 118 1
120 43 1
120 44 1
120 90 1
120 114 1
121 64 1
121 72 1
121 78 1
121 80 1
121 89 1
121 107 1
122 16 1
122 17 1
122 47 1
122 66 1
122 69 1
122 96 1
123 18 1
123 66 1
123 69 1
123 95 1
123 96 1
123 122 1
124 17 1
124 66 1
124 94 1
124 95 1
124 96 1
124 112 1
124 122 1
124 123 1
125 16 1
125 17 1
125 21 1
125 47 1
125 48 1
125 66 1
125 94 1
125 95 1
125 96 1
125 122 1
125 123 1
125 124 1
126 17 1
126 19 1
126 28 1
126 48 1
126 50 1
126 68 1
126 94 1
126 95 1
126 99 1
126 109 1
126 125 1
127 46 1
127 71 1
127 72 1
127 80 1
127 89 1
127 107 1
127 121 1
127 122 1
128 26 1
128 28 1
128 73 1
128 77 1
128 91 1
128 93 1
128 112 1
129 5 1
129 31 1
129 58 1
129 74 1
129 92 1
129 113 1
130 15 1
130 24 1
130 25 1
130 26 1
130 52 1
130 74 1
131 26 1
131 73 1
131 77 1
131 88 1
131 91 1
131 93 1
131 97 1
131 106 1
131 112 1
131 119 1
131 128 1
132 44 1
132 80 1
132 90 1
132 94 1
132 114 1
132 122 1
132 124 1
132 125 1
132 127 1
133 29 1
133 54 1
133 55 1
133 115 1
134 1 1
134 56 1
134 68 1
134 82 1
134 99 1
135 3 1
135 7 1
135 32 1
135 33 1
135 34 1
135 84 1
135 86 1
135 100 1
136 18 1
136 35 1
136 49 1
136 67 1
136 102 1
136 106 1
136 108 1
137 8 1
137 15 1
137 26 1
137 35 1
137 88 1
137 119 1
138 8 1
138 15 1
138 60 1
138 104 1
138 116 1
138 117 1
139 9 1
139 38 1
139 59 1
139 87 1
139 103 1
140 12 1
140 13 1
140 38 1
140 41 1
140 61 1
140 63 1
140 87 1
140 105 1
141 12 1
141 13 1
141 14 1
141 39 1
141 62 1
141 105 1
141 117 1
141 118 1
142 15 1
142 39 1
142 62 1
142 105 1
142 117 1
142 118 1
142 141 1
143 35 1
143 77 1
143 79 1
143 88 1
143 93 1
143 102 1
143 106 1
143 131 1
143 137 1
144 18 1
144 27 1
144 42 1
144 46 1
144 49 1
144 67 1
144 79 1
144 89 1
144 102 1
144 106 1
144 108 1
144 111 1
145 27 1
145 42 1
145 67 1
145 78 1
145 79 1
145 89 1
145 107 1
145 111 1
145 144 1
146 64 1
146 78 1
146 79 1
146 89 1
146 107 1
146 121 1
146 145 1
147 45 1
147 50 1
147 114 1
148 45 1
148 90 1
148 114 1
148 120 1
148 147 1
149 43 1
149 44 1
149 90 1
149 114 1
149 120 1
150 42 1
150 46 1
150 71 1
150 72 1
150 89 1
150 107 1
150 121 1
150 127 1
151 42 1
151 46 1
151 71 1
151 72 1
151 89 1
151 107 1
151 121 1
151 127 1
151 144 1
151 145 1
151 150 1
152 16 1
152 17 1
152 21 1
152 47 1
152 48 1
152 94 1
152 122 1
152 124 1
152 125 1
152 132 1
153 0 1
153 19 1
153 20 1
153 48 1
153 51 1
153 65 1
153 68 1
153 126 1
154 0 1
154 20 1
154 51 1
154 56 1
154 68 1
154 82 1
154 153 1
155 0 1
155 20 1
155 21 1
155 30 1
155 51 1
155 55 1
155 69 1
155 153 1
155 154 1
156 77 1
156 78 1
156 91 1
157 28 1
157 73 1
157 77 1
157 88 1
157 91 1
157 93 1
157 128 1
157 131 1
157 143 1
157 156 1
158 24 1
158 25 1
158 52 1
158 53 1
158 74 1
158 92 1
158 129 1
158 130 1
159 22 1
159 23 1
159 58 1
159 74 1
159 92 1
159 129 1
159 158 1
160 22 1
160 23 1
160 57 1
160 58 1
160 92 1
160 110 1
160 113 1
160 129 1
160 159 1
161 36 1
161 37 1
161 59 1
161 75 1
161 76 1
161 85 1
162 59 1
162 75 1
162 76 1
162 161 1
163 8 1
163 15 1
163 26 1
163 52 1
163 73 1
163 93 1
163 118 1
163 119 1
163 130 1
163 142 1
164 71 1
164 72 1
164 80 1
164 107 1
164 127 1
164 132 1
164 150 1
165 28 1
165 44 1
165 50 1
165 80 1
165 90 1
165 94 1
165 95 1
165 109 1
165 114 1
165 126 1
165 132 1
165 147 1
166 18 1
166 66 1
166 96 1
166 97 1
166 123 1
167 29 1
167 33 1
167 34 1
167 54 1
167 84 1
167 98 1
167 115 1
167 133 1
168 6 1
168 29 1
168 30 1
168 55 1
168 83 1
168 84 1
168 115 1
168 133 1
168 167 1
169 2 1
169 26 1
169 73 1
169 82 1
169 83 1
169 93 1
169 97 1
169 112 1
169 119 1
169 128 1
169 131 1
169 163 1
170 2 1
170 81 1
170 83 1
170 84 1
170 86 1
170 100 1
170 168 1
171 3 1
171 4 1
171 5 1
171 86 1
171 100 1
171 170 1
172 3 1
172 4 1
172 23 1
172 86 1
172 100 1
172 113 1
172 116 1
172 170 1
172 171 1
173 3 1
173 4 1
173 32 1
173 75 1
173 85 1
173 100 1
173 113 1
173 135 1
173 171 1
173 172 1
174 3 1
174 5 1
174 6 1
174 31 1
174 57 1
174 58 1
174 100 1
174 113 1
174 129 1
174 159 1
174 160 1
174 171 1
174 172 1
174 173 1
175 3 1
175 5 1
175 6 1
175 31 1
175 32 1
175 57 1
175 58 1
175 100 1
175 113 1
175 129 1
175 171 1
175 172 1
175 173 1
175 174 1
176 3 1
176 5 1
176 6 1
176 31 1
176 55 1
176 58 1
176 81 1
176 100 1
176 168 1
176 170 1
176 171 1
176 174 1
176 175 1
177 5 1
177 6 1
177 31 1
177 32 1
177 55 1
177 100 1
177 115 1
177 168 1
177 174 1
177 175 1
177 176 1
178 7 1
178 33 1
178 34 1
178 54 1
178 84 1
178 86 1
178 104 1
178 135 1
178 167 1
178 168 1
179 35 1
179 88 1
179 102 1
179 106 1
179 119 1
179 131 1
179 136 1
179 137 1
179 143 1
180 9 1
180 59 1
180 76 1
180 103 1
180 139 1
180 161 1
180 162 1
181 9 1
181 10 1
181 36 1
181 37 1
181 59 1
181 85 1
181 103 1
181 139 1
181 161 1
181 162 1
181 180 1
182 13 1
182 15 1
182 26 1
182 40 1
182 62 1
182 105 1
182 117 1
182 118 1
182 130 1
182 141 1
182 142 1
182 163 1
183 12 1
183 13 1
183 24 1
183 40 1
183 41 1
183 53 1
183 63 1
183 87 1
183 140 1
184 24 1
184 25 1
184 53 1
184 116 1
184 130 1
184 138 1
184 158 1
184 171 1
185 17 1
185 19 1
185 20 1
185 21 1
185 47 1
185 48 1
185 65 1
185 68 1
185 109 1
185 125 1
185 126 1
185 152 1
185 153 1
186 17 1
186 47 1
186 48 1
186 80 1
186 94 1
186 95 1
186 96 1
186 109 1
186 122 1
186 123 1
186 124 1
186 125 1
186 126 1
186 132 1
186 152 1
186 165 1
186 185 1
187 17 1
187 19 1
187 20 1
187 48 1
187 50 1
187 65 1
187 68 1
187 94 1
187 95 1
187 109 1
187 125 1
187 126 1
187 153 1
187 154 1
187 185 1
187 186 1
188 0 1
188 19 1
188 20 1
188 51 1
188 68 1
188 82 1
188 95 1
188 153 1
188 154 1
188 155 1
188 185 1
188 187 1
189 0 1
189 20 1
189 21 1
189 30 1
189 51 1
189 69 1
189 70 1
189 125 1
189 153 1
189 154 1
189 155 1
189 185 1
189 188 1
190 16 1
190 21 1
190 47 1
190 66 1
190 69 1
190 70 1
190 122 1
191 72 1
191 78 1
191 80 1
191 89 1
191 91 1
191 107 1
191 121 1
191 124 1
191 127 1
191 132 1
191 156 1
192 24 1
192 25 1
192 52 1
192 74 1
192 130 1
192 158 1
192 163 1
192 184 1
193 5 1
193 25 1
193 52 1
193 56 1
193 74 1
193 92 1
193 129 1
193 158 1
193 159 1
193 174 1
193 192 1
194 3 1
194 22 1
194 23 1
194 53 1
194 57 1
194 58 1
194 92 1
194 110 1
194 113 1
194 129 1
194 158 1
194 159 1
194 160 1
194 171 1
194 172 1
194 174 1
194 193 1
195 3 1
195 4 1
195 22 1
195 23 1
195 75 1
195 76 1
195 101 1
195 110 1
195 113 1
195 162 1
195 172 1
195 173 1
195 194 1
196 4 1
196 10 1
196 36 1
196 37 1
196 59 1
196 75 1
196 76 1
196 85 1
196 161 1
196 162 1
196 172 1
196 173 1
196 180 1
196 181 1
196 195 1
197 4 1
197 10 1
197 36 1
197 37 1
197 59 1
197 75 1
197 76 1
197 85 1
197 161 1
197 162 1
197 180 1
197 181 1
197 195 1
197 196 1
198 9 1
198 22 1
198 23 1
198 53 1
198 75 1
198 76 1
198 92 1
198 110 1
198 162 1
198 180 1
198 194 1
198 195 1
198 196 1
198 197 1
199 18 1
199 66 1
199 88 1
199 96 1
199 97 1
199 106 1
199 112 1
199 123 1
199 124 1
199 166 1
200 0 1
200 2 1
200 56 1
200 81 1
200 82 1
200 134 1
200 154 1
200 169 1
200 192 1
200 193 1
201 8 1
201 15 1
201 26 1
201 83 1
201 88 1
201 119 1
201 137 1
201 179 1
202 43 1
202 44 1
202 64 1
202 121 1
202 146 1
202 149 1
203 43 1
203 64 1
203 78 1
203 89 1
203 107 1
203 121 1
203 127 1
203 146 1
203 156 1
203 191 1
203 202 1
204 16 1
204 17 1
204 21 1
204 47 1
204 48 1
204 66 1
204 69 1
204 95 1
204 96 1
204 122 1
204 123 1
204 124 1
204 125 1
204 152 1
204 185 1
204 186 1
204 189 1
204 190 1
205 18 1
205 42 1
205 46 1
205 49 1
205 66 1
205 122 1
205 123 1
205 124 1
205 144 1
205 151 1
205 199 1
206 18 1
206 66 1
206 96 1
206 106 1
206 122 1
206 123 1
206 124 1
206 166 1
206 199 1
206 205 1
207 5 1
207 56 1
207 74 1
207 81 1
207 129 1
207 158 1
207 159 1
207 193 1
207 200 1
208 2 1
208 18 1
208 83 1
208 88 1
208 97 1
208 119 1
208 166 1
208 169 1
208 179 1
208 199 1
208 201 1
209 0 1
209 2 1
209 6 1
209 30 1
209 55 1
209 81 1
209 83 1
209 115 1
209 133 1
209 168 1
209 170 1
209 176 1
209 208 1
210 1 1
210 56 1
210 99 1
210 134 1
211 28 1
211 73 1
211 91 1
211 94 1
211 95 1
211 99 1
211 112 1
211 128 1
211 157 1
211 210 1
212 3 1
212 6 1
212 31 1
212 32 1
212 113 1
212 135 1
212 173 1
212 175 1
212 177 1
213 32 1
213 33 1
213 135 1
213 173 1
213 177 1
213 212 1
214 10 1
214 11 1
214 36 1
214 37 1
214 59 1
214 75 1
214 85 1
214 161 1
214 162 1
214 180 1
214 181 1
214 196 1
214 197 1
215 9 1
215 12 1
215 38 1
215 59 1
215 87 1
215 103 1
215 116 1
215 139 1
215 180 1
215 181 1
216 12 1
216 13 1
216 14 1
216 39 1
216 40 1
216 61 1
216 62 1
216 105 1
216 117 1
216 118 1
216 141 1
216 142 1
216 182 1
217 39 1
217 62 1
217 118 1
217 137 1
217 142 1
218 39 1
218 62 1
218 118 1
218 141 1
218 142 1
218 216 1
218 217 1
219 13 1
219 40 1
219 62 1
219 105 1
219 117 1
219 118 1
219 141 1
219 142 1
219 163 1
219 182 1
219 216 1
220 8 1
220 15 1
220 25 1
220 26 1
220 116 1
220 119 1
220 130 1
220 138 1
220 163 1
220 182 1
220 184 1
220 192 1
220 201 1
221 42 1
221 64 1
221 78 1
221 79 1
221 89 1
221 107 1
221 111 1
221 121 1
221 145 1
221 146 1
221 203 1
222 17 1
222 47 1
222 48 1
222 50 1
222 94 1
222 109 1
222 125 1
222 126 1
222 152 1
222 165 1
222 185 1
222 186 1
223 16 1
223 46 1
223 66 1
223 71 1
223 122 1
223 190 1
224 56 1
224 74 1
224 129 1
224 158 1
224 159 1
224 192 1
224 193 1
224 200 1
224 207 1
225 5 1
225 58 1
225 129 1
225 159 1
225 160 1
225 174 1
225 193 1
225 207 1
225 224 1
226 3 1
226 4 1
226 37 1
226 75 1
226 76 1
226 85 1
226 161 1
226 162 1
226 172 1
226 173 1
226 181 1
226 195 1
226 196 1
226 197 1
226 214 1
227 77 1
227 78 1
227 79 1
227 89 1
227 91 1
227 106 1
227 111 1
227 143 1
227 145 1
227 146 1
227 156 1
227 157 1
227 191 1
227 203 1
228 44 1
228 80 1
228 90 1
228 94 1
228 114 1
228 120 1
228 132 1
228 149 1
228 165 1
228 186 1
228 191 1
229 18 1
229 166 1
229 208 1
230 18 1
230 30 1
230 55 1
230 83 1
230 97 1
230 166 1
230 168 1
230 199 1
230 208 1
230 209 1
230 229 1
231 1 1
231 99 1
231 134 1
231 210 1
231 211 1
232 2 1
232 3 1
232 7 1
232 83 1
232 84 1
232 86 1
232 100 1
232 104 1
232 135 1
232 170 1
232 171 1
232 172 1
232 176 1
232 178 1
233 3 1
233 8 1
233 60 1
233 84 1
233 86 1
233 100 1
233 104 1
233 116 1
233 138 1
233 170 1
233 171 1
233 172 1
233 173 1
233 184 1
233 220 1
233 232 1
234 6 1
234 31 1
234 32 1
234 115 1
234 175 1
234 176 1
234 177 1
234 212 1
234 213 1
235 12 1
235 13 1
235 40 1
235 41 1
235 61 1
235 87 1
235 105 1
235 117 1
235 140 1
235 182 1
235 183 1
235 216 1
235 219 1
236 43 1
236 44 1
236 90 1
236 91 1
236 121 1
236 149 1
236 156 1
236 191 1
236 202 1
236 203 1
237 16 1
237 17 1
237 21 1
237 47 1
237 48 1
237 65 1
237 152 1
237 185 1
237 222 1
238 17 1
238 19 1
238 48 1
238 50 1
238 94 1
238 95 1
238 109 1
238 124 1
238 125 1
238 126 1
238 132 1
238 152 1
238 165 1
238 185 1
238 186 1
238 187 1
238 204 1
238 222 1
238 237 1
239 0 1
239 20 1
239 30 1
239 51 1
239 55 1
239 81 1
239 153 1
239 154 1
239 155 1
239 188 1
239 189 1
239 209 1
240 28 1
240 43 1
240 44 1
240 78 1
240 80 1
240 90 1
240 91 1
240 121 1
240 127 1
240 132 1
240 149 1
240 156 1
240 165 1
240 191 1
240 202 1
240 203 1
240 227 1
240 228 1
240 236 1
241 22 1
241 23 1
241 53 1
241 92 1
241 110 1
241 160 1
241 194 1
241 198 1
242 71 1
242 72 1
242 80 1
242 127 1
242 150 1
242 164 1
243 28 1
243 50 1
243 90 1
243 94 1
243 95 1
243 99 1
243 109 1
243 114 1
243 125 1
243 126 1
243 132 1
243 165 1
243 186 1
243 211 1
243 228 1
243 238 1
244 28 1
244 90 1
244 91 1
244 120 1
244 128 1
244 149 1
244 156 1
244 157 1
244 165 1
244 211 1
244 228 1
244 236 1
244 240 1
244 243 1
245 29 1
245 34 1
245 54 1
245 55 1
245 84 1
245 98 1
245 115 1
245 133 1
245 167 1
245 168 1
245 178 1
245 229 1
245 230 1
246 0 1
246 2 1
246 5 1
246 6 1
246 30 1
246 51 1
246 55 1
246 81 1
246 82 1
246 154 1
246 155 1
246 176 1
246 200 1
246 209 1
246 239 1
247 0 1
247 2 1
247 5 1
247 30 1
247 51 1
247 56 1
247 81 1
247 82 1
247 154 1
247 188 1
247 193 1
247 200 1
247 207 1
247 209 1
247 224 1
247 239 1
247 246 1
248 1 1
248 28 1
248 99 1
248 128 1
248 210 1
248 211 1
248 231 1
248 243 1
249 3 1
249 4 1
249 10 1
249 32 1
249 60 1
249 84 1
249 85 1
249 86 1
249 100 1
249 104 1
249 116 1
249 135 1
249 170 1
249 171 1
249 172 1
249 173 1
249 196 1
249 232 1
249 233 1
250 9 1
250 10 1
250 60 1
250 116 1
250 138 1
250 139 1
250 181 1
250 215 1
251 8 1
251 15 1
251 39 1
251 62 1
251 118 1
251 119 1
251 137 1
251 141 1
251 201 1
251 216 1
251 217 1
251 218 1
252 18 1
252 49 1
252 67 1
252 102 1
252 108 1
252 136 1
252 166 1
252 229 1
253 17 1
253 19 1
253 48 1
253 50 1
253 109 1
253 126 1
253 147 1
253 165 1
253 186 1
253 222 1
253 238 1
253 243 1
254 19 1
254 51 1
254 68 1
254 126 1
254 134 1
254 153 1
254 154 1
254 185 1
254 187 1
254 188 1
255 2 1
255 8 1
255 15 1
255 25 1
255 26 1
255 52 1
255 119 1
255 130 1
255 158 1
255 163 1
255 169 1
255 182 1
255 184 1
255 192 1
255 220 1
256 28 1
256 90 1
256 91 1
256 94 1
256 99 1
256 114 1
256 120 1
256 128 1
256 165 1
256 211 1
256 228 1
256 240 1
256 243 1
256 244 1
256 248 1
257 29 1
257 30 1
257 55 1
257 81 1
257 83 1
257 115 1
257 133 1
257 167 1
257 168 1
257 209 1
257 229 1
257 230 1
257 245 1
257 246 1
258 5 1
258 6 1
258 31 1
258 58 1
258 113 1
258 129 1
258 174 1
258 175 1
258 176 1
258 177 1
258 212 1
258 225 1
258 234 1
259 39 1
259 62 1
259 88 1
259 93 1
259 118 1
259 119 1
259 137 1
259 142 1
259 217 1
259 218 1
259 251 1
260 9 1
260 24 1
260 38 1
260 41 1
260 53 1
260 63 1
260 87 1
260 103 1
260 139 1
260 180 1
260 183 1
260 198 1
260 215 1
260 241 1
261 64 1
261 78 1
261 89 1
261 107 1
261 121 1
261 146 1
261 202 1
261 203 1
261 221 1
261 236 1
262 43 1
262 44 1
262 80 1
262 90 1
262 120 1
262 149 1
262 191 1
262 202 1
262 203 1
262 228 1
262 236 1
262 240 1
263 16 1
263 46 1
263 66 1
263 69 1
263 71 1
263 122 1
263 123 1
263 151 1
263 190 1
263 204 1
263 205 1
263 223 1
264 20 1
264 21 1
264 65 1
264 69 1
264 70 1
264 155 1
264 185 1
264 189 1
264 190 1
264 239 1
265 16 1
265 21 1
265 47 1
265 69 1
265 70 1
265 190 1
265 204 1
265 263 1
265 264 1
266 4 1
266 22 1
266 23 1
266 57 1
266 75 1
266 76 1
266 101 1
266 110 1
266 113 1
266 160 1
266 162 1
266 194 1
266 195 1
266 196 1
266 198 1
266 226 1
266 241 1
267 18 1
267 166 1
267 199 1
267 208 1
267 229 1
267 230 1
267 245 1
267 252 1
267 257 1
268 2 1
268 5 1
268 6 1
268 30 1
268 55 1
268 81 1
268 83 1
268 115 1
268 133 1
268 168 1
268 170 1
268 176 1
268 177 1
268 209 1
268 239 1
268 245 1
268 246 1
268 257 1
269 0 1
269 1 1
269 56 1
269 68 1
269 82 1
269 112 1
269 134 1
269 153 1
269 154 1
269 188 1
269 200 1
269 210 1
269 247 1
269 254 1
270 2 1
270 15 1
270 26 1
270 81 1
270 82 1
270 83 1
270 97 1
270 112 1
270 119 1
270 163 1
270 169 1
270 170 1
270 199 1
270 200 1
270 201 1
270 208 1
270 209 1
270 220 1
270 255 1
271 2 1
271 8 1
271 15 1
271 83 1
271 97 1
271 119 1
271 137 1
271 169 1
271 170 1
271 171 1
271 201 1
271 208 1
271 209 1
271 220 1
271 232 1
271 233 1
271 255 1
271 270 1
272 3 1
272 4 1
272 22 1
272 23 1
272 31 1
272 57 1
272 58 1
272 75 1
272 101 1
272 113 1
272 172 1
272 173 1
272 174 1
272 194 1
272 195 1
272 196 1
272 226 1
272 249 1
272 266 1
273 3 1
273 4 1
273 22 1
273 23 1
273 31 1
273 57 1
273 58 1
273 92 1
273 101 1
273 113 1
273 129 1
273 159 1
273 160 1
273 172 1
273 174 1
273 175 1
273 194 1
273 195 1
273 258 1
273 266 1
273 272 1
274 8 1
274 15 1
274 60 1
274 86 1
274 104 1
274 116 1
274 119 1
274 130 1
274 138 1
274 170 1
274 184 1
274 201 1
274 220 1
274 232 1
274 233 1
274 251 1
274 255 1
274 271 1
275 4 1
275 10 1
275 11 1
275 36 1
275 37 1
275 60 1
275 85 1
275 86 1
275 100 1
275 104 1
275 116 1
275 135 1
275 138 1
275 172 1
275 173 1
275 232 1
275 233 1
275 249 1
276 8 1
276 10 1
276 11 1
276 60 1
276 86 1
276 100 1
276 104 1
276 116 1
276 138 1
276 171 1
276 220 1
276 232 1
276 233 1
276 249 1
276 274 1
276 275 1
277 12 1
277 13 1
277 14 1
277 38 1
277 40 1
277 41 1
277 61 1
277 63 1
277 87 1
277 105 1
277 140 1
277 183 1
277 235 1
278 9 1
278 24 1
278 25 1
278 53 1
278 87 1
278 92 1
278 116 1
278 139 1
278 180 1
278 183 1
278 184 1
278 198 1
278 215 1
278 250 1
278 260 1
279 18 1
279 27 1
279 35 1
279 42 1
279 67 1
279 78 1
279 79 1
279 102 1
279 106 1
279 108 1
279 111 1
279 136 1
279 143 1
279 144 1
279 145 1
279 227 1
280 45 1
280 50 1
280 90 1
280 99 1
280 114 1
280 120 1
280 147 1
280 148 1
280 165 1
280 243 1
280 253 1
280 256 1
281 18 1
281 42 1
281 46 1
281 49 1
281 66 1
281 67 1
281 102 1
281 106 1
281 108 1
281 123 1
281 144 1
281 151 1
281 166 1
281 199 1
281 205 1
281 206 1
281 252 1
281 263 1
281 279 1
282 18 1
282 49 1
282 66 1
282 67 1
282 102 1
282 106 1
282 108 1
282 123 1
282 124 1
282 144 1
282 166 1
282 199 1
282 205 1
282 206 1
282 229 1
282 252 1
282 267 1
282 281 1
283 20 1
283 21 1
283 30 1
283 51 1
283 69 1
283 70 1
283 155 1
283 189 1
283 239 1
283 264 1
283 265 1
284 74 1
284 92 1
284 129 1
284 158 1
284 159 1
284 160 1
284 192 1
284 193 1
284 194 1
284 207 1
284 224 1
284 225 1
285 22 1
285 23 1
285 75 1
285 76 1
285 110 1
285 162 1
285 195 1
285 196 1
285 197 1
285 198 1
285 226 1
285 241 1
285 260 1
285 266 1
286 66 1
286 95 1
286 96 1
286 97 1
286 112 1
286 123 1
286 124 1
286 125 1
286 166 1
286 169 1
286 199 1
286 206 1
286 208 1
286 230 1
286 270 1
286 282 1
287 2 1
287 18 1
287 30 1
287 83 1
287 97 1
287 123 1
287 166 1
287 199 1
287 206 1
287 208 1
287 209 1
287 229 1
287 230 1
287 257 1
287 267 1
287 270 1
287 282 1
287 286 1
288 0 1
288 2 1
288 82 1
288 83 1
288 95 1
288 96 1
288 97 1
288 112 1
288 123 1
288 124 1
288 131 1
288 166 1
288 169 1
288 199 1
288 200 1
288 206 1
288 208 1
288 270 1
288 286 1
288 287 1
289 29 1
289 54 1
289 98 1
289 115 1
289 133 1
289 167 1
289 245 1
290 0 1
290 2 1
290 30 1
290 55 1
290 56 1
290 81 1
290 82 1
290 83 1
290 97 1
290 154 1
290 169 1
290 170 1
290 188 1
290 200 1
290 208 1
290 209 1
290 230 1
290 239 1
290 246 1
290 247 1
290 268 1
290 269 1
290 270 1
290 287 1
290 288 1
291 3 1
291 6 1
291 7 1
291 32 1
291 33 1
291 84 1
291 86 1
291 100 1
291 115 1
291 135 1
291 167 1
291 168 1
291 173 1
291 175 1
291 176 1
291 177 1
291 212 1
291 213 1
291 232 1
291 234 1
291 249 1
292 8 1
292 15 1
292 35 1
292 39 1
292 62 1
292 88 1
292 118 1
292 119 1
292 137 1
292 141 1
292 142 1
292 179 1
292 201 1
292 217 1
292 218 1
292 251 1
292 259 1
293 9 1
293 38 1
293 41 1
293 53 1
293 63 1
293 87 1
293 140 1
293 183 1
293 260 1
293 277 1
293 278 1
294 9 1
294 24 1
294 38 1
294 41 1
294 53 1
294 63 1
294 87 1
294 183 1
294 260 1
294 277 1
294 278 1
294 293 1
295 43 1
295 64 1
295 78 1
295 89 1
295 107 1
295 121 1
295 146 1
295 156 1
295 191 1
295 202 1
295 203 1
295 221 1
295 227 1
295 236 1
295 240 1
295 261 1
295 262 1
296 44 1
296 45 1
296 90 1
296 114 1
296 120 1
296 147 1
296 148 1
296 149 1
296 165 1
296 228 1
296 262 1
296 280 1
297 43 1
297 44 1
297 78 1
297 80 1
297 90 1
297 91 1
297 121 1
297 127 1
297 132 1
297 146 1
297 149 1
297 156 1
297 191 1
297 202 1
297 203 1
297 227 1
297 228 1
297 236 1
297 240 1
297 244 1
297 261 1
297 262 1
297 295 1
298 19 1
298 50 1
298 68 1
298 94 1
298 99 1
298 109 1
298 126 1
298 134 1
298 153 1
298 187 1
298 188 1
298 231 1
298 238 1
298 243 1
298 254 1
299 16 1
299 46 1
299 71 1
299 151 1
299 190 1
299 223 1
299 242 1
299 263 1
300 26 1
300 52 1
300 73 1
300 93 1
300 112 1
300 128 1
300 131 1
300 163 1
300 169 1
300 211 1
300 248 1
300 255 1
301 15 1
301 26 1
301 52 1
301 73 1
301 93 1
301 130 1
301 163 1
301 169 1
301 182 1
301 192 1
301 219 1
301 220 1
301 255 1
301 300 1
302 1 1
302 25 1
302 26 1
302 52 1
302 73 1
302 74 1
302 130 1
302 158 1
302 163 1
302 169 1
302 182 1
302 192 1
302 220 1
302 255 1
302 270 1
302 300 1
302 301 1
303 22 1
303 23 1
303 53 1
303 92 1
303 110 1
303 129 1
303 159 1
303 160 1
303 194 1
303 198 1
303 241 1
303 266 1
303 273 1
304 59 1
304 75 1
304 76 1
304 161 1
304 162 1
304 180 1
304 181 1
304 196 1
304 197 1
304 214 1
304 226 1
304 285 1
305 1 1
305 52 1
305 56 1
305 74 1
305 82 1
305 112 1
305 134 1
305 169 1
305 192 1
305 200 1
305 210 1
305 231 1
305 247 1
305 269 1
305 300 1
305 302 1
306 1 1
306 56 1
306 68 1
306 82 1
306 99 1
306 112 1
306 134 1
306 169 1
306 200 1
306 210 1
306 211 1
306 231 1
306 248 1
306 254 1
306 269 1
306 298 1
306 305 1
307 26 1
307 28 1
307 73 1
307 82 1
307 93 1
307 95 1
307 99 1
307 112 1
307 128 1
307 131 1
307 169 1
307 210 1
307 211 1
307 231 1
307 248 1
307 288 1
307 300 1
307 301 1
307 302 1
307 305 1
307 306 1
308 26 1
308 28 1
308 73 1
308 82 1
308 93 1
308 95 1
308 96 1
308 97 1
308 112 1
308 119 1
308 128 1
308 131 1
308 157 1
308 163 1
308 169 1
308 211 1
308 248 1
308 270 1
308 286 1
308 288 1
308 300 1
308 301 1
308 302 1
308 305 1
308 306 1
308 307 1
309 2 1
309 8 1
309 15 1
309 81 1
309 83 1
309 100 1
309 119 1
309 169 1
309 170 1
309 171 1
309 184 1
309 192 1
309 201 1
309 209 1
309 220 1
309 232 1
309 233 1
309 255 1
309 270 1
309 271 1
309 274 1
309 290 1
310 3 1
310 4 1
310 22 1
310 23 1
310 31 1
310 57 1
310 75 1
310 101 1
310 113 1
310 172 1
310 173 1
310 195 1
310 226 1
310 266 1
310 272 1
310 273 1
311 7 1
311 32 1
311 33 1
311 84 1
311 115 1
311 135 1
311 167 1
311 177 1
311 212 1
311 213 1
311 234 1
311 291 1
312 7 1
312 29 1
312 32 1
312 33 1
312 34 1
312 54 1
312 84 1
312 86 1
312 100 1
312 115 1
312 133 1
312 135 1
312 167 1
312 168 1
312 177 1
312 178 1
312 213 1
312 232 1
312 245 1
312 291 1
312 311 1
313 18 1
313 35 1
313 67 1
313 88 1
313 102 1
313 106 1
313 108 1
313 111 1
313 136 1
313 137 1
313 143 1
313 179 1
313 252 1
313 279 1
313 282 1
314 9 1
314 38 1
314 53 1
314 59 1
314 87 1
314 103 1
314 116 1
314 138 1
314 139 1
314 180 1
314 181 1
314 184 1
314 196 1
314 197 1
314 198 1
314 215 1
314 250 1
314 260 1
314 278 1
314 294 1
315 7 1
315 10 1
315 11 1
315 36 1
315 37 1
315 60 1
315 85 1
315 86 1
315 104 1
315 135 1
315 173 1
315 249 1
315 275 1
315 276 1
316 7 1
316 11 1
316 33 1
316 34 1
316 84 1
316 86 1
316 100 1
316 104 1
316 135 1
316 178 1
316 232 1
316 249 1
316 275 1
316 276 1
316 291 1
316 312 1
316 315 1
317 10 1
317 11 1
317 60 1
317 85 1
317 116 1
317 138 1
317 181 1
317 184 1
317 196 1
317 214 1
317 215 1
317 233 1
317 250 1
317 274 1
317 275 1
317 276 1
317 278 1
317 314 1
318 9 1
318 12 1
318 13 1
318 14 1
318 38 1
318 61 1
318 87 1
318 103 1
318 117 1
318 139 1
318 140 1
318 180 1
318 215 1
318 250 1
318 260 1
318 277 1
318 278 1
318 314 1
318 317 1
319 9 1
319 12 1
319 38 1
319 41 1
319 61 1
319 63 1
319 87 1
319 139 1
319 140 1
319 183 1
319 277 1
319 293 1
319 294 1
319 318 1
320 12 1
320 13 1
320 14 1
320 38 1
320 40 1
320 41 1
320 61 1
320 63 1
320 87 1
320 105 1
320 117 1
320 140 1
320 183 1
320 235 1
320 277 1
320 319 1
321 8 1
321 14 1
321 15 1
321 39 1
321 62 1
321 105 1
321 117 1
321 118 1
321 119 1
321 138 1
321 141 1
321 142 1
321 163 1
321 182 1
321 201 1
321 216 1
321 217 1
321 218 1
321 219 1
321 220 1
321 251 1
321 259 1
321 274 1
321 292 1
322 12 1
322 13 1
322 14 1
322 24 1
322 25 1
322 40 1
322 105 1
322 117 1
322 130 1
322 142 1
322 163 1
322 182 1
322 183 1
322 216 1
322 219 1
322 235 1
322 255 1
322 301 1
322 320 1
322 321 1
323 9 1
323 24 1
323 25 1
323 53 1
323 87 1
323 116 1
323 117 1
323 130 1
323 138 1
323 183 1
323 184 1
323 260 1
323 278 1
323 294 1
323 314 1
323 322 1
324 8 1
324 15 1
324 24 1
324 25 1
324 52 1
324 116 1
324 117 1
324 130 1
324 138 1
324 163 1
324 182 1
324 184 1
324 192 1
324 216 1
324 220 1
324 233 1
324 255 1
324 274 1
324 278 1
324 309 1
324 321 1
324 322 1
324 323 1
325 28 1
325 44 1
325 45 1
325 50 1
325 90 1
325 99 1
325 114 1
325 120 1
325 147 1
325 148 1
325 165 1
325 228 1
325 243 1
325 244 1
325 256 1
325 280 1
325 296 1
326 43 1
326 44 1
326 90 1
326 91 1
326 120 1
326 149 1
326 156 1
326 191 1
326 202 1
326 203 1
326 228 1
326 236 1
326 240 1
326 244 1
326 256 1
326 262 1
326 295 1
326 296 1
326 297 1
327 16 1
327 46 1
327 66 1
327 71 1
327 72 1
327 122 1
327 127 1
327 150 1
327 151 1
327 190 1
327 205 1
327 223 1
327 263 1
327 281 1
327 282 1
327 299 1
328 16 1
328 17 1
328 21 1
328 47 1
328 48 1
328 65 1
328 69 1
328 125 1
328 152 1
328 185 1
328 186 1
328 190 1
328 204 1
328 222 1
328 237 1
328 238 1
328 264 1
328 265 1
329 45 1
329 50 1
329 90 1
329 94 1
329 109 1
329 114 1
329 126 1
329 147 1
329 165 1
329 186 1
329 222 1
329 228 1
329 238 1
329 243 1
329 253 1
329 280 1
329 298 1
329 325 1
330 46 1
330 71 1
330 72 1
330 80 1
330 107 1
330 122 1
330 127 1
330 150 1
330 151 1
330 164 1
330 242 1
330 263 1
330 299 1
330 327 1
331 1 1
331 25 1
331 52 1
331 56 1
331 74 1
331 82 1
331 129 1
331 158 1
331 159 1
331 192 1
331 193 1
331 200 1
331 207 1
331 224 1
331 225 1
331 247 1
331 269 1
331 284 1
331 302 1
331 305 1
332 23 1
332 24 1
332 25 1
332 53 1
332 92 1
332 116 1
332 158 1
332 160 1
332 172 1
332 184 1
332 194 1
332 195 1
332 198 1
332 241 1
332 260 1
332 278 1
332 294 1
332 303 1
332 314 1
332 323 1
333 77 1
333 78 1
333 79 1
333 88 1
333 91 1
333 106 1
333 128 1
333 131 1
333 143 1
333 156 1
333 157 1
333 191 1
333 227 1
333 240 1
333 279 1
334 71 1
334 72 1
334 127 1
334 150 1
334 151 1
334 164 1
334 242 1
334 299 1
334 330 1
335 72 1
335 80 1
335 121 1
335 122 1
335 127 1
335 132 1
335 150 1
335 152 1
335 164 1
335 186 1
335 191 1
335 228 1
335 242 1
335 330 1
335 334 1
336 28 1
336 68 1
336 82 1
336 94 1
336 95 1
336 96 1
336 99 1
336 112 1
336 124 1
336 125 1
336 126 1
336 128 1
336 169 1
336 211 1
336 243 1
336 248 1
336 256 1
336 286 1
336 288 1
336 298 1
336 306 1
336 307 1
336 308 1
337 28 1
337 50 1
337 90 1
337 94 1
337 95 1
337 99 1
337 112 1
337 114 1
337 126 1
337 165 1
337 211 1
337 228 1
337 231 1
337 243 1
337 244 1
337 248 1
337 256 1
337 280 1
337 307 1
337 325 1
337 336 1
338 8 1
338 14 1
338 39 1
338 62 1
338 105 1
338 117 1
338 138 1
338 141 1
338 142 1
338 182 1
338 216 1
338 218 1
338 251 1
338 292 1
338 321 1
339 18 1
339 27 1
339 42 1
339 49 1
339 67 1
339 78 1
339 79 1
339 89 1
339 102 1
339 106 1
339 108 1
339 111 1
339 143 1
339 144 1
339 145 1
339 205 1
339 206 1
339 227 1
339 279 1
339 281 1
339 282 1
339 313 1
339 333 1
340 9 1
340 12 1
340 38 1
340 60 1
340 87 1
340 116 1
340 117 1
340 138 1
340 139 1
340 184 1
340 215 1
340 250 1
340 260 1
340 278 1
340 294 1
340 314 1
340 317 1
340 318 1
340 323 1
340 324 1
340 332 1
341 8 1
341 15 1
341 26 1
341 35 1
341 73 1
341 77 1
341 88 1
341 93 1
341 97 1
341 118 1
341 119 1
341 131 1
341 137 1
341 143 1
341 163 1
341 179 1
341 201 1
341 217 1
341 251 1
341 259 1
341 292 1
342 16 1
342 46 1
342 47 1
342 66 1
342 69 1
342 71 1
342 122 1
342 123 1
342 124 1
342 125 1
342 152 1
342 190 1
342 204 1
342 205 1
342 223 1
342 263 1
342 265 1
342 299 1
342 327 1
342 328 1
342 330 1
342 335 1
343 18 1
343 27 1
343 42 1
343 49 1
343 67 1
343 102 1
343 106 1
343 108 1
343 111 1
343 136 1
343 144 1
343 145 1
343 205 1
343 206 1
343 252 1
343 279 1
343 281 1
343 282 1
343 313 1
343 339 1
344 16 1
344 47 1
344 66 1
344 69 1
344 70 1
344 122 1
344 190 1
344 223 1
344 263 1
344 265 1
344 299 1
344 327 1
344 342 1
345 72 1
345 80 1
345 107 1
345 121 1
345 127 1
345 132 1
345 150 1
345 156 1
345 164 1
345 191 1
345 202 1
345 203 1
345 228 1
345 236 1
345 240 1
345 262 1
345 295 1
345 297 1
345 330 1
345 335 1
346 22 1
346 23 1
346 24 1
346 53 1
346 75 1
346 92 1
346 110 1
346 160 1
346 194 1
346 195 1
346 198 1
346 241 1
346 260 1
346 266 1
346 272 1
346 278 1
346 285 1
346 294 1
346 303 1
346 314 1
346 323 1
346 332 1
347 18 1
347 49 1
347 97 1
347 136 1
347 166 1
347 199 1
347 206 1
347 208 1
347 229 1
347 230 1
347 252 1
347 267 1
347 282 1
347 286 1
347 287 1
