# minsup
1
# graph
G_portein_file\Serpin\2ZNH.pdb
# node ID, label
0 A
1 A
2 A
3 F
4 L
5 L
6 N
7 P
8 S
9 S
10 T
11 V
12 V
13 V
14 V
# node ID1, node ID2, number of bounds
2 0 1
3 0 1
4 1 1
5 0 1
5 2 1
6 1 1
6 2 1
6 4 1
6 5 1
7 1 1
7 4 1
8 1 1
8 2 1
8 6 1
9 1 1
9 4 1
9 7 1
9 8 1
10 0 1
10 1 1
10 2 1
10 3 1
10 4 1
10 5 1
10 6 1
10 7 1
10 8 1
10 9 1
11 0 1
11 2 1
11 5 1
11 6 1
11 10 1
12 0 1
12 2 1
12 5 1
12 10 1
12 11 1
13 0 1
13 2 1
13 5 1
13 11 1
13 12 1
14 0 1
14 2 1
14 5 1
14 6 1
14 8 1
14 10 1
14 11 1
14 12 1
14 13 1
