# minsup
1
# graph
G_portein_file\Serpin\3EVJ.pdb
# node ID, label
0 A
1 A
2 A
3 A
4 A
5 A
6 A
7 A
8 A
9 A
10 A
11 A
12 A
13 A
14 A
15 A
16 A
17 A
18 A
19 D
20 D
21 D
22 D
23 E
24 E
25 E
26 E
27 E
28 E
29 E
30 E
31 F
32 F
33 F
34 F
35 F
36 F
37 F
38 F
39 F
40 F
41 F
42 F
43 F
44 F
45 F
46 F
47 G
48 G
49 G
50 G
51 G
52 G
53 G
54 G
55 H
56 I
57 I
58 I
59 I
60 I
61 I
62 I
63 I
64 I
65 I
66 I
67 I
68 I
69 I
70 K
71 K
72 K
73 K
74 K
75 K
76 K
77 K
78 K
79 L
80 L
81 L
82 L
83 L
84 L
85 L
86 L
87 L
88 L
89 L
90 L
91 L
92 L
93 L
94 L
95 M
96 M
97 M
98 M
99 N
100 N
101 N
102 N
103 N
104 N
105 N
106 N
107 P
108 P
109 P
110 P
111 P
112 Q
113 Q
114 Q
115 R
116 R
117 R
118 R
119 R
120 R
121 S
122 S
123 S
124 S
125 S
126 S
127 S
128 S
129 S
130 S
131 S
132 S
133 S
134 S
135 S
136 T
137 T
138 T
139 T
140 T
141 T
142 T
143 T
144 T
145 V
146 V
147 V
148 V
149 V
150 V
151 V
152 V
153 V
154 V
155 V
156 V
157 V
158 V
159 V
160 V
161 W
162 Y
163 Y
# node ID1, node ID2, number of bounds
1 0 1
4 3 1
7 6 1
10 8 1
11 3 1
11 10 1
13 12 1
14 12 1
14 13 1
15 12 1
15 13 1
15 14 1
16 3 1
16 11 1
17 10 1
21 12 1
21 15 1
22 10 1
22 11 1
22 16 1
22 17 1
24 23 1
25 8 1
25 9 1
25 10 1
26 8 1
26 10 1
26 25 1
27 8 1
27 17 1
27 19 1
27 25 1
28 12 1
28 13 1
28 14 1
28 15 1
28 21 1
29 13 1
29 14 1
29 28 1
30 13 1
30 14 1
30 29 1
31 0 1
31 1 1
32 1 1
32 31 1
34 0 1
34 1 1
34 31 1
34 32 1
35 2 1
36 33 1
37 1 1
37 33 1
37 36 1
38 12 1
38 15 1
38 21 1
38 28 1
39 3 1
39 4 1
39 11 1
39 16 1
40 7 1
40 9 1
40 19 1
41 13 1
41 14 1
41 15 1
41 30 1
42 10 1
42 11 1
42 16 1
42 22 1
43 12 1
43 13 1
43 14 1
43 15 1
43 21 1
43 28 1
43 29 1
43 30 1
43 38 1
44 18 1
45 38 1
46 12 1
46 13 1
46 14 1
46 15 1
46 38 1
46 41 1
46 43 1
46 45 1
47 2 1
47 33 1
47 35 1
47 36 1
47 37 1
48 23 1
48 24 1
49 19 1
49 40 1
50 5 1
50 6 1
50 7 1
51 14 1
52 13 1
52 30 1
52 41 1
54 18 1
54 21 1
54 38 1
54 44 1
54 45 1
54 46 1
55 11 1
55 12 1
55 15 1
55 16 1
55 21 1
55 42 1
56 2 1
56 33 1
56 47 1
57 1 1
57 34 1
58 35 1
58 36 1
60 12 1
60 18 1
60 21 1
60 28 1
60 38 1
60 54 1
61 3 1
61 4 1
61 11 1
61 15 1
61 16 1
61 39 1
61 42 1
61 55 1
62 9 1
62 16 1
62 20 1
62 25 1
62 40 1
63 12 1
63 13 1
63 14 1
63 15 1
63 20 1
63 28 1
63 43 1
63 51 1
63 55 1
64 10 1
64 11 1
64 16 1
64 20 1
64 22 1
64 26 1
64 42 1
64 55 1
64 62 1
65 8 1
65 10 1
65 17 1
65 22 1
65 25 1
65 26 1
65 27 1
65 64 1
66 6 1
66 12 1
66 13 1
66 14 1
66 15 1
66 41 1
66 46 1
67 11 1
67 16 1
67 17 1
67 22 1
67 40 1
67 49 1
67 65 1
68 45 1
68 46 1
69 13 1
69 14 1
69 15 1
69 41 1
69 45 1
69 46 1
69 66 1
69 68 1
71 24 1
72 3 1
72 4 1
72 39 1
72 53 1
73 19 1
73 40 1
73 49 1
74 7 1
74 40 1
74 50 1
75 9 1
75 20 1
75 51 1
75 62 1
75 63 1
76 6 1
76 14 1
76 15 1
76 51 1
76 63 1
76 66 1
76 75 1
77 13 1
77 14 1
77 29 1
77 30 1
77 41 1
77 52 1
78 12 1
78 14 1
78 15 1
78 16 1
78 20 1
78 21 1
78 28 1
78 38 1
78 42 1
78 43 1
78 55 1
78 63 1
78 64 1
79 1 1
79 33 1
79 36 1
79 37 1
79 47 1
79 56 1
79 57 1
80 35 1
80 36 1
80 47 1
80 58 1
81 35 1
81 58 1
81 80 1
82 2 1
82 33 1
82 35 1
82 36 1
82 47 1
82 56 1
82 58 1
82 80 1
82 81 1
83 12 1
83 13 1
83 14 1
83 15 1
83 21 1
83 28 1
83 38 1
83 43 1
83 46 1
83 54 1
83 55 1
83 60 1
83 61 1
83 69 1
83 78 1
84 3 1
84 15 1
84 46 1
84 61 1
84 66 1
84 68 1
84 69 1
84 83 1
85 4 1
85 39 1
85 53 1
85 72 1
86 7 1
86 16 1
86 40 1
86 49 1
86 50 1
86 62 1
86 74 1
87 19 1
87 49 1
87 73 1
88 7 1
88 19 1
88 40 1
88 49 1
88 50 1
88 74 1
88 86 1
89 8 1
89 17 1
89 19 1
89 27 1
89 65 1
89 67 1
90 17 1
90 19 1
90 40 1
90 49 1
90 65 1
90 67 1
90 86 1
90 88 1
90 89 1
91 3 1
91 7 1
91 11 1
91 16 1
91 39 1
91 40 1
91 49 1
91 62 1
91 67 1
91 86 1
91 88 1
91 90 1
92 44 1
92 45 1
92 54 1
93 12 1
93 13 1
93 14 1
93 15 1
93 21 1
93 28 1
93 29 1
93 30 1
93 38 1
93 41 1
93 43 1
93 46 1
93 54 1
93 77 1
93 83 1
94 18 1
94 38 1
94 44 1
94 45 1
94 54 1
94 60 1
94 92 1
95 36 1
95 37 1
95 58 1
95 80 1
96 1 1
96 33 1
96 36 1
96 37 1
96 47 1
96 56 1
96 79 1
96 82 1
96 95 1
97 3 1
97 4 1
97 7 1
97 39 1
97 61 1
97 72 1
97 85 1
97 86 1
97 91 1
98 45 1
98 46 1
98 92 1
99 0 1
99 1 1
99 31 1
99 34 1
99 57 1
101 2 1
101 35 1
101 56 1
102 3 1
102 6 1
102 7 1
102 50 1
102 66 1
102 74 1
102 76 1
102 86 1
102 88 1
102 91 1
102 97 1
103 9 1
103 16 1
103 20 1
103 62 1
103 63 1
103 64 1
103 75 1
104 51 1
104 63 1
104 75 1
104 76 1
104 103 1
105 8 1
105 10 1
105 17 1
105 25 1
105 26 1
105 27 1
105 65 1
105 89 1
106 3 1
106 6 1
106 7 1
106 15 1
106 16 1
106 39 1
106 55 1
106 61 1
106 66 1
106 76 1
106 86 1
106 91 1
106 97 1
106 102 1
107 1 1
107 31 1
107 32 1
107 33 1
107 37 1
107 47 1
107 57 1
107 79 1
107 96 1
107 99 1
108 59 1
109 15 1
109 38 1
109 46 1
109 55 1
109 61 1
109 68 1
109 69 1
109 83 1
109 84 1
110 19 1
110 40 1
110 49 1
110 73 1
110 74 1
110 86 1
110 87 1
110 88 1
110 90 1
111 10 1
111 20 1
111 26 1
111 42 1
111 64 1
111 65 1
111 103 1
112 24 1
112 48 1
112 71 1
113 7 1
113 19 1
113 40 1
113 49 1
113 62 1
113 73 1
113 74 1
113 86 1
113 88 1
113 110 1
114 8 1
114 9 1
114 25 1
114 62 1
115 0 1
115 1 1
115 31 1
115 32 1
115 34 1
115 99 1
116 2 1
116 33 1
116 35 1
116 36 1
116 47 1
116 56 1
116 58 1
116 79 1
116 80 1
116 82 1
116 96 1
116 101 1
117 3 1
117 6 1
117 7 1
117 16 1
117 40 1
117 49 1
117 50 1
117 62 1
117 74 1
117 86 1
117 88 1
117 91 1
117 97 1
117 102 1
117 106 1
117 113 1
118 8 1
118 9 1
118 10 1
118 20 1
118 25 1
118 26 1
118 62 1
118 64 1
118 65 1
118 75 1
118 103 1
118 105 1
118 111 1
118 114 1
119 12 1
119 13 1
119 14 1
119 15 1
119 28 1
119 30 1
119 43 1
119 51 1
119 63 1
119 76 1
119 78 1
119 93 1
119 104 1
120 18 1
120 38 1
120 44 1
120 45 1
120 54 1
120 60 1
120 83 1
120 92 1
120 94 1
121 0 1
121 1 1
121 31 1
121 32 1
121 99 1
121 107 1
121 115 1
122 1 1
122 33 1
122 36 1
122 37 1
122 47 1
122 57 1
122 79 1
122 96 1
122 107 1
123 37 1
123 57 1
123 79 1
123 99 1
123 107 1
123 122 1
124 23 1
124 24 1
124 48 1
124 71 1
124 112 1
125 12 1
125 13 1
125 14 1
125 15 1
125 38 1
125 43 1
125 45 1
125 46 1
125 54 1
125 55 1
125 61 1
125 66 1
125 68 1
125 69 1
125 78 1
125 83 1
125 84 1
125 109 1
126 3 1
126 4 1
126 14 1
126 15 1
126 16 1
126 39 1
126 46 1
126 55 1
126 61 1
126 66 1
126 68 1
126 69 1
126 83 1
126 84 1
126 106 1
126 109 1
126 125 1
127 3 1
127 4 1
127 39 1
127 61 1
127 84 1
127 97 1
127 106 1
127 109 1
127 125 1
127 126 1
128 6 1
128 14 1
128 15 1
128 41 1
128 50 1
128 66 1
128 76 1
128 102 1
128 106 1
128 126 1
129 19 1
129 49 1
129 73 1
129 87 1
129 110 1
130 8 1
130 9 1
130 19 1
130 25 1
130 40 1
130 62 1
130 65 1
130 75 1
130 103 1
130 105 1
130 110 1
130 114 1
130 118 1
131 9 1
131 20 1
131 51 1
131 62 1
131 63 1
131 75 1
131 76 1
131 103 1
131 104 1
131 119 1
132 8 1
132 10 1
132 20 1
132 25 1
132 26 1
132 64 1
132 65 1
132 105 1
132 111 1
132 118 1
133 10 1
133 11 1
133 17 1
133 22 1
133 65 1
133 67 1
134 13 1
134 29 1
134 30 1
134 41 1
134 52 1
134 77 1
134 93 1
134 98 1
135 3 1
135 6 1
135 12 1
135 14 1
135 15 1
135 16 1
135 42 1
135 43 1
135 55 1
135 61 1
135 63 1
135 64 1
135 66 1
135 76 1
135 78 1
135 83 1
135 102 1
135 103 1
135 106 1
135 125 1
135 126 1
135 128 1
135 131 1
136 1 1
136 31 1
136 32 1
136 96 1
136 99 1
136 107 1
136 115 1
136 121 1
137 1 1
137 31 1
137 32 1
137 34 1
137 115 1
137 121 1
137 136 1
138 3 1
138 4 1
138 5 1
138 39 1
138 61 1
138 72 1
138 84 1
138 97 1
138 102 1
138 106 1
138 109 1
138 126 1
138 127 1
139 3 1
139 4 1
139 39 1
139 53 1
139 72 1
139 85 1
139 91 1
139 97 1
139 127 1
139 138 1
140 6 1
140 13 1
140 14 1
140 15 1
140 41 1
140 43 1
140 51 1
140 63 1
140 66 1
140 75 1
140 76 1
140 104 1
140 119 1
140 128 1
140 131 1
140 135 1
141 12 1
141 20 1
141 51 1
141 62 1
141 63 1
141 64 1
141 75 1
141 78 1
141 103 1
141 104 1
141 111 1
141 119 1
141 131 1
141 135 1
141 140 1
142 8 1
142 10 1
142 17 1
142 19 1
142 27 1
142 49 1
142 65 1
142 67 1
142 89 1
142 90 1
142 105 1
142 133 1
143 3 1
143 6 1
143 12 1
143 14 1
143 15 1
143 16 1
143 55 1
143 61 1
143 63 1
143 66 1
143 76 1
143 78 1
143 84 1
143 102 1
143 104 1
143 106 1
143 117 1
143 125 1
143 126 1
143 128 1
143 131 1
143 135 1
143 138 1
143 140 1
144 3 1
144 11 1
144 12 1
144 15 1
144 16 1
144 39 1
144 42 1
144 55 1
144 61 1
144 64 1
144 66 1
144 78 1
144 83 1
144 84 1
144 91 1
144 102 1
144 106 1
144 109 1
144 125 1
144 126 1
144 127 1
144 135 1
144 138 1
144 143 1
145 36 1
145 58 1
145 80 1
145 81 1
145 82 1
145 95 1
145 96 1
146 33 1
146 35 1
146 36 1
146 37 1
146 47 1
146 56 1
146 58 1
146 80 1
146 81 1
146 82 1
146 95 1
146 96 1
146 116 1
146 145 1
147 2 1
147 33 1
147 35 1
147 47 1
147 56 1
147 82 1
147 101 1
147 116 1
147 146 1
148 6 1
148 14 1
148 41 1
148 66 1
148 76 1
148 77 1
148 128 1
148 140 1
148 143 1
149 6 1
149 9 1
149 15 1
149 16 1
149 20 1
149 51 1
149 62 1
149 63 1
149 64 1
149 66 1
149 75 1
149 76 1
149 102 1
149 103 1
149 104 1
149 106 1
149 117 1
149 119 1
149 131 1
149 135 1
149 140 1
149 141 1
149 143 1
149 144 1
150 11 1
150 12 1
150 15 1
150 16 1
150 20 1
150 42 1
150 55 1
150 62 1
150 63 1
150 64 1
150 75 1
150 78 1
150 103 1
150 111 1
150 118 1
150 131 1
150 132 1
150 135 1
150 141 1
150 144 1
150 149 1
151 17 1
151 19 1
151 27 1
151 40 1
151 49 1
151 65 1
151 67 1
151 73 1
151 87 1
151 89 1
151 90 1
151 105 1
151 129 1
151 142 1
152 11 1
152 16 1
152 17 1
152 19 1
152 22 1
152 40 1
152 49 1
152 62 1
152 64 1
152 65 1
152 67 1
152 86 1
152 88 1
152 90 1
152 91 1
152 117 1
152 139 1
152 142 1
152 151 1
153 3 1
153 6 1
153 7 1
153 11 1
153 16 1
153 39 1
153 40 1
153 42 1
153 55 1
153 61 1
153 62 1
153 64 1
153 86 1
153 90 1
153 91 1
153 97 1
153 102 1
153 103 1
153 106 1
153 117 1
153 126 1
153 135 1
153 138 1
153 139 1
153 143 1
153 144 1
153 149 1
153 150 1
153 152 1
154 45 1
154 92 1
154 94 1
154 98 1
155 11 1
155 17 1
155 22 1
155 67 1
155 90 1
155 133 1
155 142 1
155 151 1
155 152 1
156 13 1
156 29 1
156 30 1
156 52 1
156 77 1
156 93 1
156 134 1
157 3 1
157 11 1
157 16 1
157 17 1
157 22 1
157 39 1
157 40 1
157 42 1
157 55 1
157 61 1
157 64 1
157 67 1
157 86 1
157 90 1
157 91 1
157 97 1
157 106 1
157 133 1
157 139 1
157 144 1
157 152 1
157 153 1
157 155 1
158 10 1
158 11 1
158 16 1
158 17 1
158 22 1
158 40 1
158 42 1
158 64 1
158 65 1
158 67 1
158 90 1
158 91 1
158 133 1
158 142 1
158 144 1
158 151 1
158 152 1
158 153 1
158 155 1
158 157 1
159 38 1
159 44 1
159 45 1
159 46 1
159 54 1
159 60 1
159 92 1
159 94 1
159 98 1
159 120 1
159 154 1
160 18 1
160 38 1
160 44 1
160 54 1
160 60 1
160 92 1
160 93 1
160 94 1
160 120 1
160 159 1
161 6 1
161 9 1
161 20 1
161 51 1
161 62 1
161 63 1
161 75 1
161 76 1
161 103 1
161 104 1
161 117 1
161 131 1
161 140 1
161 141 1
161 143 1
161 149 1
161 153 1
162 1 1
162 31 1
162 32 1
162 33 1
162 47 1
162 56 1
162 79 1
162 96 1
162 107 1
162 116 1
162 136 1
162 137 1
163 6 1
163 13 1
163 14 1
163 15 1
163 30 1
163 41 1
163 43 1
163 63 1
163 66 1
163 69 1
163 76 1
163 77 1
163 119 1
163 128 1
163 135 1
163 140 1
163 143 1
163 148 1
