# minsup
1
# graph
G_./1SEK.pdb
# node ID, label
0 A
1 A
2 A
3 A
4 A
5 A
6 A
7 A
8 A
9 A
10 A
11 A
12 A
13 A
14 A
15 A
16 A
17 A
18 A
19 A
20 A
21 A
22 A
23 A
24 A
25 A
26 A
27 A
28 A
29 C
30 D
31 D
32 D
33 D
34 D
35 D
36 D
37 D
38 D
39 D
40 D
41 D
42 D
43 D
44 D
45 D
46 D
47 D
48 D
49 D
50 D
51 D
52 D
53 D
54 D
55 D
56 D
57 E
58 E
59 E
60 E
61 E
62 E
63 E
64 E
65 E
66 E
67 E
68 E
69 E
70 E
71 E
72 E
73 E
74 E
75 E
76 E
77 E
78 E
79 E
80 E
81 E
82 E
83 E
84 E
85 F
86 F
87 F
88 F
89 F
90 F
91 F
92 F
93 F
94 F
95 F
96 F
97 F
98 F
99 F
100 F
101 F
102 F
103 F
104 G
105 G
106 G
107 G
108 G
109 G
110 G
111 G
112 G
113 G
114 G
115 G
116 G
117 G
118 G
119 H
120 H
121 H
122 I
123 I
124 I
125 I
126 I
127 I
128 I
129 I
130 I
131 I
132 I
133 I
134 I
135 I
136 I
137 I
138 I
139 I
140 K
141 K
142 K
143 K
144 K
145 K
146 K
147 K
148 K
149 K
150 K
151 K
152 K
153 K
154 K
155 K
156 K
157 K
158 K
159 K
160 K
161 K
162 K
163 K
164 K
165 K
166 K
167 K
168 K
169 K
170 K
171 K
172 K
173 K
174 L
175 L
176 L
177 L
178 L
179 L
180 L
181 L
182 L
183 L
184 L
185 L
186 L
187 L
188 L
189 L
190 L
191 L
192 L
193 L
194 L
195 L
196 L
197 L
198 L
199 L
200 L
201 L
202 L
203 L
204 L
205 L
206 L
207 M
208 M
209 M
210 M
211 M
212 M
213 M
214 M
215 M
216 N
217 N
218 N
219 N
220 N
221 N
222 N
223 N
224 N
225 N
226 N
227 N
228 N
229 N
230 N
231 N
232 N
233 N
234 N
235 N
236 N
237 N
238 N
239 P
240 P
241 P
242 P
243 P
244 P
245 P
246 P
247 P
248 P
249 P
250 P
251 P
252 P
253 Q
254 Q
255 Q
256 Q
257 Q
258 Q
259 Q
260 Q
261 Q
262 Q
263 Q
264 Q
265 R
266 R
267 R
268 R
269 R
270 R
271 R
272 R
273 R
274 R
275 R
276 R
277 S
278 S
279 S
280 S
281 S
282 S
283 S
284 S
285 S
286 S
287 S
288 S
289 S
290 S
291 S
292 S
293 S
294 S
295 S
296 S
297 S
298 T
299 T
300 T
301 T
302 T
303 T
304 T
305 T
306 T
307 T
308 T
309 T
310 T
311 T
312 T
313 T
314 V
315 V
316 V
317 V
318 V
319 V
320 V
321 V
322 V
323 V
324 V
325 V
326 V
327 V
328 V
329 V
330 V
331 V
332 V
333 V
334 V
335 V
336 V
337 V
338 V
339 V
340 V
341 V
342 V
343 V
344 V
345 V
346 V
347 W
348 W
349 Y
350 Y
351 Y
352 Y
353 Y
354 Y
355 Y
356 Y
# node ID1, node ID2, number of bounds
1 0 1
2 0 1
4 3 1
5 0 1
5 2 1
5 3 1
6 0 1
6 2 1
6 3 1
6 5 1
7 3 1
8 2 1
10 3 1
10 4 1
10 7 1
10 9 1
11 4 1
11 7 1
11 10 1
12 9 1
13 9 1
13 12 1
14 8 1
14 9 1
14 12 1
14 13 1
15 9 1
15 12 1
15 13 1
15 14 1
16 2 1
16 8 1
16 13 1
16 14 1
18 17 1
20 0 1
20 18 1
21 0 1
21 17 1
21 18 1
21 20 1
22 0 1
22 17 1
22 18 1
22 21 1
23 3 1
23 4 1
24 3 1
24 4 1
24 5 1
24 23 1
25 9 1
25 12 1
25 13 1
25 15 1
25 16 1
25 24 1
26 2 1
26 8 1
26 9 1
26 12 1
26 13 1
26 15 1
26 16 1
26 24 1
26 25 1
27 2 1
27 8 1
27 16 1
27 26 1
28 19 1
29 1 1
29 18 1
29 20 1
29 27 1
30 6 1
30 7 1
31 0 1
31 2 1
31 5 1
31 6 1
31 21 1
31 22 1
32 3 1
32 4 1
32 5 1
32 6 1
32 23 1
32 24 1
33 3 1
33 4 1
33 5 1
33 6 1
33 7 1
33 32 1
34 3 1
34 6 1
34 7 1
34 30 1
34 33 1
35 7 1
35 30 1
35 33 1
35 34 1
36 8 1
36 16 1
36 19 1
36 27 1
36 28 1
37 4 1
37 10 1
37 11 1
38 4 1
38 10 1
38 11 1
38 37 1
39 7 1
39 8 1
39 10 1
39 11 1
39 34 1
39 35 1
39 37 1
39 38 1
40 9 1
40 12 1
40 13 1
40 14 1
40 15 1
41 8 1
41 13 1
41 14 1
41 16 1
41 27 1
41 36 1
42 12 1
42 13 1
42 14 1
42 15 1
42 16 1
42 25 1
42 26 1
43 12 1
43 13 1
43 14 1
43 15 1
43 25 1
43 26 1
43 40 1
43 42 1
44 9 1
44 12 1
44 13 1
44 14 1
44 15 1
44 25 1
44 26 1
44 40 1
44 42 1
44 43 1
45 19 1
45 28 1
47 29 1
47 46 1
48 47 1
49 17 1
49 19 1
49 28 1
49 45 1
50 17 1
50 18 1
50 21 1
50 22 1
51 17 1
51 18 1
51 20 1
51 21 1
51 22 1
51 50 1
52 19 1
52 28 1
52 36 1
52 45 1
52 49 1
53 18 1
53 20 1
53 29 1
53 48 1
53 51 1
54 0 1
54 20 1
54 21 1
54 22 1
54 31 1
55 1 1
55 2 1
55 15 1
55 16 1
55 25 1
55 26 1
55 27 1
55 42 1
55 43 1
56 9 1
56 12 1
56 13 1
56 15 1
56 23 1
56 24 1
56 25 1
56 26 1
56 40 1
56 42 1
56 43 1
56 44 1
56 55 1
57 7 1
57 30 1
57 34 1
57 35 1
58 0 1
58 2 1
58 5 1
58 6 1
58 21 1
58 30 1
58 31 1
58 54 1
58 57 1
59 0 1
59 1 1
59 2 1
59 5 1
59 20 1
59 31 1
59 54 1
59 55 1
60 3 1
60 4 1
60 5 1
60 23 1
60 24 1
60 32 1
60 33 1
61 3 1
61 4 1
61 5 1
61 6 1
61 23 1
61 24 1
61 32 1
61 33 1
61 60 1
62 4 1
62 9 1
62 10 1
62 11 1
62 37 1
62 38 1
62 40 1
63 3 1
63 4 1
63 7 1
63 8 1
63 9 1
63 10 1
63 11 1
63 14 1
63 16 1
63 26 1
63 37 1
63 38 1
63 39 1
63 41 1
63 62 1
64 9 1
64 12 1
64 13 1
64 14 1
64 15 1
64 40 1
64 42 1
64 43 1
64 44 1
65 8 1
65 12 1
65 13 1
65 14 1
65 16 1
65 27 1
65 41 1
65 42 1
66 9 1
66 12 1
66 13 1
66 14 1
66 15 1
66 25 1
66 40 1
66 42 1
66 43 1
66 44 1
66 56 1
66 64 1
67 45 1
67 46 1
68 17 1
68 18 1
68 20 1
68 21 1
68 22 1
68 50 1
68 51 1
68 54 1
69 17 1
69 18 1
69 19 1
69 22 1
69 45 1
69 49 1
69 50 1
69 52 1
70 19 1
70 28 1
70 36 1
70 45 1
70 49 1
70 52 1
70 69 1
71 0 1
71 1 1
71 18 1
71 20 1
71 21 1
71 22 1
71 29 1
71 31 1
71 51 1
71 53 1
71 54 1
71 59 1
71 68 1
72 17 1
72 18 1
72 19 1
72 21 1
72 22 1
72 31 1
72 50 1
72 51 1
72 54 1
72 68 1
72 69 1
73 17 1
73 18 1
73 21 1
73 22 1
73 50 1
73 68 1
73 69 1
73 72 1
74 17 1
74 45 1
74 49 1
74 50 1
74 69 1
75 17 1
75 45 1
75 49 1
75 69 1
75 74 1
76 16 1
76 27 1
76 29 1
76 55 1
76 65 1
77 1 1
77 2 1
77 5 1
77 15 1
77 25 1
77 26 1
77 55 1
77 56 1
77 59 1
78 3 1
78 4 1
78 10 1
78 23 1
78 24 1
78 32 1
78 33 1
78 37 1
78 38 1
78 60 1
78 62 1
79 4 1
79 9 1
79 23 1
79 24 1
79 37 1
79 62 1
79 78 1
80 16 1
80 19 1
80 27 1
80 29 1
80 36 1
80 76 1
81 28 1
81 36 1
81 45 1
81 46 1
81 67 1
81 70 1
81 75 1
81 80 1
82 19 1
82 28 1
82 36 1
82 45 1
82 67 1
82 70 1
82 80 1
82 81 1
83 28 1
83 45 1
83 49 1
83 52 1
83 67 1
83 70 1
83 81 1
83 82 1
84 17 1
84 18 1
84 29 1
84 46 1
84 47 1
84 49 1
84 50 1
84 69 1
84 74 1
84 75 1
85 0 1
85 2 1
85 5 1
85 6 1
85 21 1
85 31 1
85 54 1
85 58 1
85 59 1
85 61 1
85 71 1
86 0 1
86 1 1
86 2 1
86 5 1
86 20 1
86 21 1
86 27 1
86 29 1
86 31 1
86 54 1
86 55 1
86 59 1
86 71 1
86 77 1
86 85 1
87 0 1
87 2 1
87 5 1
87 6 1
87 7 1
87 8 1
87 16 1
87 19 1
87 27 1
87 31 1
87 35 1
87 58 1
87 85 1
87 86 1
88 2 1
88 3 1
88 4 1
88 6 1
88 7 1
88 8 1
88 11 1
88 30 1
88 33 1
88 34 1
88 35 1
88 39 1
88 57 1
88 58 1
88 63 1
88 87 1
89 3 1
89 4 1
89 7 1
89 10 1
89 11 1
89 33 1
89 37 1
89 38 1
89 39 1
89 62 1
89 63 1
89 78 1
89 79 1
89 88 1
90 2 1
90 3 1
90 4 1
90 7 1
90 8 1
90 10 1
90 11 1
90 33 1
90 34 1
90 35 1
90 38 1
90 39 1
90 63 1
90 87 1
90 88 1
90 89 1
91 9 1
91 12 1
91 13 1
91 14 1
91 15 1
91 25 1
91 26 1
91 40 1
91 42 1
91 43 1
91 44 1
91 56 1
91 62 1
91 64 1
91 66 1
92 2 1
92 8 1
92 16 1
92 19 1
92 27 1
92 36 1
92 41 1
92 65 1
92 70 1
92 76 1
92 80 1
92 81 1
92 82 1
92 87 1
93 28 1
93 45 1
93 46 1
93 49 1
93 67 1
93 70 1
93 74 1
93 75 1
93 80 1
93 81 1
93 82 1
93 83 1
93 84 1
94 29 1
94 46 1
94 47 1
94 48 1
94 53 1
94 84 1
95 27 1
95 29 1
95 46 1
95 47 1
95 76 1
95 80 1
95 81 1
95 82 1
95 84 1
95 92 1
95 93 1
95 94 1
96 3 1
96 4 1
96 5 1
96 23 1
96 24 1
96 25 1
96 26 1
96 32 1
96 55 1
96 56 1
96 60 1
96 61 1
96 77 1
96 78 1
97 2 1
97 8 1
97 16 1
97 27 1
97 29 1
97 36 1
97 41 1
97 55 1
97 65 1
97 76 1
97 80 1
97 87 1
97 92 1
97 95 1
98 74 1
98 75 1
99 49 1
99 74 1
99 75 1
99 98 1
100 18 1
100 20 1
100 29 1
100 47 1
100 50 1
100 51 1
100 53 1
100 69 1
100 71 1
100 84 1
100 86 1
100 94 1
100 95 1
101 0 1
101 17 1
101 18 1
101 20 1
101 21 1
101 22 1
101 29 1
101 50 1
101 51 1
101 53 1
101 69 1
101 71 1
101 72 1
101 80 1
101 84 1
101 86 1
101 94 1
101 95 1
101 100 1
102 0 1
102 2 1
102 17 1
102 18 1
102 19 1
102 20 1
102 21 1
102 22 1
102 27 1
102 29 1
102 31 1
102 69 1
102 71 1
102 72 1
102 76 1
102 80 1
102 84 1
102 86 1
102 92 1
102 95 1
102 97 1
102 100 1
102 101 1
103 0 1
103 2 1
103 8 1
103 16 1
103 19 1
103 27 1
103 29 1
103 31 1
103 36 1
103 59 1
103 69 1
103 71 1
103 76 1
103 80 1
103 85 1
103 86 1
103 87 1
103 92 1
103 97 1
103 100 1
103 101 1
103 102 1
104 7 1
104 30 1
104 34 1
104 35 1
104 57 1
104 88 1
105 1 1
105 20 1
105 29 1
105 48 1
105 53 1
105 59 1
105 71 1
105 76 1
105 86 1
105 94 1
105 100 1
105 101 1
106 2 1
106 3 1
106 4 1
106 5 1
106 6 1
106 7 1
106 8 1
106 10 1
106 11 1
106 24 1
106 26 1
106 32 1
106 33 1
106 34 1
106 35 1
106 39 1
106 58 1
106 60 1
106 61 1
106 63 1
106 78 1
106 85 1
106 87 1
106 88 1
106 89 1
106 90 1
107 3 1
107 4 1
107 5 1
107 23 1
107 24 1
107 32 1
107 33 1
107 60 1
107 61 1
107 78 1
107 96 1
108 19 1
108 28 1
108 36 1
108 45 1
108 52 1
108 70 1
108 80 1
108 81 1
108 82 1
108 83 1
108 92 1
108 93 1
109 9 1
109 12 1
109 37 1
109 40 1
109 44 1
109 62 1
109 66 1
109 79 1
109 91 1
110 3 1
110 4 1
110 7 1
110 8 1
110 10 1
110 11 1
110 16 1
110 34 1
110 35 1
110 38 1
110 39 1
110 63 1
110 87 1
110 88 1
110 89 1
110 90 1
110 106 1
111 9 1
111 12 1
111 13 1
111 14 1
111 15 1
111 40 1
111 41 1
111 42 1
111 43 1
111 44 1
111 64 1
111 65 1
111 66 1
111 91 1
112 19 1
112 27 1
112 28 1
112 36 1
112 45 1
112 52 1
112 69 1
112 70 1
112 80 1
112 81 1
112 82 1
112 83 1
112 92 1
112 93 1
112 95 1
112 97 1
112 102 1
112 103 1
112 108 1
113 28 1
113 45 1
113 46 1
113 49 1
113 67 1
113 69 1
113 74 1
113 75 1
113 81 1
113 82 1
113 83 1
113 84 1
113 93 1
113 99 1
114 19 1
114 28 1
114 36 1
114 45 1
114 49 1
114 52 1
114 69 1
114 70 1
114 82 1
114 83 1
114 108 1
114 112 1
115 18 1
115 20 1
115 29 1
115 48 1
115 50 1
115 51 1
115 53 1
115 68 1
115 71 1
115 94 1
115 100 1
115 101 1
115 102 1
115 105 1
116 4 1
116 23 1
116 24 1
116 56 1
116 60 1
116 78 1
116 79 1
116 96 1
116 107 1
117 19 1
117 28 1
117 36 1
117 45 1
117 49 1
117 52 1
117 67 1
117 70 1
117 80 1
117 81 1
117 82 1
117 83 1
117 92 1
117 93 1
117 108 1
117 112 1
117 113 1
117 114 1
118 0 1
118 1 1
118 2 1
118 20 1
118 27 1
118 29 1
118 31 1
118 59 1
118 69 1
118 71 1
118 76 1
118 80 1
118 85 1
118 86 1
118 87 1
118 92 1
118 95 1
118 97 1
118 100 1
118 101 1
118 102 1
118 103 1
118 105 1
118 115 1
119 3 1
119 4 1
119 5 1
119 6 1
119 23 1
119 24 1
119 32 1
119 33 1
119 60 1
119 61 1
119 78 1
119 96 1
119 106 1
119 107 1
119 116 1
120 29 1
120 46 1
120 47 1
120 48 1
120 53 1
120 84 1
120 94 1
120 95 1
120 100 1
120 101 1
120 105 1
120 115 1
121 49 1
121 74 1
121 75 1
121 98 1
121 99 1
122 2 1
122 5 1
122 6 1
122 7 1
122 30 1
122 31 1
122 33 1
122 34 1
122 35 1
122 57 1
122 58 1
122 85 1
122 87 1
122 88 1
122 104 1
122 106 1
123 3 1
123 4 1
123 8 1
123 9 1
123 10 1
123 11 1
123 12 1
123 13 1
123 14 1
123 16 1
123 24 1
123 25 1
123 26 1
123 37 1
123 39 1
123 40 1
123 56 1
123 62 1
123 63 1
123 89 1
123 90 1
123 91 1
123 96 1
123 106 1
123 109 1
123 110 1
124 8 1
124 9 1
124 12 1
124 13 1
124 14 1
124 15 1
124 16 1
124 25 1
124 26 1
124 40 1
124 41 1
124 42 1
124 43 1
124 44 1
124 56 1
124 63 1
124 64 1
124 65 1
124 66 1
124 91 1
124 111 1
124 123 1
125 8 1
125 13 1
125 14 1
125 16 1
125 27 1
125 36 1
125 41 1
125 42 1
125 65 1
125 76 1
125 80 1
125 92 1
125 97 1
125 111 1
125 124 1
126 2 1
126 8 1
126 16 1
126 26 1
126 27 1
126 36 1
126 41 1
126 55 1
126 65 1
126 76 1
126 80 1
126 87 1
126 92 1
126 97 1
126 103 1
126 110 1
126 112 1
126 118 1
126 124 1
126 125 1
127 29 1
127 46 1
127 47 1
127 48 1
127 84 1
127 94 1
127 95 1
127 120 1
128 45 1
128 46 1
128 47 1
128 49 1
128 67 1
128 74 1
128 75 1
128 81 1
128 82 1
128 84 1
128 93 1
128 94 1
128 95 1
128 113 1
128 117 1
129 17 1
129 18 1
129 19 1
129 21 1
129 22 1
129 49 1
129 50 1
129 51 1
129 69 1
129 72 1
129 73 1
129 74 1
129 75 1
129 84 1
129 100 1
129 101 1
129 102 1
129 113 1
129 118 1
129 128 1
130 17 1
130 18 1
130 19 1
130 21 1
130 22 1
130 29 1
130 31 1
130 49 1
130 50 1
130 52 1
130 69 1
130 70 1
130 71 1
130 72 1
130 73 1
130 80 1
130 84 1
130 92 1
130 95 1
130 100 1
130 101 1
130 102 1
130 103 1
130 112 1
130 118 1
130 129 1
131 17 1
131 18 1
131 19 1
131 21 1
131 22 1
131 29 1
131 49 1
131 50 1
131 51 1
131 69 1
131 71 1
131 72 1
131 73 1
131 75 1
131 80 1
131 84 1
131 95 1
131 100 1
131 101 1
131 102 1
131 103 1
131 112 1
131 115 1
131 118 1
131 129 1
131 130 1
132 0 1
132 17 1
132 18 1
132 20 1
132 21 1
132 22 1
132 29 1
132 50 1
132 51 1
132 53 1
132 68 1
132 69 1
132 71 1
132 72 1
132 73 1
132 84 1
132 86 1
132 100 1
132 101 1
132 102 1
132 103 1
132 115 1
132 118 1
132 129 1
132 130 1
132 131 1
133 18 1
133 20 1
133 21 1
133 29 1
133 51 1
133 53 1
133 68 1
133 71 1
133 86 1
133 94 1
133 100 1
133 101 1
133 102 1
133 105 1
133 115 1
133 118 1
133 120 1
133 131 1
133 132 1
134 17 1
134 45 1
134 46 1
134 47 1
134 49 1
134 69 1
134 74 1
134 75 1
134 81 1
134 84 1
134 93 1
134 94 1
134 99 1
134 100 1
134 102 1
134 113 1
134 117 1
134 128 1
134 129 1
134 130 1
134 131 1
134 132 1
135 16 1
135 27 1
135 29 1
135 76 1
135 80 1
135 92 1
135 95 1
135 97 1
135 100 1
135 101 1
135 102 1
135 103 1
135 105 1
135 112 1
135 118 1
135 125 1
135 126 1
136 2 1
136 3 1
136 4 1
136 5 1
136 6 1
136 23 1
136 24 1
136 25 1
136 26 1
136 32 1
136 55 1
136 56 1
136 59 1
136 60 1
136 61 1
136 77 1
136 85 1
136 96 1
136 106 1
136 107 1
136 116 1
136 119 1
137 2 1
137 8 1
137 12 1
137 13 1
137 14 1
137 15 1
137 16 1
137 25 1
137 26 1
137 27 1
137 42 1
137 43 1
137 44 1
137 55 1
137 56 1
137 59 1
137 65 1
137 76 1
137 77 1
137 87 1
137 96 1
137 97 1
137 111 1
137 123 1
137 124 1
137 125 1
137 126 1
137 136 1
138 2 1
138 8 1
138 16 1
138 19 1
138 27 1
138 29 1
138 36 1
138 76 1
138 80 1
138 81 1
138 82 1
138 87 1
138 92 1
138 95 1
138 97 1
138 100 1
138 101 1
138 102 1
138 103 1
138 112 1
138 118 1
138 125 1
138 126 1
138 130 1
138 131 1
138 135 1
139 17 1
139 18 1
139 29 1
139 46 1
139 47 1
139 50 1
139 51 1
139 53 1
139 69 1
139 75 1
139 84 1
139 93 1
139 94 1
139 95 1
139 100 1
139 101 1
139 102 1
139 113 1
139 115 1
139 118 1
139 120 1
139 127 1
139 128 1
139 129 1
139 130 1
139 131 1
139 132 1
139 133 1
139 134 1
140 6 1
140 7 1
140 30 1
140 31 1
140 34 1
140 35 1
140 57 1
140 58 1
140 85 1
140 87 1
140 88 1
140 104 1
140 122 1
141 0 1
141 1 1
141 20 1
141 29 1
141 55 1
141 59 1
141 71 1
141 77 1
141 86 1
141 101 1
141 105 1
141 118 1
141 133 1
142 3 1
142 4 1
142 6 1
142 7 1
142 10 1
142 11 1
142 30 1
142 33 1
142 34 1
142 35 1
142 38 1
142 39 1
142 57 1
142 63 1
142 88 1
142 89 1
142 90 1
142 104 1
142 106 1
142 110 1
142 119 1
142 122 1
142 140 1
143 19 1
143 28 1
143 36 1
143 45 1
143 52 1
143 70 1
143 82 1
143 92 1
143 108 1
143 112 1
143 114 1
143 117 1
144 2 1
144 8 1
144 16 1
144 19 1
144 27 1
144 36 1
144 41 1
144 65 1
144 76 1
144 80 1
144 87 1
144 92 1
144 97 1
144 103 1
144 108 1
144 110 1
144 112 1
144 125 1
144 126 1
144 138 1
144 143 1
145 3 1
145 4 1
145 8 1
145 9 1
145 10 1
145 11 1
145 12 1
145 13 1
145 14 1
145 16 1
145 25 1
145 26 1
145 27 1
145 39 1
145 41 1
145 56 1
145 63 1
145 65 1
145 87 1
145 89 1
145 90 1
145 106 1
145 110 1
145 111 1
145 123 1
145 124 1
145 126 1
145 137 1
145 144 1
146 9 1
146 12 1
146 13 1
146 14 1
146 37 1
146 40 1
146 44 1
146 56 1
146 62 1
146 64 1
146 66 1
146 79 1
146 91 1
146 109 1
146 123 1
146 124 1
147 9 1
147 12 1
147 13 1
147 14 1
147 15 1
147 40 1
147 42 1
147 43 1
147 44 1
147 64 1
147 66 1
147 91 1
147 109 1
147 111 1
147 124 1
147 146 1
148 8 1
148 12 1
148 13 1
148 14 1
148 16 1
148 40 1
148 41 1
148 42 1
148 64 1
148 65 1
148 91 1
148 111 1
148 123 1
148 124 1
148 125 1
148 126 1
148 137 1
148 145 1
149 8 1
149 12 1
149 13 1
149 14 1
149 16 1
149 27 1
149 41 1
149 42 1
149 64 1
149 65 1
149 76 1
149 92 1
149 97 1
149 111 1
149 124 1
149 125 1
149 126 1
149 135 1
149 137 1
149 138 1
149 144 1
149 148 1
150 16 1
150 19 1
150 27 1
150 28 1
150 36 1
150 45 1
150 70 1
150 76 1
150 80 1
150 81 1
150 82 1
150 92 1
150 93 1
150 95 1
150 97 1
150 102 1
150 103 1
150 108 1
150 112 1
150 114 1
150 117 1
150 118 1
150 125 1
150 126 1
150 130 1
150 135 1
150 138 1
150 143 1
150 144 1
151 19 1
151 28 1
151 36 1
151 45 1
151 49 1
151 52 1
151 69 1
151 70 1
151 74 1
151 81 1
151 82 1
151 83 1
151 93 1
151 108 1
151 112 1
151 113 1
151 114 1
151 117 1
151 128 1
151 129 1
151 130 1
151 134 1
151 143 1
151 150 1
152 19 1
152 28 1
152 45 1
152 49 1
152 52 1
152 67 1
152 69 1
152 70 1
152 74 1
152 75 1
152 80 1
152 81 1
152 82 1
152 83 1
152 93 1
152 108 1
152 112 1
152 113 1
152 114 1
152 117 1
152 128 1
152 134 1
152 150 1
152 151 1
153 28 1
153 45 1
153 46 1
153 67 1
153 81 1
153 82 1
153 83 1
153 93 1
153 95 1
153 113 1
153 117 1
153 128 1
153 134 1
153 152 1
154 20 1
154 47 1
154 48 1
154 53 1
154 94 1
154 100 1
154 105 1
154 115 1
154 120 1
154 127 1
154 133 1
155 47 1
155 48 1
155 53 1
155 94 1
155 105 1
155 115 1
155 120 1
155 127 1
155 154 1
156 29 1
156 46 1
156 47 1
156 48 1
156 84 1
156 94 1
156 95 1
156 120 1
156 127 1
156 128 1
156 139 1
156 154 1
156 155 1
157 28 1
157 45 1
157 49 1
157 67 1
157 69 1
157 74 1
157 75 1
157 81 1
157 82 1
157 83 1
157 84 1
157 93 1
157 98 1
157 99 1
157 113 1
157 117 1
157 121 1
157 128 1
157 129 1
157 134 1
157 139 1
157 151 1
157 152 1
157 153 1
158 17 1
158 28 1
158 45 1
158 49 1
158 52 1
158 69 1
158 70 1
158 74 1
158 75 1
158 81 1
158 82 1
158 83 1
158 84 1
158 93 1
158 99 1
158 113 1
158 117 1
158 121 1
158 128 1
158 129 1
158 130 1
158 131 1
158 134 1
158 139 1
158 151 1
158 152 1
158 153 1
158 157 1
159 17 1
159 18 1
159 20 1
159 21 1
159 22 1
159 50 1
159 51 1
159 53 1
159 68 1
159 69 1
159 71 1
159 72 1
159 73 1
159 74 1
159 75 1
159 84 1
159 100 1
159 101 1
159 102 1
159 115 1
159 129 1
159 130 1
159 131 1
159 132 1
159 133 1
159 134 1
159 139 1
160 0 1
160 18 1
160 20 1
160 21 1
160 22 1
160 31 1
160 51 1
160 53 1
160 54 1
160 59 1
160 68 1
160 71 1
160 72 1
160 86 1
160 100 1
160 101 1
160 102 1
160 115 1
160 118 1
160 131 1
160 132 1
160 133 1
160 141 1
160 159 1
161 0 1
161 1 1
161 2 1
161 20 1
161 21 1
161 22 1
161 31 1
161 54 1
161 58 1
161 59 1
161 68 1
161 71 1
161 85 1
161 86 1
161 101 1
161 102 1
161 103 1
161 115 1
161 118 1
161 132 1
161 133 1
161 141 1
161 160 1
162 0 1
162 21 1
162 22 1
162 31 1
162 54 1
162 58 1
162 68 1
162 71 1
162 72 1
162 73 1
162 85 1
162 86 1
162 122 1
162 132 1
162 140 1
162 160 1
162 161 1
163 29 1
163 46 1
163 47 1
163 67 1
163 76 1
163 80 1
163 81 1
163 82 1
163 84 1
163 92 1
163 93 1
163 94 1
163 95 1
163 97 1
163 100 1
163 101 1
163 102 1
163 112 1
163 113 1
163 117 1
163 118 1
163 120 1
163 127 1
163 128 1
163 130 1
163 131 1
163 134 1
163 135 1
163 138 1
163 139 1
163 150 1
163 152 1
163 153 1
163 156 1
164 27 1
164 29 1
164 36 1
164 76 1
164 80 1
164 81 1
164 82 1
164 92 1
164 95 1
164 97 1
164 100 1
164 101 1
164 102 1
164 103 1
164 112 1
164 118 1
164 125 1
164 126 1
164 131 1
164 135 1
164 138 1
164 150 1
164 163 1
165 1 1
165 2 1
165 5 1
165 15 1
165 16 1
165 23 1
165 24 1
165 25 1
165 26 1
165 55 1
165 56 1
165 59 1
165 61 1
165 77 1
165 86 1
165 96 1
165 123 1
165 136 1
165 137 1
165 145 1
166 3 1
166 5 1
166 23 1
166 24 1
166 25 1
166 26 1
166 32 1
166 55 1
166 56 1
166 59 1
166 60 1
166 61 1
166 77 1
166 96 1
166 107 1
166 116 1
166 119 1
166 136 1
166 165 1
167 3 1
167 4 1
167 5 1
167 23 1
167 24 1
167 25 1
167 26 1
167 32 1
167 56 1
167 60 1
167 61 1
167 77 1
167 78 1
167 96 1
167 106 1
167 107 1
167 116 1
167 119 1
167 136 1
167 165 1
167 166 1
168 4 1
168 9 1
168 10 1
168 11 1
168 37 1
168 38 1
168 62 1
168 78 1
168 79 1
168 89 1
168 109 1
168 146 1
169 4 1
169 9 1
169 10 1
169 23 1
169 24 1
169 37 1
169 38 1
169 62 1
169 78 1
169 79 1
169 89 1
169 107 1
169 109 1
169 116 1
169 168 1
170 2 1
170 8 1
170 13 1
170 15 1
170 16 1
170 25 1
170 26 1
170 27 1
170 41 1
170 42 1
170 55 1
170 65 1
170 76 1
170 77 1
170 80 1
170 86 1
170 87 1
170 92 1
170 97 1
170 103 1
170 118 1
170 123 1
170 124 1
170 125 1
170 126 1
170 135 1
170 137 1
170 138 1
170 144 1
170 145 1
170 148 1
170 149 1
170 164 1
170 165 1
171 17 1
171 47 1
171 49 1
171 50 1
171 69 1
171 74 1
171 75 1
171 84 1
171 98 1
171 99 1
171 113 1
171 121 1
171 128 1
171 129 1
171 131 1
171 134 1
171 139 1
171 157 1
171 158 1
171 159 1
172 18 1
172 20 1
172 29 1
172 46 1
172 47 1
172 48 1
172 51 1
172 53 1
172 71 1
172 84 1
172 94 1
172 95 1
172 100 1
172 101 1
172 102 1
172 105 1
172 115 1
172 118 1
172 120 1
172 127 1
172 129 1
172 131 1
172 132 1
172 133 1
172 134 1
172 139 1
172 154 1
172 155 1
172 156 1
172 159 1
172 163 1
172 171 1
173 0 1
173 2 1
173 19 1
173 22 1
173 31 1
173 36 1
173 52 1
173 58 1
173 69 1
173 70 1
173 72 1
173 73 1
173 87 1
173 92 1
173 101 1
173 102 1
173 103 1
173 108 1
173 112 1
173 114 1
173 118 1
173 126 1
173 129 1
173 130 1
173 131 1
173 132 1
173 138 1
173 143 1
173 144 1
173 150 1
173 151 1
173 162 1
174 6 1
174 7 1
174 30 1
174 31 1
174 33 1
174 34 1
174 35 1
174 57 1
174 58 1
174 88 1
174 90 1
174 104 1
174 106 1
174 122 1
174 140 1
174 142 1
175 0 1
175 2 1
175 5 1
175 6 1
175 7 1
175 30 1
175 31 1
175 33 1
175 34 1
175 35 1
175 57 1
175 58 1
175 85 1
175 87 1
175 88 1
175 90 1
175 103 1
175 104 1
175 106 1
175 122 1
175 140 1
175 142 1
175 162 1
175 173 1
175 174 1
176 0 1
176 1 1
176 2 1
176 8 1
176 16 1
176 26 1
176 27 1
176 29 1
176 31 1
176 55 1
176 59 1
176 71 1
176 76 1
176 77 1
176 80 1
176 85 1
176 86 1
176 87 1
176 92 1
176 97 1
176 100 1
176 101 1
176 102 1
176 103 1
176 118 1
176 125 1
176 126 1
176 130 1
176 135 1
176 137 1
176 138 1
176 141 1
176 144 1
176 150 1
176 161 1
176 164 1
176 165 1
176 170 1
176 173 1
177 0 1
177 2 1
177 3 1
177 4 1
177 5 1
177 6 1
177 7 1
177 8 1
177 16 1
177 26 1
177 31 1
177 32 1
177 33 1
177 34 1
177 35 1
177 58 1
177 61 1
177 63 1
177 85 1
177 86 1
177 87 1
177 88 1
177 90 1
177 103 1
177 106 1
177 110 1
177 119 1
177 122 1
177 123 1
177 126 1
177 136 1
177 137 1
177 140 1
177 142 1
177 144 1
177 145 1
177 165 1
177 170 1
177 174 1
177 175 1
177 176 1
178 2 1
178 3 1
178 4 1
178 5 1
178 6 1
178 7 1
178 8 1
178 10 1
178 16 1
178 24 1
178 25 1
178 26 1
178 32 1
178 33 1
178 34 1
178 39 1
178 55 1
178 56 1
178 60 1
178 61 1
178 63 1
178 77 1
178 85 1
178 87 1
178 88 1
178 89 1
178 90 1
178 96 1
178 106 1
178 110 1
178 119 1
178 123 1
178 136 1
178 137 1
178 142 1
178 145 1
178 165 1
178 166 1
178 167 1
178 175 1
178 177 1
179 3 1
179 4 1
179 5 1
179 6 1
179 7 1
179 10 1
179 11 1
179 23 1
179 24 1
179 25 1
179 26 1
179 32 1
179 33 1
179 34 1
179 38 1
179 39 1
179 56 1
179 60 1
179 61 1
179 63 1
179 78 1
179 88 1
179 89 1
179 90 1
179 96 1
179 106 1
179 107 1
179 110 1
179 119 1
179 123 1
179 136 1
179 137 1
179 142 1
179 145 1
179 165 1
179 166 1
179 167 1
179 169 1
179 177 1
179 178 1
180 3 1
180 4 1
180 5 1
180 6 1
180 7 1
180 10 1
180 11 1
180 24 1
180 32 1
180 33 1
180 34 1
180 37 1
180 38 1
180 39 1
180 60 1
180 61 1
180 63 1
180 78 1
180 88 1
180 89 1
180 90 1
180 106 1
180 107 1
180 110 1
180 119 1
180 123 1
180 136 1
180 142 1
180 167 1
180 168 1
180 169 1
180 177 1
180 178 1
180 179 1
181 2 1
181 3 1
181 4 1
181 5 1
181 6 1
181 23 1
181 24 1
181 26 1
181 32 1
181 33 1
181 60 1
181 61 1
181 78 1
181 85 1
181 87 1
181 88 1
181 96 1
181 106 1
181 107 1
181 119 1
181 136 1
181 142 1
181 165 1
181 166 1
181 167 1
181 175 1
181 177 1
181 178 1
181 179 1
181 180 1
182 2 1
182 3 1
182 4 1
182 5 1
182 6 1
182 24 1
182 32 1
182 33 1
182 34 1
182 58 1
182 60 1
182 61 1
182 85 1
182 88 1
182 90 1
182 106 1
182 107 1
182 119 1
182 122 1
182 136 1
182 142 1
182 166 1
182 167 1
182 175 1
182 177 1
182 178 1
182 179 1
182 180 1
182 181 1
183 0 1
183 2 1
183 3 1
183 4 1
183 5 1
183 6 1
183 31 1
183 32 1
183 33 1
183 34 1
183 58 1
183 60 1
183 61 1
183 85 1
183 86 1
183 87 1
183 88 1
183 90 1
183 106 1
183 119 1
183 122 1
183 136 1
183 140 1
183 142 1
183 166 1
183 167 1
183 174 1
183 175 1
183 177 1
183 178 1
183 179 1
183 180 1
183 181 1
183 182 1
184 2 1
184 3 1
184 5 1
184 6 1
184 7 1
184 30 1
184 31 1
184 32 1
184 33 1
184 34 1
184 35 1
184 58 1
184 60 1
184 61 1
184 85 1
184 87 1
184 88 1
184 90 1
184 106 1
184 119 1
184 122 1
184 136 1
184 140 1
184 142 1
184 174 1
184 175 1
184 177 1
184 178 1
184 179 1
184 180 1
184 181 1
184 182 1
184 183 1
185 2 1
185 7 1
185 8 1
185 30 1
185 34 1
185 35 1
185 39 1
185 57 1
185 58 1
185 87 1
185 88 1
185 90 1
185 104 1
185 106 1
185 110 1
185 122 1
185 140 1
185 142 1
185 144 1
185 174 1
185 175 1
185 177 1
185 178 1
186 2 1
186 8 1
186 16 1
186 19 1
186 27 1
186 36 1
186 41 1
186 52 1
186 65 1
186 70 1
186 76 1
186 80 1
186 82 1
186 87 1
186 92 1
186 97 1
186 103 1
186 108 1
186 112 1
186 114 1
186 125 1
186 126 1
186 135 1
186 138 1
186 143 1
186 144 1
186 150 1
186 164 1
186 170 1
186 173 1
186 176 1
187 4 1
187 9 1
187 10 1
187 37 1
187 38 1
187 40 1
187 56 1
187 62 1
187 66 1
187 78 1
187 79 1
187 89 1
187 91 1
187 109 1
187 123 1
187 146 1
187 168 1
187 169 1
188 4 1
188 9 1
188 10 1
188 11 1
188 37 1
188 38 1
188 40 1
188 62 1
188 63 1
188 78 1
188 79 1
188 89 1
188 109 1
188 123 1
188 145 1
188 146 1
188 168 1
188 169 1
188 179 1
188 180 1
188 187 1
189 8 1
189 12 1
189 13 1
189 14 1
189 15 1
189 16 1
189 25 1
189 26 1
189 27 1
189 41 1
189 42 1
189 43 1
189 55 1
189 64 1
189 65 1
189 76 1
189 97 1
189 111 1
189 123 1
189 124 1
189 125 1
189 126 1
189 135 1
189 137 1
189 138 1
189 144 1
189 145 1
189 148 1
189 149 1
189 165 1
189 170 1
189 176 1
190 9 1
190 12 1
190 13 1
190 14 1
190 15 1
190 25 1
190 26 1
190 40 1
190 42 1
190 43 1
190 44 1
190 55 1
190 56 1
190 64 1
190 66 1
190 91 1
190 96 1
190 111 1
190 123 1
190 124 1
190 137 1
190 146 1
190 147 1
190 165 1
190 189 1
191 2 1
191 3 1
191 4 1
191 8 1
191 9 1
191 10 1
191 12 1
191 13 1
191 14 1
191 15 1
191 16 1
191 24 1
191 25 1
191 26 1
191 27 1
191 40 1
191 42 1
191 44 1
191 55 1
191 56 1
191 63 1
191 77 1
191 90 1
191 91 1
191 96 1
191 106 1
191 110 1
191 111 1
191 123 1
191 124 1
191 126 1
191 136 1
191 137 1
191 145 1
191 148 1
191 165 1
191 166 1
191 167 1
191 170 1
191 177 1
191 178 1
191 179 1
191 181 1
191 189 1
191 190 1
192 0 1
192 17 1
192 18 1
192 20 1
192 21 1
192 22 1
192 50 1
192 51 1
192 53 1
192 54 1
192 68 1
192 71 1
192 72 1
192 73 1
192 100 1
192 101 1
192 102 1
192 115 1
192 129 1
192 130 1
192 131 1
192 132 1
192 133 1
192 159 1
192 160 1
192 161 1
192 162 1
193 17 1
193 18 1
193 20 1
193 21 1
193 22 1
193 29 1
193 50 1
193 51 1
193 53 1
193 68 1
193 69 1
193 71 1
193 72 1
193 75 1
193 84 1
193 94 1
193 100 1
193 101 1
193 102 1
193 115 1
193 118 1
193 120 1
193 129 1
193 130 1
193 131 1
193 132 1
193 133 1
193 134 1
193 139 1
193 154 1
193 159 1
193 160 1
193 171 1
193 172 1
193 192 1
194 0 1
194 18 1
194 20 1
194 21 1
194 22 1
194 29 1
194 50 1
194 51 1
194 53 1
194 54 1
194 59 1
194 68 1
194 71 1
194 72 1
194 86 1
194 100 1
194 101 1
194 102 1
194 105 1
194 115 1
194 118 1
194 129 1
194 130 1
194 131 1
194 132 1
194 133 1
194 141 1
194 159 1
194 160 1
194 161 1
194 162 1
194 172 1
194 192 1
194 193 1
195 0 1
195 2 1
195 18 1
195 20 1
195 21 1
195 22 1
195 31 1
195 51 1
195 54 1
195 59 1
195 68 1
195 71 1
195 72 1
195 85 1
195 86 1
195 100 1
195 101 1
195 102 1
195 103 1
195 115 1
195 118 1
195 130 1
195 131 1
195 132 1
195 133 1
195 141 1
195 159 1
195 160 1
195 161 1
195 162 1
195 176 1
195 192 1
195 193 1
195 194 1
196 0 1
196 17 1
196 18 1
196 20 1
196 21 1
196 22 1
196 31 1
196 50 1
196 51 1
196 54 1
196 58 1
196 68 1
196 69 1
196 71 1
196 72 1
196 73 1
196 85 1
196 86 1
196 100 1
196 101 1
196 102 1
196 103 1
196 118 1
196 129 1
196 130 1
196 131 1
196 132 1
196 133 1
196 159 1
196 160 1
196 161 1
196 162 1
196 173 1
196 192 1
196 193 1
196 194 1
196 195 1
197 17 1
197 18 1
197 21 1
197 22 1
197 49 1
197 50 1
197 51 1
197 68 1
197 69 1
197 72 1
197 73 1
197 74 1
197 129 1
197 130 1
197 131 1
197 132 1
197 159 1
197 162 1
197 173 1
197 192 1
197 193 1
197 196 1
198 29 1
198 45 1
198 46 1
198 47 1
198 49 1
198 67 1
198 69 1
198 74 1
198 75 1
198 80 1
198 81 1
198 82 1
198 84 1
198 93 1
198 94 1
198 95 1
198 100 1
198 101 1
198 102 1
198 112 1
198 113 1
198 117 1
198 120 1
198 127 1
198 128 1
198 129 1
198 130 1
198 131 1
198 132 1
198 134 1
198 135 1
198 139 1
198 152 1
198 153 1
198 156 1
198 157 1
198 158 1
198 159 1
198 163 1
198 164 1
198 171 1
198 172 1
198 193 1
199 0 1
199 1 1
199 2 1
199 5 1
199 8 1
199 15 1
199 16 1
199 25 1
199 26 1
199 27 1
199 42 1
199 55 1
199 56 1
199 59 1
199 77 1
199 85 1
199 86 1
199 87 1
199 96 1
199 103 1
199 106 1
199 123 1
199 126 1
199 136 1
199 137 1
199 141 1
199 145 1
199 165 1
199 166 1
199 167 1
199 170 1
199 176 1
199 177 1
199 178 1
199 179 1
199 181 1
199 183 1
199 189 1
199 191 1
200 0 1
200 1 1
200 2 1
200 3 1
200 5 1
200 6 1
200 24 1
200 25 1
200 26 1
200 32 1
200 55 1
200 56 1
200 59 1
200 61 1
200 77 1
200 85 1
200 86 1
200 87 1
200 96 1
200 106 1
200 119 1
200 136 1
200 137 1
200 141 1
200 165 1
200 166 1
200 167 1
200 170 1
200 176 1
200 177 1
200 178 1
200 179 1
200 181 1
200 182 1
200 183 1
200 191 1
200 199 1
201 3 1
201 4 1
201 5 1
201 23 1
201 24 1
201 25 1
201 26 1
201 32 1
201 55 1
201 56 1
201 60 1
201 61 1
201 77 1
201 78 1
201 79 1
201 96 1
201 106 1
201 107 1
201 116 1
201 119 1
201 123 1
201 136 1
201 137 1
201 165 1
201 166 1
201 167 1
201 177 1
201 178 1
201 179 1
201 180 1
201 181 1
201 182 1
201 183 1
201 191 1
201 199 1
201 200 1
202 3 1
202 4 1
202 9 1
202 10 1
202 23 1
202 24 1
202 25 1
202 32 1
202 33 1
202 37 1
202 38 1
202 56 1
202 60 1
202 61 1
202 62 1
202 78 1
202 79 1
202 89 1
202 96 1
202 106 1
202 107 1
202 116 1
202 119 1
202 123 1
202 136 1
202 166 1
202 167 1
202 168 1
202 169 1
202 178 1
202 179 1
202 180 1
202 181 1
202 182 1
202 187 1
202 188 1
202 191 1
202 201 1
203 3 1
203 4 1
203 9 1
203 10 1
203 11 1
203 23 1
203 24 1
203 33 1
203 37 1
203 38 1
203 56 1
203 62 1
203 63 1
203 78 1
203 79 1
203 89 1
203 90 1
203 96 1
203 106 1
203 107 1
203 109 1
203 116 1
203 119 1
203 123 1
203 145 1
203 146 1
203 168 1
203 169 1
203 178 1
203 179 1
203 180 1
203 187 1
203 188 1
203 191 1
203 201 1
203 202 1
204 3 1
204 4 1
204 9 1
204 10 1
204 11 1
204 24 1
204 37 1
204 38 1
204 62 1
204 63 1
204 78 1
204 79 1
204 89 1
204 109 1
204 116 1
204 123 1
204 146 1
204 168 1
204 169 1
204 179 1
204 180 1
204 187 1
204 188 1
204 202 1
204 203 1
205 3 1
205 4 1
205 9 1
205 23 1
205 24 1
205 25 1
205 26 1
205 56 1
205 60 1
205 62 1
205 78 1
205 79 1
205 89 1
205 91 1
205 96 1
205 107 1
205 109 1
205 116 1
205 119 1
205 123 1
205 146 1
205 166 1
205 167 1
205 168 1
205 169 1
205 179 1
205 180 1
205 187 1
205 188 1
205 191 1
205 201 1
205 202 1
205 203 1
205 204 1
206 0 1
206 2 1
206 19 1
206 27 1
206 29 1
206 31 1
206 36 1
206 52 1
206 69 1
206 70 1
206 72 1
206 80 1
206 86 1
206 87 1
206 92 1
206 95 1
206 97 1
206 100 1
206 101 1
206 102 1
206 103 1
206 108 1
206 112 1
206 114 1
206 118 1
206 126 1
206 129 1
206 130 1
206 131 1
206 132 1
206 135 1
206 138 1
206 143 1
206 144 1
206 150 1
206 151 1
206 164 1
206 173 1
206 176 1
206 186 1
206 196 1
207 0 1
207 1 1
207 2 1
207 5 1
207 6 1
207 26 1
207 27 1
207 31 1
207 54 1
207 55 1
207 58 1
207 59 1
207 71 1
207 77 1
207 85 1
207 86 1
207 87 1
207 101 1
207 102 1
207 103 1
207 118 1
207 136 1
207 137 1
207 141 1
207 160 1
207 161 1
207 162 1
207 165 1
207 166 1
207 170 1
207 176 1
207 177 1
207 178 1
207 181 1
207 183 1
207 195 1
207 196 1
207 199 1
207 200 1
208 2 1
208 8 1
208 16 1
208 27 1
208 36 1
208 41 1
208 63 1
208 65 1
208 76 1
208 80 1
208 87 1
208 88 1
208 90 1
208 92 1
208 97 1
208 103 1
208 110 1
208 112 1
208 123 1
208 125 1
208 126 1
208 137 1
208 138 1
208 144 1
208 145 1
208 149 1
208 150 1
208 170 1
208 173 1
208 176 1
208 177 1
208 178 1
208 185 1
208 186 1
208 189 1
208 191 1
208 206 1
209 46 1
209 47 1
209 67 1
209 75 1
209 81 1
209 84 1
209 93 1
209 94 1
209 95 1
209 113 1
209 127 1
209 128 1
209 134 1
209 139 1
209 153 1
209 156 1
209 163 1
209 198 1
210 45 1
210 46 1
210 47 1
210 67 1
210 75 1
210 80 1
210 81 1
210 82 1
210 84 1
210 93 1
210 94 1
210 95 1
210 112 1
210 113 1
210 117 1
210 128 1
210 131 1
210 134 1
210 139 1
210 151 1
210 152 1
210 153 1
210 156 1
210 157 1
210 158 1
210 163 1
210 164 1
210 171 1
210 172 1
210 198 1
210 209 1
211 17 1
211 18 1
211 21 1
211 22 1
211 29 1
211 49 1
211 50 1
211 51 1
211 68 1
211 69 1
211 71 1
211 72 1
211 73 1
211 74 1
211 75 1
211 84 1
211 100 1
211 101 1
211 102 1
211 115 1
211 118 1
211 129 1
211 130 1
211 131 1
211 132 1
211 133 1
211 134 1
211 139 1
211 158 1
211 159 1
211 160 1
211 162 1
211 171 1
211 172 1
211 173 1
211 192 1
211 193 1
211 194 1
211 195 1
211 196 1
211 197 1
211 198 1
211 206 1
212 17 1
212 19 1
212 28 1
212 45 1
212 49 1
212 52 1
212 69 1
212 70 1
212 72 1
212 74 1
212 75 1
212 81 1
212 82 1
212 84 1
212 93 1
212 100 1
212 101 1
212 102 1
212 108 1
212 112 1
212 113 1
212 114 1
212 117 1
212 128 1
212 129 1
212 130 1
212 131 1
212 132 1
212 134 1
212 139 1
212 143 1
212 150 1
212 151 1
212 152 1
212 157 1
212 158 1
212 159 1
212 163 1
212 171 1
212 173 1
212 193 1
212 197 1
212 198 1
212 206 1
212 210 1
212 211 1
213 17 1
213 19 1
213 22 1
213 29 1
213 36 1
213 45 1
213 49 1
213 52 1
213 69 1
213 70 1
213 72 1
213 80 1
213 81 1
213 82 1
213 92 1
213 93 1
213 95 1
213 100 1
213 101 1
213 102 1
213 103 1
213 108 1
213 112 1
213 114 1
213 117 1
213 118 1
213 129 1
213 130 1
213 131 1
213 132 1
213 134 1
213 135 1
213 138 1
213 139 1
213 143 1
213 150 1
213 151 1
213 152 1
213 158 1
213 159 1
213 163 1
213 164 1
213 173 1
213 176 1
213 186 1
213 193 1
213 196 1
213 197 1
213 198 1
213 206 1
213 211 1
213 212 1
214 0 1
214 1 1
214 2 1
214 5 1
214 6 1
214 26 1
214 31 1
214 32 1
214 54 1
214 55 1
214 59 1
214 61 1
214 77 1
214 85 1
214 86 1
214 96 1
214 119 1
214 136 1
214 141 1
214 161 1
214 165 1
214 166 1
214 167 1
214 176 1
214 177 1
214 178 1
214 181 1
214 182 1
214 183 1
214 199 1
214 200 1
214 201 1
214 207 1
215 0 1
215 2 1
215 8 1
215 16 1
215 19 1
215 27 1
215 31 1
215 36 1
215 58 1
215 69 1
215 80 1
215 85 1
215 86 1
215 87 1
215 88 1
215 92 1
215 97 1
215 101 1
215 102 1
215 103 1
215 108 1
215 112 1
215 118 1
215 126 1
215 130 1
215 131 1
215 135 1
215 138 1
215 143 1
215 144 1
215 150 1
215 170 1
215 173 1
215 175 1
215 176 1
215 177 1
215 185 1
215 186 1
215 196 1
215 206 1
215 207 1
215 208 1
215 212 1
215 213 1
216 0 1
216 2 1
216 5 1
216 6 1
216 21 1
216 30 1
216 31 1
216 35 1
216 54 1
216 58 1
216 85 1
216 86 1
216 87 1
216 88 1
216 103 1
216 106 1
216 118 1
216 122 1
216 140 1
216 161 1
216 162 1
216 173 1
216 174 1
216 175 1
216 176 1
216 177 1
216 178 1
216 181 1
216 182 1
216 183 1
216 184 1
216 185 1
216 195 1
216 196 1
216 200 1
216 206 1
216 207 1
216 214 1
216 215 1
217 1 1
217 27 1
217 29 1
217 55 1
217 59 1
217 71 1
217 76 1
217 77 1
217 86 1
217 100 1
217 101 1
217 105 1
217 118 1
217 133 1
217 135 1
217 141 1
217 170 1
217 176 1
217 199 1
217 207 1
218 1 1
218 27 1
218 29 1
218 53 1
218 59 1
218 71 1
218 76 1
218 80 1
218 86 1
218 94 1
218 95 1
218 97 1
218 100 1
218 101 1
218 102 1
218 103 1
218 105 1
218 118 1
218 120 1
218 131 1
218 132 1
218 133 1
218 135 1
218 138 1
218 141 1
218 163 1
218 164 1
218 170 1
218 172 1
218 176 1
218 193 1
218 217 1
219 3 1
219 4 1
219 5 1
219 6 1
219 7 1
219 30 1
219 32 1
219 33 1
219 34 1
219 60 1
219 61 1
219 88 1
219 106 1
219 107 1
219 119 1
219 122 1
219 142 1
219 174 1
219 175 1
219 177 1
219 178 1
219 179 1
219 180 1
219 181 1
219 182 1
219 183 1
219 184 1
220 3 1
220 4 1
220 6 1
220 7 1
220 30 1
220 32 1
220 33 1
220 34 1
220 35 1
220 57 1
220 88 1
220 89 1
220 90 1
220 104 1
220 106 1
220 119 1
220 122 1
220 142 1
220 174 1
220 175 1
220 178 1
220 179 1
220 180 1
220 181 1
220 182 1
220 183 1
220 184 1
220 185 1
220 219 1
221 7 1
221 8 1
221 11 1
221 34 1
221 35 1
221 39 1
221 57 1
221 63 1
221 87 1
221 88 1
221 90 1
221 106 1
221 110 1
221 142 1
221 144 1
221 174 1
221 175 1
221 177 1
221 178 1
221 185 1
221 186 1
221 208 1
222 4 1
222 9 1
222 10 1
222 11 1
222 37 1
222 38 1
222 62 1
222 63 1
222 78 1
222 79 1
222 89 1
222 109 1
222 123 1
222 146 1
222 168 1
222 169 1
222 179 1
222 180 1
222 187 1
222 188 1
222 202 1
222 203 1
222 204 1
222 205 1
223 9 1
223 10 1
223 11 1
223 12 1
223 13 1
223 14 1
223 37 1
223 40 1
223 44 1
223 56 1
223 62 1
223 63 1
223 64 1
223 66 1
223 79 1
223 89 1
223 91 1
223 109 1
223 111 1
223 123 1
223 124 1
223 145 1
223 146 1
223 147 1
223 148 1
223 168 1
223 187 1
223 188 1
223 190 1
223 191 1
223 203 1
223 204 1
223 205 1
223 222 1
224 8 1
224 12 1
224 13 1
224 14 1
224 15 1
224 16 1
224 25 1
224 26 1
224 27 1
224 40 1
224 41 1
224 42 1
224 43 1
224 64 1
224 65 1
224 91 1
224 97 1
224 111 1
224 123 1
224 124 1
224 125 1
224 126 1
224 137 1
224 145 1
224 147 1
224 148 1
224 149 1
224 170 1
224 189 1
224 190 1
224 191 1
224 208 1
224 223 1
225 8 1
225 16 1
225 27 1
225 36 1
225 41 1
225 65 1
225 80 1
225 92 1
225 97 1
225 124 1
225 125 1
225 126 1
225 138 1
225 144 1
225 148 1
225 149 1
225 150 1
225 170 1
225 186 1
225 189 1
225 208 1
225 224 1
226 8 1
226 14 1
226 16 1
226 27 1
226 36 1
226 41 1
226 65 1
226 76 1
226 80 1
226 92 1
226 97 1
226 111 1
226 124 1
226 125 1
226 126 1
226 138 1
226 144 1
226 148 1
226 149 1
226 150 1
226 170 1
226 186 1
226 189 1
226 208 1
226 224 1
226 225 1
227 8 1
227 12 1
227 13 1
227 14 1
227 15 1
227 16 1
227 26 1
227 27 1
227 41 1
227 42 1
227 43 1
227 55 1
227 64 1
227 65 1
227 76 1
227 97 1
227 111 1
227 124 1
227 125 1
227 126 1
227 137 1
227 148 1
227 149 1
227 170 1
227 189 1
227 190 1
227 191 1
227 224 1
227 225 1
227 226 1
228 2 1
228 8 1
228 13 1
228 14 1
228 16 1
228 25 1
228 26 1
228 27 1
228 41 1
228 42 1
228 55 1
228 56 1
228 63 1
228 65 1
228 76 1
228 77 1
228 87 1
228 90 1
228 92 1
228 97 1
228 103 1
228 106 1
228 110 1
228 123 1
228 124 1
228 125 1
228 126 1
228 137 1
228 138 1
228 144 1
228 145 1
228 148 1
228 149 1
228 165 1
228 170 1
228 176 1
228 177 1
228 178 1
228 179 1
228 186 1
228 189 1
228 191 1
228 199 1
228 200 1
228 207 1
228 208 1
228 215 1
228 224 1
228 226 1
228 227 1
229 28 1
229 45 1
229 46 1
229 67 1
229 75 1
229 81 1
229 82 1
229 83 1
229 93 1
229 113 1
229 117 1
229 128 1
229 134 1
229 151 1
229 152 1
229 153 1
229 157 1
229 158 1
229 163 1
229 198 1
229 209 1
229 210 1
230 17 1
230 18 1
230 20 1
230 22 1
230 50 1
230 51 1
230 53 1
230 68 1
230 71 1
230 84 1
230 94 1
230 100 1
230 101 1
230 102 1
230 115 1
230 120 1
230 129 1
230 131 1
230 132 1
230 133 1
230 139 1
230 154 1
230 159 1
230 160 1
230 171 1
230 172 1
230 192 1
230 193 1
230 194 1
230 211 1
231 17 1
231 22 1
231 49 1
231 50 1
231 52 1
231 69 1
231 72 1
231 73 1
231 74 1
231 75 1
231 99 1
231 129 1
231 130 1
231 131 1
231 134 1
231 151 1
231 157 1
231 158 1
231 159 1
231 197 1
231 211 1
231 212 1
231 213 1
232 0 1
232 1 1
232 2 1
232 5 1
232 25 1
232 26 1
232 55 1
232 59 1
232 61 1
232 77 1
232 85 1
232 86 1
232 96 1
232 136 1
232 137 1
232 141 1
232 161 1
232 165 1
232 166 1
232 167 1
232 181 1
232 183 1
232 199 1
232 200 1
232 201 1
232 207 1
232 214 1
232 217 1
233 0 1
233 2 1
233 3 1
233 5 1
233 6 1
233 23 1
233 24 1
233 26 1
233 32 1
233 55 1
233 59 1
233 60 1
233 61 1
233 77 1
233 85 1
233 86 1
233 96 1
233 119 1
233 136 1
233 165 1
233 166 1
233 167 1
233 177 1
233 178 1
233 181 1
233 182 1
233 183 1
233 184 1
233 199 1
233 200 1
233 201 1
233 207 1
233 214 1
233 232 1
234 3 1
234 4 1
234 10 1
234 11 1
234 23 1
234 24 1
234 32 1
234 33 1
234 37 1
234 38 1
234 60 1
234 62 1
234 63 1
234 78 1
234 79 1
234 89 1
234 106 1
234 107 1
234 116 1
234 119 1
234 123 1
234 142 1
234 168 1
234 169 1
234 178 1
234 179 1
234 180 1
234 181 1
234 187 1
234 188 1
234 201 1
234 202 1
234 203 1
234 204 1
234 205 1
234 222 1
235 28 1
235 29 1
235 36 1
235 45 1
235 46 1
235 67 1
235 70 1
235 76 1
235 80 1
235 81 1
235 82 1
235 83 1
235 92 1
235 93 1
235 95 1
235 97 1
235 102 1
235 108 1
235 112 1
235 113 1
235 117 1
235 128 1
235 130 1
235 131 1
235 134 1
235 135 1
235 138 1
235 139 1
235 150 1
235 151 1
235 152 1
235 153 1
235 158 1
235 163 1
235 164 1
235 186 1
235 198 1
235 206 1
235 209 1
235 210 1
235 212 1
235 213 1
235 229 1
236 18 1
236 29 1
236 46 1
236 47 1
236 48 1
236 53 1
236 75 1
236 84 1
236 94 1
236 95 1
236 100 1
236 101 1
236 102 1
236 113 1
236 115 1
236 120 1
236 127 1
236 128 1
236 129 1
236 131 1
236 132 1
236 133 1
236 134 1
236 139 1
236 154 1
236 155 1
236 156 1
236 159 1
236 163 1
236 171 1
236 172 1
236 193 1
236 198 1
236 209 1
236 210 1
236 211 1
236 218 1
236 230 1
237 19 1
237 30 1
237 31 1
237 35 1
237 52 1
237 57 1
237 58 1
237 69 1
237 70 1
237 72 1
237 87 1
237 88 1
237 103 1
237 108 1
237 114 1
237 122 1
237 130 1
237 140 1
237 143 1
237 173 1
237 174 1
237 175 1
237 185 1
237 186 1
237 206 1
237 212 1
237 213 1
237 215 1
237 216 1
237 221 1
238 0 1
238 2 1
238 19 1
238 21 1
238 30 1
238 31 1
238 35 1
238 52 1
238 58 1
238 69 1
238 72 1
238 85 1
238 86 1
238 87 1
238 88 1
238 102 1
238 103 1
238 118 1
238 122 1
238 130 1
238 131 1
238 140 1
238 143 1
238 162 1
238 173 1
238 174 1
238 175 1
238 176 1
238 177 1
238 185 1
238 186 1
238 196 1
238 206 1
238 207 1
238 208 1
238 213 1
238 215 1
238 216 1
238 237 1
239 1 1
239 20 1
239 29 1
239 53 1
239 59 1
239 71 1
239 86 1
239 100 1
239 101 1
239 105 1
239 115 1
239 118 1
239 133 1
239 135 1
239 141 1
239 176 1
239 194 1
239 207 1
239 217 1
239 218 1
240 2 1
240 3 1
240 4 1
240 5 1
240 6 1
240 7 1
240 8 1
240 10 1
240 11 1
240 16 1
240 26 1
240 31 1
240 33 1
240 34 1
240 35 1
240 39 1
240 58 1
240 63 1
240 85 1
240 87 1
240 88 1
240 89 1
240 90 1
240 103 1
240 106 1
240 110 1
240 119 1
240 122 1
240 123 1
240 126 1
240 137 1
240 142 1
240 144 1
240 145 1
240 174 1
240 175 1
240 177 1
240 178 1
240 179 1
240 180 1
240 181 1
240 182 1
240 183 1
240 184 1
240 185 1
240 191 1
240 199 1
240 200 1
240 208 1
240 215 1
240 216 1
240 219 1
240 220 1
240 221 1
240 228 1
240 238 1
241 2 1
241 3 1
241 4 1
241 5 1
241 6 1
241 7 1
241 8 1
241 10 1
241 11 1
241 16 1
241 24 1
241 25 1
241 26 1
241 33 1
241 34 1
241 35 1
241 39 1
241 56 1
241 61 1
241 63 1
241 85 1
241 87 1
241 88 1
241 89 1
241 90 1
241 96 1
241 106 1
241 110 1
241 119 1
241 123 1
241 126 1
241 136 1
241 137 1
241 142 1
241 145 1
241 165 1
241 170 1
241 175 1
241 177 1
241 178 1
241 179 1
241 180 1
241 181 1
241 182 1
241 183 1
241 184 1
241 185 1
241 191 1
241 199 1
241 200 1
241 201 1
241 202 1
241 203 1
241 208 1
241 216 1
241 221 1
241 228 1
241 234 1
241 240 1
242 3 1
242 5 1
242 6 1
242 30 1
242 32 1
242 33 1
242 34 1
242 58 1
242 60 1
242 61 1
242 88 1
242 106 1
242 107 1
242 119 1
242 122 1
242 140 1
242 142 1
242 174 1
242 175 1
242 177 1
242 178 1
242 179 1
242 180 1
242 181 1
242 182 1
242 183 1
242 184 1
242 216 1
242 219 1
242 220 1
243 12 1
243 13 1
243 14 1
243 15 1
243 25 1
243 26 1
243 40 1
243 42 1
243 43 1
243 44 1
243 55 1
243 56 1
243 64 1
243 66 1
243 91 1
243 111 1
243 124 1
243 137 1
243 147 1
243 148 1
243 149 1
243 189 1
243 190 1
243 191 1
243 224 1
243 227 1
244 29 1
244 46 1
244 47 1
244 67 1
244 80 1
244 81 1
244 82 1
244 84 1
244 93 1
244 94 1
244 95 1
244 113 1
244 120 1
244 127 1
244 128 1
244 134 1
244 135 1
244 139 1
244 153 1
244 156 1
244 163 1
244 164 1
244 172 1
244 198 1
244 209 1
244 210 1
244 229 1
244 235 1
244 236 1
245 17 1
245 18 1
245 20 1
245 21 1
245 22 1
245 50 1
245 51 1
245 68 1
245 71 1
245 72 1
245 73 1
245 115 1
245 129 1
245 132 1
245 133 1
245 159 1
245 160 1
245 192 1
245 193 1
245 194 1
245 195 1
245 196 1
245 197 1
245 211 1
245 230 1
246 17 1
246 18 1
246 20 1
246 21 1
246 22 1
246 29 1
246 50 1
246 51 1
246 53 1
246 68 1
246 69 1
246 71 1
246 84 1
246 94 1
246 100 1
246 101 1
246 102 1
246 115 1
246 118 1
246 120 1
246 129 1
246 130 1
246 131 1
246 132 1
246 133 1
246 139 1
246 154 1
246 159 1
246 160 1
246 172 1
246 192 1
246 193 1
246 194 1
246 195 1
246 196 1
246 198 1
246 211 1
246 230 1
246 236 1
246 245 1
247 0 1
247 2 1
247 5 1
247 6 1
247 21 1
247 22 1
247 31 1
247 54 1
247 58 1
247 59 1
247 68 1
247 71 1
247 72 1
247 73 1
247 85 1
247 86 1
247 87 1
247 101 1
247 103 1
247 118 1
247 122 1
247 140 1
247 160 1
247 161 1
247 162 1
247 173 1
247 175 1
247 183 1
247 192 1
247 194 1
247 195 1
247 196 1
247 207 1
247 214 1
247 215 1
247 216 1
247 238 1
248 29 1
248 46 1
248 47 1
248 67 1
248 75 1
248 80 1
248 81 1
248 82 1
248 84 1
248 93 1
248 94 1
248 95 1
248 100 1
248 101 1
248 102 1
248 113 1
248 118 1
248 120 1
248 127 1
248 128 1
248 129 1
248 130 1
248 131 1
248 132 1
248 134 1
248 135 1
248 138 1
248 139 1
248 150 1
248 152 1
248 153 1
248 156 1
248 157 1
248 158 1
248 163 1
248 164 1
248 171 1
248 172 1
248 193 1
248 198 1
248 209 1
248 210 1
248 212 1
248 213 1
248 218 1
248 229 1
248 235 1
248 236 1
248 244 1
249 9 1
249 23 1
249 24 1
249 25 1
249 26 1
249 56 1
249 60 1
249 78 1
249 79 1
249 96 1
249 107 1
249 116 1
249 119 1
249 136 1
249 165 1
249 166 1
249 167 1
249 169 1
249 201 1
249 202 1
249 203 1
249 205 1
250 17 1
250 49 1
250 50 1
250 74 1
250 75 1
250 84 1
250 98 1
250 99 1
250 113 1
250 121 1
250 128 1
250 129 1
250 134 1
250 139 1
250 157 1
250 158 1
250 159 1
250 171 1
250 198 1
250 211 1
250 231 1
251 18 1
251 20 1
251 29 1
251 47 1
251 48 1
251 51 1
251 53 1
251 71 1
251 84 1
251 94 1
251 95 1
251 100 1
251 101 1
251 102 1
251 105 1
251 115 1
251 118 1
251 120 1
251 127 1
251 129 1
251 130 1
251 131 1
251 132 1
251 133 1
251 135 1
251 139 1
251 154 1
251 155 1
251 156 1
251 159 1
251 163 1
251 164 1
251 172 1
251 192 1
251 193 1
251 194 1
251 195 1
251 198 1
251 211 1
251 217 1
251 218 1
251 230 1
251 236 1
251 239 1
251 244 1
251 246 1
251 248 1
252 29 1
252 46 1
252 47 1
252 76 1
252 80 1
252 81 1
252 84 1
252 94 1
252 95 1
252 97 1
252 100 1
252 101 1
252 102 1
252 105 1
252 118 1
252 120 1
252 127 1
252 131 1
252 133 1
252 135 1
252 138 1
252 139 1
252 155 1
252 156 1
252 163 1
252 164 1
252 172 1
252 193 1
252 198 1
252 209 1
252 210 1
252 218 1
252 235 1
252 236 1
252 244 1
252 248 1
252 251 1
253 6 1
253 7 1
253 30 1
253 31 1
253 34 1
253 35 1
253 57 1
253 58 1
253 87 1
253 88 1
253 104 1
253 122 1
253 140 1
253 142 1
253 173 1
253 174 1
253 175 1
253 177 1
253 183 1
253 184 1
253 185 1
253 215 1
253 216 1
253 220 1
253 221 1
253 237 1
253 238 1
253 240 1
253 242 1
254 0 1
254 2 1
254 5 1
254 6 1
254 21 1
254 31 1
254 54 1
254 58 1
254 59 1
254 71 1
254 85 1
254 86 1
254 87 1
254 103 1
254 122 1
254 136 1
254 140 1
254 160 1
254 161 1
254 162 1
254 173 1
254 175 1
254 176 1
254 177 1
254 178 1
254 181 1
254 182 1
254 183 1
254 184 1
254 195 1
254 196 1
254 200 1
254 207 1
254 214 1
254 215 1
254 216 1
254 232 1
254 233 1
254 238 1
254 247 1
254 253 1
255 0 1
255 1 1
255 2 1
255 5 1
255 6 1
255 21 1
255 31 1
255 54 1
255 55 1
255 58 1
255 59 1
255 71 1
255 77 1
255 85 1
255 86 1
255 87 1
255 103 1
255 118 1
255 136 1
255 141 1
255 160 1
255 161 1
255 162 1
255 165 1
255 176 1
255 177 1
255 178 1
255 181 1
255 182 1
255 183 1
255 194 1
255 195 1
255 196 1
255 199 1
255 200 1
255 207 1
255 214 1
255 215 1
255 216 1
255 217 1
255 232 1
255 233 1
255 247 1
255 254 1
256 1 1
256 27 1
256 29 1
256 53 1
256 59 1
256 71 1
256 76 1
256 86 1
256 94 1
256 95 1
256 97 1
256 100 1
256 101 1
256 102 1
256 105 1
256 115 1
256 118 1
256 120 1
256 133 1
256 135 1
256 138 1
256 141 1
256 155 1
256 164 1
256 172 1
256 176 1
256 217 1
256 218 1
256 239 1
256 251 1
256 252 1
257 2 1
257 3 1
257 4 1
257 5 1
257 6 1
257 7 1
257 8 1
257 10 1
257 11 1
257 24 1
257 26 1
257 32 1
257 33 1
257 34 1
257 35 1
257 37 1
257 38 1
257 39 1
257 61 1
257 63 1
257 78 1
257 87 1
257 88 1
257 89 1
257 90 1
257 106 1
257 110 1
257 119 1
257 123 1
257 136 1
257 142 1
257 145 1
257 175 1
257 177 1
257 178 1
257 179 1
257 180 1
257 181 1
257 182 1
257 183 1
257 184 1
257 185 1
257 188 1
257 191 1
257 201 1
257 202 1
257 203 1
257 204 1
257 205 1
257 219 1
257 220 1
257 221 1
257 222 1
257 228 1
257 234 1
257 240 1
257 241 1
257 242 1
258 4 1
258 8 1
258 9 1
258 10 1
258 11 1
258 12 1
258 13 1
258 14 1
258 37 1
258 38 1
258 39 1
258 40 1
258 62 1
258 63 1
258 64 1
258 89 1
258 90 1
258 91 1
258 109 1
258 110 1
258 111 1
258 123 1
258 124 1
258 145 1
258 146 1
258 148 1
258 168 1
258 179 1
258 187 1
258 188 1
258 191 1
258 202 1
258 203 1
258 204 1
258 205 1
258 222 1
258 223 1
258 224 1
258 228 1
258 234 1
258 241 1
258 257 1
259 8 1
259 14 1
259 16 1
259 27 1
259 36 1
259 41 1
259 63 1
259 65 1
259 92 1
259 97 1
259 110 1
259 111 1
259 123 1
259 124 1
259 125 1
259 126 1
259 144 1
259 145 1
259 148 1
259 149 1
259 150 1
259 170 1
259 186 1
259 189 1
259 208 1
259 224 1
259 225 1
259 226 1
259 227 1
259 228 1
260 19 1
260 28 1
260 36 1
260 45 1
260 52 1
260 69 1
260 70 1
260 92 1
260 108 1
260 112 1
260 114 1
260 117 1
260 130 1
260 143 1
260 150 1
260 151 1
260 173 1
260 186 1
260 206 1
260 212 1
260 213 1
260 215 1
260 237 1
260 238 1
261 18 1
261 20 1
261 29 1
261 48 1
261 50 1
261 51 1
261 53 1
261 68 1
261 71 1
261 84 1
261 94 1
261 100 1
261 101 1
261 115 1
261 120 1
261 131 1
261 132 1
261 133 1
261 139 1
261 154 1
261 155 1
261 159 1
261 160 1
261 172 1
261 192 1
261 193 1
261 194 1
261 211 1
261 230 1
261 236 1
261 245 1
261 246 1
261 251 1
262 0 1
262 1 1
262 18 1
262 20 1
262 21 1
262 22 1
262 51 1
262 53 1
262 54 1
262 59 1
262 68 1
262 71 1
262 86 1
262 100 1
262 101 1
262 102 1
262 105 1
262 115 1
262 118 1
262 132 1
262 133 1
262 141 1
262 160 1
262 161 1
262 162 1
262 192 1
262 193 1
262 194 1
262 195 1
262 196 1
262 207 1
262 217 1
262 239 1
262 245 1
262 246 1
262 247 1
262 251 1
262 254 1
262 255 1
262 261 1
263 1 1
263 2 1
263 8 1
263 13 1
263 15 1
263 16 1
263 25 1
263 26 1
263 27 1
263 42 1
263 55 1
263 56 1
263 59 1
263 65 1
263 76 1
263 77 1
263 86 1
263 87 1
263 92 1
263 97 1
263 103 1
263 118 1
263 123 1
263 124 1
263 125 1
263 126 1
263 135 1
263 137 1
263 138 1
263 144 1
263 145 1
263 149 1
263 165 1
263 170 1
263 176 1
263 177 1
263 178 1
263 189 1
263 191 1
263 199 1
263 200 1
263 207 1
263 208 1
263 215 1
263 217 1
263 224 1
263 227 1
263 228 1
263 240 1
263 241 1
263 259 1
264 29 1
264 46 1
264 47 1
264 48 1
264 53 1
264 76 1
264 80 1
264 84 1
264 94 1
264 95 1
264 100 1
264 101 1
264 102 1
264 105 1
264 115 1
264 118 1
264 120 1
264 127 1
264 133 1
264 135 1
264 138 1
264 139 1
264 154 1
264 155 1
264 156 1
264 163 1
264 164 1
264 172 1
264 193 1
264 198 1
264 217 1
264 218 1
264 236 1
264 239 1
264 244 1
264 246 1
264 248 1
264 251 1
264 252 1
264 256 1
265 0 1
265 2 1
265 5 1
265 6 1
265 7 1
265 21 1
265 30 1
265 31 1
265 34 1
265 35 1
265 54 1
265 57 1
265 58 1
265 85 1
265 87 1
265 88 1
265 103 1
265 104 1
265 106 1
265 122 1
265 140 1
265 162 1
265 173 1
265 174 1
265 175 1
265 177 1
265 183 1
265 184 1
265 185 1
265 196 1
265 206 1
265 215 1
265 216 1
265 237 1
265 238 1
265 240 1
265 242 1
265 247 1
265 253 1
265 254 1
265 255 1
266 3 1
266 5 1
266 6 1
266 24 1
266 31 1
266 32 1
266 33 1
266 58 1
266 60 1
266 61 1
266 85 1
266 106 1
266 107 1
266 119 1
266 122 1
266 136 1
266 166 1
266 167 1
266 175 1
266 177 1
266 178 1
266 179 1
266 180 1
266 181 1
266 182 1
266 183 1
266 184 1
266 200 1
266 201 1
266 207 1
266 214 1
266 216 1
266 219 1
266 220 1
266 232 1
266 233 1
266 240 1
266 242 1
266 254 1
266 255 1
266 257 1
267 3 1
267 4 1
267 7 1
267 8 1
267 10 1
267 11 1
267 34 1
267 35 1
267 37 1
267 38 1
267 39 1
267 63 1
267 88 1
267 89 1
267 90 1
267 106 1
267 110 1
267 123 1
267 142 1
267 145 1
267 177 1
267 178 1
267 179 1
267 180 1
267 185 1
267 188 1
267 191 1
267 203 1
267 208 1
267 221 1
267 222 1
267 223 1
267 228 1
267 240 1
267 241 1
267 257 1
267 258 1
267 259 1
268 8 1
268 16 1
268 27 1
268 36 1
268 41 1
268 65 1
268 76 1
268 80 1
268 92 1
268 97 1
268 112 1
268 124 1
268 125 1
268 126 1
268 135 1
268 138 1
268 144 1
268 148 1
268 149 1
268 150 1
268 164 1
268 170 1
268 186 1
268 189 1
268 208 1
268 224 1
268 225 1
268 226 1
268 227 1
268 228 1
268 259 1
268 263 1
269 9 1
269 12 1
269 13 1
269 15 1
269 23 1
269 24 1
269 25 1
269 26 1
269 40 1
269 44 1
269 56 1
269 62 1
269 66 1
269 78 1
269 79 1
269 91 1
269 96 1
269 109 1
269 116 1
269 123 1
269 124 1
269 137 1
269 145 1
269 146 1
269 147 1
269 165 1
269 167 1
269 168 1
269 169 1
269 179 1
269 187 1
269 188 1
269 190 1
269 191 1
269 201 1
269 202 1
269 203 1
269 204 1
269 205 1
269 223 1
269 243 1
269 249 1
269 258 1
270 45 1
270 46 1
270 67 1
270 75 1
270 81 1
270 82 1
270 84 1
270 93 1
270 113 1
270 117 1
270 128 1
270 134 1
270 152 1
270 153 1
270 157 1
270 158 1
270 163 1
270 198 1
270 209 1
270 210 1
270 229 1
270 235 1
270 244 1
270 248 1
271 46 1
271 47 1
271 67 1
271 75 1
271 84 1
271 94 1
271 95 1
271 113 1
271 120 1
271 127 1
271 128 1
271 134 1
271 139 1
271 153 1
271 155 1
271 156 1
271 163 1
271 171 1
271 172 1
271 198 1
271 209 1
271 210 1
271 236 1
271 244 1
271 248 1
271 251 1
271 252 1
271 264 1
271 270 1
272 17 1
272 18 1
272 19 1
272 22 1
272 45 1
272 49 1
272 50 1
272 52 1
272 69 1
272 72 1
272 73 1
272 74 1
272 75 1
272 84 1
272 102 1
272 113 1
272 129 1
272 130 1
272 131 1
272 132 1
272 134 1
272 139 1
272 151 1
272 157 1
272 158 1
272 159 1
272 171 1
272 173 1
272 193 1
272 196 1
272 197 1
272 206 1
272 211 1
272 212 1
272 213 1
272 231 1
272 250 1
272 260 1
273 0 1
273 17 1
273 18 1
273 21 1
273 22 1
273 31 1
273 50 1
273 51 1
273 54 1
273 58 1
273 68 1
273 69 1
273 72 1
273 73 1
273 129 1
273 130 1
273 131 1
273 132 1
273 159 1
273 160 1
273 161 1
273 162 1
273 192 1
273 194 1
273 195 1
273 196 1
273 197 1
273 211 1
273 238 1
273 245 1
273 247 1
273 254 1
273 272 1
274 17 1
274 18 1
274 21 1
274 22 1
274 50 1
274 51 1
274 68 1
274 69 1
274 72 1
274 73 1
274 129 1
274 130 1
274 131 1
274 132 1
274 159 1
274 162 1
274 192 1
274 193 1
274 196 1
274 197 1
274 211 1
274 231 1
274 245 1
274 272 1
274 273 1
275 3 1
275 4 1
275 23 1
275 24 1
275 32 1
275 56 1
275 60 1
275 61 1
275 78 1
275 79 1
275 89 1
275 96 1
275 106 1
275 107 1
275 116 1
275 119 1
275 136 1
275 166 1
275 167 1
275 168 1
275 169 1
275 178 1
275 179 1
275 180 1
275 181 1
275 182 1
275 187 1
275 188 1
275 201 1
275 202 1
275 203 1
275 204 1
275 205 1
275 222 1
275 234 1
275 249 1
275 257 1
275 269 1
276 0 1
276 2 1
276 19 1
276 21 1
276 22 1
276 30 1
276 31 1
276 52 1
276 57 1
276 58 1
276 69 1
276 72 1
276 73 1
276 85 1
276 87 1
276 102 1
276 103 1
276 114 1
276 122 1
276 130 1
276 140 1
276 143 1
276 162 1
276 173 1
276 174 1
276 175 1
276 185 1
276 196 1
276 197 1
276 206 1
276 212 1
276 213 1
276 215 1
276 216 1
276 237 1
276 238 1
276 247 1
276 253 1
276 254 1
276 260 1
276 265 1
276 272 1
276 273 1
277 0 1
277 2 1
277 3 1
277 5 1
277 6 1
277 30 1
277 31 1
277 33 1
277 34 1
277 35 1
277 54 1
277 58 1
277 61 1
277 85 1
277 86 1
277 87 1
277 88 1
277 103 1
277 106 1
277 122 1
277 140 1
277 142 1
277 161 1
277 162 1
277 173 1
277 174 1
277 175 1
277 177 1
277 178 1
277 181 1
277 182 1
277 183 1
277 184 1
277 185 1
277 196 1
277 200 1
277 207 1
277 214 1
277 215 1
277 216 1
277 219 1
277 237 1
277 238 1
277 240 1
277 241 1
277 242 1
277 247 1
277 253 1
277 254 1
277 255 1
277 265 1
277 266 1
277 276 1
278 0 1
278 1 1
278 2 1
278 5 1
278 20 1
278 21 1
278 29 1
278 31 1
278 54 1
278 55 1
278 59 1
278 71 1
278 77 1
278 85 1
278 86 1
278 87 1
278 100 1
278 101 1
278 102 1
278 103 1
278 105 1
278 118 1
278 133 1
278 141 1
278 160 1
278 161 1
278 162 1
278 176 1
278 194 1
278 195 1
278 196 1
278 199 1
278 200 1
278 207 1
278 214 1
278 216 1
278 217 1
278 218 1
278 232 1
278 233 1
278 239 1
278 247 1
278 254 1
278 255 1
278 256 1
278 262 1
279 0 1
279 2 1
279 8 1
279 16 1
279 26 1
279 27 1
279 29 1
279 31 1
279 55 1
279 59 1
279 76 1
279 80 1
279 85 1
279 86 1
279 87 1
279 92 1
279 97 1
279 101 1
279 102 1
279 103 1
279 118 1
279 126 1
279 130 1
279 135 1
279 137 1
279 138 1
279 144 1
279 150 1
279 161 1
279 165 1
279 170 1
279 173 1
279 175 1
279 176 1
279 177 1
279 178 1
279 183 1
279 186 1
279 191 1
279 195 1
279 199 1
279 200 1
279 206 1
279 207 1
279 208 1
279 213 1
279 214 1
279 215 1
279 216 1
279 218 1
279 228 1
279 238 1
279 240 1
279 241 1
279 247 1
279 254 1
279 255 1
279 263 1
279 265 1
279 276 1
279 277 1
279 278 1
280 0 1
280 2 1
280 5 1
280 7 1
280 8 1
280 16 1
280 26 1
280 27 1
280 31 1
280 36 1
280 55 1
280 58 1
280 63 1
280 85 1
280 86 1
280 87 1
280 88 1
280 90 1
280 92 1
280 97 1
280 103 1
280 106 1
280 110 1
280 118 1
280 123 1
280 126 1
280 137 1
280 138 1
280 144 1
280 145 1
280 170 1
280 173 1
280 175 1
280 176 1
280 177 1
280 178 1
280 179 1
280 183 1
280 185 1
280 186 1
280 191 1
280 199 1
280 200 1
280 206 1
280 207 1
280 208 1
280 215 1
280 216 1
280 221 1
280 228 1
280 237 1
280 238 1
280 240 1
280 241 1
280 254 1
280 255 1
280 257 1
280 259 1
280 263 1
280 265 1
280 267 1
280 276 1
280 277 1
280 279 1
281 3 1
281 4 1
281 5 1
281 10 1
281 23 1
281 24 1
281 32 1
281 33 1
281 38 1
281 60 1
281 61 1
281 78 1
281 79 1
281 89 1
281 96 1
281 106 1
281 107 1
281 116 1
281 119 1
281 123 1
281 136 1
281 142 1
281 166 1
281 167 1
281 168 1
281 169 1
281 178 1
281 179 1
281 180 1
281 181 1
281 182 1
281 183 1
281 184 1
281 188 1
281 191 1
281 201 1
281 202 1
281 203 1
281 204 1
281 205 1
281 219 1
281 220 1
281 222 1
281 234 1
281 240 1
281 241 1
281 242 1
281 249 1
281 257 1
281 266 1
281 275 1
282 3 1
282 4 1
282 5 1
282 6 1
282 23 1
282 24 1
282 32 1
282 33 1
282 56 1
282 60 1
282 61 1
282 78 1
282 96 1
282 106 1
282 107 1
282 116 1
282 119 1
282 136 1
282 165 1
282 166 1
282 167 1
282 178 1
282 179 1
282 180 1
282 181 1
282 182 1
282 183 1
282 184 1
282 200 1
282 201 1
282 202 1
282 203 1
282 205 1
282 214 1
282 219 1
282 232 1
282 233 1
282 234 1
282 241 1
282 242 1
282 249 1
282 257 1
282 266 1
282 275 1
282 281 1
283 2 1
283 3 1
283 8 1
283 10 1
283 11 1
283 14 1
283 16 1
283 25 1
283 26 1
283 27 1
283 39 1
283 41 1
283 55 1
283 63 1
283 65 1
283 87 1
283 88 1
283 90 1
283 97 1
283 106 1
283 110 1
283 123 1
283 124 1
283 125 1
283 126 1
283 137 1
283 144 1
283 145 1
283 148 1
283 149 1
283 165 1
283 170 1
283 176 1
283 177 1
283 178 1
283 179 1
283 185 1
283 186 1
283 189 1
283 191 1
283 199 1
283 208 1
283 215 1
283 221 1
283 223 1
283 224 1
283 228 1
283 240 1
283 241 1
283 257 1
283 258 1
283 259 1
283 263 1
283 267 1
283 279 1
283 280 1
284 3 1
284 4 1
284 7 1
284 8 1
284 10 1
284 11 1
284 33 1
284 34 1
284 35 1
284 37 1
284 38 1
284 39 1
284 63 1
284 78 1
284 88 1
284 89 1
284 90 1
284 106 1
284 110 1
284 123 1
284 142 1
284 145 1
284 168 1
284 177 1
284 178 1
284 179 1
284 180 1
284 185 1
284 188 1
284 191 1
284 202 1
284 203 1
284 204 1
284 220 1
284 221 1
284 222 1
284 223 1
284 228 1
284 234 1
284 240 1
284 241 1
284 257 1
284 258 1
284 267 1
284 280 1
284 281 1
284 283 1
285 3 1
285 4 1
285 7 1
285 8 1
285 10 1
285 11 1
285 16 1
285 26 1
285 34 1
285 35 1
285 37 1
285 38 1
285 39 1
285 41 1
285 63 1
285 87 1
285 88 1
285 89 1
285 90 1
285 106 1
285 110 1
285 123 1
285 124 1
285 126 1
285 137 1
285 142 1
285 144 1
285 145 1
285 177 1
285 178 1
285 179 1
285 180 1
285 185 1
285 188 1
285 191 1
285 203 1
285 208 1
285 221 1
285 222 1
285 223 1
285 228 1
285 240 1
285 241 1
285 257 1
285 258 1
285 259 1
285 263 1
285 267 1
285 280 1
285 283 1
285 284 1
286 9 1
286 12 1
286 13 1
286 14 1
286 15 1
286 25 1
286 40 1
286 42 1
286 43 1
286 44 1
286 56 1
286 64 1
286 66 1
286 91 1
286 109 1
286 111 1
286 124 1
286 146 1
286 147 1
286 148 1
286 189 1
286 190 1
286 223 1
286 224 1
286 227 1
286 243 1
286 269 1
287 4 1
287 9 1
287 10 1
287 12 1
287 13 1
287 14 1
287 15 1
287 23 1
287 24 1
287 25 1
287 26 1
287 40 1
287 42 1
287 43 1
287 44 1
287 55 1
287 56 1
287 62 1
287 63 1
287 66 1
287 78 1
287 79 1
287 91 1
287 96 1
287 109 1
287 116 1
287 123 1
287 124 1
287 137 1
287 145 1
287 146 1
287 147 1
287 165 1
287 167 1
287 169 1
287 178 1
287 179 1
287 187 1
287 188 1
287 190 1
287 191 1
287 199 1
287 201 1
287 202 1
287 203 1
287 204 1
287 205 1
287 222 1
287 223 1
287 228 1
287 234 1
287 241 1
287 243 1
287 249 1
287 257 1
287 258 1
287 263 1
287 269 1
287 275 1
287 281 1
287 283 1
287 285 1
287 286 1
288 19 1
288 28 1
288 36 1
288 45 1
288 52 1
288 69 1
288 70 1
288 80 1
288 81 1
288 82 1
288 83 1
288 92 1
288 93 1
288 95 1
288 108 1
288 112 1
288 113 1
288 114 1
288 117 1
288 130 1
288 138 1
288 143 1
288 144 1
288 150 1
288 151 1
288 152 1
288 153 1
288 158 1
288 163 1
288 164 1
288 173 1
288 186 1
288 198 1
288 206 1
288 210 1
288 212 1
288 213 1
288 229 1
288 235 1
288 260 1
289 20 1
289 29 1
289 47 1
289 48 1
289 53 1
289 94 1
289 100 1
289 105 1
289 115 1
289 120 1
289 127 1
289 133 1
289 139 1
289 154 1
289 155 1
289 156 1
289 172 1
289 193 1
289 218 1
289 230 1
289 236 1
289 239 1
289 246 1
289 251 1
289 252 1
289 256 1
289 261 1
289 264 1
290 19 1
290 28 1
290 36 1
290 45 1
290 49 1
290 52 1
290 69 1
290 70 1
290 72 1
290 74 1
290 81 1
290 82 1
290 83 1
290 92 1
290 93 1
290 102 1
290 108 1
290 112 1
290 113 1
290 114 1
290 117 1
290 129 1
290 130 1
290 131 1
290 132 1
290 134 1
290 143 1
290 150 1
290 151 1
290 152 1
290 157 1
290 158 1
290 173 1
290 186 1
290 197 1
290 198 1
290 206 1
290 211 1
290 212 1
290 213 1
290 215 1
290 231 1
290 235 1
290 237 1
290 238 1
290 260 1
290 272 1
290 276 1
290 288 1
291 19 1
291 28 1
291 36 1
291 45 1
291 49 1
291 52 1
291 69 1
291 70 1
291 72 1
291 80 1
291 81 1
291 82 1
291 92 1
291 101 1
291 102 1
291 103 1
291 108 1
291 112 1
291 114 1
291 117 1
291 118 1
291 129 1
291 130 1
291 131 1
291 132 1
291 138 1
291 143 1
291 150 1
291 151 1
291 152 1
291 158 1
291 173 1
291 186 1
291 196 1
291 197 1
291 198 1
291 206 1
291 211 1
291 212 1
291 213 1
291 215 1
291 231 1
291 235 1
291 237 1
291 238 1
291 260 1
291 272 1
291 276 1
291 288 1
291 290 1
292 0 1
292 17 1
292 18 1
292 21 1
292 22 1
292 31 1
292 50 1
292 54 1
292 58 1
292 68 1
292 69 1
292 71 1
292 72 1
292 73 1
292 85 1
292 101 1
292 102 1
292 129 1
292 130 1
292 131 1
292 132 1
292 140 1
292 159 1
292 160 1
292 161 1
292 162 1
292 173 1
292 192 1
292 194 1
292 195 1
292 196 1
292 197 1
292 206 1
292 211 1
292 213 1
292 216 1
292 237 1
292 238 1
292 245 1
292 247 1
292 254 1
292 265 1
292 272 1
292 273 1
292 274 1
292 276 1
292 277 1
292 291 1
293 1 1
293 2 1
293 5 1
293 23 1
293 24 1
293 25 1
293 26 1
293 32 1
293 55 1
293 56 1
293 59 1
293 60 1
293 61 1
293 77 1
293 85 1
293 86 1
293 96 1
293 119 1
293 136 1
293 137 1
293 141 1
293 165 1
293 166 1
293 167 1
293 177 1
293 178 1
293 179 1
293 181 1
293 182 1
293 183 1
293 191 1
293 199 1
293 200 1
293 201 1
293 207 1
293 214 1
293 232 1
293 233 1
293 249 1
293 255 1
293 263 1
293 266 1
293 278 1
293 282 1
294 4 1
294 9 1
294 23 1
294 24 1
294 56 1
294 60 1
294 62 1
294 78 1
294 79 1
294 96 1
294 107 1
294 109 1
294 116 1
294 119 1
294 146 1
294 167 1
294 168 1
294 169 1
294 179 1
294 187 1
294 188 1
294 201 1
294 202 1
294 203 1
294 204 1
294 205 1
294 222 1
294 234 1
294 249 1
294 269 1
294 275 1
294 281 1
294 282 1
294 287 1
295 0 1
295 2 1
295 18 1
295 19 1
295 21 1
295 22 1
295 27 1
295 29 1
295 31 1
295 69 1
295 71 1
295 72 1
295 76 1
295 80 1
295 85 1
295 86 1
295 87 1
295 92 1
295 95 1
295 97 1
295 100 1
295 101 1
295 102 1
295 103 1
295 112 1
295 118 1
295 126 1
295 129 1
295 130 1
295 131 1
295 132 1
295 133 1
295 135 1
295 138 1
295 139 1
295 150 1
295 159 1
295 161 1
295 162 1
295 163 1
295 164 1
295 173 1
295 176 1
295 186 1
295 193 1
295 194 1
295 195 1
295 196 1
295 198 1
295 206 1
295 207 1
295 211 1
295 212 1
295 213 1
295 215 1
295 216 1
295 218 1
295 237 1
295 238 1
295 246 1
295 247 1
295 251 1
295 254 1
295 255 1
295 260 1
295 265 1
295 272 1
295 276 1
295 278 1
295 279 1
295 280 1
295 290 1
295 291 1
295 292 1
296 0 1
296 2 1
296 19 1
296 21 1
296 22 1
296 27 1
296 31 1
296 54 1
296 58 1
296 69 1
296 72 1
296 85 1
296 86 1
296 87 1
296 92 1
296 101 1
296 102 1
296 103 1
296 112 1
296 118 1
296 122 1
296 126 1
296 129 1
296 130 1
296 131 1
296 132 1
296 138 1
296 140 1
296 144 1
296 161 1
296 162 1
296 173 1
296 175 1
296 176 1
296 177 1
296 185 1
296 186 1
296 195 1
296 196 1
296 206 1
296 207 1
296 208 1
296 212 1
296 213 1
296 215 1
296 216 1
296 237 1
296 238 1
296 240 1
296 247 1
296 253 1
296 254 1
296 255 1
296 260 1
296 265 1
296 273 1
296 276 1
296 277 1
296 278 1
296 279 1
296 280 1
296 290 1
296 291 1
296 292 1
296 295 1
297 0 1
297 2 1
297 16 1
297 19 1
297 21 1
297 27 1
297 29 1
297 31 1
297 54 1
297 59 1
297 69 1
297 71 1
297 76 1
297 80 1
297 85 1
297 86 1
297 87 1
297 92 1
297 95 1
297 97 1
297 100 1
297 101 1
297 102 1
297 103 1
297 112 1
297 118 1
297 126 1
297 129 1
297 130 1
297 131 1
297 132 1
297 133 1
297 135 1
297 138 1
297 141 1
297 144 1
297 150 1
297 160 1
297 161 1
297 162 1
297 164 1
297 170 1
297 173 1
297 176 1
297 177 1
297 186 1
297 193 1
297 194 1
297 195 1
297 196 1
297 206 1
297 207 1
297 208 1
297 211 1
297 212 1
297 213 1
297 215 1
297 216 1
297 217 1
297 218 1
297 237 1
297 238 1
297 247 1
297 251 1
297 254 1
297 255 1
297 256 1
297 262 1
297 263 1
297 276 1
297 278 1
297 279 1
297 280 1
297 291 1
297 292 1
297 295 1
297 296 1
298 7 1
298 30 1
298 34 1
298 35 1
298 57 1
298 58 1
298 88 1
298 104 1
298 122 1
298 140 1
298 174 1
298 175 1
298 185 1
298 237 1
298 238 1
298 253 1
298 265 1
298 276 1
298 277 1
299 0 1
299 2 1
299 5 1
299 6 1
299 21 1
299 27 1
299 31 1
299 54 1
299 58 1
299 59 1
299 71 1
299 85 1
299 86 1
299 87 1
299 101 1
299 102 1
299 103 1
299 118 1
299 122 1
299 126 1
299 130 1
299 136 1
299 141 1
299 160 1
299 161 1
299 162 1
299 173 1
299 175 1
299 176 1
299 177 1
299 178 1
299 181 1
299 183 1
299 184 1
299 195 1
299 196 1
299 199 1
299 200 1
299 206 1
299 207 1
299 214 1
299 215 1
299 216 1
299 232 1
299 233 1
299 238 1
299 240 1
299 247 1
299 254 1
299 255 1
299 262 1
299 263 1
299 265 1
299 266 1
299 276 1
299 277 1
299 278 1
299 279 1
299 280 1
299 292 1
299 293 1
299 295 1
299 296 1
299 297 1
300 3 1
300 4 1
300 5 1
300 6 1
300 7 1
300 30 1
300 32 1
300 33 1
300 34 1
300 35 1
300 39 1
300 57 1
300 58 1
300 61 1
300 85 1
300 87 1
300 88 1
300 89 1
300 90 1
300 104 1
300 106 1
300 110 1
300 119 1
300 122 1
300 140 1
300 142 1
300 174 1
300 175 1
300 177 1
300 178 1
300 179 1
300 180 1
300 181 1
300 182 1
300 183 1
300 184 1
300 185 1
300 216 1
300 219 1
300 220 1
300 221 1
300 240 1
300 241 1
300 242 1
300 253 1
300 257 1
300 265 1
300 266 1
300 267 1
300 277 1
300 281 1
300 284 1
300 285 1
300 298 1
301 8 1
301 14 1
301 16 1
301 27 1
301 36 1
301 41 1
301 65 1
301 76 1
301 80 1
301 92 1
301 97 1
301 112 1
301 124 1
301 125 1
301 126 1
301 138 1
301 144 1
301 145 1
301 148 1
301 149 1
301 150 1
301 170 1
301 186 1
301 189 1
301 208 1
301 224 1
301 225 1
301 226 1
301 227 1
301 228 1
301 259 1
301 263 1
301 268 1
301 280 1
301 283 1
301 285 1
302 9 1
302 12 1
302 13 1
302 15 1
302 25 1
302 40 1
302 43 1
302 44 1
302 56 1
302 64 1
302 66 1
302 91 1
302 96 1
302 109 1
302 146 1
302 147 1
302 187 1
302 190 1
302 205 1
302 223 1
302 243 1
302 249 1
302 269 1
302 286 1
302 287 1
302 294 1
303 9 1
303 12 1
303 13 1
303 14 1
303 15 1
303 24 1
303 25 1
303 26 1
303 40 1
303 42 1
303 43 1
303 44 1
303 56 1
303 64 1
303 66 1
303 79 1
303 91 1
303 96 1
303 109 1
303 116 1
303 123 1
303 124 1
303 137 1
303 146 1
303 147 1
303 165 1
303 187 1
303 190 1
303 191 1
303 201 1
303 205 1
303 223 1
303 243 1
303 249 1
303 258 1
303 269 1
303 286 1
303 287 1
303 294 1
303 302 1
304 45 1
304 46 1
304 47 1
304 67 1
304 75 1
304 81 1
304 82 1
304 84 1
304 93 1
304 94 1
304 95 1
304 113 1
304 117 1
304 128 1
304 134 1
304 139 1
304 152 1
304 153 1
304 156 1
304 157 1
304 158 1
304 163 1
304 198 1
304 209 1
304 210 1
304 229 1
304 235 1
304 236 1
304 244 1
304 248 1
304 252 1
304 270 1
304 271 1
305 29 1
305 46 1
305 47 1
305 48 1
305 53 1
305 84 1
305 94 1
305 100 1
305 105 1
305 120 1
305 127 1
305 139 1
305 154 1
305 155 1
305 156 1
305 172 1
305 236 1
305 244 1
305 248 1
305 251 1
305 252 1
305 261 1
305 264 1
305 271 1
305 289 1
306 29 1
306 46 1
306 47 1
306 67 1
306 75 1
306 80 1
306 81 1
306 82 1
306 84 1
306 93 1
306 94 1
306 95 1
306 100 1
306 113 1
306 120 1
306 127 1
306 128 1
306 134 1
306 139 1
306 152 1
306 153 1
306 156 1
306 157 1
306 158 1
306 163 1
306 164 1
306 171 1
306 172 1
306 198 1
306 209 1
306 210 1
306 229 1
306 235 1
306 236 1
306 244 1
306 248 1
306 251 1
306 252 1
306 264 1
306 270 1
306 271 1
306 304 1
306 305 1
307 0 1
307 1 1
307 18 1
307 20 1
307 21 1
307 29 1
307 51 1
307 53 1
307 54 1
307 59 1
307 68 1
307 71 1
307 86 1
307 100 1
307 101 1
307 102 1
307 105 1
307 115 1
307 118 1
307 120 1
307 132 1
307 133 1
307 141 1
307 154 1
307 159 1
307 160 1
307 161 1
307 172 1
307 192 1
307 193 1
307 194 1
307 195 1
307 217 1
307 218 1
307 230 1
307 239 1
307 246 1
307 251 1
307 256 1
307 261 1
307 262 1
307 264 1
307 278 1
307 289 1
307 297 1
308 17 1
308 45 1
308 49 1
308 50 1
308 69 1
308 72 1
308 73 1
308 74 1
308 75 1
308 99 1
308 113 1
308 121 1
308 129 1
308 130 1
308 134 1
308 157 1
308 158 1
308 159 1
308 171 1
308 197 1
308 211 1
308 212 1
308 231 1
308 250 1
308 272 1
308 274 1
308 290 1
309 1 1
309 2 1
309 16 1
309 26 1
309 27 1
309 29 1
309 42 1
309 55 1
309 59 1
309 76 1
309 77 1
309 80 1
309 86 1
309 92 1
309 95 1
309 97 1
309 102 1
309 103 1
309 105 1
309 118 1
309 125 1
309 126 1
309 135 1
309 137 1
309 138 1
309 141 1
309 149 1
309 164 1
309 165 1
309 170 1
309 176 1
309 189 1
309 199 1
309 207 1
309 208 1
309 217 1
309 218 1
309 227 1
309 228 1
309 239 1
309 252 1
309 256 1
309 263 1
309 264 1
309 268 1
309 278 1
309 279 1
309 280 1
309 295 1
309 297 1
310 1 1
310 2 1
310 8 1
310 15 1
310 16 1
310 25 1
310 26 1
310 27 1
310 42 1
310 55 1
310 59 1
310 65 1
310 76 1
310 77 1
310 86 1
310 92 1
310 97 1
310 103 1
310 118 1
310 124 1
310 125 1
310 126 1
310 135 1
310 137 1
310 138 1
310 141 1
310 149 1
310 164 1
310 165 1
310 170 1
310 176 1
310 189 1
310 191 1
310 199 1
310 200 1
310 207 1
310 208 1
310 217 1
310 218 1
310 224 1
310 227 1
310 228 1
310 239 1
310 243 1
310 256 1
310 263 1
310 268 1
310 279 1
310 280 1
310 283 1
310 297 1
310 309 1
311 1 1
311 2 1
311 8 1
311 15 1
311 16 1
311 25 1
311 26 1
311 27 1
311 42 1
311 55 1
311 56 1
311 59 1
311 76 1
311 77 1
311 86 1
311 87 1
311 97 1
311 103 1
311 118 1
311 125 1
311 126 1
311 135 1
311 137 1
311 138 1
311 141 1
311 149 1
311 165 1
311 170 1
311 176 1
311 177 1
311 189 1
311 191 1
311 199 1
311 200 1
311 207 1
311 208 1
311 214 1
311 217 1
311 218 1
311 227 1
311 228 1
311 232 1
311 239 1
311 255 1
311 256 1
311 263 1
311 278 1
311 279 1
311 280 1
311 283 1
311 293 1
311 297 1
311 299 1
311 309 1
311 310 1
312 3 1
312 23 1
312 24 1
312 25 1
312 26 1
312 32 1
312 56 1
312 60 1
312 61 1
312 77 1
312 78 1
312 79 1
312 96 1
312 107 1
312 116 1
312 119 1
312 136 1
312 165 1
312 166 1
312 167 1
312 179 1
312 181 1
312 191 1
312 199 1
312 200 1
312 201 1
312 202 1
312 205 1
312 214 1
312 232 1
312 233 1
312 249 1
312 269 1
312 275 1
312 281 1
312 282 1
312 287 1
312 293 1
312 294 1
312 302 1
312 303 1
313 4 1
313 9 1
313 10 1
313 37 1
313 38 1
313 62 1
313 78 1
313 79 1
313 89 1
313 109 1
313 146 1
313 168 1
313 169 1
313 187 1
313 188 1
313 202 1
313 203 1
313 204 1
313 205 1
313 222 1
313 223 1
313 234 1
313 269 1
313 275 1
313 281 1
313 294 1
314 0 1
314 1 1
314 2 1
314 26 1
314 27 1
314 29 1
314 55 1
314 59 1
314 71 1
314 76 1
314 77 1
314 85 1
314 86 1
314 87 1
314 101 1
314 102 1
314 103 1
314 105 1
314 118 1
314 133 1
314 135 1
314 137 1
314 141 1
314 160 1
314 161 1
314 165 1
314 170 1
314 176 1
314 194 1
314 195 1
314 199 1
314 200 1
314 207 1
314 214 1
314 217 1
314 218 1
314 232 1
314 233 1
314 239 1
314 254 1
314 255 1
314 256 1
314 262 1
314 263 1
314 278 1
314 279 1
314 293 1
314 295 1
314 297 1
314 299 1
314 307 1
314 309 1
314 310 1
314 311 1
315 0 1
315 1 1
315 2 1
315 20 1
315 27 1
315 29 1
315 53 1
315 54 1
315 55 1
315 59 1
315 71 1
315 76 1
315 77 1
315 85 1
315 86 1
315 100 1
315 101 1
315 102 1
315 103 1
315 105 1
315 115 1
315 118 1
315 133 1
315 135 1
315 141 1
315 160 1
315 161 1
315 176 1
315 194 1
315 195 1
315 199 1
315 200 1
315 207 1
315 214 1
315 217 1
315 218 1
315 232 1
315 239 1
315 251 1
315 255 1
315 256 1
315 262 1
315 263 1
315 264 1
315 278 1
315 279 1
315 295 1
315 297 1
315 299 1
315 307 1
315 309 1
315 310 1
315 311 1
315 314 1
316 0 1
316 1 1
316 2 1
316 16 1
316 27 1
316 29 1
316 55 1
316 59 1
316 71 1
316 76 1
316 80 1
316 86 1
316 92 1
316 95 1
316 97 1
316 100 1
316 101 1
316 102 1
316 103 1
316 105 1
316 118 1
316 126 1
316 131 1
316 132 1
316 133 1
316 135 1
316 137 1
316 138 1
316 141 1
316 163 1
316 164 1
316 170 1
316 176 1
316 194 1
316 195 1
316 199 1
316 206 1
316 207 1
316 215 1
316 217 1
316 218 1
316 239 1
316 251 1
316 252 1
316 255 1
316 256 1
316 263 1
316 264 1
316 278 1
316 279 1
316 295 1
316 297 1
316 299 1
316 307 1
316 309 1
316 310 1
316 311 1
316 314 1
316 315 1
317 0 1
317 1 1
317 2 1
317 16 1
317 27 1
317 29 1
317 55 1
317 59 1
317 71 1
317 76 1
317 80 1
317 85 1
317 86 1
317 87 1
317 92 1
317 95 1
317 97 1
317 100 1
317 101 1
317 102 1
317 103 1
317 105 1
317 118 1
317 125 1
317 126 1
317 130 1
317 131 1
317 132 1
317 133 1
317 135 1
317 137 1
317 138 1
317 141 1
317 144 1
317 150 1
317 163 1
317 164 1
317 170 1
317 173 1
317 176 1
317 186 1
317 189 1
317 195 1
317 199 1
317 206 1
317 207 1
317 208 1
317 213 1
317 215 1
317 217 1
317 218 1
317 228 1
317 239 1
317 251 1
317 252 1
317 255 1
317 256 1
317 263 1
317 264 1
317 278 1
317 279 1
317 280 1
317 295 1
317 296 1
317 297 1
317 299 1
317 309 1
317 310 1
317 311 1
317 314 1
317 315 1
317 316 1
318 0 1
318 2 1
318 3 1
318 5 1
318 6 1
318 8 1
318 16 1
318 25 1
318 26 1
318 27 1
318 31 1
318 55 1
318 58 1
318 59 1
318 63 1
318 77 1
318 85 1
318 86 1
318 87 1
318 88 1
318 90 1
318 97 1
318 103 1
318 106 1
318 110 1
318 123 1
318 126 1
318 136 1
318 137 1
318 142 1
318 144 1
318 145 1
318 165 1
318 170 1
318 175 1
318 176 1
318 177 1
318 178 1
318 179 1
318 180 1
318 181 1
318 182 1
318 183 1
318 184 1
318 185 1
318 186 1
318 191 1
318 199 1
318 200 1
318 201 1
318 207 1
318 208 1
318 214 1
318 215 1
318 216 1
318 221 1
318 228 1
318 238 1
318 240 1
318 241 1
318 254 1
318 255 1
318 257 1
318 263 1
318 265 1
318 266 1
318 267 1
318 277 1
318 279 1
318 280 1
318 283 1
318 284 1
318 285 1
318 293 1
318 296 1
318 297 1
318 299 1
318 300 1
318 309 1
318 310 1
318 311 1
318 314 1
318 317 1
319 3 1
319 4 1
319 23 1
319 24 1
319 32 1
319 33 1
319 60 1
319 61 1
319 78 1
319 79 1
319 89 1
319 96 1
319 106 1
319 107 1
319 116 1
319 119 1
319 136 1
319 166 1
319 167 1
319 168 1
319 169 1
319 178 1
319 179 1
319 180 1
319 181 1
319 182 1
319 201 1
319 202 1
319 203 1
319 204 1
319 205 1
319 219 1
319 220 1
319 234 1
319 242 1
319 249 1
319 257 1
319 266 1
319 275 1
319 281 1
319 282 1
319 294 1
319 300 1
319 312 1
319 313 1
320 3 1
320 4 1
320 5 1
320 6 1
320 7 1
320 30 1
320 32 1
320 33 1
320 34 1
320 35 1
320 57 1
320 58 1
320 88 1
320 90 1
320 104 1
320 106 1
320 119 1
320 122 1
320 140 1
320 142 1
320 174 1
320 175 1
320 177 1
320 178 1
320 179 1
320 180 1
320 181 1
320 182 1
320 183 1
320 184 1
320 185 1
320 216 1
320 219 1
320 220 1
320 221 1
320 240 1
320 242 1
320 253 1
320 257 1
320 265 1
320 266 1
320 277 1
320 298 1
320 300 1
321 3 1
321 6 1
321 7 1
321 30 1
321 31 1
321 33 1
321 34 1
321 35 1
321 39 1
321 57 1
321 58 1
321 87 1
321 88 1
321 90 1
321 104 1
321 106 1
321 110 1
321 122 1
321 140 1
321 142 1
321 174 1
321 175 1
321 177 1
321 178 1
321 179 1
321 180 1
321 182 1
321 183 1
321 184 1
321 185 1
321 216 1
321 219 1
321 220 1
321 221 1
321 237 1
321 238 1
321 240 1
321 241 1
321 242 1
321 253 1
321 257 1
321 265 1
321 267 1
321 277 1
321 280 1
321 284 1
321 285 1
321 298 1
321 300 1
321 318 1
321 320 1
322 19 1
322 28 1
322 36 1
322 45 1
322 52 1
322 70 1
322 80 1
322 81 1
322 82 1
322 92 1
322 97 1
322 103 1
322 108 1
322 112 1
322 114 1
322 117 1
322 126 1
322 130 1
322 138 1
322 143 1
322 144 1
322 150 1
322 151 1
322 152 1
322 173 1
322 186 1
322 206 1
322 208 1
322 212 1
322 213 1
322 215 1
322 225 1
322 235 1
322 237 1
322 238 1
322 260 1
322 268 1
322 288 1
322 290 1
322 291 1
322 295 1
322 296 1
322 301 1
323 4 1
323 9 1
323 10 1
323 12 1
323 13 1
323 14 1
323 15 1
323 24 1
323 25 1
323 26 1
323 37 1
323 40 1
323 44 1
323 56 1
323 62 1
323 63 1
323 64 1
323 66 1
323 78 1
323 79 1
323 89 1
323 91 1
323 96 1
323 109 1
323 111 1
323 123 1
323 124 1
323 137 1
323 145 1
323 146 1
323 147 1
323 168 1
323 169 1
323 179 1
323 187 1
323 188 1
323 190 1
323 191 1
323 201 1
323 202 1
323 203 1
323 204 1
323 205 1
323 222 1
323 223 1
323 228 1
323 234 1
323 241 1
323 249 1
323 257 1
323 258 1
323 269 1
323 275 1
323 283 1
323 284 1
323 285 1
323 286 1
323 287 1
323 294 1
323 302 1
323 303 1
323 313 1
324 3 1
324 4 1
324 7 1
324 10 1
324 11 1
324 33 1
324 34 1
324 35 1
324 37 1
324 38 1
324 39 1
324 63 1
324 88 1
324 89 1
324 90 1
324 106 1
324 110 1
324 123 1
324 142 1
324 145 1
324 168 1
324 178 1
324 179 1
324 180 1
324 185 1
324 188 1
324 203 1
324 204 1
324 220 1
324 221 1
324 222 1
324 234 1
324 240 1
324 241 1
324 257 1
324 258 1
324 267 1
324 281 1
324 283 1
324 284 1
324 285 1
324 300 1
324 320 1
324 321 1
325 3 1
325 4 1
325 7 1
325 8 1
325 10 1
325 11 1
325 33 1
325 34 1
325 35 1
325 37 1
325 38 1
325 39 1
325 63 1
325 88 1
325 89 1
325 90 1
325 106 1
325 110 1
325 123 1
325 142 1
325 145 1
325 174 1
325 175 1
325 177 1
325 178 1
325 179 1
325 180 1
325 185 1
325 203 1
325 220 1
325 221 1
325 240 1
325 241 1
325 257 1
325 267 1
325 280 1
325 283 1
325 284 1
325 285 1
325 300 1
325 318 1
325 320 1
325 321 1
325 324 1
326 3 1
326 4 1
326 8 1
326 9 1
326 10 1
326 11 1
326 12 1
326 14 1
326 25 1
326 26 1
326 37 1
326 38 1
326 39 1
326 40 1
326 56 1
326 62 1
326 63 1
326 78 1
326 89 1
326 90 1
326 91 1
326 106 1
326 109 1
326 110 1
326 123 1
326 124 1
326 145 1
326 146 1
326 168 1
326 178 1
326 179 1
326 180 1
326 187 1
326 188 1
326 191 1
326 202 1
326 203 1
326 204 1
326 205 1
326 222 1
326 223 1
326 228 1
326 234 1
326 240 1
326 241 1
326 257 1
326 258 1
326 259 1
326 267 1
326 269 1
326 281 1
326 283 1
326 284 1
326 285 1
326 287 1
326 318 1
326 323 1
326 324 1
326 325 1
327 9 1
327 10 1
327 12 1
327 13 1
327 14 1
327 25 1
327 40 1
327 44 1
327 56 1
327 62 1
327 63 1
327 64 1
327 66 1
327 91 1
327 109 1
327 111 1
327 123 1
327 124 1
327 145 1
327 146 1
327 147 1
327 148 1
327 187 1
327 188 1
327 190 1
327 191 1
327 204 1
327 205 1
327 223 1
327 224 1
327 243 1
327 258 1
327 269 1
327 286 1
327 287 1
327 302 1
327 303 1
327 323 1
327 326 1
328 9 1
328 12 1
328 13 1
328 14 1
328 15 1
328 40 1
328 42 1
328 43 1
328 44 1
328 56 1
328 64 1
328 66 1
328 91 1
328 109 1
328 111 1
328 124 1
328 146 1
328 147 1
328 187 1
328 190 1
328 223 1
328 243 1
328 269 1
328 286 1
328 287 1
328 302 1
328 303 1
328 323 1
328 327 1
329 9 1
329 12 1
329 13 1
329 14 1
329 15 1
329 40 1
329 42 1
329 43 1
329 44 1
329 64 1
329 66 1
329 91 1
329 111 1
329 124 1
329 146 1
329 147 1
329 148 1
329 149 1
329 189 1
329 190 1
329 224 1
329 227 1
329 243 1
329 286 1
329 302 1
329 303 1
329 327 1
329 328 1
330 8 1
330 12 1
330 13 1
330 14 1
330 16 1
330 26 1
330 27 1
330 41 1
330 42 1
330 63 1
330 64 1
330 65 1
330 76 1
330 92 1
330 97 1
330 110 1
330 111 1
330 123 1
330 124 1
330 125 1
330 126 1
330 137 1
330 144 1
330 145 1
330 148 1
330 149 1
330 170 1
330 186 1
330 189 1
330 191 1
330 208 1
330 224 1
330 225 1
330 226 1
330 227 1
330 228 1
330 243 1
330 258 1
330 259 1
330 263 1
330 268 1
330 280 1
330 283 1
330 285 1
330 301 1
330 309 1
330 310 1
330 326 1
330 327 1
331 8 1
331 12 1
331 13 1
331 14 1
331 15 1
331 16 1
331 25 1
331 26 1
331 27 1
331 40 1
331 41 1
331 42 1
331 43 1
331 44 1
331 55 1
331 56 1
331 64 1
331 65 1
331 66 1
331 76 1
331 91 1
331 97 1
331 111 1
331 123 1
331 124 1
331 125 1
331 126 1
331 137 1
331 145 1
331 147 1
331 148 1
331 149 1
331 165 1
331 170 1
331 189 1
331 190 1
331 191 1
331 199 1
331 224 1
331 226 1
331 227 1
331 228 1
331 243 1
331 259 1
331 263 1
331 268 1
331 283 1
331 286 1
331 287 1
331 301 1
331 303 1
331 309 1
331 310 1
331 311 1
331 323 1
331 327 1
331 329 1
331 330 1
332 4 1
332 8 1
332 9 1
332 12 1
332 13 1
332 14 1
332 15 1
332 16 1
332 24 1
332 25 1
332 26 1
332 40 1
332 42 1
332 43 1
332 44 1
332 55 1
332 56 1
332 63 1
332 64 1
332 66 1
332 77 1
332 91 1
332 96 1
332 109 1
332 111 1
332 123 1
332 124 1
332 137 1
332 145 1
332 146 1
332 147 1
332 165 1
332 166 1
332 167 1
332 170 1
332 178 1
332 179 1
332 187 1
332 188 1
332 189 1
332 190 1
332 191 1
332 199 1
332 200 1
332 201 1
332 202 1
332 203 1
332 204 1
332 205 1
332 223 1
332 224 1
332 227 1
332 228 1
332 241 1
332 243 1
332 249 1
332 257 1
332 258 1
332 263 1
332 269 1
332 283 1
332 285 1
332 286 1
332 287 1
332 294 1
332 302 1
332 303 1
332 310 1
332 311 1
332 312 1
332 318 1
332 323 1
332 326 1
332 327 1
332 328 1
332 329 1
332 330 1
332 331 1
333 2 1
333 8 1
333 9 1
333 12 1
333 13 1
333 14 1
333 15 1
333 16 1
333 25 1
333 26 1
333 27 1
333 41 1
333 42 1
333 55 1
333 56 1
333 63 1
333 65 1
333 77 1
333 87 1
333 90 1
333 91 1
333 96 1
333 97 1
333 106 1
333 110 1
333 111 1
333 123 1
333 124 1
333 125 1
333 126 1
333 137 1
333 144 1
333 145 1
333 148 1
333 149 1
333 165 1
333 170 1
333 176 1
333 177 1
333 178 1
333 179 1
333 189 1
333 190 1
333 191 1
333 199 1
333 200 1
333 201 1
333 208 1
333 223 1
333 224 1
333 227 1
333 228 1
333 240 1
333 241 1
333 243 1
333 257 1
333 258 1
333 259 1
333 263 1
333 269 1
333 279 1
333 280 1
333 283 1
333 284 1
333 285 1
333 287 1
333 301 1
333 303 1
333 309 1
333 310 1
333 311 1
333 318 1
333 323 1
333 326 1
333 327 1
333 330 1
333 331 1
333 332 1
334 29 1
334 46 1
334 47 1
334 48 1
334 53 1
334 84 1
334 94 1
334 95 1
334 100 1
334 101 1
334 105 1
334 115 1
334 120 1
334 127 1
334 133 1
334 139 1
334 154 1
334 155 1
334 156 1
334 163 1
334 172 1
334 193 1
334 198 1
334 218 1
334 230 1
334 236 1
334 239 1
334 244 1
334 246 1
334 248 1
334 251 1
334 252 1
334 256 1
334 261 1
334 264 1
334 271 1
334 289 1
334 305 1
334 306 1
334 307 1
334 316 1
335 29 1
335 46 1
335 47 1
335 67 1
335 81 1
335 84 1
335 94 1
335 95 1
335 100 1
335 120 1
335 127 1
335 128 1
335 134 1
335 135 1
335 139 1
335 153 1
335 155 1
335 156 1
335 163 1
335 164 1
335 172 1
335 198 1
335 209 1
335 210 1
335 218 1
335 235 1
335 236 1
335 244 1
335 248 1
335 251 1
335 252 1
335 264 1
335 270 1
335 271 1
335 289 1
335 304 1
335 305 1
335 306 1
335 334 1
336 17 1
336 19 1
336 22 1
336 45 1
336 49 1
336 50 1
336 52 1
336 69 1
336 70 1
336 72 1
336 73 1
336 74 1
336 75 1
336 84 1
336 93 1
336 102 1
336 113 1
336 114 1
336 117 1
336 128 1
336 129 1
336 130 1
336 131 1
336 132 1
336 134 1
336 139 1
336 151 1
336 152 1
336 157 1
336 158 1
336 159 1
336 171 1
336 173 1
336 193 1
336 197 1
336 198 1
336 206 1
336 211 1
336 212 1
336 213 1
336 231 1
336 250 1
336 260 1
336 272 1
336 274 1
336 290 1
336 291 1
336 308 1
337 17 1
337 18 1
337 20 1
337 21 1
337 22 1
337 50 1
337 51 1
337 68 1
337 69 1
337 71 1
337 72 1
337 73 1
337 100 1
337 101 1
337 115 1
337 129 1
337 130 1
337 131 1
337 132 1
337 133 1
337 159 1
337 160 1
337 162 1
337 192 1
337 193 1
337 194 1
337 195 1
337 196 1
337 197 1
337 211 1
337 230 1
337 231 1
337 245 1
337 246 1
337 261 1
337 272 1
337 273 1
337 274 1
337 292 1
338 18 1
338 20 1
338 29 1
338 47 1
338 48 1
338 51 1
338 53 1
338 71 1
338 84 1
338 94 1
338 100 1
338 101 1
338 105 1
338 115 1
338 120 1
338 127 1
338 132 1
338 133 1
338 139 1
338 154 1
338 155 1
338 159 1
338 172 1
338 192 1
338 193 1
338 194 1
338 230 1
338 236 1
338 246 1
338 251 1
338 252 1
338 256 1
338 261 1
338 264 1
338 289 1
338 305 1
338 307 1
338 334 1
339 17 1
339 45 1
339 49 1
339 50 1
339 69 1
339 74 1
339 75 1
339 84 1
339 93 1
339 98 1
339 99 1
339 113 1
339 121 1
339 128 1
339 129 1
339 130 1
339 131 1
339 134 1
339 139 1
339 152 1
339 157 1
339 158 1
339 159 1
339 171 1
339 193 1
339 197 1
339 198 1
339 210 1
339 211 1
339 212 1
339 231 1
339 250 1
339 272 1
339 290 1
339 308 1
339 336 1
340 0 1
340 1 1
340 2 1
340 5 1
340 25 1
340 26 1
340 27 1
340 55 1
340 56 1
340 59 1
340 61 1
340 77 1
340 85 1
340 86 1
340 87 1
340 96 1
340 136 1
340 137 1
340 141 1
340 161 1
340 165 1
340 166 1
340 167 1
340 170 1
340 176 1
340 177 1
340 178 1
340 181 1
340 183 1
340 191 1
340 199 1
340 200 1
340 201 1
340 207 1
340 214 1
340 217 1
340 228 1
340 232 1
340 233 1
340 239 1
340 254 1
340 255 1
340 263 1
340 278 1
340 279 1
340 280 1
340 293 1
340 299 1
340 309 1
340 310 1
340 311 1
340 312 1
340 314 1
340 315 1
340 316 1
340 317 1
340 318 1
340 333 1
341 3 1
341 4 1
341 9 1
341 15 1
341 23 1
341 24 1
341 25 1
341 26 1
341 44 1
341 55 1
341 56 1
341 61 1
341 66 1
341 77 1
341 78 1
341 79 1
341 91 1
341 96 1
341 106 1
341 116 1
341 119 1
341 123 1
341 136 1
341 137 1
341 145 1
341 146 1
341 165 1
341 166 1
341 167 1
341 169 1
341 178 1
341 179 1
341 180 1
341 181 1
341 187 1
341 188 1
341 190 1
341 191 1
341 199 1
341 200 1
341 201 1
341 202 1
341 203 1
341 204 1
341 205 1
341 223 1
341 228 1
341 234 1
341 241 1
341 249 1
341 257 1
341 258 1
341 263 1
341 269 1
341 275 1
341 281 1
341 282 1
341 283 1
341 287 1
341 293 1
341 294 1
341 302 1
341 303 1
341 312 1
341 318 1
341 319 1
341 323 1
341 326 1
341 327 1
341 331 1
341 332 1
341 333 1
341 340 1
342 19 1
342 27 1
342 28 1
342 29 1
342 36 1
342 45 1
342 69 1
342 70 1
342 76 1
342 80 1
342 81 1
342 82 1
342 92 1
342 93 1
342 95 1
342 97 1
342 100 1
342 101 1
342 102 1
342 103 1
342 108 1
342 112 1
342 113 1
342 117 1
342 118 1
342 126 1
342 128 1
342 130 1
342 131 1
342 134 1
342 135 1
342 138 1
342 139 1
342 144 1
342 150 1
342 151 1
342 152 1
342 153 1
342 163 1
342 164 1
342 173 1
342 176 1
342 186 1
342 198 1
342 206 1
342 210 1
342 212 1
342 213 1
342 215 1
342 218 1
342 229 1
342 235 1
342 244 1
342 248 1
342 252 1
342 264 1
342 268 1
342 288 1
342 290 1
342 291 1
342 295 1
342 297 1
342 304 1
342 306 1
342 309 1
342 316 1
342 317 1
342 322 1
342 335 1
343 17 1
343 49 1
343 74 1
343 75 1
343 84 1
343 98 1
343 99 1
343 113 1
343 121 1
343 128 1
343 129 1
343 134 1
343 157 1
343 158 1
343 171 1
343 231 1
343 250 1
343 272 1
343 308 1
343 336 1
343 339 1
344 17 1
344 18 1
344 47 1
344 49 1
344 50 1
344 69 1
344 74 1
344 75 1
344 84 1
344 93 1
344 94 1
344 99 1
344 100 1
344 101 1
344 113 1
344 120 1
344 128 1
344 129 1
344 130 1
344 131 1
344 132 1
344 134 1
344 139 1
344 157 1
344 158 1
344 159 1
344 163 1
344 171 1
344 172 1
344 193 1
344 198 1
344 210 1
344 211 1
344 212 1
344 230 1
344 231 1
344 236 1
344 246 1
344 248 1
344 250 1
344 251 1
344 261 1
344 271 1
344 272 1
344 306 1
344 308 1
344 336 1
344 337 1
344 338 1
344 339 1
344 343 1
345 0 1
345 1 1
345 2 1
345 18 1
345 20 1
345 27 1
345 29 1
345 53 1
345 59 1
345 71 1
345 76 1
345 80 1
345 86 1
345 94 1
345 95 1
345 97 1
345 100 1
345 101 1
345 102 1
345 103 1
345 105 1
345 115 1
345 118 1
345 120 1
345 129 1
345 130 1
345 131 1
345 132 1
345 133 1
345 135 1
345 138 1
345 139 1
345 141 1
345 159 1
345 160 1
345 161 1
345 163 1
345 164 1
345 172 1
345 176 1
345 192 1
345 193 1
345 194 1
345 195 1
345 196 1
345 198 1
345 206 1
345 207 1
345 211 1
345 213 1
345 215 1
345 217 1
345 218 1
345 236 1
345 239 1
345 246 1
345 248 1
345 251 1
345 252 1
345 255 1
345 256 1
345 261 1
345 262 1
345 264 1
345 278 1
345 279 1
345 289 1
345 295 1
345 296 1
345 297 1
345 299 1
345 307 1
345 309 1
345 310 1
345 311 1
345 314 1
345 315 1
345 316 1
345 317 1
345 334 1
345 338 1
345 342 1
346 1 1
346 20 1
346 29 1
346 47 1
346 48 1
346 53 1
346 71 1
346 76 1
346 84 1
346 94 1
346 95 1
346 100 1
346 101 1
346 102 1
346 105 1
346 115 1
346 118 1
346 120 1
346 127 1
346 131 1
346 132 1
346 133 1
346 135 1
346 138 1
346 139 1
346 141 1
346 154 1
346 155 1
346 156 1
346 163 1
346 164 1
346 172 1
346 176 1
346 193 1
346 194 1
346 198 1
346 217 1
346 218 1
346 230 1
346 236 1
346 239 1
346 244 1
346 246 1
346 248 1
346 251 1
346 252 1
346 256 1
346 261 1
346 264 1
346 271 1
346 289 1
346 295 1
346 297 1
346 305 1
346 306 1
346 307 1
346 309 1
346 314 1
346 315 1
346 316 1
346 317 1
346 334 1
346 335 1
346 338 1
346 342 1
346 345 1
347 8 1
347 12 1
347 13 1
347 14 1
347 16 1
347 40 1
347 41 1
347 42 1
347 63 1
347 64 1
347 65 1
347 111 1
347 123 1
347 124 1
347 125 1
347 126 1
347 137 1
347 144 1
347 145 1
347 148 1
347 149 1
347 170 1
347 189 1
347 191 1
347 208 1
347 223 1
347 224 1
347 225 1
347 226 1
347 227 1
347 228 1
347 243 1
347 258 1
347 259 1
347 263 1
347 268 1
347 283 1
347 285 1
347 301 1
347 323 1
347 326 1
347 327 1
347 329 1
347 330 1
347 331 1
347 332 1
347 333 1
348 19 1
348 28 1
348 36 1
348 45 1
348 49 1
348 52 1
348 69 1
348 70 1
348 80 1
348 81 1
348 82 1
348 83 1
348 92 1
348 93 1
348 95 1
348 108 1
348 112 1
348 113 1
348 114 1
348 117 1
348 128 1
348 129 1
348 130 1
348 131 1
348 134 1
348 138 1
348 143 1
348 150 1
348 151 1
348 152 1
348 153 1
348 157 1
348 158 1
348 163 1
348 173 1
348 186 1
348 198 1
348 206 1
348 210 1
348 212 1
348 213 1
348 229 1
348 235 1
348 248 1
348 260 1
348 272 1
348 288 1
348 290 1
348 291 1
348 295 1
348 322 1
348 336 1
348 342 1
349 4 1
349 8 1
349 9 1
349 10 1
349 11 1
349 12 1
349 13 1
349 14 1
349 15 1
349 16 1
349 25 1
349 26 1
349 37 1
349 40 1
349 42 1
349 44 1
349 56 1
349 62 1
349 63 1
349 64 1
349 66 1
349 89 1
349 91 1
349 96 1
349 109 1
349 110 1
349 111 1
349 123 1
349 124 1
349 137 1
349 145 1
349 146 1
349 147 1
349 148 1
349 178 1
349 179 1
349 187 1
349 188 1
349 189 1
349 190 1
349 191 1
349 201 1
349 202 1
349 203 1
349 204 1
349 205 1
349 222 1
349 223 1
349 224 1
349 228 1
349 241 1
349 243 1
349 257 1
349 258 1
349 263 1
349 267 1
349 269 1
349 283 1
349 284 1
349 285 1
349 286 1
349 287 1
349 302 1
349 303 1
349 323 1
349 326 1
349 327 1
349 328 1
349 329 1
349 330 1
349 331 1
349 332 1
349 333 1
349 341 1
349 347 1
350 2 1
350 8 1
350 16 1
350 19 1
350 27 1
350 36 1
350 41 1
350 65 1
350 76 1
350 80 1
350 87 1
350 92 1
350 95 1
350 97 1
350 103 1
350 108 1
350 112 1
350 118 1
350 125 1
350 126 1
350 135 1
350 137 1
350 138 1
350 144 1
350 149 1
350 150 1
350 164 1
350 170 1
350 173 1
350 176 1
350 186 1
350 189 1
350 206 1
350 208 1
350 213 1
350 215 1
350 224 1
350 225 1
350 226 1
350 227 1
350 228 1
350 235 1
350 259 1
350 263 1
350 268 1
350 279 1
350 280 1
350 283 1
350 288 1
350 295 1
350 296 1
350 297 1
350 301 1
350 309 1
350 310 1
350 311 1
350 316 1
350 317 1
350 318 1
350 322 1
350 330 1
350 333 1
350 342 1
350 347 1
351 17 1
351 18 1
351 22 1
351 49 1
351 50 1
351 51 1
351 68 1
351 69 1
351 72 1
351 73 1
351 74 1
351 75 1
351 84 1
351 101 1
351 102 1
351 129 1
351 130 1
351 131 1
351 132 1
351 134 1
351 139 1
351 157 1
351 158 1
351 159 1
351 171 1
351 192 1
351 193 1
351 196 1
351 197 1
351 198 1
351 211 1
351 212 1
351 213 1
351 230 1
351 231 1
351 245 1
351 246 1
351 250 1
351 272 1
351 273 1
351 274 1
351 290 1
351 291 1
351 292 1
351 295 1
351 308 1
351 336 1
351 337 1
351 339 1
351 343 1
351 344 1
352 19 1
352 28 1
352 36 1
352 45 1
352 49 1
352 52 1
352 69 1
352 70 1
352 80 1
352 81 1
352 82 1
352 83 1
352 92 1
352 93 1
352 102 1
352 108 1
352 112 1
352 113 1
352 114 1
352 117 1
352 129 1
352 130 1
352 131 1
352 138 1
352 143 1
352 150 1
352 151 1
352 152 1
352 157 1
352 158 1
352 173 1
352 186 1
352 206 1
352 212 1
352 213 1
352 215 1
352 235 1
352 237 1
352 260 1
352 272 1
352 276 1
352 288 1
352 290 1
352 291 1
352 295 1
352 296 1
352 322 1
352 336 1
352 342 1
352 348 1
353 17 1
353 22 1
353 49 1
353 50 1
353 69 1
353 72 1
353 73 1
353 74 1
353 129 1
353 130 1
353 131 1
353 132 1
353 158 1
353 159 1
353 196 1
353 197 1
353 211 1
353 212 1
353 231 1
353 250 1
353 272 1
353 273 1
353 274 1
353 290 1
353 291 1
353 292 1
353 308 1
353 336 1
353 337 1
353 339 1
353 343 1
353 351 1
354 29 1
354 45 1
354 46 1
354 47 1
354 49 1
354 67 1
354 69 1
354 74 1
354 75 1
354 81 1
354 84 1
354 93 1
354 94 1
354 95 1
354 100 1
354 102 1
354 113 1
354 120 1
354 127 1
354 128 1
354 129 1
354 130 1
354 131 1
354 132 1
354 134 1
354 139 1
354 152 1
354 153 1
354 156 1
354 157 1
354 158 1
354 159 1
354 163 1
354 171 1
354 172 1
354 193 1
354 198 1
354 209 1
354 210 1
354 211 1
354 212 1
354 213 1
354 229 1
354 235 1
354 236 1
354 244 1
354 246 1
354 248 1
354 250 1
354 251 1
354 252 1
354 270 1
354 271 1
354 304 1
354 306 1
354 335 1
354 336 1
354 339 1
354 342 1
354 343 1
354 344 1
354 348 1
354 351 1
355 3 1
355 4 1
355 9 1
355 23 1
355 24 1
355 25 1
355 26 1
355 44 1
355 56 1
355 60 1
355 61 1
355 62 1
355 77 1
355 78 1
355 79 1
355 91 1
355 96 1
355 107 1
355 109 1
355 116 1
355 119 1
355 123 1
355 136 1
355 137 1
355 145 1
355 146 1
355 165 1
355 166 1
355 167 1
355 168 1
355 169 1
355 178 1
355 179 1
355 180 1
355 181 1
355 187 1
355 188 1
355 190 1
355 191 1
355 199 1
355 200 1
355 201 1
355 202 1
355 203 1
355 204 1
355 205 1
355 223 1
355 234 1
355 241 1
355 249 1
355 257 1
355 258 1
355 269 1
355 275 1
355 281 1
355 282 1
355 287 1
355 293 1
355 294 1
355 302 1
355 303 1
355 312 1
355 313 1
355 319 1
355 323 1
355 326 1
355 332 1
355 333 1
355 341 1
355 349 1
356 2 1
356 19 1
356 31 1
356 36 1
356 52 1
356 58 1
356 69 1
356 70 1
356 72 1
356 87 1
356 92 1
356 102 1
356 103 1
356 108 1
356 112 1
356 114 1
356 126 1
356 130 1
356 131 1
356 140 1
356 143 1
356 144 1
356 150 1
356 151 1
356 173 1
356 175 1
356 185 1
356 186 1
356 196 1
356 206 1
356 208 1
356 212 1
356 213 1
356 215 1
356 216 1
356 221 1
356 237 1
356 238 1
356 253 1
356 260 1
356 265 1
356 276 1
356 279 1
356 280 1
356 288 1
356 290 1
356 291 1
356 292 1
356 295 1
356 296 1
356 297 1
356 299 1
356 322 1
356 348 1
356 350 1
356 352 1
