# minsup
1
# graph
G_./3EVJ.pdb
# node ID, label
0 A
1 A
2 A
3 A
4 A
5 A
6 A
7 A
8 A
9 A
10 A
11 A
12 A
13 A
14 A
15 A
16 A
17 A
18 A
19 A
20 A
21 A
22 A
23 A
24 A
25 A
26 A
27 A
28 A
29 A
30 D
31 D
32 D
33 D
34 D
35 D
36 D
37 D
38 D
39 E
40 E
41 E
42 E
43 E
44 E
45 E
46 E
47 E
48 E
49 E
50 E
51 E
52 E
53 E
54 E
55 E
56 E
57 E
58 E
59 E
60 E
61 E
62 E
63 E
64 E
65 E
66 F
67 F
68 F
69 F
70 F
71 F
72 F
73 F
74 F
75 F
76 F
77 F
78 F
79 F
80 F
81 F
82 F
83 F
84 F
85 F
86 F
87 F
88 F
89 F
90 F
91 F
92 F
93 F
94 F
95 F
96 F
97 F
98 F
99 F
100 F
101 F
102 F
103 G
104 G
105 G
106 G
107 G
108 G
109 G
110 G
111 G
112 G
113 G
114 G
115 G
116 G
117 G
118 G
119 G
120 H
121 H
122 H
123 H
124 H
125 I
126 I
127 I
128 I
129 I
130 I
131 I
132 I
133 I
134 I
135 I
136 I
137 I
138 I
139 I
140 I
141 I
142 I
143 I
144 I
145 I
146 I
147 I
148 I
149 I
150 I
151 I
152 K
153 K
154 K
155 K
156 K
157 K
158 K
159 K
160 K
161 K
162 K
163 K
164 K
165 K
166 K
167 K
168 K
169 K
170 K
171 K
172 K
173 K
174 K
175 K
176 K
177 K
178 L
179 L
180 L
181 L
182 L
183 L
184 L
185 L
186 L
187 L
188 L
189 L
190 L
191 L
192 L
193 L
194 L
195 L
196 L
197 L
198 L
199 L
200 L
201 L
202 L
203 L
204 L
205 L
206 L
207 L
208 L
209 L
210 L
211 L
212 L
213 L
214 L
215 L
216 L
217 L
218 L
219 L
220 L
221 L
222 M
223 M
224 M
225 M
226 M
227 M
228 M
229 M
230 M
231 M
232 N
233 N
234 N
235 N
236 N
237 N
238 N
239 N
240 N
241 N
242 N
243 N
244 N
245 N
246 N
247 N
248 N
249 N
250 N
251 N
252 N
253 N
254 N
255 N
256 P
257 P
258 P
259 P
260 P
261 P
262 P
263 P
264 P
265 P
266 P
267 P
268 P
269 P
270 P
271 P
272 P
273 Q
274 Q
275 Q
276 Q
277 Q
278 Q
279 Q
280 Q
281 Q
282 Q
283 Q
284 Q
285 R
286 R
287 R
288 R
289 R
290 R
291 R
292 R
293 R
294 R
295 R
296 R
297 R
298 R
299 R
300 R
301 R
302 R
303 R
304 S
305 S
306 S
307 S
308 S
309 S
310 S
311 S
312 S
313 S
314 S
315 S
316 S
317 S
318 S
319 S
320 S
321 S
322 S
323 S
324 S
325 S
326 S
327 S
328 S
329 S
330 S
331 S
332 S
333 S
334 T
335 T
336 T
337 T
338 T
339 T
340 T
341 T
342 T
343 T
344 T
345 T
346 T
347 T
348 T
349 T
350 T
351 T
352 T
353 T
354 T
355 T
356 T
357 V
358 V
359 V
360 V
361 V
362 V
363 V
364 V
365 V
366 V
367 V
368 V
369 V
370 V
371 V
372 V
373 V
374 V
375 V
376 V
377 V
378 V
379 V
380 V
381 V
382 V
383 W
384 W
385 W
386 Y
387 Y
388 Y
389 Y
390 Y
391 Y
392 Y
393 Y
394 Y
# node ID1, node ID2, number of bounds
1 0 1
2 1 1
3 1 1
4 0 1
4 1 1
4 3 1
5 0 1
5 3 1
5 4 1
6 1 1
6 3 1
9 2 1
9 8 1
11 10 1
12 10 1
12 11 1
13 11 1
13 12 1
14 11 1
14 12 1
14 13 1
15 11 1
15 12 1
15 13 1
15 14 1
17 16 1
18 16 1
18 17 1
19 16 1
19 17 1
19 18 1
20 7 1
22 11 1
22 12 1
22 19 1
23 10 1
23 11 1
23 22 1
24 14 1
24 23 1
25 11 1
25 14 1
25 23 1
25 24 1
26 10 1
26 11 1
26 14 1
26 22 1
26 23 1
26 24 1
26 25 1
27 11 1
27 12 1
27 14 1
27 15 1
27 17 1
27 18 1
27 19 1
27 22 1
27 23 1
27 25 1
27 26 1
28 16 1
28 19 1
28 22 1
28 27 1
29 7 1
29 20 1
30 1 1
30 2 1
30 9 1
31 2 1
31 9 1
31 30 1
32 2 1
32 6 1
32 9 1
32 30 1
32 31 1
33 23 1
33 29 1
34 16 1
34 17 1
34 18 1
34 21 1
34 28 1
35 16 1
35 17 1
35 18 1
35 19 1
35 28 1
35 34 1
36 16 1
36 17 1
36 18 1
36 19 1
36 22 1
36 23 1
36 25 1
36 26 1
36 27 1
37 22 1
37 23 1
37 24 1
37 25 1
37 26 1
37 27 1
37 29 1
37 33 1
37 36 1
38 11 1
38 19 1
38 22 1
38 27 1
38 28 1
39 0 1
39 1 1
39 4 1
41 7 1
41 8 1
41 40 1
42 8 1
42 41 1
43 1 1
43 2 1
43 9 1
43 30 1
43 31 1
43 32 1
44 1 1
44 2 1
44 30 1
44 43 1
45 0 1
45 1 1
45 43 1
45 44 1
46 42 1
46 44 1
46 45 1
47 6 1
47 9 1
48 40 1
48 41 1
48 47 1
49 0 1
49 1 1
49 42 1
51 50 1
52 11 1
52 12 1
52 13 1
52 14 1
52 15 1
53 16 1
53 17 1
53 18 1
53 19 1
53 28 1
53 34 1
53 35 1
54 16 1
54 17 1
54 18 1
54 19 1
54 34 1
54 35 1
54 36 1
54 53 1
55 14 1
55 23 1
55 24 1
55 25 1
55 26 1
55 36 1
56 16 1
56 17 1
56 18 1
56 19 1
56 22 1
56 27 1
56 28 1
56 35 1
56 36 1
56 38 1
56 53 1
56 54 1
57 16 1
57 17 1
57 19 1
57 28 1
57 34 1
57 35 1
57 53 1
57 54 1
57 56 1
58 7 1
58 20 1
58 41 1
59 20 1
59 29 1
59 33 1
59 58 1
60 7 1
61 23 1
61 24 1
61 25 1
61 26 1
61 29 1
61 33 1
61 36 1
61 37 1
61 55 1
62 21 1
62 34 1
63 7 1
63 20 1
63 23 1
63 24 1
63 25 1
63 26 1
63 29 1
63 37 1
63 55 1
63 61 1
64 24 1
64 63 1
65 23 1
65 24 1
65 25 1
65 26 1
65 37 1
65 55 1
65 61 1
65 63 1
65 64 1
66 0 1
66 1 1
66 2 1
66 3 1
66 4 1
66 39 1
66 43 1
66 44 1
66 45 1
67 0 1
67 1 1
67 2 1
67 3 1
67 30 1
67 39 1
67 43 1
67 44 1
67 66 1
68 1 1
68 2 1
68 6 1
68 9 1
68 30 1
68 31 1
68 32 1
68 43 1
68 47 1
68 67 1
69 0 1
69 1 1
69 3 1
69 4 1
69 5 1
69 39 1
69 66 1
69 67 1
70 0 1
70 1 1
70 3 1
70 4 1
70 39 1
70 66 1
70 67 1
70 69 1
71 0 1
71 1 1
71 3 1
71 4 1
71 5 1
71 39 1
71 66 1
71 67 1
71 69 1
71 70 1
72 0 1
72 1 1
72 3 1
72 4 1
72 5 1
72 66 1
72 69 1
72 70 1
72 71 1
73 6 1
73 47 1
73 49 1
73 68 1
74 40 1
74 41 1
74 42 1
74 47 1
74 48 1
75 41 1
75 42 1
75 58 1
75 74 1
76 42 1
76 47 1
76 48 1
76 49 1
76 73 1
76 74 1
76 75 1
77 2 1
77 3 1
77 6 1
77 30 1
77 32 1
77 67 1
77 68 1
78 6 1
78 32 1
78 47 1
78 68 1
78 73 1
78 77 1
79 8 1
79 41 1
79 42 1
79 74 1
79 75 1
80 2 1
80 8 1
80 9 1
80 31 1
80 32 1
80 42 1
80 43 1
80 44 1
80 68 1
80 79 1
81 1 1
81 2 1
81 6 1
81 8 1
81 9 1
81 42 1
81 43 1
81 46 1
81 47 1
81 49 1
81 66 1
81 67 1
81 68 1
81 73 1
81 76 1
81 78 1
81 80 1
82 1 1
82 2 1
82 3 1
82 6 1
82 42 1
82 47 1
82 49 1
82 66 1
82 67 1
82 68 1
82 73 1
82 76 1
82 78 1
82 80 1
82 81 1
83 10 1
83 11 1
83 12 1
84 10 1
84 22 1
84 37 1
84 83 1
85 10 1
85 23 1
85 24 1
85 25 1
85 26 1
85 29 1
85 33 1
85 37 1
85 61 1
85 63 1
85 65 1
85 84 1
86 10 1
86 11 1
86 12 1
86 13 1
86 14 1
86 15 1
86 22 1
86 26 1
86 27 1
86 38 1
86 52 1
86 83 1
86 84 1
87 10 1
87 11 1
87 12 1
87 22 1
87 83 1
87 84 1
87 86 1
88 11 1
88 12 1
88 13 1
88 52 1
89 11 1
89 12 1
89 13 1
89 14 1
89 15 1
89 52 1
89 83 1
89 86 1
89 87 1
89 88 1
90 11 1
90 14 1
90 15 1
90 16 1
90 17 1
90 18 1
90 19 1
90 22 1
90 27 1
90 28 1
90 34 1
90 35 1
90 38 1
90 52 1
90 53 1
90 54 1
90 57 1
90 86 1
91 15 1
91 21 1
91 34 1
91 35 1
91 52 1
91 62 1
91 90 1
92 16 1
92 17 1
92 18 1
92 19 1
92 28 1
92 34 1
92 35 1
92 53 1
92 54 1
92 56 1
92 57 1
92 90 1
92 91 1
93 14 1
93 23 1
93 24 1
93 25 1
93 26 1
93 55 1
93 61 1
93 63 1
93 64 1
93 65 1
93 85 1
94 7 1
94 20 1
94 29 1
94 33 1
94 41 1
94 58 1
94 59 1
95 7 1
95 20 1
95 23 1
95 24 1
95 25 1
95 29 1
95 33 1
95 37 1
95 58 1
95 61 1
95 63 1
95 64 1
95 65 1
95 85 1
95 94 1
96 19 1
96 22 1
96 23 1
96 25 1
96 26 1
96 27 1
96 33 1
96 36 1
96 37 1
96 38 1
96 61 1
96 84 1
96 85 1
97 19 1
97 22 1
97 27 1
97 28 1
97 38 1
97 86 1
98 11 1
98 17 1
98 19 1
98 22 1
98 23 1
98 25 1
98 26 1
98 27 1
98 28 1
98 36 1
98 37 1
98 38 1
98 56 1
98 61 1
98 84 1
98 85 1
98 86 1
98 90 1
98 96 1
98 97 1
99 23 1
99 24 1
99 25 1
99 26 1
99 29 1
99 36 1
99 37 1
99 55 1
99 61 1
99 63 1
99 65 1
99 85 1
99 93 1
99 95 1
99 96 1
99 98 1
100 7 1
100 29 1
100 33 1
100 60 1
100 85 1
100 94 1
100 95 1
101 7 1
101 10 1
101 23 1
101 24 1
101 25 1
101 26 1
101 29 1
101 60 1
101 61 1
101 63 1
101 65 1
101 83 1
101 84 1
101 85 1
101 93 1
101 95 1
101 99 1
101 100 1
102 10 1
102 11 1
102 23 1
102 24 1
102 25 1
102 26 1
102 37 1
102 60 1
102 61 1
102 63 1
102 65 1
102 83 1
102 84 1
102 85 1
102 93 1
102 99 1
102 100 1
102 101 1
103 6 1
103 47 1
103 48 1
103 49 1
103 73 1
103 74 1
103 76 1
103 78 1
103 81 1
103 82 1
104 7 1
104 20 1
104 41 1
104 42 1
104 48 1
104 58 1
104 74 1
104 75 1
104 76 1
104 79 1
104 94 1
105 39 1
105 66 1
105 67 1
105 69 1
105 70 1
105 71 1
106 7 1
106 20 1
106 29 1
106 33 1
106 41 1
106 58 1
106 63 1
106 94 1
106 95 1
106 100 1
106 104 1
107 1 1
107 2 1
107 6 1
107 8 1
107 9 1
107 30 1
107 31 1
107 32 1
107 42 1
107 43 1
107 47 1
107 66 1
107 67 1
107 68 1
107 73 1
107 77 1
107 78 1
107 80 1
107 81 1
107 82 1
108 50 1
108 51 1
109 15 1
109 16 1
109 17 1
109 18 1
109 21 1
109 27 1
109 28 1
109 34 1
109 35 1
109 52 1
109 53 1
109 54 1
109 57 1
109 62 1
109 90 1
109 91 1
109 92 1
110 11 1
110 12 1
110 13 1
110 14 1
110 15 1
110 52 1
110 86 1
110 88 1
110 89 1
110 90 1
111 14 1
111 17 1
111 18 1
111 23 1
111 24 1
111 25 1
111 26 1
111 36 1
111 55 1
111 61 1
111 63 1
111 65 1
111 93 1
111 99 1
112 24 1
112 25 1
112 55 1
112 60 1
112 63 1
112 64 1
112 65 1
112 93 1
112 99 1
112 101 1
112 102 1
113 29 1
113 59 1
113 94 1
114 19 1
114 22 1
114 23 1
114 24 1
114 25 1
114 26 1
114 27 1
114 33 1
114 36 1
114 37 1
114 38 1
114 61 1
114 84 1
114 85 1
114 96 1
114 98 1
114 99 1
114 102 1
115 12 1
115 21 1
115 52 1
115 62 1
115 86 1
115 91 1
115 109 1
116 21 1
116 28 1
116 34 1
116 35 1
116 57 1
116 62 1
116 91 1
116 92 1
116 109 1
116 115 1
117 24 1
117 25 1
117 60 1
117 63 1
117 64 1
117 65 1
117 93 1
117 95 1
117 99 1
117 101 1
117 112 1
118 16 1
118 19 1
118 22 1
118 27 1
118 28 1
118 34 1
118 35 1
118 38 1
118 53 1
118 54 1
118 56 1
118 57 1
118 90 1
118 92 1
118 97 1
118 98 1
118 109 1
119 7 1
119 10 1
119 23 1
119 24 1
119 25 1
119 26 1
119 29 1
119 33 1
119 37 1
119 60 1
119 61 1
119 63 1
119 65 1
119 83 1
119 84 1
119 85 1
119 95 1
119 96 1
119 99 1
119 100 1
119 101 1
119 102 1
119 106 1
119 114 1
120 1 1
120 2 1
120 30 1
120 31 1
120 32 1
120 43 1
120 44 1
120 66 1
120 67 1
120 68 1
120 70 1
120 77 1
120 105 1
120 107 1
121 0 1
121 3 1
121 4 1
121 5 1
121 69 1
121 70 1
121 71 1
121 72 1
122 1 1
122 3 1
122 4 1
122 6 1
122 67 1
122 68 1
122 69 1
122 73 1
122 77 1
122 78 1
122 82 1
122 107 1
123 10 1
123 33 1
123 83 1
123 84 1
123 85 1
123 87 1
123 96 1
123 119 1
124 10 1
124 11 1
124 14 1
124 19 1
124 22 1
124 23 1
124 24 1
124 25 1
124 26 1
124 27 1
124 36 1
124 37 1
124 38 1
124 61 1
124 84 1
124 85 1
124 86 1
124 96 1
124 98 1
124 99 1
124 102 1
124 114 1
124 119 1
125 1 1
125 2 1
125 6 1
125 9 1
125 30 1
125 31 1
125 32 1
125 43 1
125 47 1
125 67 1
125 68 1
125 77 1
125 78 1
125 80 1
125 81 1
125 82 1
125 107 1
125 120 1
125 122 1
126 0 1
126 1 1
126 3 1
126 4 1
126 5 1
126 6 1
126 66 1
126 67 1
126 68 1
126 69 1
126 70 1
126 71 1
126 72 1
126 77 1
126 78 1
126 82 1
126 107 1
126 120 1
126 121 1
126 122 1
126 125 1
127 0 1
127 3 1
127 4 1
127 5 1
127 39 1
127 69 1
127 70 1
127 71 1
127 72 1
127 121 1
127 126 1
128 3 1
128 6 1
128 47 1
128 68 1
128 73 1
128 77 1
128 78 1
128 81 1
128 82 1
128 103 1
128 107 1
128 122 1
128 125 1
128 126 1
129 42 1
129 49 1
129 73 1
129 75 1
129 76 1
129 81 1
129 82 1
129 103 1
130 8 1
130 9 1
130 42 1
130 43 1
130 44 1
130 46 1
130 68 1
130 75 1
130 79 1
130 80 1
130 81 1
130 82 1
130 107 1
130 125 1
131 6 1
131 9 1
131 32 1
131 47 1
131 68 1
131 73 1
131 77 1
131 78 1
131 80 1
131 81 1
131 82 1
131 107 1
131 122 1
131 125 1
131 128 1
132 1 1
132 6 1
132 42 1
132 47 1
132 49 1
132 68 1
132 73 1
132 76 1
132 78 1
132 80 1
132 81 1
132 82 1
132 103 1
132 107 1
132 125 1
132 128 1
132 129 1
132 130 1
132 131 1
133 0 1
133 1 1
133 6 1
133 42 1
133 45 1
133 46 1
133 49 1
133 66 1
133 67 1
133 68 1
133 70 1
133 72 1
133 73 1
133 76 1
133 81 1
133 82 1
133 107 1
133 126 1
133 128 1
133 129 1
133 130 1
133 132 1
134 0 1
134 1 1
134 3 1
134 5 1
134 6 1
134 42 1
134 49 1
134 66 1
134 67 1
134 68 1
134 72 1
134 73 1
134 76 1
134 78 1
134 81 1
134 82 1
134 103 1
134 107 1
134 122 1
134 125 1
134 126 1
134 128 1
134 129 1
134 132 1
134 133 1
135 13 1
135 52 1
135 88 1
135 89 1
135 110 1
136 10 1
136 23 1
136 24 1
136 25 1
136 26 1
136 29 1
136 33 1
136 37 1
136 61 1
136 63 1
136 84 1
136 85 1
136 95 1
136 96 1
136 98 1
136 99 1
136 100 1
136 101 1
136 102 1
136 114 1
136 119 1
136 123 1
136 124 1
137 10 1
137 11 1
137 12 1
137 14 1
137 22 1
137 23 1
137 25 1
137 26 1
137 27 1
137 37 1
137 38 1
137 83 1
137 84 1
137 85 1
137 86 1
137 87 1
137 89 1
137 96 1
137 98 1
137 99 1
137 102 1
137 114 1
137 119 1
137 123 1
137 124 1
137 136 1
138 11 1
138 12 1
138 13 1
138 15 1
138 21 1
138 52 1
138 86 1
138 88 1
138 89 1
138 91 1
138 110 1
138 115 1
138 135 1
139 11 1
139 14 1
139 15 1
139 16 1
139 17 1
139 18 1
139 19 1
139 22 1
139 26 1
139 27 1
139 34 1
139 35 1
139 36 1
139 54 1
139 55 1
139 56 1
139 90 1
139 92 1
139 98 1
139 109 1
139 111 1
139 118 1
139 124 1
140 14 1
140 17 1
140 18 1
140 23 1
140 24 1
140 25 1
140 26 1
140 27 1
140 36 1
140 37 1
140 55 1
140 61 1
140 63 1
140 65 1
140 85 1
140 93 1
140 96 1
140 98 1
140 99 1
140 102 1
140 111 1
140 114 1
140 124 1
140 137 1
140 139 1
141 11 1
141 16 1
141 17 1
141 18 1
141 19 1
141 22 1
141 23 1
141 26 1
141 27 1
141 28 1
141 36 1
141 37 1
141 38 1
141 54 1
141 56 1
141 90 1
141 92 1
141 96 1
141 98 1
141 111 1
141 114 1
141 118 1
141 124 1
141 137 1
141 139 1
141 140 1
142 16 1
142 17 1
142 18 1
142 19 1
142 22 1
142 27 1
142 28 1
142 34 1
142 35 1
142 36 1
142 38 1
142 53 1
142 54 1
142 56 1
142 57 1
142 90 1
142 92 1
142 98 1
142 109 1
142 118 1
142 139 1
142 141 1
143 11 1
143 13 1
143 14 1
143 15 1
143 23 1
143 24 1
143 25 1
143 26 1
143 27 1
143 37 1
143 55 1
143 61 1
143 63 1
143 65 1
143 85 1
143 86 1
143 89 1
143 93 1
143 98 1
143 99 1
143 102 1
143 110 1
143 111 1
143 112 1
143 114 1
143 124 1
143 137 1
143 140 1
144 24 1
144 25 1
144 60 1
144 65 1
144 93 1
144 101 1
144 102 1
144 112 1
144 117 1
144 143 1
145 7 1
145 29 1
145 60 1
145 85 1
145 100 1
145 101 1
145 102 1
145 106 1
145 119 1
145 136 1
146 20 1
146 23 1
146 24 1
146 25 1
146 26 1
146 29 1
146 33 1
146 37 1
146 61 1
146 63 1
146 65 1
146 85 1
146 93 1
146 95 1
146 96 1
146 99 1
146 100 1
146 101 1
146 102 1
146 106 1
146 111 1
146 114 1
146 119 1
146 124 1
146 136 1
146 140 1
147 11 1
147 12 1
147 15 1
147 21 1
147 28 1
147 34 1
147 52 1
147 62 1
147 86 1
147 90 1
147 91 1
147 109 1
147 115 1
147 116 1
147 138 1
148 11 1
148 12 1
148 16 1
148 19 1
148 22 1
148 27 1
148 28 1
148 34 1
148 35 1
148 38 1
148 56 1
148 57 1
148 86 1
148 90 1
148 91 1
148 92 1
148 97 1
148 98 1
148 109 1
148 115 1
148 116 1
148 118 1
148 124 1
148 139 1
148 141 1
148 142 1
148 147 1
149 10 1
149 23 1
149 24 1
149 25 1
149 26 1
149 60 1
149 63 1
149 65 1
149 85 1
149 93 1
149 99 1
149 100 1
149 101 1
149 102 1
149 112 1
149 117 1
149 119 1
149 136 1
149 143 1
149 144 1
149 145 1
149 146 1
150 10 1
150 23 1
150 24 1
150 25 1
150 26 1
150 60 1
150 83 1
150 84 1
150 85 1
150 87 1
150 89 1
150 93 1
150 101 1
150 102 1
150 119 1
150 136 1
150 137 1
150 143 1
150 144 1
150 145 1
150 149 1
151 10 1
151 11 1
151 14 1
151 23 1
151 24 1
151 25 1
151 26 1
151 37 1
151 63 1
151 65 1
151 83 1
151 84 1
151 85 1
151 89 1
151 93 1
151 99 1
151 101 1
151 102 1
151 112 1
151 119 1
151 124 1
151 136 1
151 137 1
151 143 1
151 144 1
151 149 1
151 150 1
152 0 1
152 45 1
152 46 1
153 0 1
153 1 1
153 45 1
153 46 1
153 49 1
153 66 1
153 67 1
153 70 1
153 71 1
153 72 1
153 82 1
153 127 1
153 132 1
153 133 1
153 134 1
153 152 1
154 2 1
154 9 1
154 30 1
154 31 1
154 32 1
154 43 1
154 67 1
154 68 1
154 77 1
154 107 1
154 120 1
154 125 1
155 0 1
155 1 1
155 3 1
155 4 1
155 39 1
155 66 1
155 67 1
155 69 1
155 70 1
155 71 1
155 72 1
155 105 1
155 121 1
155 126 1
155 127 1
155 133 1
155 153 1
156 6 1
156 47 1
156 48 1
156 49 1
156 68 1
156 73 1
156 76 1
156 78 1
156 81 1
156 82 1
156 103 1
156 128 1
156 129 1
156 131 1
156 132 1
156 134 1
157 41 1
157 42 1
157 48 1
157 49 1
157 74 1
157 75 1
157 76 1
157 103 1
157 104 1
157 129 1
157 132 1
157 156 1
158 40 1
158 41 1
158 42 1
158 47 1
158 48 1
158 74 1
158 75 1
158 76 1
158 103 1
158 104 1
158 129 1
158 156 1
158 157 1
159 20 1
159 41 1
159 42 1
159 58 1
159 74 1
159 75 1
159 76 1
159 79 1
159 94 1
159 104 1
159 106 1
159 157 1
159 158 1
160 2 1
160 9 1
160 30 1
160 31 1
160 43 1
160 44 1
160 80 1
160 120 1
160 130 1
160 154 1
161 1 1
161 2 1
161 30 1
161 31 1
161 43 1
161 44 1
161 45 1
161 66 1
161 67 1
161 80 1
161 107 1
161 120 1
161 130 1
161 154 1
161 160 1
162 3 1
162 6 1
162 47 1
162 68 1
162 69 1
162 73 1
162 77 1
162 78 1
162 82 1
162 107 1
162 122 1
162 125 1
162 126 1
162 128 1
162 131 1
162 134 1
163 8 1
163 9 1
163 41 1
163 42 1
163 74 1
163 75 1
163 79 1
163 80 1
163 104 1
163 130 1
164 50 1
164 51 1
164 108 1
165 11 1
165 12 1
165 13 1
165 15 1
165 22 1
165 27 1
165 52 1
165 86 1
165 87 1
165 88 1
165 89 1
165 97 1
165 115 1
165 137 1
165 138 1
165 147 1
165 148 1
166 12 1
166 13 1
166 52 1
166 88 1
166 89 1
166 110 1
166 135 1
166 138 1
167 14 1
167 24 1
167 25 1
167 26 1
167 55 1
167 63 1
167 64 1
167 65 1
167 93 1
167 102 1
167 112 1
167 117 1
167 143 1
167 144 1
167 149 1
167 151 1
168 16 1
168 18 1
168 21 1
168 34 1
168 35 1
168 53 1
168 54 1
168 57 1
168 62 1
168 90 1
168 91 1
168 92 1
168 109 1
168 116 1
168 139 1
168 142 1
168 147 1
168 148 1
169 11 1
169 14 1
169 15 1
169 18 1
169 27 1
169 34 1
169 52 1
169 90 1
169 91 1
169 109 1
169 110 1
169 138 1
169 139 1
169 147 1
169 168 1
170 16 1
170 17 1
170 18 1
170 19 1
170 28 1
170 34 1
170 35 1
170 53 1
170 54 1
170 56 1
170 57 1
170 90 1
170 92 1
170 109 1
170 116 1
170 118 1
170 142 1
170 148 1
170 168 1
171 14 1
171 16 1
171 17 1
171 18 1
171 25 1
171 26 1
171 27 1
171 36 1
171 54 1
171 55 1
171 90 1
171 111 1
171 124 1
171 139 1
171 140 1
171 141 1
171 142 1
172 14 1
172 15 1
172 17 1
172 18 1
172 23 1
172 24 1
172 25 1
172 26 1
172 27 1
172 36 1
172 55 1
172 65 1
172 93 1
172 99 1
172 110 1
172 111 1
172 124 1
172 139 1
172 140 1
172 141 1
172 143 1
172 167 1
172 169 1
172 171 1
173 23 1
173 24 1
173 25 1
173 26 1
173 55 1
173 63 1
173 64 1
173 65 1
173 93 1
173 95 1
173 99 1
173 101 1
173 102 1
173 111 1
173 112 1
173 117 1
173 140 1
173 143 1
173 144 1
173 149 1
173 151 1
173 167 1
173 172 1
174 7 1
174 20 1
174 41 1
174 58 1
174 75 1
174 94 1
174 95 1
174 104 1
174 106 1
174 159 1
175 7 1
175 20 1
175 29 1
175 33 1
175 58 1
175 59 1
175 94 1
175 100 1
175 106 1
175 113 1
176 21 1
176 28 1
176 38 1
176 86 1
176 97 1
176 115 1
176 147 1
176 148 1
176 165 1
177 11 1
177 14 1
177 22 1
177 23 1
177 24 1
177 25 1
177 26 1
177 27 1
177 36 1
177 37 1
177 38 1
177 55 1
177 61 1
177 63 1
177 65 1
177 84 1
177 85 1
177 93 1
177 96 1
177 98 1
177 99 1
177 102 1
177 111 1
177 114 1
177 119 1
177 124 1
177 136 1
177 137 1
177 139 1
177 140 1
177 141 1
177 143 1
177 146 1
177 151 1
177 171 1
177 172 1
178 0 1
178 1 1
178 3 1
178 4 1
178 5 1
178 39 1
178 49 1
178 66 1
178 69 1
178 70 1
178 71 1
178 72 1
178 121 1
178 126 1
178 127 1
178 133 1
178 134 1
178 152 1
178 153 1
178 155 1
179 1 1
179 2 1
179 6 1
179 9 1
179 30 1
179 31 1
179 32 1
179 43 1
179 44 1
179 66 1
179 67 1
179 68 1
179 70 1
179 77 1
179 82 1
179 105 1
179 107 1
179 120 1
179 122 1
179 125 1
179 126 1
179 154 1
179 160 1
179 161 1
179 162 1
180 1 1
180 2 1
180 3 1
180 6 1
180 9 1
180 32 1
180 47 1
180 66 1
180 67 1
180 68 1
180 69 1
180 73 1
180 77 1
180 78 1
180 81 1
180 82 1
180 107 1
180 120 1
180 122 1
180 125 1
180 126 1
180 128 1
180 131 1
180 132 1
180 133 1
180 134 1
180 154 1
180 156 1
180 162 1
180 179 1
181 0 1
181 1 1
181 3 1
181 4 1
181 5 1
181 6 1
181 49 1
181 66 1
181 67 1
181 68 1
181 69 1
181 70 1
181 71 1
181 72 1
181 73 1
181 78 1
181 81 1
181 82 1
181 107 1
181 121 1
181 122 1
181 126 1
181 127 1
181 128 1
181 129 1
181 132 1
181 133 1
181 134 1
181 153 1
181 155 1
181 162 1
181 178 1
181 179 1
181 180 1
182 0 1
182 1 1
182 3 1
182 4 1
182 39 1
182 66 1
182 67 1
182 69 1
182 70 1
182 71 1
182 105 1
182 121 1
182 126 1
182 127 1
182 155 1
183 42 1
183 47 1
183 48 1
183 49 1
183 73 1
183 74 1
183 76 1
183 103 1
183 129 1
183 132 1
183 156 1
183 157 1
183 158 1
184 8 1
184 41 1
184 42 1
184 46 1
184 75 1
184 76 1
184 79 1
184 80 1
184 81 1
184 104 1
184 129 1
184 130 1
184 132 1
184 157 1
184 159 1
184 163 1
185 8 1
185 41 1
185 42 1
185 47 1
185 48 1
185 49 1
185 73 1
185 74 1
185 75 1
185 76 1
185 79 1
185 80 1
185 81 1
185 82 1
185 103 1
185 104 1
185 129 1
185 130 1
185 132 1
185 133 1
185 156 1
185 157 1
185 158 1
185 159 1
185 163 1
185 183 1
185 184 1
186 8 1
186 9 1
186 42 1
186 43 1
186 46 1
186 47 1
186 49 1
186 68 1
186 75 1
186 76 1
186 79 1
186 80 1
186 81 1
186 82 1
186 107 1
186 125 1
186 129 1
186 130 1
186 132 1
186 133 1
186 134 1
186 163 1
186 184 1
186 185 1
187 8 1
187 9 1
187 31 1
187 42 1
187 43 1
187 44 1
187 79 1
187 80 1
187 81 1
187 107 1
187 130 1
187 160 1
187 161 1
187 163 1
187 184 1
187 185 1
187 186 1
188 0 1
188 1 1
188 2 1
188 30 1
188 43 1
188 44 1
188 45 1
188 46 1
188 66 1
188 67 1
188 80 1
188 81 1
188 82 1
188 107 1
188 120 1
188 130 1
188 133 1
188 153 1
188 160 1
188 161 1
188 179 1
188 186 1
188 187 1
189 0 1
189 1 1
189 42 1
189 43 1
189 44 1
189 45 1
189 46 1
189 49 1
189 66 1
189 67 1
189 80 1
189 81 1
189 82 1
189 107 1
189 130 1
189 132 1
189 133 1
189 134 1
189 153 1
189 160 1
189 161 1
189 184 1
189 186 1
189 187 1
189 188 1
190 1 1
190 2 1
190 3 1
190 4 1
190 6 1
190 30 1
190 66 1
190 67 1
190 68 1
190 69 1
190 70 1
190 77 1
190 105 1
190 120 1
190 122 1
190 125 1
190 126 1
190 154 1
190 162 1
190 179 1
190 180 1
190 181 1
190 182 1
191 3 1
191 4 1
191 39 1
191 66 1
191 67 1
191 69 1
191 70 1
191 71 1
191 105 1
191 120 1
191 126 1
191 155 1
191 179 1
191 182 1
191 190 1
192 6 1
192 9 1
192 32 1
192 47 1
192 48 1
192 68 1
192 73 1
192 76 1
192 78 1
192 81 1
192 82 1
192 103 1
192 107 1
192 122 1
192 125 1
192 128 1
192 129 1
192 131 1
192 132 1
192 133 1
192 134 1
192 156 1
192 162 1
192 180 1
192 183 1
192 186 1
193 7 1
193 20 1
193 29 1
193 41 1
193 58 1
193 59 1
193 75 1
193 79 1
193 94 1
193 104 1
193 106 1
193 113 1
193 159 1
193 174 1
193 175 1
194 1 1
194 2 1
194 8 1
194 9 1
194 30 1
194 31 1
194 32 1
194 42 1
194 43 1
194 44 1
194 47 1
194 67 1
194 68 1
194 79 1
194 80 1
194 81 1
194 82 1
194 107 1
194 120 1
194 125 1
194 130 1
194 131 1
194 132 1
194 133 1
194 134 1
194 154 1
194 160 1
194 161 1
194 163 1
194 179 1
194 180 1
194 184 1
194 185 1
194 186 1
194 187 1
194 188 1
194 189 1
194 192 1
195 10 1
195 11 1
195 22 1
195 23 1
195 24 1
195 25 1
195 26 1
195 27 1
195 29 1
195 33 1
195 37 1
195 61 1
195 63 1
195 65 1
195 83 1
195 84 1
195 85 1
195 93 1
195 96 1
195 98 1
195 99 1
195 101 1
195 102 1
195 114 1
195 119 1
195 123 1
195 124 1
195 136 1
195 137 1
195 140 1
195 143 1
195 146 1
195 149 1
195 150 1
195 151 1
195 177 1
196 10 1
196 11 1
196 12 1
196 13 1
196 14 1
196 23 1
196 24 1
196 25 1
196 26 1
196 27 1
196 83 1
196 84 1
196 85 1
196 86 1
196 87 1
196 88 1
196 89 1
196 93 1
196 98 1
196 99 1
196 101 1
196 102 1
196 119 1
196 124 1
196 137 1
196 143 1
196 144 1
196 149 1
196 150 1
196 151 1
196 166 1
196 177 1
196 195 1
197 11 1
197 12 1
197 13 1
197 15 1
197 21 1
197 52 1
197 86 1
197 87 1
197 88 1
197 89 1
197 91 1
197 110 1
197 115 1
197 138 1
197 147 1
197 148 1
197 165 1
197 169 1
197 176 1
198 10 1
198 11 1
198 12 1
198 22 1
198 38 1
198 83 1
198 84 1
198 86 1
198 87 1
198 97 1
198 137 1
198 165 1
198 176 1
198 197 1
199 11 1
199 12 1
199 13 1
199 14 1
199 88 1
199 89 1
199 110 1
199 137 1
199 143 1
199 144 1
199 150 1
199 151 1
199 166 1
199 196 1
200 13 1
200 14 1
200 25 1
200 88 1
200 89 1
200 93 1
200 102 1
200 110 1
200 112 1
200 143 1
200 144 1
200 149 1
200 150 1
200 151 1
200 166 1
200 167 1
200 173 1
200 196 1
200 199 1
201 14 1
201 23 1
201 24 1
201 25 1
201 26 1
201 55 1
201 63 1
201 65 1
201 93 1
201 99 1
201 102 1
201 112 1
201 117 1
201 143 1
201 144 1
201 149 1
201 150 1
201 151 1
201 167 1
201 172 1
201 173 1
201 196 1
201 199 1
201 200 1
202 11 1
202 12 1
202 14 1
202 15 1
202 17 1
202 18 1
202 22 1
202 27 1
202 28 1
202 34 1
202 35 1
202 52 1
202 86 1
202 90 1
202 91 1
202 92 1
202 98 1
202 109 1
202 110 1
202 115 1
202 137 1
202 138 1
202 139 1
202 141 1
202 142 1
202 147 1
202 148 1
202 165 1
202 168 1
202 169 1
202 171 1
202 172 1
202 197 1
203 21 1
203 28 1
203 34 1
203 35 1
203 53 1
203 57 1
203 62 1
203 90 1
203 91 1
203 92 1
203 109 1
203 115 1
203 116 1
203 147 1
203 148 1
203 168 1
203 170 1
203 202 1
204 11 1
204 12 1
204 13 1
204 14 1
204 15 1
204 52 1
204 88 1
204 89 1
204 110 1
204 135 1
204 138 1
204 165 1
204 166 1
204 169 1
204 197 1
204 199 1
204 202 1
205 11 1
205 14 1
205 15 1
205 18 1
205 21 1
205 27 1
205 34 1
205 35 1
205 52 1
205 90 1
205 91 1
205 92 1
205 109 1
205 110 1
205 115 1
205 138 1
205 139 1
205 147 1
205 148 1
205 168 1
205 169 1
205 197 1
205 202 1
205 203 1
205 204 1
206 16 1
206 17 1
206 18 1
206 28 1
206 34 1
206 35 1
206 53 1
206 54 1
206 57 1
206 90 1
206 91 1
206 92 1
206 109 1
206 118 1
206 139 1
206 141 1
206 142 1
206 148 1
206 168 1
206 169 1
206 170 1
206 171 1
206 202 1
206 203 1
206 205 1
207 16 1
207 19 1
207 28 1
207 34 1
207 35 1
207 38 1
207 53 1
207 54 1
207 56 1
207 57 1
207 62 1
207 90 1
207 92 1
207 109 1
207 116 1
207 118 1
207 142 1
207 148 1
207 168 1
207 170 1
207 203 1
207 206 1
208 11 1
208 15 1
208 16 1
208 17 1
208 18 1
208 19 1
208 21 1
208 22 1
208 27 1
208 28 1
208 34 1
208 35 1
208 38 1
208 53 1
208 54 1
208 57 1
208 62 1
208 86 1
208 90 1
208 91 1
208 92 1
208 97 1
208 98 1
208 109 1
208 115 1
208 116 1
208 118 1
208 139 1
208 141 1
208 142 1
208 147 1
208 148 1
208 165 1
208 168 1
208 169 1
208 170 1
208 176 1
208 197 1
208 202 1
208 203 1
208 205 1
208 206 1
208 207 1
209 11 1
209 12 1
209 14 1
209 15 1
209 17 1
209 18 1
209 19 1
209 22 1
209 26 1
209 27 1
209 28 1
209 34 1
209 36 1
209 38 1
209 52 1
209 86 1
209 90 1
209 91 1
209 92 1
209 97 1
209 98 1
209 109 1
209 110 1
209 115 1
209 118 1
209 124 1
209 137 1
209 138 1
209 139 1
209 141 1
209 142 1
209 143 1
209 147 1
209 148 1
209 165 1
209 169 1
209 171 1
209 172 1
209 177 1
209 196 1
209 197 1
209 202 1
209 205 1
209 206 1
209 208 1
210 24 1
210 60 1
210 63 1
210 64 1
210 65 1
210 93 1
210 112 1
210 117 1
210 144 1
210 149 1
210 167 1
210 173 1
210 201 1
211 7 1
211 20 1
211 29 1
211 41 1
211 58 1
211 59 1
211 94 1
211 95 1
211 104 1
211 106 1
211 113 1
211 159 1
211 174 1
211 175 1
211 193 1
212 7 1
212 40 1
212 60 1
212 100 1
212 101 1
212 106 1
212 119 1
212 144 1
212 145 1
212 149 1
213 7 1
213 29 1
213 60 1
213 63 1
213 85 1
213 95 1
213 100 1
213 101 1
213 102 1
213 106 1
213 117 1
213 119 1
213 136 1
213 144 1
213 145 1
213 149 1
213 150 1
213 151 1
213 212 1
214 7 1
214 29 1
214 40 1
214 60 1
214 100 1
214 101 1
214 106 1
214 119 1
214 145 1
214 212 1
214 213 1
215 10 1
215 11 1
215 12 1
215 19 1
215 22 1
215 23 1
215 26 1
215 27 1
215 37 1
215 38 1
215 83 1
215 84 1
215 85 1
215 86 1
215 87 1
215 96 1
215 97 1
215 98 1
215 114 1
215 123 1
215 124 1
215 136 1
215 137 1
215 141 1
215 148 1
215 177 1
215 195 1
215 196 1
215 198 1
215 209 1
216 10 1
216 11 1
216 12 1
216 22 1
216 27 1
216 38 1
216 83 1
216 84 1
216 86 1
216 87 1
216 96 1
216 97 1
216 98 1
216 123 1
216 124 1
216 137 1
216 165 1
216 195 1
216 196 1
216 198 1
216 215 1
217 11 1
217 12 1
217 22 1
217 27 1
217 28 1
217 38 1
217 86 1
217 87 1
217 97 1
217 98 1
217 115 1
217 118 1
217 147 1
217 148 1
217 165 1
217 176 1
217 197 1
217 198 1
217 208 1
217 209 1
217 215 1
217 216 1
218 11 1
218 12 1
218 21 1
218 28 1
218 38 1
218 62 1
218 86 1
218 91 1
218 97 1
218 109 1
218 115 1
218 116 1
218 118 1
218 147 1
218 148 1
218 165 1
218 176 1
218 197 1
218 198 1
218 208 1
218 209 1
218 217 1
219 21 1
219 22 1
219 28 1
219 34 1
219 38 1
219 57 1
219 62 1
219 90 1
219 91 1
219 92 1
219 97 1
219 109 1
219 115 1
219 116 1
219 118 1
219 142 1
219 147 1
219 148 1
219 165 1
219 170 1
219 176 1
219 197 1
219 203 1
219 207 1
219 208 1
219 209 1
219 217 1
219 218 1
220 23 1
220 24 1
220 25 1
220 26 1
220 29 1
220 37 1
220 55 1
220 61 1
220 63 1
220 64 1
220 65 1
220 85 1
220 93 1
220 95 1
220 99 1
220 100 1
220 101 1
220 102 1
220 111 1
220 112 1
220 114 1
220 117 1
220 119 1
220 124 1
220 136 1
220 140 1
220 143 1
220 146 1
220 149 1
220 150 1
220 151 1
220 167 1
220 173 1
220 177 1
220 195 1
220 201 1
220 210 1
220 213 1
221 7 1
221 10 1
221 29 1
221 33 1
221 37 1
221 60 1
221 61 1
221 63 1
221 84 1
221 85 1
221 95 1
221 100 1
221 101 1
221 102 1
221 106 1
221 119 1
221 136 1
221 145 1
221 146 1
221 149 1
221 150 1
221 151 1
221 195 1
221 212 1
221 213 1
221 214 1
221 220 1
222 0 1
222 1 1
222 3 1
222 4 1
222 39 1
222 66 1
222 67 1
222 69 1
222 70 1
222 71 1
222 72 1
222 105 1
222 121 1
222 126 1
222 127 1
222 155 1
222 178 1
222 182 1
222 191 1
223 8 1
223 40 1
223 41 1
223 47 1
223 48 1
223 74 1
223 79 1
223 104 1
223 158 1
223 163 1
223 185 1
223 186 1
224 8 1
224 42 1
224 47 1
224 48 1
224 49 1
224 68 1
224 73 1
224 74 1
224 75 1
224 76 1
224 78 1
224 79 1
224 80 1
224 81 1
224 82 1
224 103 1
224 107 1
224 129 1
224 130 1
224 131 1
224 132 1
224 133 1
224 134 1
224 156 1
224 157 1
224 158 1
224 159 1
224 180 1
224 183 1
224 184 1
224 185 1
224 186 1
224 187 1
224 189 1
224 192 1
224 194 1
225 8 1
225 9 1
225 40 1
225 41 1
225 42 1
225 47 1
225 48 1
225 74 1
225 75 1
225 79 1
225 80 1
225 81 1
225 104 1
225 130 1
225 131 1
225 158 1
225 163 1
225 184 1
225 185 1
225 186 1
225 187 1
225 194 1
225 223 1
225 224 1
226 1 1
226 2 1
226 30 1
226 39 1
226 66 1
226 67 1
226 69 1
226 70 1
226 71 1
226 105 1
226 120 1
226 126 1
226 155 1
226 179 1
226 182 1
226 190 1
226 191 1
226 222 1
227 1 1
227 2 1
227 6 1
227 9 1
227 30 1
227 32 1
227 42 1
227 43 1
227 44 1
227 47 1
227 49 1
227 66 1
227 67 1
227 68 1
227 73 1
227 78 1
227 80 1
227 81 1
227 82 1
227 107 1
227 120 1
227 122 1
227 125 1
227 126 1
227 128 1
227 129 1
227 130 1
227 131 1
227 132 1
227 133 1
227 134 1
227 161 1
227 162 1
227 179 1
227 180 1
227 181 1
227 184 1
227 185 1
227 186 1
227 187 1
227 188 1
227 189 1
227 192 1
227 194 1
227 224 1
228 11 1
228 12 1
228 13 1
228 14 1
228 15 1
228 22 1
228 27 1
228 52 1
228 86 1
228 87 1
228 88 1
228 89 1
228 90 1
228 98 1
228 109 1
228 110 1
228 115 1
228 137 1
228 138 1
228 143 1
228 147 1
228 148 1
228 165 1
228 166 1
228 169 1
228 176 1
228 196 1
228 197 1
228 198 1
228 199 1
228 202 1
228 204 1
228 205 1
228 208 1
228 209 1
228 217 1
228 218 1
229 10 1
229 11 1
229 12 1
229 83 1
229 84 1
229 86 1
229 87 1
229 88 1
229 89 1
229 137 1
229 165 1
229 176 1
229 197 1
229 198 1
229 216 1
229 217 1
229 218 1
229 228 1
230 7 1
230 24 1
230 25 1
230 60 1
230 63 1
230 64 1
230 65 1
230 85 1
230 93 1
230 95 1
230 99 1
230 100 1
230 101 1
230 102 1
230 112 1
230 117 1
230 119 1
230 144 1
230 145 1
230 149 1
230 150 1
230 151 1
230 167 1
230 173 1
230 195 1
230 201 1
230 210 1
230 212 1
230 213 1
230 214 1
230 220 1
230 221 1
231 10 1
231 23 1
231 24 1
231 25 1
231 26 1
231 29 1
231 33 1
231 37 1
231 60 1
231 61 1
231 63 1
231 65 1
231 83 1
231 84 1
231 85 1
231 93 1
231 96 1
231 99 1
231 100 1
231 101 1
231 102 1
231 114 1
231 119 1
231 123 1
231 124 1
231 136 1
231 137 1
231 143 1
231 144 1
231 145 1
231 146 1
231 149 1
231 150 1
231 151 1
231 177 1
231 195 1
231 196 1
231 212 1
231 213 1
231 214 1
231 220 1
231 221 1
231 230 1
232 0 1
232 1 1
232 3 1
232 4 1
232 5 1
232 39 1
232 45 1
232 49 1
232 66 1
232 67 1
232 69 1
232 70 1
232 71 1
232 72 1
232 81 1
232 82 1
232 121 1
232 126 1
232 127 1
232 132 1
232 133 1
232 134 1
232 153 1
232 155 1
232 178 1
232 180 1
232 181 1
232 182 1
232 188 1
232 189 1
232 222 1
232 227 1
233 2 1
233 9 1
233 30 1
233 31 1
233 32 1
233 43 1
233 68 1
233 77 1
233 80 1
233 107 1
233 120 1
233 125 1
233 154 1
233 160 1
233 161 1
233 179 1
233 194 1
234 2 1
234 9 1
234 30 1
234 31 1
234 32 1
234 43 1
234 68 1
234 80 1
234 107 1
234 125 1
234 131 1
234 154 1
234 160 1
234 179 1
234 194 1
234 233 1
235 2 1
235 6 1
235 8 1
235 9 1
235 30 1
235 31 1
235 32 1
235 43 1
235 47 1
235 68 1
235 77 1
235 78 1
235 80 1
235 81 1
235 82 1
235 107 1
235 120 1
235 125 1
235 130 1
235 131 1
235 154 1
235 162 1
235 179 1
235 180 1
235 186 1
235 187 1
235 192 1
235 194 1
235 227 1
235 233 1
235 234 1
237 3 1
237 4 1
237 5 1
237 6 1
237 68 1
237 69 1
237 72 1
237 73 1
237 77 1
237 78 1
237 82 1
237 122 1
237 126 1
237 128 1
237 134 1
237 162 1
237 180 1
237 181 1
237 190 1
238 8 1
238 40 1
238 47 1
238 48 1
238 73 1
238 74 1
238 76 1
238 78 1
238 103 1
238 131 1
238 156 1
238 157 1
238 158 1
238 183 1
238 185 1
238 186 1
238 192 1
238 223 1
238 224 1
238 225 1
239 20 1
239 41 1
239 58 1
239 59 1
239 94 1
239 104 1
239 106 1
239 113 1
239 159 1
239 174 1
239 175 1
239 193 1
239 211 1
240 8 1
240 9 1
240 79 1
240 80 1
240 130 1
240 163 1
240 184 1
240 186 1
240 187 1
240 194 1
240 223 1
240 225 1
240 234 1
240 235 1
241 2 1
241 8 1
241 9 1
241 31 1
241 32 1
241 47 1
241 68 1
241 80 1
241 107 1
241 125 1
241 131 1
241 154 1
241 163 1
241 186 1
241 187 1
241 192 1
241 194 1
241 225 1
241 233 1
241 234 1
241 235 1
241 240 1
242 10 1
242 11 1
242 12 1
242 13 1
242 83 1
242 84 1
242 86 1
242 87 1
242 88 1
242 89 1
242 101 1
242 102 1
242 137 1
242 149 1
242 150 1
242 151 1
242 165 1
242 166 1
242 195 1
242 196 1
242 198 1
242 199 1
242 200 1
242 216 1
242 228 1
242 229 1
242 231 1
243 7 1
243 29 1
243 33 1
243 37 1
243 59 1
243 61 1
243 85 1
243 94 1
243 100 1
243 106 1
243 113 1
243 119 1
243 136 1
243 146 1
243 175 1
243 214 1
243 221 1
244 7 1
244 23 1
244 29 1
244 33 1
244 37 1
244 61 1
244 63 1
244 84 1
244 85 1
244 95 1
244 96 1
244 99 1
244 100 1
244 101 1
244 102 1
244 106 1
244 114 1
244 119 1
244 123 1
244 124 1
244 136 1
244 145 1
244 146 1
244 175 1
244 177 1
244 195 1
244 213 1
244 214 1
244 220 1
244 221 1
244 231 1
244 243 1
245 11 1
245 12 1
245 13 1
245 14 1
245 15 1
245 52 1
245 86 1
245 88 1
245 89 1
245 93 1
245 110 1
245 137 1
245 143 1
245 144 1
245 150 1
245 151 1
245 166 1
245 167 1
245 196 1
245 199 1
245 200 1
245 201 1
245 204 1
245 228 1
245 242 1
246 11 1
246 12 1
246 13 1
246 14 1
246 15 1
246 18 1
246 25 1
246 26 1
246 27 1
246 52 1
246 86 1
246 89 1
246 90 1
246 98 1
246 109 1
246 110 1
246 124 1
246 137 1
246 138 1
246 139 1
246 140 1
246 143 1
246 165 1
246 169 1
246 171 1
246 172 1
246 196 1
246 197 1
246 199 1
246 200 1
246 201 1
246 202 1
246 204 1
246 205 1
246 208 1
246 209 1
246 228 1
246 245 1
247 15 1
247 21 1
247 34 1
247 52 1
247 62 1
247 90 1
247 91 1
247 109 1
247 115 1
247 116 1
247 138 1
247 147 1
247 165 1
247 168 1
247 169 1
247 176 1
247 197 1
247 202 1
247 203 1
247 204 1
247 205 1
247 208 1
247 218 1
247 219 1
247 228 1
248 16 1
248 17 1
248 18 1
248 19 1
248 34 1
248 35 1
248 53 1
248 54 1
248 56 1
248 57 1
248 90 1
248 92 1
248 109 1
248 118 1
248 139 1
248 142 1
248 168 1
248 170 1
248 206 1
248 207 1
248 208 1
249 14 1
249 16 1
249 17 1
249 18 1
249 19 1
249 22 1
249 23 1
249 25 1
249 26 1
249 27 1
249 35 1
249 36 1
249 54 1
249 55 1
249 56 1
249 90 1
249 92 1
249 96 1
249 98 1
249 109 1
249 111 1
249 114 1
249 124 1
249 139 1
249 140 1
249 141 1
249 142 1
249 143 1
249 171 1
249 172 1
249 177 1
249 202 1
249 206 1
249 208 1
249 209 1
249 246 1
249 248 1
250 14 1
250 17 1
250 18 1
250 23 1
250 24 1
250 25 1
250 26 1
250 36 1
250 55 1
250 93 1
250 99 1
250 111 1
250 139 1
250 140 1
250 141 1
250 143 1
250 171 1
250 172 1
250 177 1
250 201 1
250 246 1
250 249 1
251 16 1
251 17 1
251 18 1
251 19 1
251 22 1
251 28 1
251 34 1
251 35 1
251 38 1
251 53 1
251 54 1
251 56 1
251 57 1
251 90 1
251 92 1
251 109 1
251 118 1
251 139 1
251 141 1
251 142 1
251 148 1
251 168 1
251 170 1
251 206 1
251 207 1
251 208 1
251 219 1
251 248 1
252 11 1
252 12 1
252 13 1
252 14 1
252 15 1
252 18 1
252 22 1
252 23 1
252 24 1
252 25 1
252 26 1
252 27 1
252 36 1
252 38 1
252 52 1
252 55 1
252 86 1
252 89 1
252 90 1
252 93 1
252 98 1
252 99 1
252 102 1
252 109 1
252 110 1
252 111 1
252 114 1
252 124 1
252 137 1
252 139 1
252 140 1
252 141 1
252 143 1
252 148 1
252 151 1
252 165 1
252 169 1
252 171 1
252 172 1
252 177 1
252 195 1
252 196 1
252 197 1
252 201 1
252 202 1
252 204 1
252 205 1
252 208 1
252 209 1
252 215 1
252 228 1
252 245 1
252 246 1
252 249 1
252 250 1
253 7 1
253 20 1
253 24 1
253 63 1
253 64 1
253 65 1
253 93 1
253 95 1
253 99 1
253 106 1
253 112 1
253 117 1
253 146 1
253 149 1
253 173 1
253 174 1
253 210 1
253 213 1
253 220 1
253 230 1
254 10 1
254 60 1
254 83 1
254 89 1
254 101 1
254 102 1
254 144 1
254 149 1
254 150 1
254 151 1
254 164 1
254 196 1
254 199 1
254 200 1
254 213 1
254 230 1
254 231 1
254 242 1
254 245 1
255 7 1
255 20 1
255 29 1
255 33 1
255 37 1
255 58 1
255 59 1
255 61 1
255 63 1
255 85 1
255 94 1
255 95 1
255 99 1
255 100 1
255 106 1
255 113 1
255 119 1
255 136 1
255 146 1
255 174 1
255 175 1
255 193 1
255 211 1
255 213 1
255 214 1
255 220 1
255 221 1
255 239 1
255 243 1
255 244 1
255 253 1
256 0 1
256 1 1
256 2 1
256 3 1
256 4 1
256 5 1
256 6 1
256 49 1
256 66 1
256 67 1
256 68 1
256 69 1
256 70 1
256 71 1
256 72 1
256 73 1
256 77 1
256 78 1
256 81 1
256 82 1
256 107 1
256 120 1
256 122 1
256 125 1
256 126 1
256 128 1
256 132 1
256 133 1
256 134 1
256 153 1
256 155 1
256 162 1
256 178 1
256 179 1
256 180 1
256 181 1
256 188 1
256 190 1
256 192 1
256 194 1
256 227 1
256 232 1
256 237 1
257 40 1
257 41 1
257 48 1
257 74 1
257 158 1
257 183 1
257 223 1
257 225 1
257 238 1
258 41 1
258 42 1
258 48 1
258 49 1
258 73 1
258 74 1
258 75 1
258 76 1
258 81 1
258 82 1
258 103 1
258 104 1
258 129 1
258 130 1
258 132 1
258 133 1
258 134 1
258 156 1
258 157 1
258 158 1
258 159 1
258 183 1
258 184 1
258 185 1
258 186 1
258 224 1
258 225 1
258 238 1
259 8 1
259 9 1
259 31 1
259 42 1
259 43 1
259 44 1
259 79 1
259 80 1
259 81 1
259 107 1
259 130 1
259 160 1
259 161 1
259 163 1
259 184 1
259 186 1
259 187 1
259 188 1
259 189 1
259 194 1
259 225 1
259 240 1
260 0 1
260 1 1
260 43 1
260 44 1
260 45 1
260 46 1
260 49 1
260 66 1
260 67 1
260 70 1
260 81 1
260 82 1
260 130 1
260 132 1
260 133 1
260 134 1
260 152 1
260 153 1
260 155 1
260 161 1
260 178 1
260 181 1
260 188 1
260 189 1
260 227 1
260 232 1
260 256 1
261 8 1
261 9 1
261 40 1
261 47 1
261 48 1
261 74 1
261 79 1
261 80 1
261 107 1
261 130 1
261 131 1
261 158 1
261 163 1
261 184 1
261 185 1
261 186 1
261 187 1
261 192 1
261 194 1
261 223 1
261 224 1
261 225 1
261 235 1
261 238 1
261 240 1
261 241 1
261 257 1
262 2 1
262 8 1
262 9 1
262 30 1
262 31 1
262 32 1
262 43 1
262 68 1
262 79 1
262 80 1
262 81 1
262 107 1
262 125 1
262 130 1
262 131 1
262 154 1
262 160 1
262 161 1
262 163 1
262 184 1
262 186 1
262 187 1
262 194 1
262 225 1
262 227 1
262 233 1
262 234 1
262 235 1
262 240 1
262 241 1
262 259 1
262 261 1
263 8 1
263 9 1
263 31 1
263 32 1
263 47 1
263 68 1
263 78 1
263 80 1
263 107 1
263 125 1
263 131 1
263 163 1
263 186 1
263 187 1
263 192 1
263 194 1
263 223 1
263 225 1
263 233 1
263 234 1
263 235 1
263 238 1
263 240 1
263 241 1
263 261 1
263 262 1
264 13 1
264 52 1
264 88 1
264 89 1
264 135 1
264 138 1
264 166 1
264 197 1
264 204 1
265 10 1
265 11 1
265 12 1
265 22 1
265 23 1
265 24 1
265 25 1
265 26 1
265 27 1
265 37 1
265 61 1
265 83 1
265 84 1
265 85 1
265 86 1
265 87 1
265 89 1
265 93 1
265 96 1
265 98 1
265 99 1
265 101 1
265 102 1
265 114 1
265 119 1
265 123 1
265 124 1
265 136 1
265 137 1
265 143 1
265 149 1
265 150 1
265 151 1
265 177 1
265 195 1
265 196 1
265 199 1
265 200 1
265 215 1
265 216 1
265 220 1
265 221 1
265 228 1
265 231 1
265 242 1
265 245 1
265 252 1
265 254 1
266 15 1
266 16 1
266 17 1
266 18 1
266 34 1
266 35 1
266 52 1
266 53 1
266 54 1
266 57 1
266 90 1
266 91 1
266 92 1
266 109 1
266 116 1
266 139 1
266 142 1
266 147 1
266 148 1
266 168 1
266 169 1
266 170 1
266 171 1
266 202 1
266 203 1
266 205 1
266 206 1
266 207 1
266 208 1
266 209 1
266 246 1
266 247 1
266 248 1
266 249 1
267 16 1
267 17 1
267 18 1
267 19 1
267 22 1
267 23 1
267 27 1
267 28 1
267 36 1
267 37 1
267 38 1
267 54 1
267 56 1
267 96 1
267 98 1
267 114 1
267 118 1
267 124 1
267 139 1
267 140 1
267 141 1
267 142 1
267 148 1
267 171 1
267 177 1
267 209 1
267 215 1
267 249 1
267 251 1
268 7 1
268 20 1
268 29 1
268 58 1
268 60 1
268 63 1
268 64 1
268 65 1
268 94 1
268 95 1
268 100 1
268 104 1
268 106 1
268 117 1
268 145 1
268 146 1
268 174 1
268 193 1
268 211 1
268 212 1
268 213 1
268 214 1
268 220 1
268 221 1
268 230 1
268 244 1
268 253 1
268 255 1
269 22 1
269 28 1
269 38 1
269 97 1
269 118 1
269 148 1
269 176 1
269 207 1
269 208 1
269 217 1
269 218 1
269 219 1
270 21 1
270 28 1
270 62 1
270 91 1
270 97 1
270 109 1
270 115 1
270 116 1
270 138 1
270 147 1
270 148 1
270 165 1
270 176 1
270 197 1
270 198 1
270 203 1
270 208 1
270 217 1
270 218 1
270 219 1
270 228 1
270 247 1
270 269 1
271 7 1
271 20 1
271 29 1
271 33 1
271 85 1
271 94 1
271 95 1
271 100 1
271 101 1
271 106 1
271 119 1
271 136 1
271 145 1
271 146 1
271 175 1
271 193 1
271 212 1
271 213 1
271 214 1
271 221 1
271 231 1
271 243 1
271 244 1
271 255 1
271 268 1
272 7 1
272 20 1
272 29 1
272 33 1
272 37 1
272 58 1
272 59 1
272 61 1
272 63 1
272 85 1
272 94 1
272 95 1
272 99 1
272 100 1
272 106 1
272 119 1
272 136 1
272 145 1
272 146 1
272 174 1
272 175 1
272 193 1
272 211 1
272 213 1
272 214 1
272 220 1
272 221 1
272 243 1
272 244 1
272 253 1
272 255 1
272 268 1
272 271 1
273 1 1
273 2 1
273 30 1
273 31 1
273 32 1
273 43 1
273 44 1
273 66 1
273 67 1
273 68 1
273 70 1
273 80 1
273 81 1
273 82 1
273 105 1
273 107 1
273 120 1
273 125 1
273 133 1
273 154 1
273 160 1
273 161 1
273 179 1
273 180 1
273 188 1
273 189 1
273 190 1
273 194 1
273 226 1
273 227 1
273 232 1
273 233 1
273 235 1
273 256 1
273 260 1
274 4 1
274 39 1
274 66 1
274 67 1
274 69 1
274 70 1
274 71 1
274 105 1
274 155 1
274 182 1
274 190 1
274 191 1
274 222 1
274 226 1
275 7 1
275 8 1
275 40 1
275 41 1
275 42 1
275 48 1
275 74 1
275 75 1
275 76 1
275 79 1
275 104 1
275 106 1
275 157 1
275 158 1
275 159 1
275 163 1
275 184 1
275 185 1
275 193 1
275 223 1
275 225 1
275 238 1
275 239 1
275 257 1
275 258 1
275 261 1
276 8 1
276 42 1
276 43 1
276 44 1
276 46 1
276 75 1
276 79 1
276 80 1
276 81 1
276 130 1
276 160 1
276 163 1
276 184 1
276 185 1
276 186 1
276 187 1
276 188 1
276 189 1
276 194 1
276 224 1
276 225 1
276 240 1
276 259 1
276 262 1
277 0 1
277 1 1
277 42 1
277 43 1
277 44 1
277 45 1
277 46 1
277 49 1
277 66 1
277 81 1
277 130 1
277 132 1
277 133 1
277 134 1
277 152 1
277 153 1
277 184 1
277 186 1
277 188 1
277 189 1
277 194 1
277 224 1
277 227 1
277 232 1
277 260 1
277 276 1
278 50 1
278 51 1
278 108 1
278 164 1
278 254 1
279 10 1
279 33 1
279 83 1
279 84 1
279 85 1
279 87 1
279 100 1
279 101 1
279 102 1
279 119 1
279 123 1
279 136 1
279 195 1
279 215 1
279 216 1
279 221 1
279 231 1
279 242 1
279 243 1
279 244 1
279 265 1
280 11 1
280 12 1
280 15 1
280 21 1
280 34 1
280 52 1
280 62 1
280 90 1
280 91 1
280 109 1
280 110 1
280 115 1
280 135 1
280 138 1
280 147 1
280 165 1
280 168 1
280 169 1
280 197 1
280 202 1
280 203 1
280 204 1
280 205 1
280 208 1
280 209 1
280 218 1
280 228 1
280 246 1
280 247 1
280 266 1
280 270 1
281 14 1
281 15 1
281 16 1
281 17 1
281 18 1
281 27 1
281 34 1
281 35 1
281 52 1
281 90 1
281 91 1
281 92 1
281 109 1
281 110 1
281 139 1
281 147 1
281 148 1
281 168 1
281 169 1
281 170 1
281 171 1
281 202 1
281 203 1
281 205 1
281 206 1
281 208 1
281 209 1
281 246 1
281 247 1
281 249 1
281 252 1
281 266 1
281 280 1
282 16 1
282 17 1
282 18 1
282 19 1
282 34 1
282 35 1
282 36 1
282 53 1
282 54 1
282 56 1
282 57 1
282 90 1
282 92 1
282 109 1
282 118 1
282 139 1
282 141 1
282 142 1
282 168 1
282 170 1
282 171 1
282 206 1
282 207 1
282 248 1
282 249 1
282 251 1
282 266 1
282 267 1
282 281 1
283 7 1
283 40 1
283 60 1
283 100 1
283 101 1
283 106 1
283 145 1
283 212 1
283 213 1
283 214 1
283 221 1
283 230 1
283 257 1
283 271 1
284 10 1
284 22 1
284 27 1
284 37 1
284 38 1
284 83 1
284 84 1
284 85 1
284 86 1
284 87 1
284 96 1
284 97 1
284 98 1
284 114 1
284 123 1
284 124 1
284 136 1
284 137 1
284 177 1
284 195 1
284 198 1
284 215 1
284 216 1
284 217 1
284 265 1
284 279 1
285 0 1
285 1 1
285 39 1
285 43 1
285 44 1
285 45 1
285 46 1
285 66 1
285 67 1
285 70 1
285 71 1
285 81 1
285 82 1
285 120 1
285 126 1
285 133 1
285 134 1
285 153 1
285 155 1
285 161 1
285 178 1
285 179 1
285 181 1
285 182 1
285 188 1
285 189 1
285 222 1
285 226 1
285 227 1
285 232 1
285 256 1
285 260 1
285 273 1
285 277 1
286 8 1
286 40 1
286 41 1
286 48 1
286 74 1
286 163 1
286 223 1
286 225 1
286 238 1
286 240 1
286 257 1
286 261 1
286 263 1
286 275 1
287 41 1
287 42 1
287 46 1
287 75 1
287 76 1
287 79 1
287 81 1
287 104 1
287 129 1
287 130 1
287 132 1
287 157 1
287 159 1
287 184 1
287 185 1
287 186 1
287 187 1
287 189 1
287 224 1
287 258 1
287 275 1
287 276 1
287 277 1
288 8 1
288 42 1
288 46 1
288 75 1
288 79 1
288 80 1
288 104 1
288 130 1
288 159 1
288 163 1
288 184 1
288 185 1
288 186 1
288 187 1
288 189 1
288 224 1
288 259 1
288 276 1
288 277 1
288 287 1
289 8 1
289 9 1
289 40 1
289 47 1
289 48 1
289 68 1
289 74 1
289 78 1
289 79 1
289 80 1
289 107 1
289 125 1
289 131 1
289 158 1
289 163 1
289 183 1
289 185 1
289 186 1
289 192 1
289 194 1
289 223 1
289 224 1
289 225 1
289 235 1
289 238 1
289 240 1
289 241 1
289 257 1
289 261 1
289 262 1
289 263 1
289 275 1
289 286 1
290 6 1
290 9 1
290 32 1
290 47 1
290 48 1
290 68 1
290 73 1
290 78 1
290 80 1
290 81 1
290 82 1
290 103 1
290 107 1
290 125 1
290 128 1
290 131 1
290 132 1
290 156 1
290 162 1
290 180 1
290 192 1
290 194 1
290 223 1
290 224 1
290 225 1
290 227 1
290 234 1
290 235 1
290 238 1
290 241 1
290 261 1
290 262 1
290 263 1
290 289 1
291 7 1
291 20 1
291 29 1
291 41 1
291 58 1
291 59 1
291 94 1
291 95 1
291 100 1
291 104 1
291 106 1
291 113 1
291 145 1
291 159 1
291 174 1
291 175 1
291 193 1
291 211 1
291 213 1
291 214 1
291 221 1
291 239 1
291 243 1
291 255 1
291 268 1
291 271 1
291 272 1
291 275 1
292 8 1
292 9 1
292 31 1
292 32 1
292 43 1
292 79 1
292 80 1
292 107 1
292 125 1
292 130 1
292 160 1
292 163 1
292 184 1
292 186 1
292 187 1
292 194 1
292 223 1
292 225 1
292 234 1
292 235 1
292 240 1
292 241 1
292 259 1
292 261 1
292 262 1
292 263 1
292 276 1
292 289 1
293 0 1
293 1 1
293 42 1
293 46 1
293 49 1
293 66 1
293 68 1
293 73 1
293 76 1
293 81 1
293 82 1
293 103 1
293 107 1
293 128 1
293 129 1
293 130 1
293 132 1
293 133 1
293 134 1
293 153 1
293 156 1
293 157 1
293 180 1
293 181 1
293 183 1
293 184 1
293 185 1
293 186 1
293 189 1
293 192 1
293 194 1
293 224 1
293 227 1
293 232 1
293 256 1
293 258 1
293 260 1
293 277 1
293 285 1
293 287 1
294 1 1
294 2 1
294 6 1
294 8 1
294 9 1
294 30 1
294 31 1
294 32 1
294 43 1
294 44 1
294 47 1
294 67 1
294 68 1
294 78 1
294 80 1
294 81 1
294 82 1
294 107 1
294 120 1
294 125 1
294 130 1
294 131 1
294 132 1
294 133 1
294 134 1
294 154 1
294 160 1
294 161 1
294 162 1
294 179 1
294 180 1
294 184 1
294 186 1
294 187 1
294 188 1
294 192 1
294 194 1
294 224 1
294 225 1
294 227 1
294 233 1
294 234 1
294 235 1
294 240 1
294 241 1
294 256 1
294 259 1
294 261 1
294 262 1
294 263 1
294 273 1
294 276 1
294 289 1
294 290 1
294 292 1
294 293 1
295 10 1
295 12 1
295 51 1
295 83 1
295 84 1
295 87 1
295 101 1
295 102 1
295 123 1
295 137 1
295 150 1
295 151 1
295 195 1
295 196 1
295 198 1
295 216 1
295 229 1
295 231 1
295 242 1
295 254 1
295 265 1
295 279 1
296 11 1
296 12 1
296 13 1
296 14 1
296 15 1
296 17 1
296 18 1
296 22 1
296 26 1
296 27 1
296 34 1
296 52 1
296 86 1
296 90 1
296 91 1
296 98 1
296 109 1
296 110 1
296 124 1
296 137 1
296 138 1
296 139 1
296 141 1
296 143 1
296 147 1
296 148 1
296 165 1
296 169 1
296 171 1
296 172 1
296 197 1
296 202 1
296 204 1
296 205 1
296 206 1
296 208 1
296 209 1
296 228 1
296 246 1
296 249 1
296 250 1
296 252 1
296 266 1
296 280 1
296 281 1
297 16 1
297 17 1
297 18 1
297 19 1
297 22 1
297 27 1
297 28 1
297 34 1
297 35 1
297 36 1
297 38 1
297 53 1
297 54 1
297 56 1
297 57 1
297 90 1
297 92 1
297 98 1
297 109 1
297 118 1
297 139 1
297 140 1
297 141 1
297 142 1
297 148 1
297 168 1
297 170 1
297 171 1
297 202 1
297 206 1
297 207 1
297 208 1
297 209 1
297 248 1
297 249 1
297 250 1
297 251 1
297 266 1
297 267 1
297 281 1
297 282 1
297 296 1
298 14 1
298 23 1
298 24 1
298 25 1
298 26 1
298 36 1
298 37 1
298 55 1
298 61 1
298 63 1
298 65 1
298 85 1
298 93 1
298 95 1
298 99 1
298 102 1
298 111 1
298 114 1
298 124 1
298 139 1
298 140 1
298 141 1
298 143 1
298 146 1
298 171 1
298 172 1
298 173 1
298 177 1
298 195 1
298 201 1
298 220 1
298 249 1
298 250 1
298 252 1
299 7 1
299 20 1
299 24 1
299 29 1
299 58 1
299 61 1
299 63 1
299 64 1
299 65 1
299 94 1
299 95 1
299 99 1
299 100 1
299 106 1
299 117 1
299 146 1
299 174 1
299 210 1
299 211 1
299 213 1
299 220 1
299 230 1
299 253 1
299 255 1
299 268 1
299 271 1
299 272 1
299 291 1
300 7 1
300 20 1
300 23 1
300 24 1
300 25 1
300 26 1
300 29 1
300 33 1
300 37 1
300 61 1
300 63 1
300 64 1
300 65 1
300 85 1
300 93 1
300 95 1
300 99 1
300 100 1
300 101 1
300 102 1
300 106 1
300 111 1
300 114 1
300 117 1
300 119 1
300 136 1
300 140 1
300 146 1
300 149 1
300 173 1
300 177 1
300 195 1
300 220 1
300 221 1
300 230 1
300 231 1
300 244 1
300 253 1
300 255 1
300 268 1
300 271 1
300 272 1
300 298 1
300 299 1
301 16 1
301 19 1
301 22 1
301 27 1
301 28 1
301 38 1
301 53 1
301 54 1
301 56 1
301 57 1
301 92 1
301 97 1
301 98 1
301 118 1
301 141 1
301 142 1
301 148 1
301 170 1
301 207 1
301 208 1
301 215 1
301 217 1
301 219 1
301 248 1
301 251 1
301 267 1
301 269 1
301 297 1
302 10 1
302 24 1
302 25 1
302 26 1
302 60 1
302 65 1
302 85 1
302 93 1
302 101 1
302 102 1
302 112 1
302 117 1
302 119 1
302 143 1
302 144 1
302 145 1
302 149 1
302 150 1
302 151 1
302 167 1
302 173 1
302 195 1
302 196 1
302 199 1
302 200 1
302 201 1
302 210 1
302 212 1
302 213 1
302 220 1
302 221 1
302 230 1
302 231 1
302 242 1
302 245 1
302 254 1
302 265 1
302 295 1
303 7 1
303 10 1
303 23 1
303 24 1
303 29 1
303 33 1
303 37 1
303 61 1
303 63 1
303 84 1
303 85 1
303 95 1
303 99 1
303 100 1
303 101 1
303 102 1
303 106 1
303 114 1
303 119 1
303 123 1
303 136 1
303 145 1
303 146 1
303 149 1
303 150 1
303 151 1
303 177 1
303 195 1
303 212 1
303 213 1
303 214 1
303 220 1
303 221 1
303 230 1
303 231 1
303 243 1
303 244 1
303 255 1
303 265 1
303 268 1
303 271 1
303 272 1
303 279 1
303 283 1
303 291 1
303 299 1
303 300 1
304 0 1
304 1 1
304 3 1
304 4 1
304 5 1
304 45 1
304 49 1
304 66 1
304 70 1
304 71 1
304 72 1
304 82 1
304 121 1
304 126 1
304 127 1
304 132 1
304 133 1
304 134 1
304 152 1
304 153 1
304 155 1
304 178 1
304 181 1
304 189 1
304 227 1
304 232 1
304 256 1
304 260 1
304 277 1
304 285 1
304 293 1
305 0 1
305 1 1
305 4 1
305 39 1
305 43 1
305 44 1
305 45 1
305 46 1
305 49 1
305 66 1
305 67 1
305 70 1
305 71 1
305 72 1
305 81 1
305 82 1
305 107 1
305 120 1
305 126 1
305 132 1
305 133 1
305 134 1
305 153 1
305 155 1
305 178 1
305 180 1
305 181 1
305 188 1
305 189 1
305 227 1
305 232 1
305 256 1
305 260 1
305 273 1
305 277 1
305 285 1
305 293 1
305 304 1
306 2 1
306 9 1
306 30 1
306 31 1
306 32 1
306 43 1
306 67 1
306 68 1
306 77 1
306 107 1
306 120 1
306 125 1
306 154 1
306 160 1
306 161 1
306 179 1
306 180 1
306 190 1
306 226 1
306 233 1
306 234 1
306 235 1
306 273 1
306 294 1
307 0 1
307 1 1
307 2 1
307 3 1
307 4 1
307 6 1
307 47 1
307 49 1
307 66 1
307 67 1
307 68 1
307 69 1
307 70 1
307 72 1
307 73 1
307 77 1
307 78 1
307 81 1
307 82 1
307 107 1
307 120 1
307 122 1
307 125 1
307 126 1
307 128 1
307 129 1
307 131 1
307 132 1
307 133 1
307 134 1
307 153 1
307 156 1
307 162 1
307 179 1
307 180 1
307 181 1
307 190 1
307 192 1
307 194 1
307 224 1
307 227 1
307 232 1
307 235 1
307 237 1
307 256 1
307 273 1
307 285 1
307 293 1
307 294 1
307 304 1
307 305 1
308 0 1
308 1 1
308 3 1
308 4 1
308 5 1
308 6 1
308 49 1
308 66 1
308 67 1
308 68 1
308 69 1
308 70 1
308 71 1
308 72 1
308 73 1
308 77 1
308 78 1
308 81 1
308 82 1
308 107 1
308 121 1
308 122 1
308 126 1
308 127 1
308 128 1
308 132 1
308 133 1
308 134 1
308 153 1
308 155 1
308 162 1
308 178 1
308 180 1
308 181 1
308 190 1
308 192 1
308 227 1
308 232 1
308 237 1
308 256 1
308 285 1
308 293 1
308 304 1
308 305 1
308 307 1
309 0 1
309 1 1
309 3 1
309 4 1
309 5 1
309 6 1
309 39 1
309 66 1
309 67 1
309 69 1
309 70 1
309 71 1
309 72 1
309 82 1
309 121 1
309 122 1
309 126 1
309 127 1
309 128 1
309 133 1
309 134 1
309 153 1
309 155 1
309 162 1
309 178 1
309 179 1
309 180 1
309 181 1
309 182 1
309 190 1
309 191 1
309 222 1
309 226 1
309 227 1
309 232 1
309 237 1
309 256 1
309 274 1
309 285 1
309 304 1
309 305 1
309 307 1
309 308 1
310 41 1
310 42 1
310 48 1
310 74 1
310 75 1
310 76 1
310 103 1
310 104 1
310 129 1
310 157 1
310 158 1
310 159 1
310 183 1
310 184 1
310 185 1
310 223 1
310 224 1
310 225 1
310 238 1
310 257 1
310 258 1
310 275 1
310 287 1
311 7 1
311 40 1
311 41 1
311 48 1
311 74 1
311 104 1
311 157 1
311 158 1
311 183 1
311 185 1
311 212 1
311 214 1
311 223 1
311 225 1
311 238 1
311 257 1
311 261 1
311 275 1
311 283 1
311 286 1
311 289 1
311 310 1
312 2 1
312 3 1
312 6 1
312 67 1
312 68 1
312 69 1
312 77 1
312 120 1
312 122 1
312 125 1
312 126 1
312 154 1
312 162 1
312 179 1
312 180 1
312 190 1
312 191 1
312 226 1
312 237 1
312 256 1
312 306 1
312 307 1
312 308 1
312 309 1
313 7 1
313 20 1
313 29 1
313 33 1
313 41 1
313 58 1
313 59 1
313 94 1
313 95 1
313 100 1
313 104 1
313 106 1
313 113 1
313 159 1
313 174 1
313 175 1
313 193 1
313 211 1
313 214 1
313 239 1
313 243 1
313 255 1
313 268 1
313 271 1
313 272 1
313 275 1
313 291 1
313 299 1
314 50 1
314 51 1
314 108 1
314 164 1
314 242 1
314 278 1
314 295 1
315 10 1
315 12 1
315 83 1
315 84 1
315 86 1
315 87 1
315 89 1
315 101 1
315 102 1
315 119 1
315 123 1
315 137 1
315 149 1
315 150 1
315 151 1
315 195 1
315 196 1
315 199 1
315 200 1
315 229 1
315 231 1
315 242 1
315 245 1
315 254 1
315 265 1
315 279 1
315 295 1
315 302 1
315 314 1
316 10 1
316 11 1
316 12 1
316 14 1
316 22 1
316 23 1
316 24 1
316 25 1
316 26 1
316 27 1
316 37 1
316 61 1
316 63 1
316 65 1
316 83 1
316 84 1
316 85 1
316 86 1
316 87 1
316 93 1
316 96 1
316 98 1
316 99 1
316 101 1
316 102 1
316 114 1
316 119 1
316 123 1
316 124 1
316 136 1
316 137 1
316 140 1
316 143 1
316 144 1
316 146 1
316 149 1
316 150 1
316 151 1
316 172 1
316 173 1
316 177 1
316 195 1
316 196 1
316 200 1
316 201 1
316 215 1
316 216 1
316 220 1
316 221 1
316 230 1
316 231 1
316 242 1
316 244 1
316 245 1
316 246 1
316 252 1
316 254 1
316 265 1
316 279 1
316 284 1
316 295 1
316 298 1
316 302 1
316 303 1
316 315 1
317 10 1
317 11 1
317 12 1
317 13 1
317 14 1
317 15 1
317 22 1
317 23 1
317 24 1
317 25 1
317 26 1
317 27 1
317 37 1
317 83 1
317 84 1
317 85 1
317 86 1
317 87 1
317 89 1
317 93 1
317 96 1
317 98 1
317 99 1
317 101 1
317 102 1
317 110 1
317 114 1
317 119 1
317 124 1
317 137 1
317 140 1
317 143 1
317 149 1
317 150 1
317 151 1
317 165 1
317 172 1
317 177 1
317 195 1
317 196 1
317 199 1
317 200 1
317 201 1
317 202 1
317 209 1
317 215 1
317 216 1
317 220 1
317 228 1
317 231 1
317 242 1
317 245 1
317 246 1
317 252 1
317 265 1
317 295 1
317 296 1
317 302 1
317 315 1
317 316 1
318 10 1
318 11 1
318 12 1
318 13 1
318 14 1
318 15 1
318 22 1
318 23 1
318 26 1
318 27 1
318 83 1
318 84 1
318 86 1
318 87 1
318 88 1
318 89 1
318 98 1
318 102 1
318 124 1
318 137 1
318 143 1
318 150 1
318 151 1
318 165 1
318 166 1
318 177 1
318 195 1
318 196 1
318 197 1
318 198 1
318 199 1
318 200 1
318 209 1
318 215 1
318 216 1
318 228 1
318 229 1
318 231 1
318 242 1
318 245 1
318 246 1
318 252 1
318 265 1
318 284 1
318 295 1
318 296 1
318 315 1
318 316 1
318 317 1
319 11 1
319 12 1
319 13 1
319 14 1
319 15 1
319 23 1
319 24 1
319 25 1
319 26 1
319 27 1
319 52 1
319 55 1
319 65 1
319 89 1
319 93 1
319 99 1
319 102 1
319 110 1
319 111 1
319 124 1
319 137 1
319 140 1
319 143 1
319 150 1
319 151 1
319 166 1
319 167 1
319 169 1
319 172 1
319 173 1
319 177 1
319 195 1
319 196 1
319 199 1
319 200 1
319 201 1
319 202 1
319 204 1
319 209 1
319 228 1
319 245 1
319 246 1
319 250 1
319 252 1
319 265 1
319 296 1
319 298 1
319 316 1
319 317 1
319 318 1
320 16 1
320 21 1
320 28 1
320 34 1
320 35 1
320 53 1
320 57 1
320 62 1
320 90 1
320 91 1
320 92 1
320 109 1
320 116 1
320 147 1
320 168 1
320 170 1
320 202 1
320 203 1
320 205 1
320 206 1
320 207 1
320 208 1
320 247 1
320 248 1
320 251 1
320 266 1
320 281 1
321 11 1
321 12 1
321 13 1
321 14 1
321 15 1
321 52 1
321 86 1
321 88 1
321 89 1
321 90 1
321 91 1
321 109 1
321 110 1
321 115 1
321 135 1
321 138 1
321 147 1
321 165 1
321 166 1
321 169 1
321 197 1
321 202 1
321 204 1
321 205 1
321 208 1
321 209 1
321 218 1
321 228 1
321 245 1
321 246 1
321 247 1
321 252 1
321 264 1
321 266 1
321 270 1
321 280 1
321 281 1
321 296 1
321 318 1
321 319 1
322 16 1
322 17 1
322 18 1
322 19 1
322 27 1
322 28 1
322 34 1
322 35 1
322 36 1
322 53 1
322 54 1
322 56 1
322 57 1
322 90 1
322 92 1
322 109 1
322 118 1
322 139 1
322 141 1
322 142 1
322 148 1
322 168 1
322 170 1
322 171 1
322 202 1
322 205 1
322 206 1
322 207 1
322 208 1
322 209 1
322 248 1
322 249 1
322 251 1
322 266 1
322 267 1
322 281 1
322 282 1
322 296 1
322 297 1
322 301 1
322 320 1
323 14 1
323 17 1
323 18 1
323 23 1
323 24 1
323 25 1
323 26 1
323 27 1
323 36 1
323 55 1
323 61 1
323 65 1
323 93 1
323 98 1
323 99 1
323 111 1
323 114 1
323 124 1
323 139 1
323 140 1
323 141 1
323 143 1
323 171 1
323 172 1
323 177 1
323 246 1
323 249 1
323 250 1
323 252 1
323 267 1
323 296 1
323 297 1
323 298 1
323 319 1
323 322 1
324 16 1
324 17 1
324 18 1
324 19 1
324 22 1
324 27 1
324 28 1
324 36 1
324 38 1
324 54 1
324 56 1
324 57 1
324 92 1
324 96 1
324 98 1
324 114 1
324 118 1
324 124 1
324 139 1
324 141 1
324 142 1
324 171 1
324 177 1
324 207 1
324 248 1
324 249 1
324 251 1
324 267 1
324 282 1
324 297 1
324 301 1
324 322 1
325 20 1
325 29 1
325 58 1
325 59 1
325 94 1
325 106 1
325 113 1
325 174 1
325 175 1
325 193 1
325 211 1
325 239 1
325 243 1
325 255 1
325 272 1
325 291 1
325 313 1
326 7 1
326 20 1
326 29 1
326 58 1
326 59 1
326 94 1
326 95 1
326 106 1
326 113 1
326 146 1
326 174 1
326 175 1
326 193 1
326 211 1
326 239 1
326 255 1
326 268 1
326 272 1
326 291 1
326 299 1
326 300 1
326 313 1
326 325 1
327 7 1
327 20 1
327 29 1
327 58 1
327 63 1
327 64 1
327 94 1
327 95 1
327 104 1
327 106 1
327 117 1
327 146 1
327 159 1
327 174 1
327 193 1
327 211 1
327 253 1
327 255 1
327 268 1
327 272 1
327 291 1
327 299 1
327 300 1
327 313 1
327 325 1
327 326 1
328 11 1
328 19 1
328 22 1
328 23 1
328 26 1
328 27 1
328 36 1
328 37 1
328 38 1
328 56 1
328 61 1
328 84 1
328 85 1
328 86 1
328 96 1
328 97 1
328 98 1
328 114 1
328 118 1
328 123 1
328 124 1
328 136 1
328 137 1
328 141 1
328 142 1
328 148 1
328 177 1
328 195 1
328 209 1
328 215 1
328 216 1
328 217 1
328 252 1
328 265 1
328 267 1
328 284 1
328 301 1
328 316 1
328 317 1
328 318 1
328 324 1
329 22 1
329 28 1
329 38 1
329 97 1
329 118 1
329 148 1
329 176 1
329 198 1
329 207 1
329 215 1
329 216 1
329 217 1
329 218 1
329 219 1
329 269 1
329 270 1
329 301 1
330 22 1
330 28 1
330 38 1
330 86 1
330 97 1
330 115 1
330 118 1
330 147 1
330 148 1
330 165 1
330 176 1
330 197 1
330 198 1
330 208 1
330 216 1
330 217 1
330 218 1
330 219 1
330 229 1
330 269 1
330 270 1
330 329 1
331 16 1
331 19 1
331 22 1
331 27 1
331 28 1
331 38 1
331 56 1
331 57 1
331 86 1
331 90 1
331 92 1
331 96 1
331 97 1
331 98 1
331 109 1
331 118 1
331 124 1
331 141 1
331 142 1
331 148 1
331 176 1
331 207 1
331 208 1
331 209 1
331 215 1
331 216 1
331 217 1
331 218 1
331 219 1
331 251 1
331 267 1
331 269 1
331 284 1
331 297 1
331 301 1
331 324 1
331 328 1
331 329 1
331 330 1
332 23 1
332 24 1
332 25 1
332 26 1
332 55 1
332 60 1
332 61 1
332 63 1
332 64 1
332 65 1
332 85 1
332 93 1
332 95 1
332 99 1
332 101 1
332 102 1
332 112 1
332 117 1
332 119 1
332 143 1
332 144 1
332 146 1
332 149 1
332 151 1
332 167 1
332 173 1
332 201 1
332 210 1
332 213 1
332 220 1
332 230 1
332 231 1
332 253 1
332 268 1
332 272 1
332 298 1
332 299 1
332 300 1
332 302 1
333 11 1
333 12 1
333 14 1
333 15 1
333 18 1
333 22 1
333 23 1
333 24 1
333 25 1
333 26 1
333 27 1
333 36 1
333 37 1
333 38 1
333 55 1
333 61 1
333 65 1
333 85 1
333 86 1
333 90 1
333 93 1
333 96 1
333 98 1
333 99 1
333 102 1
333 111 1
333 114 1
333 124 1
333 136 1
333 137 1
333 139 1
333 140 1
333 141 1
333 143 1
333 150 1
333 151 1
333 171 1
333 172 1
333 177 1
333 195 1
333 196 1
333 201 1
333 202 1
333 209 1
333 215 1
333 220 1
333 228 1
333 231 1
333 246 1
333 249 1
333 250 1
333 252 1
333 265 1
333 267 1
333 296 1
333 297 1
333 298 1
333 316 1
333 317 1
333 318 1
333 319 1
333 323 1
333 328 1
334 0 1
334 1 1
334 2 1
334 30 1
334 43 1
334 44 1
334 45 1
334 46 1
334 66 1
334 67 1
334 68 1
334 70 1
334 71 1
334 81 1
334 82 1
334 107 1
334 120 1
334 125 1
334 126 1
334 130 1
334 132 1
334 133 1
334 134 1
334 153 1
334 155 1
334 160 1
334 161 1
334 178 1
334 179 1
334 180 1
334 181 1
334 188 1
334 189 1
334 194 1
334 226 1
334 227 1
334 232 1
334 256 1
334 260 1
334 273 1
334 277 1
334 285 1
334 293 1
334 294 1
334 304 1
334 305 1
334 306 1
334 307 1
334 308 1
334 309 1
335 0 1
335 1 1
335 2 1
335 30 1
335 39 1
335 43 1
335 44 1
335 45 1
335 66 1
335 67 1
335 68 1
335 70 1
335 71 1
335 81 1
335 82 1
335 105 1
335 107 1
335 120 1
335 125 1
335 126 1
335 133 1
335 134 1
335 153 1
335 154 1
335 155 1
335 160 1
335 161 1
335 179 1
335 180 1
335 181 1
335 182 1
335 188 1
335 189 1
335 190 1
335 191 1
335 194 1
335 222 1
335 226 1
335 227 1
335 232 1
335 256 1
335 260 1
335 273 1
335 277 1
335 285 1
335 294 1
335 304 1
335 305 1
335 306 1
335 307 1
335 308 1
335 309 1
335 334 1
336 0 1
336 1 1
336 3 1
336 4 1
336 5 1
336 6 1
336 39 1
336 66 1
336 67 1
336 69 1
336 70 1
336 71 1
336 72 1
336 82 1
336 121 1
336 122 1
336 126 1
336 127 1
336 128 1
336 133 1
336 134 1
336 153 1
336 155 1
336 162 1
336 178 1
336 180 1
336 181 1
336 182 1
336 190 1
336 222 1
336 232 1
336 237 1
336 256 1
336 285 1
336 304 1
336 305 1
336 307 1
336 308 1
336 309 1
337 3 1
337 6 1
337 68 1
337 69 1
337 73 1
337 77 1
337 78 1
337 82 1
337 107 1
337 122 1
337 125 1
337 126 1
337 128 1
337 131 1
337 134 1
337 156 1
337 162 1
337 180 1
337 181 1
337 190 1
337 192 1
337 227 1
337 237 1
337 256 1
337 307 1
337 308 1
337 309 1
337 312 1
337 336 1
338 8 1
338 40 1
338 41 1
338 48 1
338 74 1
338 79 1
338 158 1
338 163 1
338 223 1
338 225 1
338 238 1
338 240 1
338 257 1
338 261 1
338 263 1
338 275 1
338 286 1
338 289 1
338 311 1
339 8 1
339 42 1
339 43 1
339 44 1
339 46 1
339 79 1
339 80 1
339 81 1
339 130 1
339 160 1
339 161 1
339 163 1
339 184 1
339 186 1
339 187 1
339 188 1
339 189 1
339 194 1
339 240 1
339 259 1
339 262 1
339 276 1
339 277 1
339 287 1
339 288 1
339 292 1
340 42 1
340 47 1
340 49 1
340 73 1
340 75 1
340 76 1
340 81 1
340 82 1
340 103 1
340 107 1
340 129 1
340 130 1
340 132 1
340 133 1
340 134 1
340 156 1
340 157 1
340 158 1
340 159 1
340 183 1
340 184 1
340 185 1
340 186 1
340 189 1
340 192 1
340 194 1
340 224 1
340 227 1
340 238 1
340 258 1
340 277 1
340 287 1
340 293 1
340 307 1
340 310 1
341 0 1
341 1 1
341 2 1
341 43 1
341 44 1
341 45 1
341 46 1
341 66 1
341 67 1
341 70 1
341 81 1
341 120 1
341 130 1
341 133 1
341 153 1
341 155 1
341 160 1
341 161 1
341 179 1
341 188 1
341 189 1
341 194 1
341 227 1
341 232 1
341 256 1
341 260 1
341 273 1
341 277 1
341 285 1
341 304 1
341 305 1
341 334 1
341 335 1
341 339 1
342 0 1
342 1 1
342 5 1
342 42 1
342 45 1
342 46 1
342 49 1
342 66 1
342 72 1
342 73 1
342 81 1
342 82 1
342 107 1
342 126 1
342 129 1
342 132 1
342 133 1
342 134 1
342 152 1
342 153 1
342 178 1
342 180 1
342 181 1
342 189 1
342 224 1
342 227 1
342 232 1
342 256 1
342 258 1
342 260 1
342 277 1
342 285 1
342 293 1
342 304 1
342 305 1
342 307 1
342 308 1
342 309 1
342 334 1
342 336 1
342 340 1
342 341 1
343 10 1
343 83 1
343 84 1
343 85 1
343 87 1
343 101 1
343 102 1
343 119 1
343 123 1
343 136 1
343 137 1
343 145 1
343 149 1
343 150 1
343 151 1
343 195 1
343 196 1
343 215 1
343 216 1
343 221 1
343 231 1
343 242 1
343 254 1
343 265 1
343 279 1
343 284 1
343 295 1
343 302 1
343 303 1
343 315 1
343 316 1
343 317 1
343 318 1
344 10 1
344 83 1
344 84 1
344 85 1
344 87 1
344 102 1
344 119 1
344 123 1
344 136 1
344 137 1
344 150 1
344 195 1
344 196 1
344 198 1
344 215 1
344 216 1
344 229 1
344 231 1
344 242 1
344 265 1
344 279 1
344 284 1
344 295 1
344 315 1
344 316 1
344 318 1
344 343 1
345 10 1
345 11 1
345 12 1
345 13 1
345 14 1
345 15 1
345 22 1
345 25 1
345 26 1
345 27 1
345 52 1
345 83 1
345 84 1
345 86 1
345 87 1
345 88 1
345 89 1
345 98 1
345 102 1
345 110 1
345 124 1
345 137 1
345 138 1
345 143 1
345 150 1
345 151 1
345 165 1
345 166 1
345 169 1
345 177 1
345 195 1
345 196 1
345 197 1
345 198 1
345 199 1
345 200 1
345 202 1
345 204 1
345 209 1
345 215 1
345 216 1
345 228 1
345 229 1
345 242 1
345 245 1
345 246 1
345 252 1
345 265 1
345 295 1
345 296 1
345 315 1
345 316 1
345 317 1
345 318 1
345 319 1
345 321 1
345 333 1
346 11 1
346 12 1
346 13 1
346 15 1
346 22 1
346 27 1
346 28 1
346 38 1
346 52 1
346 86 1
346 87 1
346 89 1
346 90 1
346 91 1
346 97 1
346 98 1
346 109 1
346 110 1
346 115 1
346 137 1
346 138 1
346 147 1
346 148 1
346 165 1
346 169 1
346 176 1
346 196 1
346 197 1
346 198 1
346 202 1
346 204 1
346 205 1
346 208 1
346 209 1
346 215 1
346 216 1
346 217 1
346 218 1
346 219 1
346 228 1
346 229 1
346 246 1
346 247 1
346 252 1
346 270 1
346 280 1
346 296 1
346 317 1
346 318 1
346 321 1
346 330 1
346 331 1
346 333 1
346 345 1
347 21 1
347 34 1
347 35 1
347 62 1
347 90 1
347 91 1
347 92 1
347 109 1
347 115 1
347 116 1
347 147 1
347 168 1
347 169 1
347 170 1
347 202 1
347 203 1
347 205 1
347 206 1
347 208 1
347 218 1
347 219 1
347 247 1
347 266 1
347 270 1
347 280 1
347 281 1
347 320 1
348 15 1
348 21 1
348 52 1
348 62 1
348 91 1
348 110 1
348 115 1
348 135 1
348 138 1
348 147 1
348 165 1
348 169 1
348 197 1
348 202 1
348 203 1
348 204 1
348 205 1
348 218 1
348 228 1
348 247 1
348 264 1
348 270 1
348 280 1
348 321 1
348 346 1
348 347 1
349 14 1
349 18 1
349 23 1
349 24 1
349 25 1
349 26 1
349 27 1
349 36 1
349 37 1
349 55 1
349 61 1
349 63 1
349 65 1
349 93 1
349 99 1
349 102 1
349 111 1
349 112 1
349 114 1
349 124 1
349 139 1
349 140 1
349 141 1
349 143 1
349 151 1
349 167 1
349 171 1
349 172 1
349 173 1
349 177 1
349 195 1
349 201 1
349 220 1
349 246 1
349 249 1
349 250 1
349 252 1
349 296 1
349 298 1
349 316 1
349 317 1
349 319 1
349 323 1
349 332 1
349 333 1
350 17 1
350 18 1
350 19 1
350 23 1
350 24 1
350 25 1
350 26 1
350 27 1
350 36 1
350 37 1
350 54 1
350 55 1
350 61 1
350 96 1
350 98 1
350 99 1
350 111 1
350 114 1
350 124 1
350 139 1
350 140 1
350 141 1
350 143 1
350 146 1
350 171 1
350 172 1
350 177 1
350 195 1
350 220 1
350 249 1
350 250 1
350 252 1
350 267 1
350 297 1
350 298 1
350 322 1
350 323 1
350 324 1
350 333 1
350 349 1
351 16 1
351 17 1
351 18 1
351 19 1
351 22 1
351 27 1
351 28 1
351 34 1
351 35 1
351 38 1
351 53 1
351 54 1
351 56 1
351 57 1
351 62 1
351 90 1
351 91 1
351 92 1
351 97 1
351 98 1
351 109 1
351 116 1
351 118 1
351 139 1
351 141 1
351 142 1
351 147 1
351 148 1
351 168 1
351 170 1
351 202 1
351 203 1
351 205 1
351 206 1
351 207 1
351 208 1
351 209 1
351 218 1
351 219 1
351 248 1
351 251 1
351 266 1
351 267 1
351 269 1
351 281 1
351 282 1
351 297 1
351 301 1
351 320 1
351 322 1
351 324 1
351 329 1
351 331 1
351 347 1
352 11 1
352 12 1
352 13 1
352 14 1
352 15 1
352 18 1
352 22 1
352 23 1
352 24 1
352 25 1
352 26 1
352 27 1
352 36 1
352 37 1
352 55 1
352 65 1
352 85 1
352 86 1
352 90 1
352 93 1
352 98 1
352 99 1
352 102 1
352 110 1
352 111 1
352 114 1
352 124 1
352 137 1
352 139 1
352 140 1
352 141 1
352 143 1
352 150 1
352 151 1
352 167 1
352 169 1
352 171 1
352 172 1
352 173 1
352 177 1
352 195 1
352 196 1
352 200 1
352 201 1
352 202 1
352 209 1
352 220 1
352 228 1
352 245 1
352 246 1
352 249 1
352 250 1
352 252 1
352 265 1
352 296 1
352 298 1
352 316 1
352 317 1
352 318 1
352 319 1
352 323 1
352 333 1
352 345 1
352 346 1
352 349 1
352 350 1
353 7 1
353 40 1
353 60 1
353 100 1
353 145 1
353 212 1
353 213 1
353 214 1
353 221 1
353 257 1
353 271 1
353 283 1
353 311 1
353 338 1
354 24 1
354 60 1
354 63 1
354 64 1
354 65 1
354 93 1
354 101 1
354 102 1
354 112 1
354 117 1
354 119 1
354 144 1
354 145 1
354 149 1
354 150 1
354 151 1
354 167 1
354 173 1
354 200 1
354 201 1
354 210 1
354 212 1
354 213 1
354 220 1
354 221 1
354 230 1
354 231 1
354 253 1
354 254 1
354 302 1
354 316 1
354 332 1
355 10 1
355 11 1
355 12 1
355 14 1
355 15 1
355 19 1
355 22 1
355 23 1
355 24 1
355 25 1
355 26 1
355 27 1
355 36 1
355 37 1
355 38 1
355 61 1
355 84 1
355 85 1
355 86 1
355 87 1
355 90 1
355 96 1
355 98 1
355 99 1
355 102 1
355 114 1
355 124 1
355 137 1
355 139 1
355 140 1
355 141 1
355 143 1
355 148 1
355 151 1
355 165 1
355 171 1
355 172 1
355 177 1
355 195 1
355 196 1
355 202 1
355 208 1
355 209 1
355 215 1
355 216 1
355 228 1
355 231 1
355 246 1
355 249 1
355 250 1
355 252 1
355 265 1
355 267 1
355 284 1
355 296 1
355 297 1
355 298 1
355 316 1
355 317 1
355 318 1
355 319 1
355 323 1
355 328 1
355 331 1
355 333 1
355 345 1
355 346 1
355 349 1
355 350 1
355 352 1
356 10 1
356 13 1
356 60 1
356 83 1
356 87 1
356 88 1
356 89 1
356 93 1
356 101 1
356 102 1
356 119 1
356 137 1
356 143 1
356 144 1
356 149 1
356 150 1
356 151 1
356 164 1
356 166 1
356 195 1
356 196 1
356 199 1
356 200 1
356 201 1
356 230 1
356 231 1
356 242 1
356 245 1
356 254 1
356 265 1
356 295 1
356 302 1
356 315 1
356 316 1
356 317 1
356 318 1
356 319 1
356 343 1
356 344 1
356 345 1
356 354 1
357 0 1
357 1 1
357 3 1
357 4 1
357 39 1
357 66 1
357 67 1
357 69 1
357 70 1
357 71 1
357 105 1
357 120 1
357 126 1
357 127 1
357 153 1
357 155 1
357 178 1
357 179 1
357 181 1
357 182 1
357 190 1
357 191 1
357 222 1
357 226 1
357 232 1
357 256 1
357 273 1
357 274 1
357 285 1
357 305 1
357 309 1
357 334 1
357 335 1
357 336 1
358 3 1
358 4 1
358 6 1
358 69 1
358 77 1
358 78 1
358 122 1
358 126 1
358 128 1
358 162 1
358 180 1
358 181 1
358 190 1
358 237 1
358 256 1
358 307 1
358 308 1
358 309 1
358 312 1
358 336 1
358 337 1
359 8 1
359 42 1
359 43 1
359 44 1
359 46 1
359 75 1
359 79 1
359 80 1
359 81 1
359 107 1
359 130 1
359 132 1
359 159 1
359 163 1
359 184 1
359 185 1
359 186 1
359 187 1
359 188 1
359 189 1
359 194 1
359 224 1
359 225 1
359 227 1
359 240 1
359 258 1
359 259 1
359 262 1
359 276 1
359 277 1
359 287 1
359 288 1
359 292 1
359 293 1
359 294 1
359 339 1
359 340 1
360 8 1
360 42 1
360 43 1
360 46 1
360 49 1
360 68 1
360 73 1
360 75 1
360 76 1
360 79 1
360 80 1
360 81 1
360 82 1
360 103 1
360 107 1
360 129 1
360 130 1
360 132 1
360 133 1
360 134 1
360 157 1
360 159 1
360 163 1
360 180 1
360 183 1
360 184 1
360 185 1
360 186 1
360 187 1
360 188 1
360 189 1
360 192 1
360 194 1
360 224 1
360 225 1
360 227 1
360 258 1
360 259 1
360 260 1
360 261 1
360 262 1
360 276 1
360 277 1
360 287 1
360 288 1
360 293 1
360 294 1
360 305 1
360 307 1
360 310 1
360 334 1
360 339 1
360 340 1
360 342 1
360 359 1
361 2 1
361 9 1
361 30 1
361 31 1
361 43 1
361 44 1
361 45 1
361 46 1
361 67 1
361 80 1
361 81 1
361 107 1
361 120 1
361 125 1
361 130 1
361 160 1
361 161 1
361 179 1
361 186 1
361 187 1
361 188 1
361 189 1
361 194 1
361 227 1
361 259 1
361 260 1
361 262 1
361 273 1
361 276 1
361 277 1
361 292 1
361 294 1
361 334 1
361 335 1
361 339 1
361 341 1
361 359 1
361 360 1
362 1 1
362 43 1
362 44 1
362 45 1
362 46 1
362 66 1
362 81 1
362 130 1
362 133 1
362 153 1
362 160 1
362 161 1
362 186 1
362 187 1
362 188 1
362 189 1
362 194 1
362 259 1
362 260 1
362 273 1
362 276 1
362 277 1
362 285 1
362 288 1
362 305 1
362 334 1
362 335 1
362 339 1
362 341 1
362 342 1
362 359 1
362 360 1
362 361 1
363 6 1
363 8 1
363 9 1
363 42 1
363 47 1
363 48 1
363 68 1
363 73 1
363 74 1
363 76 1
363 78 1
363 80 1
363 81 1
363 82 1
363 103 1
363 107 1
363 125 1
363 129 1
363 131 1
363 132 1
363 156 1
363 157 1
363 158 1
363 183 1
363 185 1
363 186 1
363 192 1
363 194 1
363 223 1
363 224 1
363 225 1
363 227 1
363 235 1
363 238 1
363 241 1
363 257 1
363 258 1
363 261 1
363 263 1
363 275 1
363 289 1
363 290 1
363 294 1
363 310 1
363 311 1
363 338 1
363 340 1
363 360 1
364 1 1
364 2 1
364 6 1
364 8 1
364 9 1
364 32 1
364 42 1
364 43 1
364 44 1
364 47 1
364 49 1
364 68 1
364 73 1
364 76 1
364 78 1
364 79 1
364 80 1
364 81 1
364 82 1
364 107 1
364 125 1
364 129 1
364 130 1
364 131 1
364 132 1
364 133 1
364 134 1
364 163 1
364 179 1
364 180 1
364 184 1
364 185 1
364 186 1
364 187 1
364 188 1
364 189 1
364 192 1
364 194 1
364 224 1
364 225 1
364 227 1
364 235 1
364 238 1
364 240 1
364 241 1
364 256 1
364 258 1
364 259 1
364 260 1
364 261 1
364 262 1
364 263 1
364 273 1
364 276 1
364 277 1
364 287 1
364 289 1
364 290 1
364 292 1
364 293 1
364 294 1
364 305 1
364 307 1
364 334 1
364 339 1
364 340 1
364 341 1
364 342 1
364 359 1
364 360 1
364 361 1
364 363 1
365 2 1
365 6 1
365 8 1
365 9 1
365 30 1
365 31 1
365 32 1
365 43 1
365 47 1
365 68 1
365 78 1
365 80 1
365 81 1
365 82 1
365 107 1
365 125 1
365 130 1
365 131 1
365 132 1
365 154 1
365 160 1
365 163 1
365 179 1
365 180 1
365 184 1
365 186 1
365 187 1
365 192 1
365 194 1
365 224 1
365 225 1
365 227 1
365 233 1
365 234 1
365 235 1
365 238 1
365 240 1
365 241 1
365 259 1
365 261 1
365 262 1
365 263 1
365 273 1
365 289 1
365 290 1
365 292 1
365 294 1
365 359 1
365 360 1
365 361 1
365 363 1
365 364 1
366 10 1
366 11 1
366 12 1
366 83 1
366 84 1
366 86 1
366 87 1
366 97 1
366 123 1
366 137 1
366 165 1
366 196 1
366 198 1
366 215 1
366 216 1
366 217 1
366 228 1
366 229 1
366 242 1
366 265 1
366 279 1
366 284 1
366 295 1
366 315 1
366 318 1
366 343 1
366 344 1
366 345 1
366 346 1
367 13 1
367 14 1
367 15 1
367 23 1
367 24 1
367 25 1
367 26 1
367 55 1
367 65 1
367 89 1
367 93 1
367 99 1
367 102 1
367 110 1
367 111 1
367 112 1
367 140 1
367 143 1
367 144 1
367 149 1
367 150 1
367 151 1
367 166 1
367 167 1
367 172 1
367 173 1
367 196 1
367 199 1
367 200 1
367 201 1
367 245 1
367 246 1
367 250 1
367 252 1
367 296 1
367 298 1
367 302 1
367 316 1
367 317 1
367 319 1
367 323 1
367 332 1
367 333 1
367 345 1
367 349 1
367 352 1
367 355 1
367 356 1
368 11 1
368 12 1
368 13 1
368 14 1
368 15 1
368 52 1
368 86 1
368 88 1
368 89 1
368 110 1
368 135 1
368 138 1
368 165 1
368 166 1
368 169 1
368 197 1
368 199 1
368 200 1
368 202 1
368 204 1
368 205 1
368 209 1
368 228 1
368 245 1
368 246 1
368 252 1
368 264 1
368 280 1
368 296 1
368 317 1
368 318 1
368 319 1
368 321 1
368 345 1
368 346 1
368 348 1
369 11 1
369 14 1
369 15 1
369 17 1
369 18 1
369 22 1
369 23 1
369 24 1
369 25 1
369 26 1
369 27 1
369 36 1
369 55 1
369 90 1
369 93 1
369 98 1
369 99 1
369 111 1
369 114 1
369 124 1
369 137 1
369 139 1
369 140 1
369 141 1
369 143 1
369 169 1
369 171 1
369 172 1
369 177 1
369 202 1
369 205 1
369 209 1
369 246 1
369 249 1
369 250 1
369 252 1
369 267 1
369 281 1
369 282 1
369 296 1
369 297 1
369 298 1
369 316 1
369 317 1
369 319 1
369 322 1
369 323 1
369 333 1
369 349 1
369 350 1
369 352 1
369 355 1
369 367 1
370 11 1
370 14 1
370 16 1
370 17 1
370 18 1
370 19 1
370 22 1
370 23 1
370 25 1
370 26 1
370 27 1
370 36 1
370 37 1
370 38 1
370 54 1
370 55 1
370 56 1
370 61 1
370 85 1
370 90 1
370 96 1
370 98 1
370 99 1
370 111 1
370 114 1
370 118 1
370 124 1
370 137 1
370 139 1
370 140 1
370 141 1
370 142 1
370 143 1
370 171 1
370 172 1
370 177 1
370 195 1
370 202 1
370 209 1
370 215 1
370 246 1
370 249 1
370 250 1
370 252 1
370 267 1
370 282 1
370 296 1
370 297 1
370 298 1
370 301 1
370 316 1
370 317 1
370 322 1
370 323 1
370 324 1
370 328 1
370 333 1
370 349 1
370 350 1
370 352 1
370 355 1
370 369 1
371 16 1
371 19 1
371 21 1
371 22 1
371 27 1
371 28 1
371 34 1
371 35 1
371 38 1
371 53 1
371 54 1
371 56 1
371 57 1
371 62 1
371 90 1
371 91 1
371 92 1
371 97 1
371 109 1
371 115 1
371 116 1
371 118 1
371 139 1
371 141 1
371 142 1
371 147 1
371 148 1
371 168 1
371 170 1
371 176 1
371 202 1
371 203 1
371 205 1
371 206 1
371 207 1
371 208 1
371 209 1
371 217 1
371 218 1
371 219 1
371 247 1
371 248 1
371 251 1
371 266 1
371 269 1
371 270 1
371 280 1
371 281 1
371 296 1
371 297 1
371 301 1
371 320 1
371 322 1
371 329 1
371 330 1
371 331 1
371 346 1
371 347 1
371 351 1
372 11 1
372 12 1
372 14 1
372 15 1
372 16 1
372 17 1
372 18 1
372 19 1
372 22 1
372 27 1
372 28 1
372 34 1
372 35 1
372 36 1
372 38 1
372 52 1
372 54 1
372 56 1
372 57 1
372 86 1
372 90 1
372 91 1
372 92 1
372 97 1
372 98 1
372 109 1
372 115 1
372 118 1
372 124 1
372 137 1
372 139 1
372 141 1
372 142 1
372 147 1
372 148 1
372 165 1
372 168 1
372 169 1
372 170 1
372 171 1
372 197 1
372 202 1
372 203 1
372 205 1
372 206 1
372 207 1
372 208 1
372 209 1
372 215 1
372 217 1
372 218 1
372 219 1
372 228 1
372 246 1
372 247 1
372 248 1
372 249 1
372 251 1
372 252 1
372 266 1
372 267 1
372 280 1
372 281 1
372 282 1
372 296 1
372 297 1
372 301 1
372 317 1
372 320 1
372 321 1
372 322 1
372 324 1
372 328 1
372 331 1
372 333 1
372 345 1
372 346 1
372 351 1
372 352 1
372 355 1
372 369 1
372 370 1
372 371 1
373 11 1
373 12 1
373 14 1
373 15 1
373 17 1
373 18 1
373 19 1
373 22 1
373 23 1
373 25 1
373 26 1
373 27 1
373 28 1
373 34 1
373 36 1
373 38 1
373 52 1
373 86 1
373 90 1
373 96 1
373 98 1
373 109 1
373 110 1
373 114 1
373 118 1
373 124 1
373 137 1
373 139 1
373 140 1
373 141 1
373 142 1
373 143 1
373 148 1
373 165 1
373 169 1
373 171 1
373 172 1
373 177 1
373 195 1
373 196 1
373 197 1
373 202 1
373 205 1
373 206 1
373 208 1
373 209 1
373 215 1
373 228 1
373 246 1
373 249 1
373 250 1
373 252 1
373 265 1
373 266 1
373 267 1
373 280 1
373 281 1
373 296 1
373 297 1
373 316 1
373 317 1
373 318 1
373 319 1
373 321 1
373 322 1
373 323 1
373 328 1
373 331 1
373 333 1
373 345 1
373 346 1
373 349 1
373 350 1
373 351 1
373 352 1
373 355 1
373 367 1
373 368 1
373 369 1
373 370 1
373 371 1
373 372 1
374 7 1
374 40 1
374 60 1
374 100 1
374 101 1
374 106 1
374 119 1
374 145 1
374 149 1
374 212 1
374 213 1
374 214 1
374 221 1
374 230 1
374 231 1
374 271 1
374 283 1
374 302 1
374 303 1
374 311 1
374 353 1
374 354 1
375 7 1
375 24 1
375 60 1
375 63 1
375 65 1
375 85 1
375 100 1
375 101 1
375 102 1
375 106 1
375 112 1
375 117 1
375 119 1
375 144 1
375 145 1
375 149 1
375 150 1
375 151 1
375 195 1
375 210 1
375 212 1
375 213 1
375 214 1
375 220 1
375 221 1
375 230 1
375 231 1
375 253 1
375 254 1
375 268 1
375 271 1
375 283 1
375 302 1
375 303 1
375 315 1
375 316 1
375 332 1
375 343 1
375 353 1
375 354 1
375 356 1
375 374 1
376 21 1
376 28 1
376 34 1
376 62 1
376 90 1
376 91 1
376 109 1
376 115 1
376 116 1
376 138 1
376 147 1
376 148 1
376 165 1
376 168 1
376 176 1
376 197 1
376 202 1
376 203 1
376 205 1
376 207 1
376 208 1
376 209 1
376 218 1
376 219 1
376 228 1
376 247 1
376 266 1
376 270 1
376 280 1
376 281 1
376 320 1
376 321 1
376 330 1
376 346 1
376 347 1
376 348 1
376 351 1
376 371 1
376 372 1
377 11 1
377 12 1
377 19 1
377 22 1
377 27 1
377 28 1
377 38 1
377 56 1
377 57 1
377 86 1
377 90 1
377 97 1
377 98 1
377 109 1
377 115 1
377 118 1
377 124 1
377 137 1
377 141 1
377 142 1
377 147 1
377 148 1
377 165 1
377 176 1
377 197 1
377 198 1
377 202 1
377 207 1
377 208 1
377 209 1
377 215 1
377 216 1
377 217 1
377 218 1
377 219 1
377 228 1
377 251 1
377 269 1
377 270 1
377 284 1
377 301 1
377 328 1
377 329 1
377 330 1
377 331 1
377 346 1
377 351 1
377 355 1
377 371 1
377 372 1
377 373 1
377 376 1
378 7 1
378 20 1
378 23 1
378 24 1
378 25 1
378 29 1
378 60 1
378 61 1
378 63 1
378 64 1
378 65 1
378 85 1
378 93 1
378 95 1
378 99 1
378 100 1
378 101 1
378 102 1
378 106 1
378 112 1
378 117 1
378 119 1
378 144 1
378 146 1
378 149 1
378 167 1
378 173 1
378 210 1
378 213 1
378 220 1
378 221 1
378 230 1
378 231 1
378 253 1
378 255 1
378 268 1
378 272 1
378 298 1
378 299 1
378 300 1
378 303 1
378 327 1
378 332 1
378 354 1
378 375 1
379 11 1
379 12 1
379 14 1
379 15 1
379 18 1
379 19 1
379 22 1
379 26 1
379 27 1
379 28 1
379 34 1
379 36 1
379 38 1
379 56 1
379 86 1
379 90 1
379 92 1
379 96 1
379 97 1
379 98 1
379 109 1
379 114 1
379 118 1
379 124 1
379 137 1
379 139 1
379 141 1
379 142 1
379 147 1
379 148 1
379 165 1
379 177 1
379 196 1
379 197 1
379 198 1
379 202 1
379 205 1
379 207 1
379 208 1
379 209 1
379 215 1
379 216 1
379 217 1
379 218 1
379 219 1
379 228 1
379 246 1
379 249 1
379 251 1
379 252 1
379 265 1
379 267 1
379 281 1
379 284 1
379 296 1
379 297 1
379 301 1
379 316 1
379 317 1
379 318 1
379 321 1
379 322 1
379 324 1
379 328 1
379 329 1
379 330 1
379 331 1
379 333 1
379 345 1
379 346 1
379 351 1
379 352 1
379 355 1
379 369 1
379 370 1
379 371 1
379 372 1
379 373 1
379 377 1
380 11 1
380 12 1
380 16 1
380 17 1
380 18 1
380 19 1
380 22 1
380 27 1
380 28 1
380 34 1
380 35 1
380 36 1
380 38 1
380 54 1
380 56 1
380 57 1
380 86 1
380 90 1
380 92 1
380 96 1
380 97 1
380 98 1
380 109 1
380 118 1
380 124 1
380 137 1
380 139 1
380 141 1
380 142 1
380 147 1
380 148 1
380 165 1
380 170 1
380 176 1
380 177 1
380 202 1
380 205 1
380 206 1
380 207 1
380 208 1
380 209 1
380 215 1
380 216 1
380 217 1
380 218 1
380 219 1
380 228 1
380 246 1
380 249 1
380 251 1
380 252 1
380 266 1
380 267 1
380 269 1
380 281 1
380 296 1
380 297 1
380 301 1
380 322 1
380 324 1
380 328 1
380 329 1
380 330 1
380 331 1
380 333 1
380 345 1
380 346 1
380 351 1
380 355 1
380 369 1
380 370 1
380 371 1
380 372 1
380 373 1
380 376 1
380 377 1
380 379 1
381 7 1
381 10 1
381 23 1
381 24 1
381 25 1
381 29 1
381 33 1
381 37 1
381 60 1
381 61 1
381 63 1
381 65 1
381 85 1
381 95 1
381 99 1
381 100 1
381 101 1
381 102 1
381 106 1
381 117 1
381 119 1
381 136 1
381 144 1
381 145 1
381 146 1
381 149 1
381 150 1
381 151 1
381 195 1
381 212 1
381 213 1
381 214 1
381 220 1
381 221 1
381 230 1
381 231 1
381 243 1
381 244 1
381 253 1
381 254 1
381 255 1
381 265 1
381 268 1
381 271 1
381 272 1
381 279 1
381 283 1
381 299 1
381 300 1
381 302 1
381 303 1
381 315 1
381 316 1
381 332 1
381 343 1
381 353 1
381 354 1
381 356 1
381 374 1
381 375 1
381 378 1
382 7 1
382 20 1
382 23 1
382 24 1
382 29 1
382 33 1
382 37 1
382 61 1
382 63 1
382 65 1
382 85 1
382 94 1
382 95 1
382 99 1
382 100 1
382 101 1
382 102 1
382 106 1
382 114 1
382 119 1
382 136 1
382 145 1
382 146 1
382 149 1
382 175 1
382 195 1
382 212 1
382 213 1
382 214 1
382 220 1
382 221 1
382 230 1
382 231 1
382 243 1
382 244 1
382 253 1
382 255 1
382 268 1
382 271 1
382 272 1
382 291 1
382 299 1
382 300 1
382 303 1
382 313 1
382 316 1
382 326 1
382 327 1
382 332 1
382 374 1
382 375 1
382 378 1
382 381 1
383 41 1
383 42 1
383 47 1
383 48 1
383 49 1
383 73 1
383 74 1
383 75 1
383 76 1
383 81 1
383 103 1
383 104 1
383 129 1
383 132 1
383 156 1
383 157 1
383 158 1
383 159 1
383 183 1
383 184 1
383 185 1
383 186 1
383 192 1
383 223 1
383 224 1
383 225 1
383 238 1
383 257 1
383 258 1
383 261 1
383 275 1
383 287 1
383 289 1
383 293 1
383 310 1
383 311 1
383 340 1
383 360 1
383 363 1
384 42 1
384 43 1
384 44 1
384 45 1
384 46 1
384 75 1
384 81 1
384 130 1
384 132 1
384 133 1
384 184 1
384 185 1
384 186 1
384 187 1
384 188 1
384 189 1
384 194 1
384 224 1
384 259 1
384 260 1
384 276 1
384 277 1
384 287 1
384 288 1
384 293 1
384 305 1
384 334 1
384 339 1
384 340 1
384 341 1
384 342 1
384 359 1
384 360 1
384 361 1
384 362 1
384 364 1
385 14 1
385 15 1
385 17 1
385 18 1
385 25 1
385 26 1
385 27 1
385 36 1
385 54 1
385 55 1
385 90 1
385 98 1
385 109 1
385 111 1
385 124 1
385 139 1
385 140 1
385 141 1
385 143 1
385 169 1
385 171 1
385 172 1
385 177 1
385 202 1
385 205 1
385 206 1
385 209 1
385 246 1
385 249 1
385 250 1
385 252 1
385 266 1
385 267 1
385 281 1
385 282 1
385 296 1
385 297 1
385 298 1
385 319 1
385 322 1
385 323 1
385 333 1
385 349 1
385 350 1
385 352 1
385 355 1
385 367 1
385 369 1
385 370 1
385 372 1
385 373 1
385 379 1
386 0 1
386 1 1
386 2 1
386 6 1
386 9 1
386 30 1
386 31 1
386 32 1
386 43 1
386 44 1
386 66 1
386 67 1
386 68 1
386 70 1
386 77 1
386 80 1
386 81 1
386 82 1
386 107 1
386 120 1
386 122 1
386 125 1
386 126 1
386 130 1
386 132 1
386 133 1
386 134 1
386 154 1
386 155 1
386 160 1
386 161 1
386 162 1
386 179 1
386 180 1
386 181 1
386 188 1
386 189 1
386 190 1
386 194 1
386 226 1
386 227 1
386 232 1
386 233 1
386 235 1
386 256 1
386 260 1
386 273 1
386 285 1
386 293 1
386 294 1
386 305 1
386 306 1
386 307 1
386 308 1
386 309 1
386 312 1
386 334 1
386 335 1
386 341 1
386 342 1
386 357 1
386 361 1
386 362 1
386 364 1
386 365 1
387 6 1
387 47 1
387 49 1
387 68 1
387 73 1
387 77 1
387 78 1
387 81 1
387 82 1
387 103 1
387 107 1
387 122 1
387 125 1
387 126 1
387 128 1
387 129 1
387 131 1
387 132 1
387 133 1
387 134 1
387 156 1
387 162 1
387 180 1
387 181 1
387 183 1
387 192 1
387 224 1
387 227 1
387 237 1
387 256 1
387 290 1
387 293 1
387 307 1
387 308 1
387 337 1
387 340 1
387 358 1
387 363 1
387 364 1
388 8 1
388 41 1
388 42 1
388 46 1
388 75 1
388 79 1
388 80 1
388 81 1
388 104 1
388 130 1
388 159 1
388 163 1
388 184 1
388 185 1
388 186 1
388 187 1
388 189 1
388 194 1
388 224 1
388 225 1
388 258 1
388 259 1
388 275 1
388 276 1
388 277 1
388 287 1
388 288 1
388 310 1
388 339 1
388 340 1
388 359 1
388 360 1
388 364 1
388 384 1
389 10 1
389 23 1
389 33 1
389 37 1
389 83 1
389 84 1
389 85 1
389 87 1
389 96 1
389 100 1
389 101 1
389 102 1
389 114 1
389 119 1
389 123 1
389 124 1
389 136 1
389 137 1
389 145 1
389 149 1
389 150 1
389 151 1
389 177 1
389 195 1
389 196 1
389 215 1
389 216 1
389 221 1
389 231 1
389 242 1
389 243 1
389 244 1
389 265 1
389 279 1
389 284 1
389 295 1
389 303 1
389 315 1
389 316 1
389 317 1
389 318 1
389 328 1
389 343 1
389 344 1
389 366 1
389 381 1
389 382 1
390 11 1
390 12 1
390 15 1
390 21 1
390 34 1
390 52 1
390 62 1
390 86 1
390 90 1
390 91 1
390 109 1
390 110 1
390 115 1
390 135 1
390 138 1
390 147 1
390 165 1
390 169 1
390 176 1
390 197 1
390 202 1
390 203 1
390 204 1
390 205 1
390 208 1
390 209 1
390 218 1
390 219 1
390 228 1
390 246 1
390 247 1
390 264 1
390 266 1
390 270 1
390 280 1
390 281 1
390 296 1
390 321 1
390 346 1
390 347 1
390 348 1
390 368 1
390 371 1
390 372 1
390 376 1
391 11 1
391 12 1
391 13 1
391 14 1
391 15 1
391 27 1
391 52 1
391 86 1
391 88 1
391 89 1
391 90 1
391 110 1
391 135 1
391 137 1
391 138 1
391 143 1
391 165 1
391 166 1
391 169 1
391 196 1
391 197 1
391 199 1
391 200 1
391 202 1
391 204 1
391 205 1
391 209 1
391 228 1
391 245 1
391 246 1
391 252 1
391 264 1
391 280 1
391 281 1
391 296 1
391 317 1
391 318 1
391 319 1
391 321 1
391 333 1
391 345 1
391 346 1
391 348 1
391 352 1
391 355 1
391 367 1
391 368 1
391 372 1
391 373 1
391 390 1
392 11 1
392 14 1
392 23 1
392 24 1
392 25 1
392 26 1
392 55 1
392 61 1
392 63 1
392 65 1
392 85 1
392 93 1
392 99 1
392 101 1
392 102 1
392 111 1
392 112 1
392 117 1
392 124 1
392 137 1
392 140 1
392 143 1
392 144 1
392 149 1
392 150 1
392 151 1
392 167 1
392 172 1
392 173 1
392 177 1
392 195 1
392 196 1
392 200 1
392 201 1
392 210 1
392 220 1
392 230 1
392 231 1
392 245 1
392 246 1
392 250 1
392 252 1
392 265 1
392 296 1
392 298 1
392 302 1
392 316 1
392 317 1
392 319 1
392 323 1
392 332 1
392 333 1
392 345 1
392 349 1
392 350 1
392 352 1
392 354 1
392 355 1
392 356 1
392 367 1
392 369 1
392 370 1
392 373 1
392 378 1
392 385 1
393 7 1
393 20 1
393 29 1
393 33 1
393 41 1
393 58 1
393 59 1
393 94 1
393 104 1
393 106 1
393 113 1
393 174 1
393 175 1
393 193 1
393 211 1
393 239 1
393 243 1
393 255 1
393 268 1
393 271 1
393 272 1
393 291 1
393 313 1
393 325 1
393 326 1
393 327 1
393 382 1
394 19 1
394 22 1
394 27 1
394 28 1
394 38 1
394 57 1
394 86 1
394 97 1
394 109 1
394 115 1
394 116 1
394 118 1
394 142 1
394 147 1
394 148 1
394 165 1
394 176 1
394 197 1
394 198 1
394 207 1
394 208 1
394 209 1
394 216 1
394 217 1
394 218 1
394 219 1
394 228 1
394 251 1
394 269 1
394 270 1
394 301 1
394 329 1
394 330 1
394 331 1
394 346 1
394 351 1
394 371 1
394 372 1
394 376 1
394 377 1
394 379 1
394 380 1
