# minsup
1
# graph
G_portein_file\FKBP\1P5Q.pdb
# node ID, label
0 A
1 A
2 A
3 A
4 A
5 A
6 A
7 A
8 A
9 A
10 A
11 A
12 A
13 A
14 A
15 A
16 A
17 A
18 A
19 A
20 A
21 A
22 A
23 A
24 A
25 A
26 A
27 A
28 A
29 A
30 A
31 A
32 A
33 A
34 A
35 A
36 A
37 A
38 A
39 A
40 A
41 A
42 A
43 A
44 A
45 A
46 A
47 A
48 A
49 A
50 A
51 A
52 A
53 A
54 A
55 A
56 C
57 C
58 C
59 C
60 C
61 C
62 C
63 C
64 C
65 D
66 D
67 D
68 D
69 D
70 D
71 D
72 D
73 D
74 D
75 E
76 E
77 E
78 E
79 E
80 E
81 E
82 E
83 E
84 E
85 E
86 E
87 E
88 E
89 E
90 E
91 E
92 E
93 E
94 E
95 E
96 E
97 E
98 E
99 E
100 E
101 E
102 E
103 E
104 E
105 E
106 E
107 E
108 E
109 E
110 E
111 E
112 E
113 E
114 E
115 E
116 E
117 E
118 E
119 E
120 E
121 E
122 E
123 E
124 E
125 E
126 F
127 F
128 F
129 F
130 F
131 F
132 F
133 F
134 F
135 F
136 F
137 F
138 F
139 F
140 F
141 G
142 G
143 G
144 G
145 G
146 G
147 G
148 G
149 G
150 G
151 G
152 G
153 G
154 G
155 G
156 G
157 G
158 G
159 G
160 G
161 G
162 G
163 G
164 G
165 H
166 H
167 H
168 H
169 H
170 H
171 H
172 H
173 H
174 I
175 I
176 I
177 I
178 I
179 I
180 I
181 I
182 I
183 I
184 I
185 I
186 I
187 I
188 I
189 I
190 I
191 I
192 K
193 K
194 K
195 K
196 K
197 K
198 K
199 K
200 K
201 K
202 K
203 K
204 K
205 K
206 K
207 K
208 K
209 K
210 K
211 K
212 K
213 K
214 K
215 K
216 K
217 K
218 K
219 K
220 K
221 K
222 K
223 K
224 K
225 K
226 K
227 K
228 K
229 K
230 K
231 K
232 L
233 L
234 L
235 L
236 L
237 L
238 L
239 L
240 L
241 L
242 L
243 L
244 L
245 L
246 L
247 L
248 L
249 L
250 L
251 L
252 L
253 L
254 L
255 L
256 L
257 L
258 L
259 L
260 L
261 L
262 L
263 L
264 L
265 L
266 L
267 L
268 L
269 L
270 L
271 L
272 L
273 L
274 L
275 L
276 L
277 L
278 L
279 L
280 L
281 L
282 L
283 L
284 L
285 L
286 L
287 L
288 L
289 L
290 L
291 L
292 M
293 M
294 M
295 M
296 N
297 N
298 N
299 N
300 N
301 N
302 N
303 N
304 N
305 N
306 N
307 N
308 N
309 N
310 N
311 N
312 N
313 P
314 P
315 P
316 Q
317 Q
318 Q
319 Q
320 Q
321 Q
322 Q
323 Q
324 Q
325 Q
326 Q
327 Q
328 Q
329 Q
330 Q
331 Q
332 Q
333 Q
334 Q
335 Q
336 Q
337 Q
338 Q
339 Q
340 Q
341 R
342 R
343 R
344 R
345 R
346 R
347 R
348 R
349 R
350 R
351 R
352 R
353 R
354 R
355 R
356 R
357 R
358 R
359 R
360 R
361 R
362 R
363 R
364 S
365 S
366 S
367 S
368 S
369 S
370 S
371 S
372 S
373 S
374 S
375 S
376 S
377 S
378 S
379 S
380 S
381 S
382 S
383 S
384 S
385 S
386 S
387 S
388 S
389 T
390 T
391 T
392 T
393 T
394 T
395 T
396 T
397 V
398 V
399 V
400 V
401 V
402 V
403 V
404 V
405 V
406 V
407 V
408 V
409 V
410 V
411 V
412 V
413 V
414 V
415 V
416 V
417 V
418 V
419 W
420 W
421 W
422 Y
423 Y
424 Y
425 Y
426 Y
427 Y
428 Y
429 Y
430 Y
431 Y
432 Y
433 Y
434 Y
435 Y
436 Y
# node ID1, node ID2, number of bounds
4 3 1
5 3 1
5 4 1
6 4 1
6 5 1
8 7 1
9 7 1
9 8 1
10 7 1
10 8 1
10 9 1
11 5 1
11 6 1
11 7 1
12 7 1
12 8 1
12 9 1
12 10 1
13 8 1
13 12 1
14 12 1
14 13 1
15 14 1
16 14 1
22 21 1
23 21 1
23 22 1
24 22 1
24 23 1
25 24 1
26 25 1
27 25 1
27 26 1
28 25 1
28 26 1
28 27 1
29 23 1
29 24 1
29 25 1
30 25 1
30 26 1
30 27 1
30 28 1
31 30 1
32 31 1
34 33 1
35 33 1
35 34 1
41 15 1
42 41 1
43 41 1
43 42 1
44 42 1
44 43 1
45 44 1
46 45 1
47 45 1
47 46 1
48 45 1
48 46 1
48 47 1
49 43 1
49 44 1
49 45 1
50 45 1
50 46 1
50 47 1
50 48 1
51 50 1
52 50 1
52 51 1
53 3 1
53 52 1
54 52 1
56 2 1
56 7 1
56 8 1
56 9 1
56 10 1
57 7 1
57 9 1
57 10 1
57 11 1
57 12 1
58 14 1
58 15 1
59 20 1
59 25 1
59 26 1
59 27 1
59 28 1
60 25 1
60 27 1
60 28 1
60 29 1
60 30 1
61 31 1
61 32 1
61 35 1
62 40 1
62 45 1
62 46 1
62 47 1
62 48 1
63 45 1
63 47 1
63 48 1
63 49 1
63 50 1
64 52 1
64 53 1
65 5 1
65 11 1
66 12 1
66 13 1
66 14 1
66 58 1
67 14 1
67 15 1
67 16 1
68 23 1
68 29 1
69 31 1
69 32 1
69 34 1
72 43 1
72 49 1
72 65 1
73 50 1
73 51 1
73 52 1
73 64 1
74 52 1
74 53 1
74 54 1
76 0 1
77 0 1
77 76 1
78 2 1
78 77 1
79 78 1
80 1 1
80 77 1
80 78 1
80 79 1
81 4 1
82 4 1
82 81 1
83 2 1
84 2 1
85 7 1
85 9 1
85 10 1
85 11 1
85 57 1
86 11 1
86 49 1
86 57 1
86 63 1
86 65 1
86 72 1
87 16 1
87 65 1
87 67 1
88 10 1
88 12 1
88 13 1
88 14 1
88 16 1
88 66 1
88 67 1
89 14 1
89 15 1
89 58 1
89 66 1
89 67 1
90 17 1
91 19 1
92 20 1
92 91 1
93 90 1
94 93 1
95 94 1
96 20 1
97 20 1
98 25 1
98 27 1
98 28 1
98 29 1
98 30 1
98 60 1
99 29 1
99 60 1
99 68 1
100 68 1
100 69 1
101 28 1
101 30 1
101 31 1
101 33 1
101 34 1
101 69 1
102 36 1
103 36 1
103 37 1
104 70 1
105 70 1
105 104 1
107 38 1
108 38 1
109 107 1
110 40 1
110 71 1
110 109 1
111 71 1
111 110 1
112 39 1
112 109 1
112 110 1
112 111 1
115 113 1
115 114 1
116 114 1
116 115 1
117 40 1
118 40 1
119 41 1
119 42 1
119 43 1
119 114 1
120 45 1
120 47 1
120 48 1
120 49 1
120 63 1
121 11 1
121 49 1
121 57 1
121 63 1
121 65 1
121 72 1
121 86 1
122 54 1
122 72 1
122 74 1
123 48 1
123 50 1
123 51 1
123 52 1
123 54 1
123 74 1
124 52 1
124 53 1
124 64 1
124 73 1
124 74 1
126 0 1
126 76 1
126 77 1
126 78 1
127 2 1
127 56 1
127 83 1
127 84 1
128 7 1
128 8 1
128 9 1
128 10 1
128 12 1
128 13 1
128 56 1
128 85 1
128 88 1
129 13 1
129 14 1
129 15 1
129 58 1
129 66 1
129 67 1
129 88 1
129 89 1
130 14 1
130 15 1
130 16 1
130 58 1
130 67 1
130 87 1
130 88 1
131 19 1
131 91 1
131 92 1
132 20 1
132 59 1
132 96 1
132 97 1
133 25 1
133 26 1
133 27 1
133 28 1
133 30 1
133 59 1
133 98 1
133 101 1
134 31 1
134 32 1
134 33 1
134 34 1
134 35 1
134 61 1
134 69 1
134 100 1
134 101 1
135 36 1
135 37 1
135 103 1
136 107 1
136 109 1
136 110 1
137 40 1
137 62 1
137 117 1
137 118 1
138 45 1
138 46 1
138 47 1
138 48 1
138 50 1
138 51 1
138 62 1
138 120 1
138 123 1
139 51 1
139 52 1
139 53 1
139 64 1
139 73 1
139 123 1
139 124 1
140 52 1
140 53 1
140 54 1
140 64 1
140 74 1
140 122 1
140 123 1
141 75 1
142 0 1
142 77 1
142 78 1
142 126 1
143 0 1
143 77 1
143 78 1
143 79 1
143 80 1
143 126 1
143 142 1
144 77 1
144 78 1
144 79 1
144 80 1
144 126 1
144 143 1
145 2 1
145 83 1
145 127 1
146 2 1
146 56 1
146 84 1
146 127 1
147 6 1
147 7 1
147 10 1
147 11 1
147 57 1
147 65 1
147 67 1
147 87 1
147 88 1
148 10 1
148 12 1
148 13 1
148 14 1
148 15 1
148 16 1
148 57 1
148 66 1
148 67 1
148 88 1
148 89 1
148 129 1
148 130 1
148 147 1
150 19 1
150 91 1
150 92 1
150 131 1
151 19 1
151 91 1
151 92 1
151 131 1
151 150 1
152 91 1
152 92 1
152 131 1
152 151 1
153 20 1
153 59 1
153 96 1
153 132 1
154 20 1
154 59 1
154 97 1
154 132 1
155 24 1
155 25 1
155 28 1
155 29 1
155 60 1
155 68 1
155 69 1
155 100 1
156 28 1
156 30 1
156 31 1
156 32 1
156 34 1
156 60 1
156 69 1
156 101 1
156 134 1
156 155 1
157 70 1
157 104 1
157 105 1
158 109 1
158 110 1
158 111 1
158 112 1
158 136 1
159 71 1
159 109 1
159 110 1
159 111 1
159 112 1
159 136 1
159 158 1
160 39 1
160 112 1
160 159 1
161 40 1
161 62 1
161 117 1
161 137 1
162 40 1
162 62 1
162 118 1
162 137 1
163 44 1
163 45 1
163 48 1
163 49 1
163 63 1
163 72 1
163 74 1
163 121 1
163 122 1
163 123 1
164 48 1
164 50 1
164 51 1
164 52 1
164 53 1
164 54 1
164 63 1
164 64 1
164 73 1
164 74 1
164 123 1
164 139 1
164 140 1
164 163 1
165 5 1
165 6 1
165 7 1
165 10 1
165 11 1
165 56 1
165 57 1
165 85 1
165 147 1
166 7 1
166 8 1
166 9 1
166 10 1
166 12 1
166 56 1
166 85 1
166 128 1
167 10 1
167 12 1
167 13 1
167 14 1
167 15 1
167 66 1
167 67 1
167 88 1
167 89 1
167 128 1
167 129 1
167 148 1
168 24 1
168 25 1
168 28 1
168 29 1
168 60 1
168 98 1
168 155 1
169 25 1
169 26 1
169 27 1
169 28 1
169 30 1
169 59 1
169 98 1
169 133 1
170 28 1
170 30 1
170 31 1
170 32 1
170 69 1
170 101 1
170 133 1
170 156 1
171 43 1
171 44 1
171 45 1
171 48 1
171 49 1
171 63 1
171 120 1
171 163 1
172 40 1
172 45 1
172 46 1
172 47 1
172 48 1
172 50 1
172 62 1
172 138 1
173 48 1
173 50 1
173 51 1
173 52 1
173 53 1
173 64 1
173 73 1
173 74 1
173 123 1
173 124 1
173 138 1
173 139 1
173 164 1
174 0 1
174 76 1
174 77 1
174 126 1
174 142 1
174 143 1
175 0 1
175 77 1
175 78 1
175 79 1
175 80 1
175 126 1
175 142 1
175 143 1
175 144 1
175 174 1
176 1 1
176 80 1
176 175 1
177 82 1
177 83 1
177 145 1
178 4 1
178 6 1
178 165 1
178 177 1
179 7 1
179 8 1
179 9 1
179 10 1
179 11 1
179 12 1
179 57 1
179 85 1
179 88 1
179 128 1
179 147 1
179 148 1
179 166 1
179 167 1
180 58 1
180 66 1
180 89 1
180 129 1
181 19 1
181 91 1
181 131 1
181 150 1
181 151 1
182 19 1
182 91 1
182 92 1
182 131 1
182 150 1
182 151 1
182 152 1
182 181 1
183 182 1
184 95 1
184 96 1
184 153 1
185 22 1
185 24 1
185 168 1
185 184 1
186 25 1
186 26 1
186 27 1
186 28 1
186 29 1
186 30 1
186 60 1
186 98 1
186 101 1
186 133 1
186 155 1
186 156 1
186 169 1
186 170 1
187 35 1
187 61 1
188 107 1
188 109 1
188 110 1
188 111 1
188 112 1
188 136 1
188 158 1
188 159 1
189 116 1
189 117 1
189 161 1
190 42 1
190 44 1
190 161 1
190 171 1
190 189 1
191 45 1
191 46 1
191 47 1
191 48 1
191 49 1
191 50 1
191 63 1
191 120 1
191 123 1
191 138 1
191 163 1
191 164 1
191 172 1
191 173 1
192 0 1
192 142 1
192 174 1
192 175 1
193 4 1
193 81 1
193 82 1
193 177 1
193 178 1
194 2 1
194 6 1
194 82 1
194 83 1
194 145 1
194 177 1
194 178 1
195 2 1
195 84 1
195 127 1
195 145 1
195 146 1
196 2 1
196 56 1
196 84 1
196 127 1
196 145 1
196 146 1
196 195 1
197 2 1
197 56 1
197 78 1
197 79 1
197 127 1
197 145 1
197 146 1
197 166 1
197 196 1
198 2 1
198 145 1
198 165 1
198 178 1
198 194 1
199 145 1
199 178 1
199 194 1
199 198 1
200 3 1
200 4 1
200 5 1
200 81 1
201 7 1
201 8 1
201 10 1
201 56 1
201 127 1
201 128 1
201 146 1
201 166 1
201 197 1
202 7 1
202 11 1
202 57 1
202 65 1
202 85 1
202 86 1
202 121 1
202 147 1
202 165 1
202 179 1
203 7 1
203 11 1
203 57 1
203 87 1
203 147 1
203 148 1
204 14 1
204 15 1
204 16 1
204 41 1
204 67 1
204 87 1
204 130 1
204 148 1
205 18 1
206 22 1
206 93 1
206 94 1
206 95 1
206 184 1
206 185 1
207 20 1
207 24 1
207 96 1
207 153 1
207 184 1
207 185 1
208 20 1
208 97 1
208 132 1
208 153 1
208 154 1
209 20 1
209 59 1
209 97 1
209 132 1
209 153 1
209 154 1
209 208 1
210 20 1
210 59 1
210 92 1
210 132 1
210 153 1
210 154 1
210 169 1
210 209 1
211 20 1
211 153 1
211 168 1
211 185 1
211 207 1
212 153 1
212 185 1
212 207 1
212 211 1
213 21 1
213 22 1
213 23 1
214 25 1
214 26 1
214 28 1
214 59 1
214 132 1
214 133 1
214 154 1
214 169 1
214 210 1
215 25 1
215 28 1
215 29 1
215 60 1
215 68 1
215 98 1
215 99 1
215 155 1
215 168 1
215 186 1
216 25 1
216 29 1
216 60 1
216 100 1
216 155 1
216 156 1
217 31 1
217 32 1
217 34 1
217 69 1
217 100 1
217 134 1
217 156 1
218 33 1
218 34 1
218 35 1
218 134 1
219 36 1
219 102 1
220 42 1
220 113 1
220 114 1
220 115 1
220 116 1
220 189 1
220 190 1
221 40 1
221 44 1
221 116 1
221 117 1
221 161 1
221 189 1
221 190 1
222 40 1
222 118 1
222 137 1
222 161 1
222 162 1
223 40 1
223 62 1
223 118 1
223 137 1
223 161 1
223 162 1
223 222 1
224 40 1
224 62 1
224 110 1
224 111 1
224 137 1
224 162 1
224 172 1
224 223 1
225 40 1
225 161 1
225 171 1
225 190 1
225 221 1
226 190 1
226 221 1
226 225 1
227 41 1
227 42 1
227 43 1
227 119 1
228 45 1
228 46 1
228 48 1
228 62 1
228 137 1
228 138 1
228 162 1
228 172 1
228 224 1
229 45 1
229 49 1
229 63 1
229 72 1
229 86 1
229 120 1
229 121 1
229 163 1
229 171 1
229 191 1
229 202 1
230 45 1
230 49 1
230 63 1
230 122 1
230 163 1
230 164 1
231 3 1
231 53 1
231 54 1
231 74 1
231 122 1
231 140 1
231 164 1
232 78 1
232 79 1
232 126 1
232 144 1
233 78 1
233 79 1
233 80 1
233 144 1
233 232 1
234 1 1
234 80 1
234 144 1
234 175 1
234 176 1
234 233 1
235 3 1
235 4 1
235 81 1
235 82 1
235 177 1
235 178 1
235 193 1
235 200 1
236 2 1
236 7 1
236 56 1
236 127 1
236 145 1
236 166 1
236 194 1
236 196 1
236 197 1
236 198 1
236 199 1
237 2 1
237 78 1
237 142 1
237 143 1
237 145 1
237 178 1
237 197 1
237 198 1
237 199 1
237 236 1
238 3 1
238 4 1
238 178 1
238 193 1
238 199 1
238 235 1
239 3 1
239 4 1
239 5 1
239 6 1
239 165 1
239 178 1
239 194 1
239 200 1
239 235 1
239 238 1
240 4 1
240 5 1
240 6 1
240 11 1
240 57 1
240 65 1
240 86 1
240 147 1
240 165 1
240 200 1
240 202 1
240 239 1
241 6 1
241 7 1
241 10 1
241 11 1
241 56 1
241 57 1
241 147 1
241 165 1
241 202 1
241 203 1
241 239 1
241 240 1
242 2 1
242 6 1
242 7 1
242 9 1
242 10 1
242 11 1
242 56 1
242 57 1
242 85 1
242 145 1
242 165 1
242 166 1
242 197 1
242 198 1
242 201 1
242 236 1
242 237 1
242 240 1
242 241 1
243 7 1
243 8 1
243 9 1
243 10 1
243 12 1
243 13 1
243 56 1
243 88 1
243 128 1
243 166 1
243 179 1
243 201 1
243 242 1
244 7 1
244 8 1
244 9 1
244 10 1
244 56 1
244 128 1
244 166 1
244 197 1
244 201 1
244 243 1
245 11 1
245 57 1
245 65 1
245 72 1
245 85 1
245 86 1
245 87 1
245 121 1
245 147 1
245 165 1
245 202 1
245 203 1
245 229 1
245 240 1
245 241 1
246 5 1
246 6 1
246 11 1
246 57 1
246 65 1
246 72 1
246 86 1
246 121 1
246 165 1
246 202 1
246 240 1
246 245 1
247 11 1
247 12 1
247 14 1
247 15 1
247 16 1
247 57 1
247 67 1
247 87 1
247 88 1
247 130 1
247 147 1
247 148 1
247 179 1
247 203 1
247 204 1
247 241 1
247 245 1
248 12 1
248 13 1
248 14 1
248 58 1
248 66 1
248 67 1
248 88 1
248 89 1
248 128 1
248 129 1
248 130 1
248 148 1
248 167 1
249 12 1
249 14 1
249 15 1
249 58 1
249 66 1
249 67 1
249 88 1
249 89 1
249 129 1
249 130 1
249 148 1
249 167 1
249 248 1
250 16 1
250 67 1
250 87 1
250 130 1
250 204 1
251 14 1
251 15 1
251 16 1
251 58 1
251 67 1
251 88 1
251 129 1
251 130 1
251 148 1
251 248 1
251 250 1
252 180 1
253 17 1
253 90 1
253 252 1
254 21 1
254 22 1
254 94 1
254 95 1
254 184 1
254 185 1
254 206 1
254 213 1
255 20 1
255 25 1
255 59 1
255 132 1
255 153 1
255 169 1
255 207 1
255 209 1
255 210 1
255 211 1
255 212 1
256 20 1
256 92 1
256 151 1
256 153 1
256 185 1
256 209 1
256 210 1
256 211 1
256 212 1
256 255 1
257 21 1
257 22 1
257 23 1
257 24 1
257 168 1
257 185 1
257 207 1
257 213 1
257 254 1
258 22 1
258 23 1
258 24 1
258 29 1
258 60 1
258 68 1
258 99 1
258 155 1
258 168 1
258 185 1
258 215 1
258 257 1
259 24 1
259 25 1
259 28 1
259 29 1
259 59 1
259 60 1
259 155 1
259 168 1
259 169 1
259 215 1
259 216 1
259 257 1
259 258 1
260 20 1
260 24 1
260 25 1
260 27 1
260 28 1
260 29 1
260 59 1
260 60 1
260 98 1
260 153 1
260 168 1
260 169 1
260 210 1
260 211 1
260 214 1
260 255 1
260 256 1
260 258 1
260 259 1
261 25 1
261 26 1
261 27 1
261 28 1
261 30 1
261 59 1
261 101 1
261 133 1
261 169 1
261 186 1
261 214 1
261 260 1
262 25 1
262 26 1
262 27 1
262 28 1
262 59 1
262 133 1
262 154 1
262 169 1
262 209 1
262 210 1
262 214 1
262 261 1
263 29 1
263 60 1
263 68 1
263 99 1
263 100 1
263 155 1
263 168 1
263 215 1
263 216 1
263 258 1
263 259 1
264 23 1
264 29 1
264 68 1
264 99 1
264 168 1
264 215 1
264 258 1
264 263 1
265 29 1
265 31 1
265 32 1
265 34 1
265 60 1
265 69 1
265 100 1
265 101 1
265 134 1
265 155 1
265 156 1
265 186 1
265 216 1
265 217 1
265 259 1
265 263 1
266 30 1
266 31 1
266 61 1
266 69 1
266 101 1
266 133 1
266 134 1
266 156 1
266 170 1
267 100 1
267 217 1
268 31 1
268 32 1
268 33 1
268 34 1
268 35 1
268 61 1
268 69 1
268 134 1
268 156 1
268 218 1
268 266 1
269 37 1
269 103 1
269 135 1
270 38 1
270 108 1
271 71 1
271 110 1
271 111 1
271 136 1
271 159 1
272 71 1
272 110 1
272 111 1
272 112 1
272 158 1
272 159 1
272 160 1
272 271 1
273 39 1
273 112 1
273 159 1
273 160 1
273 272 1
274 41 1
274 42 1
274 114 1
274 115 1
274 116 1
274 119 1
274 189 1
274 190 1
274 220 1
274 227 1
275 40 1
275 45 1
275 62 1
275 137 1
275 161 1
275 172 1
275 223 1
275 224 1
275 225 1
275 226 1
276 40 1
276 109 1
276 110 1
276 158 1
276 161 1
276 190 1
276 224 1
276 225 1
276 226 1
276 275 1
277 41 1
277 42 1
277 190 1
277 220 1
277 226 1
277 274 1
278 41 1
278 42 1
278 43 1
278 44 1
278 171 1
278 190 1
278 221 1
278 227 1
278 274 1
278 277 1
279 42 1
279 43 1
279 44 1
279 49 1
279 63 1
279 72 1
279 121 1
279 163 1
279 171 1
279 227 1
279 229 1
279 278 1
280 44 1
280 45 1
280 48 1
280 49 1
280 62 1
280 63 1
280 163 1
280 171 1
280 229 1
280 230 1
280 278 1
280 279 1
281 40 1
281 44 1
281 45 1
281 47 1
281 48 1
281 49 1
281 62 1
281 63 1
281 120 1
281 161 1
281 171 1
281 172 1
281 191 1
281 224 1
281 225 1
281 228 1
281 275 1
281 276 1
281 280 1
282 45 1
282 46 1
282 47 1
282 48 1
282 50 1
282 51 1
282 62 1
282 123 1
282 138 1
282 172 1
282 191 1
282 228 1
282 281 1
283 45 1
283 46 1
283 47 1
283 48 1
283 62 1
283 138 1
283 162 1
283 172 1
283 223 1
283 224 1
283 228 1
283 282 1
284 49 1
284 63 1
284 65 1
284 72 1
284 86 1
284 120 1
284 121 1
284 122 1
284 163 1
284 171 1
284 202 1
284 229 1
284 230 1
284 245 1
284 246 1
284 279 1
284 280 1
285 43 1
285 44 1
285 49 1
285 63 1
285 65 1
285 72 1
285 86 1
285 121 1
285 163 1
285 171 1
285 229 1
285 245 1
285 246 1
285 279 1
285 284 1
286 49 1
286 50 1
286 52 1
286 53 1
286 54 1
286 63 1
286 72 1
286 74 1
286 122 1
286 123 1
286 140 1
286 163 1
286 164 1
286 191 1
286 230 1
286 231 1
286 280 1
286 284 1
287 50 1
287 51 1
287 52 1
287 64 1
287 73 1
287 74 1
287 123 1
287 124 1
287 138 1
287 139 1
287 140 1
287 164 1
287 173 1
288 50 1
288 52 1
288 53 1
288 64 1
288 73 1
288 74 1
288 123 1
288 124 1
288 139 1
288 140 1
288 164 1
288 173 1
288 287 1
289 122 1
289 140 1
289 231 1
290 52 1
290 53 1
290 54 1
290 64 1
290 74 1
290 139 1
290 140 1
290 164 1
290 287 1
291 125 1
292 7 1
292 8 1
292 10 1
292 12 1
292 56 1
292 57 1
292 127 1
292 128 1
292 147 1
292 165 1
292 166 1
292 201 1
292 203 1
292 236 1
292 241 1
292 242 1
292 243 1
292 244 1
293 20 1
293 25 1
293 28 1
293 59 1
293 60 1
293 132 1
293 155 1
293 168 1
293 169 1
293 214 1
293 216 1
293 255 1
293 259 1
293 260 1
293 261 1
293 262 1
294 36 1
294 37 1
294 103 1
294 135 1
294 269 1
295 40 1
295 45 1
295 46 1
295 47 1
295 48 1
295 50 1
295 62 1
295 63 1
295 137 1
295 138 1
295 163 1
295 171 1
295 172 1
295 228 1
295 230 1
295 275 1
295 280 1
295 281 1
295 282 1
295 283 1
296 0 1
296 77 1
296 80 1
296 142 1
296 143 1
296 174 1
296 175 1
296 176 1
296 192 1
297 2 1
297 6 1
297 7 1
297 10 1
297 11 1
297 56 1
297 57 1
297 127 1
297 145 1
297 147 1
297 165 1
297 166 1
297 194 1
297 198 1
297 203 1
297 236 1
297 240 1
297 241 1
297 242 1
297 243 1
297 292 1
298 7 1
298 9 1
298 10 1
298 11 1
298 57 1
298 65 1
298 85 1
298 86 1
298 121 1
298 147 1
298 165 1
298 179 1
298 202 1
298 229 1
298 241 1
298 245 1
298 246 1
298 247 1
298 284 1
298 285 1
299 11 1
299 57 1
299 65 1
299 86 1
299 87 1
299 147 1
299 203 1
299 240 1
299 241 1
299 245 1
299 246 1
299 247 1
300 17 1
300 90 1
300 93 1
300 253 1
301 93 1
301 94 1
301 95 1
301 206 1
301 254 1
302 20 1
302 24 1
302 25 1
302 28 1
302 29 1
302 59 1
302 60 1
302 132 1
302 153 1
302 155 1
302 168 1
302 169 1
302 207 1
302 211 1
302 216 1
302 255 1
302 258 1
302 259 1
302 260 1
302 261 1
302 293 1
303 25 1
303 27 1
303 28 1
303 29 1
303 60 1
303 68 1
303 98 1
303 99 1
303 155 1
303 168 1
303 186 1
303 215 1
303 259 1
303 263 1
303 264 1
303 265 1
304 29 1
304 68 1
304 99 1
304 100 1
304 155 1
304 216 1
304 217 1
304 263 1
304 264 1
304 265 1
304 267 1
305 29 1
305 60 1
305 68 1
305 99 1
305 100 1
305 155 1
305 216 1
305 258 1
305 259 1
305 263 1
305 264 1
305 265 1
305 267 1
305 304 1
306 36 1
306 37 1
306 103 1
306 135 1
306 219 1
306 269 1
306 294 1
307 71 1
307 110 1
307 111 1
307 158 1
307 159 1
307 223 1
307 224 1
307 271 1
307 272 1
308 113 1
308 114 1
308 115 1
308 116 1
308 220 1
308 274 1
309 40 1
309 44 1
309 45 1
309 48 1
309 49 1
309 62 1
309 63 1
309 137 1
309 161 1
309 163 1
309 171 1
309 172 1
309 221 1
309 225 1
309 230 1
309 275 1
309 279 1
309 280 1
309 281 1
309 282 1
309 295 1
310 45 1
310 47 1
310 48 1
310 49 1
310 63 1
310 72 1
310 86 1
310 120 1
310 121 1
310 163 1
310 171 1
310 191 1
310 202 1
310 229 1
310 245 1
310 246 1
310 280 1
310 284 1
310 285 1
310 286 1
310 298 1
311 49 1
311 65 1
311 72 1
311 86 1
311 121 1
311 122 1
311 163 1
311 230 1
311 231 1
311 246 1
311 284 1
311 285 1
311 286 1
311 289 1
312 49 1
312 63 1
312 72 1
312 121 1
312 122 1
312 163 1
312 230 1
312 279 1
312 280 1
312 284 1
312 285 1
312 286 1
312 289 1
312 311 1
313 152 1
314 34 1
314 217 1
314 218 1
314 267 1
315 71 1
315 111 1
315 112 1
315 159 1
315 160 1
315 271 1
315 272 1
315 273 1
315 307 1
316 0 1
316 1 1
316 80 1
316 175 1
316 176 1
316 192 1
316 234 1
316 296 1
317 81 1
317 82 1
317 177 1
317 178 1
317 193 1
317 194 1
317 199 1
317 235 1
318 2 1
318 56 1
318 77 1
318 78 1
318 79 1
318 127 1
318 143 1
318 144 1
318 145 1
318 146 1
318 196 1
318 197 1
318 232 1
318 236 1
318 237 1
319 2 1
319 78 1
319 83 1
319 142 1
319 145 1
319 177 1
319 178 1
319 194 1
319 197 1
319 198 1
319 199 1
319 236 1
319 237 1
319 242 1
319 318 1
320 3 1
320 4 1
320 5 1
320 200 1
320 231 1
320 239 1
321 3 1
321 4 1
321 5 1
321 6 1
321 65 1
321 200 1
321 235 1
321 238 1
321 239 1
321 240 1
321 246 1
321 320 1
322 8 1
322 9 1
322 10 1
322 12 1
322 13 1
322 56 1
322 128 1
322 166 1
322 201 1
322 243 1
322 244 1
322 292 1
323 14 1
323 15 1
323 16 1
323 41 1
323 67 1
323 130 1
323 148 1
323 204 1
323 247 1
323 249 1
323 250 1
323 251 1
324 14 1
324 16 1
324 58 1
324 67 1
324 88 1
324 130 1
324 148 1
324 248 1
324 251 1
324 323 1
325 14 1
325 58 1
325 89 1
325 129 1
325 180 1
325 251 1
325 324 1
326 19 1
326 182 1
326 183 1
327 94 1
327 95 1
327 96 1
327 184 1
327 185 1
327 206 1
327 207 1
327 212 1
327 254 1
328 20 1
328 59 1
328 91 1
328 92 1
328 132 1
328 151 1
328 152 1
328 153 1
328 154 1
328 209 1
328 210 1
328 255 1
328 256 1
329 20 1
329 92 1
329 96 1
329 150 1
329 153 1
329 184 1
329 185 1
329 207 1
329 210 1
329 211 1
329 212 1
329 255 1
329 256 1
329 260 1
329 328 1
330 21 1
330 22 1
330 23 1
330 24 1
330 29 1
330 68 1
330 213 1
330 257 1
330 258 1
330 264 1
331 26 1
331 27 1
331 28 1
331 30 1
331 59 1
331 133 1
331 169 1
331 214 1
331 261 1
331 262 1
331 293 1
332 31 1
332 32 1
332 34 1
332 69 1
332 134 1
332 156 1
332 217 1
332 218 1
332 265 1
332 267 1
332 268 1
332 314 1
333 31 1
333 33 1
333 34 1
333 35 1
333 61 1
333 101 1
333 134 1
333 156 1
333 218 1
333 266 1
333 268 1
333 332 1
334 114 1
334 115 1
334 116 1
334 117 1
334 189 1
334 190 1
334 220 1
334 221 1
334 226 1
334 274 1
335 40 1
335 62 1
335 109 1
335 110 1
335 111 1
335 137 1
335 158 1
335 159 1
335 161 1
335 162 1
335 223 1
335 224 1
335 271 1
335 275 1
335 276 1
335 307 1
336 40 1
336 117 1
336 161 1
336 189 1
336 190 1
336 221 1
336 224 1
336 225 1
336 226 1
336 275 1
336 276 1
336 281 1
336 335 1
337 41 1
337 42 1
337 43 1
337 119 1
337 204 1
337 227 1
337 278 1
338 41 1
338 42 1
338 43 1
338 44 1
338 72 1
338 119 1
338 227 1
338 277 1
338 278 1
338 279 1
338 285 1
338 337 1
339 45 1
339 46 1
339 47 1
339 48 1
339 50 1
339 51 1
339 62 1
339 138 1
339 172 1
339 228 1
339 282 1
339 283 1
339 295 1
340 3 1
340 52 1
340 53 1
340 54 1
340 74 1
340 140 1
340 164 1
340 231 1
340 286 1
340 288 1
340 289 1
340 290 1
341 76 1
341 77 1
341 126 1
341 174 1
341 175 1
342 2 1
342 83 1
342 127 1
342 145 1
342 177 1
342 194 1
342 318 1
342 319 1
343 4 1
343 5 1
343 6 1
343 11 1
343 165 1
343 178 1
343 198 1
343 200 1
343 202 1
343 238 1
343 239 1
343 240 1
343 241 1
343 246 1
343 297 1
343 320 1
343 321 1
344 7 1
344 10 1
344 12 1
344 14 1
344 16 1
344 57 1
344 67 1
344 87 1
344 88 1
344 128 1
344 130 1
344 147 1
344 148 1
344 167 1
344 179 1
344 203 1
344 241 1
344 243 1
344 247 1
344 248 1
344 292 1
345 7 1
345 9 1
345 10 1
345 12 1
345 13 1
345 14 1
345 57 1
345 67 1
345 85 1
345 88 1
345 128 1
345 130 1
345 147 1
345 148 1
345 167 1
345 179 1
345 203 1
345 241 1
345 243 1
345 245 1
345 247 1
345 248 1
345 249 1
345 292 1
345 298 1
345 344 1
346 14 1
346 15 1
346 16 1
346 58 1
346 66 1
346 67 1
346 88 1
346 89 1
346 129 1
346 130 1
346 148 1
346 167 1
346 180 1
346 204 1
346 248 1
346 249 1
346 251 1
346 323 1
346 324 1
346 325 1
347 17 1
347 90 1
347 93 1
347 300 1
347 301 1
349 20 1
349 96 1
349 132 1
349 153 1
349 184 1
349 207 1
349 256 1
349 328 1
349 329 1
350 22 1
350 23 1
350 24 1
350 29 1
350 168 1
350 185 1
350 211 1
350 212 1
350 213 1
350 215 1
350 257 1
350 258 1
350 259 1
350 264 1
350 302 1
350 330 1
351 25 1
351 28 1
351 30 1
351 31 1
351 60 1
351 69 1
351 100 1
351 101 1
351 133 1
351 134 1
351 155 1
351 156 1
351 169 1
351 170 1
351 186 1
351 216 1
351 259 1
351 261 1
351 265 1
351 266 1
351 293 1
352 25 1
352 27 1
352 28 1
352 30 1
352 31 1
352 60 1
352 69 1
352 98 1
352 101 1
352 133 1
352 134 1
352 155 1
352 156 1
352 170 1
352 186 1
352 216 1
352 259 1
352 261 1
352 263 1
352 265 1
352 266 1
352 293 1
352 303 1
352 351 1
353 31 1
353 32 1
353 34 1
353 35 1
353 61 1
353 69 1
353 101 1
353 134 1
353 156 1
353 170 1
353 187 1
353 217 1
353 266 1
353 268 1
353 332 1
353 333 1
354 35 1
354 61 1
354 187 1
354 266 1
355 36 1
355 37 1
355 103 1
355 135 1
355 269 1
355 294 1
355 306 1
356 106 1
357 38 1
357 107 1
357 109 1
357 136 1
357 188 1
358 39 1
358 112 1
358 158 1
358 160 1
358 188 1
358 273 1
358 315 1
359 40 1
359 117 1
359 137 1
359 161 1
359 189 1
359 221 1
359 222 1
359 276 1
359 335 1
359 336 1
360 42 1
360 43 1
360 44 1
360 49 1
360 171 1
360 190 1
360 225 1
360 227 1
360 229 1
360 277 1
360 278 1
360 279 1
360 280 1
360 285 1
360 309 1
360 338 1
361 45 1
361 48 1
361 50 1
361 52 1
361 63 1
361 74 1
361 122 1
361 123 1
361 138 1
361 140 1
361 163 1
361 164 1
361 173 1
361 191 1
361 230 1
361 280 1
361 282 1
361 286 1
361 287 1
361 295 1
361 309 1
362 45 1
362 47 1
362 48 1
362 50 1
362 51 1
362 52 1
362 63 1
362 74 1
362 120 1
362 123 1
362 138 1
362 140 1
362 163 1
362 164 1
362 173 1
362 191 1
362 230 1
362 280 1
362 282 1
362 284 1
362 286 1
362 287 1
362 288 1
362 295 1
362 310 1
362 361 1
363 52 1
363 53 1
363 54 1
363 64 1
363 73 1
363 74 1
363 123 1
363 124 1
363 139 1
363 140 1
363 164 1
363 173 1
363 231 1
363 287 1
363 288 1
363 290 1
363 340 1
364 4 1
364 81 1
364 82 1
364 193 1
364 235 1
364 238 1
365 4 1
365 81 1
365 82 1
365 83 1
365 177 1
365 178 1
365 193 1
365 194 1
365 198 1
365 199 1
365 235 1
365 238 1
365 239 1
365 317 1
365 319 1
365 342 1
365 343 1
366 178 1
366 198 1
366 199 1
366 238 1
366 343 1
366 365 1
367 5 1
367 6 1
367 7 1
367 11 1
367 145 1
367 165 1
367 178 1
367 194 1
367 198 1
367 199 1
367 202 1
367 236 1
367 239 1
367 240 1
367 241 1
367 242 1
367 297 1
367 319 1
367 321 1
367 343 1
367 365 1
368 7 1
368 8 1
368 9 1
368 10 1
368 12 1
368 13 1
368 85 1
368 128 1
368 166 1
368 167 1
368 179 1
368 243 1
368 322 1
368 345 1
369 7 1
369 9 1
369 10 1
369 11 1
369 57 1
369 85 1
369 86 1
369 128 1
369 147 1
369 165 1
369 166 1
369 179 1
369 202 1
369 240 1
369 241 1
369 242 1
369 245 1
369 292 1
369 297 1
369 298 1
369 344 1
369 345 1
369 367 1
369 368 1
370 11 1
370 49 1
370 57 1
370 65 1
370 72 1
370 86 1
370 87 1
370 121 1
370 147 1
370 202 1
370 245 1
370 246 1
370 247 1
370 284 1
370 285 1
370 298 1
370 299 1
370 311 1
371 12 1
371 14 1
371 16 1
371 57 1
371 67 1
371 87 1
371 88 1
371 130 1
371 147 1
371 148 1
371 167 1
371 203 1
371 204 1
371 247 1
371 250 1
371 299 1
371 323 1
371 324 1
371 344 1
371 345 1
372 93 1
372 94 1
372 206 1
372 212 1
372 301 1
372 327 1
373 22 1
373 93 1
373 94 1
373 95 1
373 206 1
373 254 1
373 301 1
374 22 1
374 94 1
374 95 1
374 96 1
374 184 1
374 185 1
374 206 1
374 207 1
374 211 1
374 212 1
374 254 1
374 257 1
374 327 1
374 329 1
374 350 1
375 185 1
375 211 1
375 212 1
375 350 1
375 372 1
375 374 1
376 23 1
376 24 1
376 25 1
376 29 1
376 153 1
376 168 1
376 185 1
376 207 1
376 211 1
376 212 1
376 215 1
376 255 1
376 257 1
376 258 1
376 259 1
376 260 1
376 293 1
376 302 1
376 329 1
376 330 1
376 350 1
376 374 1
377 25 1
377 26 1
377 27 1
377 28 1
377 30 1
377 60 1
377 98 1
377 133 1
377 169 1
377 170 1
377 186 1
377 261 1
377 331 1
377 352 1
378 25 1
378 27 1
378 28 1
378 29 1
378 59 1
378 60 1
378 98 1
378 133 1
378 155 1
378 168 1
378 169 1
378 186 1
378 215 1
378 258 1
378 259 1
378 260 1
378 263 1
378 293 1
378 302 1
378 303 1
378 351 1
378 352 1
378 376 1
378 377 1
379 29 1
379 60 1
379 68 1
379 99 1
379 100 1
379 155 1
379 215 1
379 263 1
379 264 1
379 265 1
379 303 1
379 304 1
379 305 1
380 30 1
380 31 1
380 33 1
380 34 1
380 60 1
380 69 1
380 100 1
380 101 1
380 134 1
380 155 1
380 156 1
380 170 1
380 216 1
380 217 1
380 265 1
380 305 1
380 332 1
380 333 1
380 351 1
380 352 1
381 41 1
381 42 1
381 114 1
381 115 1
381 116 1
381 119 1
381 220 1
381 274 1
381 277 1
381 308 1
382 42 1
382 114 1
382 115 1
382 116 1
382 117 1
382 189 1
382 190 1
382 220 1
382 221 1
382 226 1
382 274 1
382 277 1
382 278 1
382 334 1
382 336 1
382 359 1
382 360 1
383 190 1
383 225 1
383 226 1
383 277 1
383 336 1
383 360 1
383 382 1
384 43 1
384 44 1
384 45 1
384 49 1
384 161 1
384 171 1
384 190 1
384 221 1
384 225 1
384 226 1
384 229 1
384 275 1
384 278 1
384 279 1
384 280 1
384 281 1
384 295 1
384 309 1
384 336 1
384 338 1
384 360 1
384 382 1
385 45 1
385 46 1
385 47 1
385 48 1
385 50 1
385 63 1
385 120 1
385 138 1
385 172 1
385 173 1
385 191 1
385 282 1
385 339 1
385 362 1
386 45 1
386 47 1
386 48 1
386 49 1
386 63 1
386 120 1
386 121 1
386 138 1
386 163 1
386 171 1
386 172 1
386 191 1
386 229 1
386 279 1
386 280 1
386 281 1
386 284 1
386 295 1
386 309 1
386 310 1
386 361 1
386 362 1
386 384 1
386 385 1
387 11 1
387 49 1
387 65 1
387 72 1
387 86 1
387 121 1
387 122 1
387 163 1
387 229 1
387 245 1
387 246 1
387 284 1
387 285 1
387 286 1
387 310 1
387 311 1
387 312 1
387 370 1
388 50 1
388 52 1
388 54 1
388 63 1
388 74 1
388 122 1
388 123 1
388 140 1
388 163 1
388 164 1
388 173 1
388 230 1
388 231 1
388 286 1
388 312 1
388 340 1
388 361 1
388 362 1
389 4 1
389 82 1
389 83 1
389 145 1
389 177 1
389 178 1
389 193 1
389 194 1
389 200 1
389 235 1
389 239 1
389 317 1
389 342 1
389 365 1
389 367 1
390 2 1
390 56 1
390 83 1
390 84 1
390 127 1
390 145 1
390 146 1
390 194 1
390 195 1
390 196 1
390 236 1
390 297 1
390 318 1
390 319 1
390 342 1
391 16 1
391 58 1
391 130 1
391 251 1
391 324 1
392 22 1
392 94 1
392 95 1
392 96 1
392 153 1
392 184 1
392 185 1
392 206 1
392 207 1
392 254 1
392 257 1
392 327 1
392 349 1
392 374 1
392 376 1
393 20 1
393 59 1
393 96 1
393 97 1
393 132 1
393 153 1
393 154 1
393 207 1
393 208 1
393 209 1
393 255 1
393 302 1
393 328 1
393 329 1
393 349 1
394 33 1
394 34 1
394 35 1
394 61 1
394 134 1
394 218 1
394 268 1
394 333 1
395 42 1
395 115 1
395 116 1
395 117 1
395 161 1
395 189 1
395 190 1
395 220 1
395 221 1
395 227 1
395 274 1
395 278 1
395 334 1
395 359 1
395 382 1
396 40 1
396 117 1
396 118 1
396 137 1
396 161 1
396 189 1
396 221 1
396 222 1
396 309 1
396 336 1
396 359 1
397 0 1
397 76 1
397 77 1
397 126 1
397 142 1
397 174 1
397 175 1
397 176 1
397 192 1
397 296 1
397 341 1
398 76 1
398 126 1
398 174 1
398 176 1
398 341 1
398 397 1
399 2 1
399 82 1
399 83 1
399 145 1
399 177 1
399 178 1
399 194 1
399 198 1
399 199 1
399 237 1
399 317 1
399 319 1
399 342 1
399 365 1
399 367 1
399 389 1
399 390 1
400 2 1
400 83 1
400 84 1
400 127 1
400 145 1
400 146 1
400 194 1
400 195 1
400 196 1
400 318 1
400 342 1
400 390 1
400 399 1
401 4 1
401 6 1
401 165 1
401 178 1
401 198 1
401 199 1
401 238 1
401 239 1
401 240 1
401 319 1
401 321 1
401 343 1
401 365 1
401 366 1
401 367 1
402 8 1
402 12 1
402 13 1
402 14 1
402 66 1
402 88 1
402 128 1
402 129 1
402 167 1
402 248 1
402 322 1
402 368 1
403 15 1
403 16 1
403 67 1
403 87 1
403 130 1
403 147 1
403 148 1
403 203 1
403 204 1
403 247 1
403 250 1
403 251 1
403 299 1
403 323 1
403 346 1
403 371 1
404 14 1
404 16 1
404 58 1
404 129 1
404 180 1
404 248 1
404 251 1
404 324 1
404 325 1
404 346 1
404 391 1
405 19 1
405 91 1
405 131 1
405 150 1
405 181 1
405 182 1
405 183 1
405 326 1
406 20 1
406 95 1
406 96 1
406 153 1
406 184 1
406 185 1
406 207 1
406 211 1
406 212 1
406 256 1
406 327 1
406 329 1
406 349 1
406 374 1
406 392 1
406 393 1
407 20 1
407 96 1
407 97 1
407 132 1
407 153 1
407 154 1
407 207 1
407 208 1
407 209 1
407 328 1
407 349 1
407 393 1
407 406 1
408 22 1
408 24 1
408 168 1
408 185 1
408 211 1
408 212 1
408 257 1
408 258 1
408 329 1
408 330 1
408 350 1
408 374 1
408 375 1
408 376 1
409 26 1
409 30 1
409 31 1
409 101 1
409 133 1
409 170 1
409 266 1
409 331 1
409 377 1
410 32 1
410 33 1
410 34 1
410 69 1
410 100 1
410 134 1
410 155 1
410 156 1
410 216 1
410 217 1
410 218 1
410 265 1
410 267 1
410 268 1
410 304 1
410 305 1
410 314 1
410 332 1
410 353 1
410 380 1
411 31 1
411 34 1
411 35 1
411 61 1
411 187 1
411 218 1
411 266 1
411 268 1
411 333 1
411 353 1
411 354 1
411 394 1
412 107 1
412 109 1
412 136 1
412 188 1
412 357 1
413 38 1
413 107 1
413 136 1
413 270 1
413 357 1
413 412 1
414 40 1
414 116 1
414 117 1
414 161 1
414 189 1
414 190 1
414 221 1
414 225 1
414 226 1
414 276 1
414 334 1
414 336 1
414 359 1
414 382 1
414 395 1
414 396 1
415 40 1
415 117 1
415 118 1
415 137 1
415 161 1
415 162 1
415 221 1
415 222 1
415 223 1
415 335 1
415 359 1
415 396 1
415 414 1
416 42 1
416 44 1
416 171 1
416 190 1
416 225 1
416 226 1
416 277 1
416 278 1
416 279 1
416 336 1
416 360 1
416 382 1
416 383 1
416 384 1
417 46 1
417 50 1
417 51 1
417 52 1
417 73 1
417 123 1
417 138 1
417 139 1
417 173 1
417 287 1
417 339 1
417 385 1
418 53 1
418 54 1
418 74 1
418 122 1
418 140 1
418 163 1
418 164 1
418 230 1
418 231 1
418 286 1
418 289 1
418 290 1
418 311 1
418 312 1
418 340 1
418 363 1
418 388 1
419 4 1
419 178 1
419 193 1
419 198 1
419 199 1
419 235 1
419 238 1
419 317 1
419 343 1
419 365 1
419 366 1
419 401 1
420 185 1
420 206 1
420 211 1
420 212 1
420 254 1
420 327 1
420 350 1
420 372 1
420 374 1
420 375 1
420 408 1
421 42 1
421 190 1
421 220 1
421 225 1
421 226 1
421 274 1
421 277 1
421 334 1
421 360 1
421 381 1
421 382 1
421 383 1
421 416 1
422 2 1
422 83 1
422 84 1
422 127 1
422 145 1
422 146 1
422 194 1
422 195 1
422 196 1
422 197 1
422 236 1
422 318 1
422 319 1
422 342 1
422 390 1
422 400 1
423 2 1
423 56 1
423 84 1
423 127 1
423 145 1
423 146 1
423 166 1
423 195 1
423 196 1
423 197 1
423 201 1
423 236 1
423 237 1
423 242 1
423 243 1
423 244 1
423 292 1
423 318 1
423 390 1
423 400 1
423 422 1
424 2 1
424 6 1
424 56 1
424 83 1
424 145 1
424 165 1
424 178 1
424 194 1
424 198 1
424 199 1
424 236 1
424 237 1
424 239 1
424 241 1
424 242 1
424 297 1
424 318 1
424 319 1
424 342 1
424 343 1
424 365 1
424 366 1
424 367 1
424 389 1
424 390 1
424 399 1
424 401 1
425 16 1
425 87 1
425 130 1
425 204 1
425 250 1
425 299 1
425 323 1
425 403 1
426 17 1
426 90 1
426 253 1
426 300 1
426 347 1
427 20 1
427 96 1
427 97 1
427 132 1
427 153 1
427 154 1
427 208 1
427 209 1
427 210 1
427 255 1
427 256 1
427 328 1
427 329 1
427 349 1
427 393 1
427 407 1
428 20 1
428 59 1
428 97 1
428 132 1
428 153 1
428 154 1
428 169 1
428 208 1
428 209 1
428 210 1
428 214 1
428 255 1
428 256 1
428 260 1
428 261 1
428 262 1
428 293 1
428 328 1
428 329 1
428 393 1
428 407 1
428 427 1
429 20 1
429 24 1
429 59 1
429 96 1
429 153 1
429 168 1
429 185 1
429 207 1
429 211 1
429 212 1
429 255 1
429 256 1
429 257 1
429 259 1
429 260 1
429 302 1
429 328 1
429 329 1
429 349 1
429 350 1
429 374 1
429 375 1
429 376 1
429 392 1
429 393 1
429 406 1
429 408 1
430 34 1
430 100 1
430 217 1
430 267 1
430 304 1
430 314 1
430 332 1
430 410 1
431 36 1
431 102 1
431 103 1
431 135 1
431 219 1
431 294 1
431 306 1
431 355 1
432 106 1
433 40 1
433 117 1
433 118 1
433 137 1
433 161 1
433 162 1
433 222 1
433 223 1
433 224 1
433 275 1
433 276 1
433 335 1
433 336 1
433 359 1
433 396 1
433 415 1
434 40 1
434 62 1
434 118 1
434 137 1
434 161 1
434 162 1
434 172 1
434 222 1
434 223 1
434 224 1
434 228 1
434 275 1
434 276 1
434 281 1
434 282 1
434 283 1
434 295 1
434 307 1
434 335 1
434 396 1
434 415 1
434 433 1
435 40 1
435 44 1
435 62 1
435 117 1
435 161 1
435 171 1
435 190 1
435 221 1
435 225 1
435 226 1
435 275 1
435 276 1
435 278 1
435 280 1
435 281 1
435 309 1
435 335 1
435 336 1
435 359 1
435 360 1
435 382 1
435 383 1
435 384 1
435 395 1
435 396 1
435 414 1
435 416 1
435 421 1
436 54 1
436 122 1
436 140 1
436 231 1
436 289 1
436 311 1
436 312 1
436 340 1
436 418 1
