# minsup
1
# graph
G_portein_file\FKBP\1Q1C.pdb
# node ID, label
0 A
1 A
2 F
3 G
4 I
5 I
6 I
7 I
8 I
9 L
10 L
11 L
12 M
13 P
14 R
15 R
16 S
17 V
18 Y
19 Y
20 Y
# node ID1, node ID2, number of bounds
2 1 1
3 0 1
3 1 1
3 2 1
4 0 1
4 1 1
4 3 1
5 0 1
5 4 1
6 0 1
6 3 1
7 0 1
7 5 1
8 2 1
9 0 1
9 1 1
9 3 1
9 4 1
9 6 1
10 0 1
10 1 1
10 2 1
10 3 1
10 4 1
10 5 1
10 7 1
10 9 1
11 1 1
11 2 1
11 4 1
11 8 1
11 9 1
11 10 1
12 0 1
12 6 1
13 1 1
13 2 1
13 3 1
13 9 1
13 10 1
13 11 1
14 0 1
14 4 1
14 5 1
14 7 1
14 10 1
14 12 1
15 0 1
15 3 1
15 4 1
15 6 1
15 9 1
15 12 1
15 13 1
16 0 1
16 6 1
16 7 1
16 12 1
16 14 1
17 0 1
17 3 1
17 4 1
17 5 1
17 6 1
17 7 1
17 9 1
17 10 1
17 11 1
17 14 1
17 16 1
18 0 1
18 1 1
18 2 1
18 3 1
18 6 1
18 9 1
18 10 1
18 13 1
18 15 1
19 0 1
19 1 1
19 2 1
19 3 1
19 4 1
19 9 1
19 10 1
19 11 1
19 13 1
19 15 1
19 18 1
20 7 1
20 9 1
20 10 1
20 11 1
20 14 1
20 16 1
20 17 1
