# minsup
1
# graph
G_portein_file\FKBP\1QZ2.pdb
# node ID, label
0 A
1 A
2 D
3 E
4 E
5 E
6 F
7 G
8 G
9 G
10 G
11 I
12 I
13 I
14 K
15 K
16 K
17 K
18 K
19 K
20 K
21 L
22 L
23 L
24 L
25 L
26 L
27 P
28 Q
29 R
30 R
31 R
32 R
33 S
34 S
35 T
36 T
37 T
38 V
39 V
40 V
41 Y
42 Y
43 Y
44 Y
45 Y
46 Y
# node ID1, node ID2, number of bounds
5 0 1
7 3 1
9 0 1
9 5 1
10 1 1
14 2 1
17 1 1
17 12 1
18 1 1
18 10 1
19 1 1
19 17 1
23 22 1
24 8 1
24 11 1
24 22 1
24 23 1
25 1 1
25 18 1
25 19 1
28 7 1
29 28 1
30 3 1
30 7 1
30 28 1
30 29 1
31 1 1
31 12 1
31 17 1
32 19 1
32 26 1
34 13 1
34 26 1
35 7 1
35 28 1
35 29 1
35 30 1
36 12 1
36 17 1
36 31 1
37 1 1
37 10 1
37 17 1
37 18 1
37 31 1
39 1 1
39 12 1
39 17 1
39 19 1
39 31 1
39 36 1
39 37 1
40 1 1
40 10 1
40 17 1
40 18 1
40 31 1
40 37 1
41 2 1
41 14 1
42 4 1
43 15 1
44 0 1
44 5 1
44 9 1
45 1 1
45 10 1
45 18 1
45 25 1
45 37 1
45 40 1
46 1 1
46 17 1
46 19 1
46 25 1
46 31 1
46 32 1
46 36 1
46 37 1
46 39 1
