# minsup
1
# graph
G_portein_file\FKBP\1ROT.pdb
# node ID, label
0 A
1 A
2 A
3 A
4 A
5 A
6 C
7 C
8 D
9 D
10 D
11 D
12 D
13 D
14 D
15 D
16 D
17 E
18 E
19 E
20 E
21 E
22 E
23 E
24 E
25 E
26 F
27 F
28 F
29 F
30 F
31 F
32 F
33 G
34 G
35 G
36 G
37 G
38 G
39 G
40 G
41 G
42 G
43 G
44 G
45 G
46 H
47 I
48 I
49 I
50 I
51 I
52 I
53 I
54 K
55 K
56 K
57 K
58 K
59 K
60 K
61 K
62 K
63 K
64 K
65 K
66 L
67 L
68 L
69 L
70 L
71 L
72 L
73 L
74 M
75 M
76 N
77 P
78 P
79 P
80 P
81 P
82 P
83 P
84 Q
85 R
86 R
87 R
88 R
89 S
90 S
91 S
92 S
93 S
94 S
95 T
96 T
97 T
98 T
99 T
100 T
101 T
102 T
103 V
104 V
105 V
106 V
107 V
108 V
109 V
110 V
111 V
112 V
113 W
114 W
115 Y
116 Y
117 Y
# node ID1, node ID2, number of bounds
1 0 1
2 1 1
3 0 1
4 3 1
5 3 1
6 1 1
7 0 1
7 1 1
7 3 1
8 1 1
8 7 1
9 8 1
10 2 1
11 5 1
13 12 1
14 13 1
15 10 1
16 0 1
16 1 1
16 2 1
16 15 1
17 0 1
17 7 1
17 8 1
17 9 1
18 6 1
20 15 1
20 16 1
21 6 1
21 18 1
22 0 1
22 3 1
22 7 1
22 9 1
22 17 1
23 6 1
24 6 1
24 21 1
24 23 1
25 21 1
25 24 1
26 15 1
26 24 1
26 25 1
27 12 1
28 14 1
28 24 1
28 26 1
29 10 1
29 15 1
29 16 1
29 20 1
29 26 1
29 28 1
30 0 1
30 6 1
30 7 1
30 12 1
30 23 1
30 24 1
31 21 1
31 24 1
31 25 1
31 26 1
32 10 1
32 15 1
32 25 1
32 26 1
32 29 1
32 31 1
33 6 1
33 8 1
33 18 1
34 0 1
34 3 1
34 7 1
34 8 1
34 9 1
34 17 1
34 22 1
35 18 1
35 19 1
35 21 1
36 19 1
36 21 1
36 25 1
36 31 1
36 35 1
37 2 1
37 10 1
37 15 1
37 16 1
37 29 1
38 12 1
38 23 1
38 27 1
38 30 1
39 11 1
39 27 1
39 38 1
40 2 1
40 10 1
40 15 1
40 16 1
40 20 1
40 29 1
40 37 1
41 15 1
41 20 1
41 29 1
41 37 1
41 40 1
42 18 1
42 21 1
42 24 1
42 25 1
42 26 1
42 31 1
42 32 1
42 35 1
42 36 1
43 3 1
43 4 1
43 5 1
43 22 1
44 3 1
44 4 1
44 5 1
44 43 1
45 19 1
45 25 1
45 32 1
45 36 1
46 14 1
46 23 1
46 24 1
46 26 1
46 28 1
46 31 1
47 7 1
47 8 1
47 9 1
47 17 1
47 34 1
48 6 1
48 18 1
48 21 1
48 33 1
48 35 1
49 2 1
49 10 1
49 15 1
49 16 1
49 37 1
49 40 1
50 0 1
50 3 1
50 16 1
50 20 1
50 22 1
50 40 1
51 0 1
51 1 1
51 2 1
51 16 1
51 17 1
51 34 1
51 40 1
51 47 1
51 49 1
51 50 1
52 0 1
52 1 1
52 6 1
52 7 1
52 23 1
52 30 1
52 38 1
52 48 1
52 51 1
53 4 1
53 5 1
53 27 1
53 43 1
53 44 1
54 8 1
54 9 1
54 17 1
54 34 1
54 47 1
55 0 1
55 1 1
55 6 1
55 7 1
55 8 1
55 23 1
55 30 1
55 33 1
55 47 1
55 48 1
55 51 1
55 52 1
56 6 1
56 18 1
56 21 1
56 23 1
56 33 1
56 35 1
56 48 1
56 55 1
57 11 1
57 12 1
57 27 1
57 30 1
57 38 1
57 39 1
58 13 1
58 14 1
59 13 1
59 14 1
59 26 1
59 28 1
59 46 1
59 58 1
60 10 1
60 15 1
60 16 1
60 20 1
60 29 1
60 37 1
60 40 1
60 41 1
60 49 1
61 0 1
61 1 1
61 3 1
61 7 1
61 16 1
61 17 1
61 20 1
61 22 1
61 34 1
61 40 1
61 50 1
61 51 1
62 2 1
62 6 1
62 18 1
62 19 1
62 21 1
62 24 1
62 25 1
62 31 1
62 32 1
62 35 1
62 36 1
62 42 1
63 0 1
63 3 1
63 5 1
63 7 1
63 9 1
63 17 1
63 22 1
63 34 1
63 43 1
64 27 1
64 44 1
64 53 1
65 10 1
65 19 1
65 25 1
65 26 1
65 32 1
65 45 1
66 0 1
66 1 1
66 7 1
66 8 1
66 17 1
66 33 1
66 34 1
66 47 1
66 51 1
66 52 1
66 55 1
66 63 1
67 5 1
67 11 1
67 12 1
67 27 1
67 30 1
67 38 1
67 39 1
67 53 1
67 57 1
67 64 1
68 5 1
68 7 1
68 11 1
68 39 1
68 57 1
68 63 1
68 67 1
69 12 1
69 13 1
69 14 1
69 28 1
69 46 1
69 58 1
69 59 1
70 2 1
70 10 1
70 15 1
70 16 1
70 20 1
70 29 1
70 32 1
70 37 1
70 40 1
70 41 1
70 49 1
70 50 1
70 51 1
70 60 1
70 61 1
71 6 1
71 18 1
71 21 1
71 23 1
71 24 1
71 31 1
71 35 1
71 42 1
71 46 1
71 48 1
71 56 1
71 62 1
72 0 1
72 3 1
72 5 1
72 7 1
72 11 1
72 30 1
72 38 1
72 39 1
72 52 1
72 63 1
72 67 1
72 68 1
73 6 1
73 21 1
73 24 1
73 25 1
73 26 1
73 28 1
73 31 1
73 32 1
73 35 1
73 42 1
73 46 1
73 62 1
73 71 1
74 2 1
74 10 1
74 16 1
74 19 1
74 32 1
74 37 1
74 40 1
74 49 1
74 65 1
74 70 1
75 1 1
75 2 1
75 6 1
75 18 1
75 19 1
75 21 1
75 24 1
75 35 1
75 42 1
75 48 1
75 51 1
75 55 1
75 62 1
75 71 1
75 73 1
76 4 1
76 5 1
76 22 1
76 43 1
76 44 1
76 53 1
76 63 1
77 8 1
77 9 1
77 17 1
77 34 1
77 47 1
77 54 1
77 66 1
78 2 1
78 10 1
78 19 1
78 25 1
78 32 1
78 37 1
78 45 1
78 49 1
78 62 1
78 65 1
78 70 1
78 74 1
78 75 1
79 0 1
79 3 1
79 4 1
79 5 1
79 7 1
79 22 1
79 34 1
79 43 1
79 44 1
79 50 1
79 61 1
79 63 1
79 72 1
79 76 1
80 4 1
80 44 1
80 53 1
80 64 1
81 27 1
81 44 1
81 53 1
81 64 1
81 80 1
82 4 1
82 5 1
82 43 1
82 44 1
82 53 1
82 64 1
82 76 1
82 79 1
82 80 1
82 81 1
83 3 1
83 4 1
83 5 1
83 22 1
83 43 1
83 44 1
83 53 1
83 76 1
83 79 1
83 82 1
84 8 1
84 9 1
84 17 1
84 34 1
84 47 1
84 54 1
84 77 1
85 6 1
85 18 1
85 21 1
85 24 1
85 35 1
85 42 1
85 48 1
85 56 1
85 62 1
85 71 1
86 10 1
86 15 1
86 25 1
86 26 1
86 29 1
86 32 1
86 37 1
86 40 1
86 49 1
86 60 1
86 65 1
86 70 1
86 74 1
86 78 1
87 12 1
87 13 1
87 14 1
87 58 1
87 59 1
87 69 1
88 1 1
88 6 1
88 7 1
88 23 1
88 24 1
88 30 1
88 33 1
88 38 1
88 48 1
88 52 1
88 55 1
88 56 1
88 66 1
88 71 1
88 85 1
89 7 1
89 8 1
89 9 1
89 17 1
89 34 1
89 47 1
89 54 1
89 63 1
89 66 1
89 77 1
89 84 1
90 12 1
90 13 1
90 14 1
90 23 1
90 27 1
90 28 1
90 30 1
90 38 1
90 46 1
90 57 1
90 58 1
90 59 1
90 69 1
90 87 1
91 12 1
91 13 1
91 14 1
91 28 1
91 38 1
91 46 1
91 58 1
91 59 1
91 69 1
91 87 1
91 90 1
92 15 1
92 26 1
92 28 1
92 29 1
92 32 1
92 46 1
92 59 1
92 70 1
92 73 1
92 86 1
93 3 1
93 4 1
93 22 1
93 43 1
93 44 1
93 76 1
93 79 1
93 82 1
93 83 1
94 3 1
94 4 1
94 43 1
94 44 1
94 53 1
94 64 1
94 80 1
94 81 1
94 82 1
94 83 1
94 93 1
95 18 1
95 19 1
95 21 1
95 31 1
95 35 1
95 36 1
95 42 1
95 62 1
95 85 1
96 19 1
96 25 1
96 35 1
96 36 1
96 42 1
96 45 1
96 62 1
96 65 1
96 78 1
96 95 1
97 2 1
97 19 1
97 25 1
97 32 1
97 35 1
97 36 1
97 45 1
97 62 1
97 65 1
97 74 1
97 75 1
97 78 1
97 96 1
98 12 1
98 13 1
98 23 1
98 24 1
98 27 1
98 30 1
98 38 1
98 46 1
98 57 1
98 69 1
98 88 1
98 90 1
98 91 1
99 11 1
99 12 1
99 27 1
99 38 1
99 39 1
99 57 1
99 67 1
99 68 1
99 72 1
100 1 1
100 2 1
100 16 1
100 19 1
100 33 1
100 51 1
100 55 1
100 62 1
100 74 1
100 75 1
100 78 1
100 97 1
101 0 1
101 1 1
101 6 1
101 7 1
101 8 1
101 23 1
101 30 1
101 34 1
101 52 1
101 55 1
101 63 1
101 66 1
101 68 1
101 72 1
101 88 1
102 3 1
102 5 1
102 7 1
102 11 1
102 22 1
102 34 1
102 43 1
102 53 1
102 63 1
102 67 1
102 68 1
102 72 1
102 76 1
102 79 1
102 83 1
102 101 1
103 1 1
103 8 1
103 33 1
103 47 1
103 48 1
103 55 1
103 66 1
103 100 1
104 0 1
104 1 1
104 7 1
104 8 1
104 9 1
104 17 1
104 22 1
104 34 1
104 47 1
104 51 1
104 52 1
104 55 1
104 61 1
104 63 1
104 66 1
104 72 1
104 77 1
104 79 1
104 89 1
104 101 1
104 103 1
105 1 1
105 6 1
105 8 1
105 18 1
105 23 1
105 33 1
105 48 1
105 52 1
105 55 1
105 56 1
105 66 1
105 71 1
105 85 1
105 88 1
105 101 1
105 103 1
105 104 1
106 10 1
106 15 1
106 25 1
106 26 1
106 28 1
106 29 1
106 31 1
106 32 1
106 37 1
106 65 1
106 70 1
106 73 1
106 78 1
106 86 1
106 92 1
107 24 1
107 25 1
107 26 1
107 28 1
107 29 1
107 31 1
107 32 1
107 42 1
107 46 1
107 59 1
107 71 1
107 73 1
107 91 1
107 92 1
107 106 1
108 0 1
108 3 1
108 15 1
108 16 1
108 20 1
108 29 1
108 40 1
108 41 1
108 50 1
108 60 1
108 61 1
108 70 1
108 92 1
109 0 1
109 1 1
109 2 1
109 6 1
109 10 1
109 16 1
109 24 1
109 49 1
109 51 1
109 52 1
109 55 1
109 61 1
109 62 1
109 70 1
109 73 1
109 74 1
109 75 1
109 78 1
109 97 1
109 100 1
109 106 1
109 107 1
110 18 1
110 19 1
110 21 1
110 24 1
110 25 1
110 26 1
110 31 1
110 32 1
110 35 1
110 36 1
110 42 1
110 45 1
110 62 1
110 65 1
110 71 1
110 73 1
110 75 1
110 78 1
110 95 1
110 96 1
110 97 1
110 106 1
111 7 1
111 11 1
111 23 1
111 30 1
111 38 1
111 39 1
111 52 1
111 57 1
111 63 1
111 67 1
111 68 1
111 72 1
111 88 1
111 98 1
111 99 1
111 101 1
111 102 1
112 1 1
112 6 1
112 21 1
112 23 1
112 24 1
112 28 1
112 30 1
112 38 1
112 46 1
112 52 1
112 71 1
112 73 1
112 75 1
112 88 1
112 91 1
112 98 1
112 107 1
112 109 1
112 111 1
113 11 1
113 12 1
113 23 1
113 27 1
113 30 1
113 38 1
113 39 1
113 57 1
113 67 1
113 68 1
113 72 1
113 90 1
113 98 1
113 99 1
113 101 1
113 102 1
113 111 1
114 0 1
114 1 1
114 2 1
114 3 1
114 7 1
114 16 1
114 20 1
114 29 1
114 30 1
114 40 1
114 50 1
114 51 1
114 52 1
114 55 1
114 61 1
114 70 1
114 100 1
114 104 1
114 108 1
114 109 1
114 112 1
115 12 1
115 23 1
115 24 1
115 28 1
115 30 1
115 38 1
115 46 1
115 59 1
115 69 1
115 71 1
115 73 1
115 88 1
115 90 1
115 91 1
115 92 1
115 98 1
115 107 1
115 112 1
116 0 1
116 3 1
116 7 1
116 16 1
116 17 1
116 22 1
116 34 1
116 43 1
116 50 1
116 51 1
116 61 1
116 63 1
116 72 1
116 79 1
116 93 1
116 102 1
116 104 1
116 108 1
116 114 1
117 3 1
117 4 1
117 5 1
117 22 1
117 43 1
117 44 1
117 50 1
117 53 1
117 61 1
117 63 1
117 72 1
117 76 1
117 79 1
117 80 1
117 82 1
117 83 1
117 93 1
117 94 1
117 102 1
117 116 1
