# minsup
1
# graph
G_portein_file\FKBP\4DRJ.pdb
# node ID, label
0 A
1 A
2 A
3 A
4 A
5 C
6 D
7 D
8 D
9 D
10 E
11 E
12 E
13 E
14 E
15 E
16 E
17 E
18 E
19 E
20 E
21 F
22 F
23 F
24 F
25 F
26 G
27 G
28 G
29 G
30 G
31 G
32 H
33 H
34 H
35 I
36 K
37 K
38 K
39 K
40 K
41 K
42 L
43 L
44 L
45 L
46 L
47 L
48 L
49 L
50 M
51 M
52 M
53 M
54 M
55 M
56 M
57 N
58 N
59 N
60 P
61 P
62 P
63 P
64 Q
65 Q
66 Q
67 Q
68 R
69 R
70 R
71 R
72 R
73 R
74 R
75 S
76 S
77 S
78 S
79 T
80 T
81 T
82 V
83 V
84 V
85 V
86 W
87 W
88 W
89 X
90 X
91 X
92 X
93 X
94 X
95 Y
96 Y
97 Y
98 Y
99 Y
# node ID1, node ID2, number of bounds
1 0 1
3 1 1
4 1 1
4 3 1
5 1 1
5 3 1
5 4 1
6 2 1
7 1 1
7 2 1
7 3 1
7 4 1
8 3 1
8 4 1
8 5 1
9 1 1
9 3 1
9 4 1
9 5 1
9 7 1
9 8 1
10 6 1
11 6 1
11 10 1
12 0 1
12 10 1
12 11 1
13 0 1
13 1 1
13 10 1
13 11 1
13 12 1
14 0 1
14 12 1
14 13 1
15 0 1
15 14 1
16 0 1
16 1 1
16 13 1
16 14 1
16 15 1
17 0 1
17 1 1
17 3 1
17 4 1
17 5 1
17 8 1
17 9 1
17 13 1
17 14 1
17 16 1
18 1 1
18 3 1
18 4 1
18 5 1
18 7 1
18 9 1
18 17 1
19 2 1
19 6 1
19 10 1
20 1 1
20 3 1
20 4 1
20 5 1
20 7 1
20 8 1
20 9 1
20 18 1
21 6 1
21 10 1
21 11 1
21 12 1
21 13 1
21 19 1
22 0 1
22 1 1
22 13 1
22 14 1
22 15 1
22 16 1
22 17 1
23 0 1
23 1 1
23 4 1
23 5 1
23 14 1
23 15 1
23 16 1
23 17 1
23 22 1
24 2 1
24 6 1
24 7 1
24 10 1
24 19 1
24 21 1
25 1 1
25 2 1
25 6 1
25 7 1
25 9 1
25 10 1
25 11 1
25 12 1
25 13 1
25 18 1
25 19 1
25 21 1
25 24 1
26 0 1
26 1 1
26 10 1
26 11 1
26 12 1
26 13 1
26 14 1
26 16 1
26 17 1
26 21 1
26 22 1
26 25 1
27 0 1
27 13 1
27 14 1
27 15 1
27 16 1
27 17 1
27 22 1
27 23 1
27 26 1
28 0 1
28 14 1
28 15 1
28 16 1
28 17 1
28 22 1
28 23 1
28 27 1
29 1 1
29 2 1
29 3 1
29 4 1
29 7 1
29 9 1
29 18 1
29 19 1
29 20 1
29 21 1
29 24 1
29 25 1
30 1 1
30 2 1
30 3 1
30 7 1
30 9 1
30 18 1
30 19 1
30 20 1
30 24 1
30 25 1
30 29 1
31 5 1
31 8 1
32 6 1
32 10 1
32 11 1
32 12 1
32 13 1
32 14 1
32 21 1
32 25 1
32 26 1
33 0 1
33 1 1
33 3 1
33 4 1
33 5 1
33 7 1
33 9 1
33 13 1
33 17 1
33 18 1
33 20 1
33 23 1
33 25 1
33 26 1
33 29 1
33 30 1
34 1 1
34 2 1
34 3 1
34 4 1
34 7 1
34 9 1
34 18 1
34 19 1
34 20 1
34 21 1
34 24 1
34 25 1
34 29 1
34 30 1
34 32 1
34 33 1
35 2 1
35 6 1
35 10 1
35 11 1
35 19 1
35 21 1
35 24 1
35 25 1
35 29 1
35 32 1
35 34 1
36 0 1
36 15 1
36 16 1
36 17 1
36 22 1
36 23 1
36 27 1
36 28 1
37 2 1
37 6 1
37 10 1
37 19 1
37 21 1
37 24 1
37 35 1
38 3 1
38 4 1
38 5 1
38 8 1
38 31 1
39 5 1
39 8 1
39 31 1
39 38 1
40 3 1
40 4 1
40 5 1
40 8 1
40 20 1
40 31 1
40 38 1
40 39 1
41 2 1
41 6 1
41 10 1
41 11 1
41 19 1
41 21 1
41 24 1
41 25 1
41 32 1
41 35 1
41 37 1
42 0 1
42 1 1
42 9 1
42 10 1
42 11 1
42 12 1
42 13 1
42 14 1
42 16 1
42 17 1
42 21 1
42 22 1
42 23 1
42 25 1
42 26 1
42 27 1
42 32 1
42 33 1
42 34 1
43 0 1
43 13 1
43 14 1
43 15 1
43 16 1
43 17 1
43 22 1
43 23 1
43 26 1
43 27 1
43 28 1
43 36 1
43 42 1
44 0 1
44 1 1
44 3 1
44 4 1
44 5 1
44 9 1
44 12 1
44 13 1
44 14 1
44 16 1
44 17 1
44 18 1
44 22 1
44 23 1
44 25 1
44 26 1
44 27 1
44 28 1
44 33 1
44 36 1
44 42 1
44 43 1
45 0 1
45 1 1
45 3 1
45 4 1
45 9 1
45 12 1
45 13 1
45 14 1
45 16 1
45 17 1
45 18 1
45 21 1
45 22 1
45 23 1
45 25 1
45 26 1
45 29 1
45 32 1
45 33 1
45 34 1
45 42 1
45 44 1
46 2 1
46 6 1
46 19 1
46 24 1
46 35 1
46 37 1
46 41 1
47 1 1
47 2 1
47 3 1
47 4 1
47 7 1
47 9 1
47 17 1
47 18 1
47 20 1
47 24 1
47 25 1
47 29 1
47 30 1
47 33 1
47 34 1
47 44 1
47 45 1
48 1 1
48 3 1
48 4 1
48 5 1
48 8 1
48 9 1
48 16 1
48 17 1
48 18 1
48 20 1
48 23 1
48 31 1
48 33 1
48 38 1
48 39 1
48 40 1
48 44 1
49 1 1
49 3 1
49 4 1
49 5 1
49 7 1
49 9 1
49 17 1
49 18 1
49 20 1
49 25 1
49 29 1
49 30 1
49 33 1
49 34 1
49 44 1
49 45 1
49 47 1
49 48 1
50 2 1
50 6 1
50 10 1
50 19 1
50 21 1
50 24 1
50 25 1
50 35 1
50 37 1
50 41 1
50 46 1
51 6 1
51 10 1
51 11 1
51 12 1
51 13 1
51 19 1
51 21 1
51 24 1
51 25 1
51 26 1
51 32 1
51 34 1
51 35 1
51 37 1
51 41 1
51 42 1
51 50 1
52 0 1
52 6 1
52 10 1
52 11 1
52 12 1
52 13 1
52 14 1
52 21 1
52 25 1
52 26 1
52 32 1
52 35 1
52 42 1
52 45 1
52 51 1
53 0 1
53 1 1
53 5 1
53 13 1
53 14 1
53 15 1
53 16 1
53 17 1
53 22 1
53 23 1
53 26 1
53 27 1
53 28 1
53 33 1
53 36 1
53 42 1
53 43 1
53 44 1
53 45 1
53 48 1
54 0 1
54 1 1
54 3 1
54 4 1
54 7 1
54 9 1
54 12 1
54 13 1
54 17 1
54 18 1
54 21 1
54 25 1
54 26 1
54 29 1
54 30 1
54 32 1
54 33 1
54 34 1
54 35 1
54 42 1
54 44 1
54 45 1
54 47 1
54 49 1
54 51 1
54 52 1
55 1 1
55 3 1
55 4 1
55 5 1
55 7 1
55 8 1
55 9 1
55 18 1
55 20 1
55 29 1
55 30 1
55 33 1
55 34 1
55 47 1
55 48 1
55 49 1
55 54 1
56 5 1
56 8 1
56 31 1
56 38 1
56 39 1
56 40 1
56 48 1
57 0 1
57 15 1
57 16 1
57 17 1
57 22 1
57 23 1
57 27 1
57 28 1
57 36 1
57 43 1
57 53 1
58 2 1
58 6 1
58 7 1
58 9 1
58 18 1
58 19 1
58 21 1
58 24 1
58 25 1
58 29 1
58 30 1
58 34 1
58 35 1
58 37 1
58 41 1
58 46 1
58 47 1
58 49 1
58 50 1
58 54 1
58 55 1
59 5 1
59 8 1
59 31 1
59 38 1
59 39 1
59 40 1
59 48 1
59 56 1
61 6 1
61 10 1
61 11 1
61 19 1
61 21 1
61 24 1
61 25 1
61 32 1
61 35 1
61 37 1
61 41 1
61 50 1
61 51 1
61 52 1
62 0 1
62 1 1
62 3 1
62 4 1
62 5 1
62 9 1
62 12 1
62 13 1
62 14 1
62 16 1
62 17 1
62 18 1
62 22 1
62 23 1
62 25 1
62 26 1
62 27 1
62 28 1
62 32 1
62 33 1
62 42 1
62 43 1
62 44 1
62 45 1
62 47 1
62 48 1
62 49 1
62 52 1
62 53 1
62 54 1
63 2 1
63 6 1
63 7 1
63 9 1
63 18 1
63 19 1
63 21 1
63 24 1
63 25 1
63 29 1
63 30 1
63 34 1
63 35 1
63 37 1
63 41 1
63 46 1
63 47 1
63 49 1
63 50 1
63 51 1
63 54 1
63 55 1
63 58 1
64 2 1
64 7 1
64 19 1
64 24 1
64 29 1
64 30 1
64 34 1
64 37 1
64 46 1
64 50 1
64 58 1
64 63 1
65 1 1
65 3 1
65 4 1
65 5 1
65 7 1
65 8 1
65 9 1
65 17 1
65 18 1
65 20 1
65 23 1
65 33 1
65 38 1
65 40 1
65 44 1
65 45 1
65 47 1
65 48 1
65 49 1
65 54 1
65 55 1
65 62 1
66 1 1
66 3 1
66 4 1
66 5 1
66 7 1
66 8 1
66 9 1
66 17 1
66 18 1
66 20 1
66 33 1
66 38 1
66 40 1
66 47 1
66 48 1
66 49 1
66 54 1
66 55 1
66 65 1
67 6 1
67 10 1
67 11 1
67 19 1
67 21 1
67 24 1
67 35 1
67 37 1
67 41 1
67 46 1
67 50 1
67 51 1
67 61 1
68 0 1
68 12 1
68 13 1
68 14 1
68 15 1
68 16 1
68 17 1
68 22 1
68 23 1
68 26 1
68 27 1
68 28 1
68 36 1
68 42 1
68 43 1
68 44 1
68 45 1
68 53 1
68 57 1
68 62 1
69 0 1
69 15 1
69 16 1
69 17 1
69 22 1
69 23 1
69 27 1
69 28 1
69 36 1
69 43 1
69 53 1
69 57 1
69 68 1
70 1 1
70 2 1
70 3 1
70 4 1
70 7 1
70 9 1
70 17 1
70 18 1
70 20 1
70 21 1
70 24 1
70 25 1
70 29 1
70 30 1
70 33 1
70 34 1
70 42 1
70 44 1
70 45 1
70 47 1
70 49 1
70 54 1
70 55 1
70 58 1
70 62 1
70 63 1
70 65 1
70 66 1
71 2 1
71 3 1
71 4 1
71 7 1
71 9 1
71 18 1
71 20 1
71 29 1
71 30 1
71 34 1
71 47 1
71 49 1
71 55 1
71 58 1
71 63 1
71 64 1
71 66 1
71 70 1
72 3 1
72 4 1
72 5 1
72 8 1
72 17 1
72 20 1
72 23 1
72 31 1
72 38 1
72 39 1
72 40 1
72 48 1
72 56 1
72 59 1
72 65 1
72 66 1
73 2 1
73 6 1
73 10 1
73 11 1
73 12 1
73 18 1
73 19 1
73 21 1
73 24 1
73 25 1
73 26 1
73 29 1
73 30 1
73 32 1
73 33 1
73 34 1
73 35 1
73 37 1
73 41 1
73 42 1
73 45 1
73 46 1
73 47 1
73 49 1
73 50 1
73 51 1
73 52 1
73 54 1
73 58 1
73 61 1
73 63 1
73 64 1
73 67 1
73 70 1
74 2 1
74 6 1
74 10 1
74 11 1
74 19 1
74 21 1
74 24 1
74 25 1
74 29 1
74 30 1
74 32 1
74 34 1
74 35 1
74 37 1
74 41 1
74 46 1
74 50 1
74 51 1
74 52 1
74 54 1
74 58 1
74 61 1
74 63 1
74 64 1
74 67 1
74 70 1
74 73 1
75 0 1
75 1 1
75 12 1
75 13 1
75 14 1
75 15 1
75 16 1
75 17 1
75 22 1
75 23 1
75 26 1
75 27 1
75 28 1
75 32 1
75 33 1
75 36 1
75 42 1
75 43 1
75 44 1
75 45 1
75 52 1
75 53 1
75 54 1
75 57 1
75 62 1
75 68 1
75 69 1
76 2 1
76 6 1
76 19 1
76 24 1
76 29 1
76 30 1
76 34 1
76 35 1
76 37 1
76 41 1
76 46 1
76 50 1
76 58 1
76 63 1
76 64 1
76 67 1
76 73 1
76 74 1
77 5 1
77 8 1
77 31 1
77 38 1
77 39 1
77 40 1
77 48 1
77 56 1
77 59 1
77 72 1
78 6 1
78 10 1
78 11 1
78 12 1
78 19 1
78 21 1
78 24 1
78 25 1
78 32 1
78 34 1
78 35 1
78 37 1
78 41 1
78 46 1
78 50 1
78 51 1
78 52 1
78 61 1
78 63 1
78 67 1
78 73 1
78 74 1
78 76 1
79 2 1
79 6 1
79 10 1
79 19 1
79 21 1
79 24 1
79 25 1
79 29 1
79 30 1
79 34 1
79 35 1
79 37 1
79 41 1
79 46 1
79 50 1
79 51 1
79 58 1
79 61 1
79 63 1
79 64 1
79 67 1
79 73 1
79 74 1
79 76 1
79 78 1
80 2 1
80 6 1
80 7 1
80 19 1
80 24 1
80 25 1
80 29 1
80 30 1
80 34 1
80 35 1
80 37 1
80 41 1
80 46 1
80 50 1
80 58 1
80 63 1
80 64 1
80 67 1
80 71 1
80 73 1
80 74 1
80 76 1
80 78 1
80 79 1
81 1 1
81 3 1
81 4 1
81 5 1
81 8 1
81 9 1
81 17 1
81 18 1
81 20 1
81 23 1
81 33 1
81 38 1
81 40 1
81 44 1
81 45 1
81 47 1
81 48 1
81 49 1
81 53 1
81 54 1
81 55 1
81 56 1
81 59 1
81 62 1
81 65 1
81 66 1
81 70 1
81 72 1
82 0 1
82 5 1
82 15 1
82 16 1
82 17 1
82 22 1
82 23 1
82 27 1
82 28 1
82 36 1
82 43 1
82 44 1
82 48 1
82 53 1
82 56 1
82 57 1
82 62 1
82 68 1
82 69 1
82 75 1
83 0 1
83 1 1
83 12 1
83 13 1
83 14 1
83 15 1
83 16 1
83 17 1
83 22 1
83 23 1
83 26 1
83 27 1
83 28 1
83 33 1
83 36 1
83 42 1
83 43 1
83 44 1
83 45 1
83 53 1
83 54 1
83 57 1
83 62 1
83 68 1
83 69 1
83 75 1
83 82 1
84 4 1
84 5 1
84 8 1
84 17 1
84 23 1
84 31 1
84 36 1
84 38 1
84 39 1
84 40 1
84 48 1
84 56 1
84 59 1
84 65 1
84 66 1
84 72 1
84 77 1
84 81 1
84 82 1
85 1 1
85 2 1
85 3 1
85 6 1
85 7 1
85 9 1
85 10 1
85 18 1
85 19 1
85 21 1
85 24 1
85 25 1
85 29 1
85 30 1
85 32 1
85 33 1
85 34 1
85 35 1
85 37 1
85 41 1
85 42 1
85 45 1
85 47 1
85 49 1
85 50 1
85 51 1
85 52 1
85 54 1
85 55 1
85 58 1
85 63 1
85 64 1
85 70 1
85 71 1
85 73 1
85 74 1
85 76 1
85 78 1
85 79 1
85 80 1
86 0 1
86 1 1
86 6 1
86 10 1
86 11 1
86 12 1
86 13 1
86 14 1
86 19 1
86 21 1
86 24 1
86 25 1
86 26 1
86 29 1
86 32 1
86 33 1
86 34 1
86 35 1
86 42 1
86 44 1
86 45 1
86 51 1
86 52 1
86 54 1
86 61 1
86 62 1
86 70 1
86 73 1
86 74 1
86 75 1
86 78 1
86 83 1
86 85 1
87 1 1
87 3 1
87 4 1
87 5 1
87 8 1
87 9 1
87 17 1
87 18 1
87 20 1
87 33 1
87 38 1
87 39 1
87 40 1
87 47 1
87 48 1
87 49 1
87 55 1
87 56 1
87 59 1
87 65 1
87 66 1
87 72 1
87 77 1
87 81 1
87 84 1
88 0 1
88 1 1
88 3 1
88 4 1
88 5 1
88 7 1
88 8 1
88 9 1
88 16 1
88 17 1
88 18 1
88 20 1
88 22 1
88 23 1
88 25 1
88 26 1
88 29 1
88 30 1
88 33 1
88 34 1
88 40 1
88 42 1
88 44 1
88 45 1
88 47 1
88 48 1
88 49 1
88 53 1
88 54 1
88 55 1
88 62 1
88 65 1
88 66 1
88 70 1
88 72 1
88 75 1
88 81 1
88 83 1
88 85 1
88 86 1
88 87 1
89 1 1
89 2 1
89 3 1
89 4 1
89 7 1
89 9 1
89 17 1
89 18 1
89 19 1
89 20 1
89 21 1
89 24 1
89 25 1
89 29 1
89 30 1
89 32 1
89 33 1
89 34 1
89 35 1
89 42 1
89 44 1
89 45 1
89 47 1
89 49 1
89 54 1
89 55 1
89 58 1
89 62 1
89 63 1
89 64 1
89 65 1
89 66 1
89 70 1
89 71 1
89 73 1
89 74 1
89 80 1
89 81 1
89 85 1
89 86 1
89 88 1
90 1 1
90 2 1
90 3 1
90 4 1
90 7 1
90 9 1
90 17 1
90 18 1
90 19 1
90 20 1
90 21 1
90 24 1
90 25 1
90 29 1
90 30 1
90 32 1
90 33 1
90 34 1
90 35 1
90 42 1
90 44 1
90 45 1
90 47 1
90 49 1
90 54 1
90 55 1
90 58 1
90 62 1
90 63 1
90 64 1
90 65 1
90 66 1
90 70 1
90 71 1
90 73 1
90 74 1
90 80 1
90 85 1
90 86 1
90 88 1
90 89 1
91 2 1
91 6 1
91 7 1
91 19 1
91 21 1
91 24 1
91 25 1
91 29 1
91 30 1
91 34 1
91 35 1
91 37 1
91 41 1
91 46 1
91 47 1
91 50 1
91 51 1
91 54 1
91 58 1
91 61 1
91 63 1
91 64 1
91 67 1
91 70 1
91 71 1
91 73 1
91 74 1
91 76 1
91 78 1
91 79 1
91 80 1
91 85 1
91 89 1
91 90 1
92 2 1
92 6 1
92 7 1
92 19 1
92 21 1
92 24 1
92 25 1
92 29 1
92 30 1
92 34 1
92 35 1
92 37 1
92 41 1
92 46 1
92 47 1
92 50 1
92 51 1
92 58 1
92 61 1
92 63 1
92 64 1
92 67 1
92 70 1
92 71 1
92 73 1
92 74 1
92 76 1
92 78 1
92 79 1
92 80 1
92 85 1
92 89 1
92 90 1
92 91 1
93 1 1
93 3 1
93 4 1
93 5 1
93 7 1
93 8 1
93 9 1
93 18 1
93 20 1
93 33 1
93 38 1
93 40 1
93 47 1
93 48 1
93 49 1
93 55 1
93 56 1
93 59 1
93 65 1
93 66 1
93 70 1
93 72 1
93 81 1
93 84 1
93 87 1
93 88 1
94 1 1
94 3 1
94 4 1
94 5 1
94 7 1
94 8 1
94 9 1
94 18 1
94 20 1
94 33 1
94 38 1
94 40 1
94 47 1
94 48 1
94 49 1
94 55 1
94 56 1
94 59 1
94 65 1
94 66 1
94 70 1
94 72 1
94 81 1
94 84 1
94 87 1
94 88 1
94 93 1
95 0 1
95 1 1
95 13 1
95 14 1
95 15 1
95 16 1
95 17 1
95 22 1
95 23 1
95 26 1
95 27 1
95 28 1
95 36 1
95 42 1
95 43 1
95 44 1
95 45 1
95 48 1
95 53 1
95 57 1
95 62 1
95 68 1
95 69 1
95 75 1
95 82 1
95 83 1
96 2 1
96 7 1
96 9 1
96 18 1
96 19 1
96 21 1
96 24 1
96 25 1
96 29 1
96 30 1
96 33 1
96 34 1
96 35 1
96 37 1
96 46 1
96 47 1
96 49 1
96 50 1
96 54 1
96 55 1
96 58 1
96 63 1
96 64 1
96 70 1
96 71 1
96 73 1
96 74 1
96 76 1
96 79 1
96 80 1
96 85 1
96 89 1
96 90 1
96 91 1
96 92 1
97 4 1
97 5 1
97 8 1
97 23 1
97 31 1
97 38 1
97 39 1
97 40 1
97 48 1
97 56 1
97 59 1
97 65 1
97 66 1
97 72 1
97 77 1
97 81 1
97 84 1
97 87 1
97 93 1
97 94 1
98 0 1
98 1 1
98 3 1
98 4 1
98 7 1
98 9 1
98 13 1
98 17 1
98 18 1
98 20 1
98 21 1
98 25 1
98 26 1
98 29 1
98 30 1
98 32 1
98 33 1
98 34 1
98 42 1
98 44 1
98 45 1
98 47 1
98 48 1
98 49 1
98 52 1
98 54 1
98 55 1
98 58 1
98 62 1
98 63 1
98 65 1
98 66 1
98 70 1
98 71 1
98 73 1
98 74 1
98 75 1
98 81 1
98 85 1
98 86 1
98 88 1
98 89 1
98 90 1
98 96 1
99 0 1
99 1 1
99 3 1
99 4 1
99 7 1
99 9 1
99 12 1
99 13 1
99 17 1
99 18 1
99 19 1
99 20 1
99 21 1
99 24 1
99 25 1
99 26 1
99 29 1
99 30 1
99 32 1
99 33 1
99 34 1
99 35 1
99 42 1
99 44 1
99 45 1
99 47 1
99 49 1
99 51 1
99 52 1
99 54 1
99 55 1
99 58 1
99 62 1
99 63 1
99 65 1
99 70 1
99 71 1
99 73 1
99 74 1
99 75 1
99 78 1
99 85 1
99 86 1
99 88 1
99 89 1
99 90 1
99 91 1
99 92 1
99 96 1
99 98 1
