# minsup
1
# graph
G_portein_file\FKBP\4LAV.pdb
# node ID, label
0 A
1 A
2 A
3 A
4 A
5 A
6 A
7 A
8 A
9 A
10 A
11 A
12 A
13 A
14 A
15 A
16 A
17 A
18 A
19 A
20 A
21 A
22 A
23 A
24 A
25 A
26 A
27 A
28 C
29 C
30 D
31 D
32 D
33 D
34 D
35 D
36 D
37 D
38 D
39 D
40 D
41 D
42 D
43 D
44 D
45 D
46 D
47 D
48 D
49 D
50 D
51 D
52 D
53 D
54 D
55 D
56 D
57 E
58 E
59 E
60 E
61 E
62 E
63 E
64 E
65 E
66 E
67 E
68 E
69 E
70 E
71 E
72 E
73 E
74 E
75 E
76 E
77 E
78 E
79 E
80 E
81 E
82 E
83 E
84 E
85 E
86 E
87 E
88 E
89 E
90 E
91 E
92 E
93 E
94 E
95 E
96 E
97 E
98 E
99 E
100 E
101 E
102 E
103 E
104 E
105 E
106 E
107 E
108 E
109 E
110 E
111 E
112 E
113 E
114 F
115 F
116 F
117 F
118 F
119 F
120 F
121 F
122 F
123 F
124 F
125 F
126 F
127 F
128 F
129 F
130 F
131 F
132 F
133 F
134 F
135 F
136 F
137 F
138 G
139 G
140 G
141 G
142 G
143 G
144 G
145 G
146 G
147 G
148 G
149 G
150 G
151 G
152 G
153 G
154 G
155 G
156 G
157 G
158 G
159 G
160 G
161 G
162 G
163 G
164 G
165 G
166 G
167 G
168 G
169 G
170 G
171 G
172 G
173 G
174 G
175 G
176 G
177 G
178 G
179 G
180 G
181 G
182 G
183 G
184 G
185 G
186 G
187 G
188 H
189 H
190 H
191 H
192 H
193 H
194 H
195 I
196 I
197 I
198 I
199 I
200 I
201 I
202 I
203 I
204 I
205 I
206 I
207 I
208 I
209 I
210 I
211 I
212 I
213 I
214 I
215 I
216 I
217 I
218 I
219 I
220 I
221 I
222 I
223 I
224 I
225 I
226 I
227 K
228 K
229 K
230 K
231 K
232 K
233 K
234 K
235 K
236 K
237 K
238 K
239 K
240 K
241 K
242 K
243 K
244 K
245 K
246 K
247 K
248 K
249 K
250 K
251 K
252 K
253 K
254 K
255 K
256 K
257 K
258 K
259 K
260 K
261 K
262 K
263 K
264 K
265 K
266 K
267 K
268 K
269 L
270 L
271 L
272 L
273 L
274 L
275 L
276 L
277 L
278 L
279 L
280 L
281 L
282 L
283 L
284 L
285 L
286 L
287 L
288 L
289 L
290 L
291 L
292 L
293 L
294 L
295 L
296 L
297 L
298 L
299 L
300 L
301 L
302 L
303 L
304 L
305 L
306 L
307 M
308 M
309 M
310 M
311 M
312 M
313 M
314 M
315 M
316 M
317 N
318 N
319 N
320 N
321 N
322 N
323 N
324 P
325 P
326 P
327 P
328 P
329 P
330 P
331 P
332 P
333 P
334 P
335 P
336 P
337 P
338 P
339 P
340 P
341 P
342 P
343 P
344 P
345 P
346 P
347 P
348 P
349 P
350 P
351 Q
352 Q
353 Q
354 Q
355 Q
356 Q
357 Q
358 Q
359 Q
360 Q
361 R
362 R
363 R
364 R
365 R
366 R
367 R
368 R
369 R
370 R
371 R
372 R
373 R
374 R
375 R
376 R
377 R
378 R
379 R
380 S
381 S
382 S
383 S
384 S
385 S
386 S
387 S
388 S
389 S
390 S
391 S
392 S
393 S
394 S
395 S
396 S
397 S
398 S
399 S
400 T
401 T
402 T
403 T
404 T
405 T
406 T
407 T
408 T
409 T
410 T
411 T
412 T
413 T
414 T
415 T
416 T
417 T
418 V
419 V
420 V
421 V
422 V
423 V
424 V
425 V
426 V
427 V
428 V
429 V
430 V
431 V
432 V
433 V
434 V
435 V
436 V
437 V
438 V
439 V
440 V
441 V
442 V
443 V
444 W
445 W
446 W
447 W
448 X
449 X
450 X
451 X
452 X
453 X
454 X
455 X
456 X
457 X
458 X
459 X
460 X
461 X
462 X
463 X
464 Y
465 Y
466 Y
467 Y
468 Y
469 Y
470 Y
471 Y
472 Y
473 Y
474 Y
475 Y
476 Y
477 Y
478 Y
479 Y
480 Y
481 Y
482 Y
483 Y
# node ID1, node ID2, number of bounds
2 1 1
3 1 1
3 2 1
4 1 1
5 4 1
6 4 1
6 5 1
12 11 1
13 8 1
16 15 1
17 16 1
18 15 1
19 18 1
20 18 1
20 19 1
26 25 1
27 22 1
28 2 1
29 16 1
31 30 1
32 3 1
36 35 1
37 32 1
38 1 1
38 2 1
38 3 1
38 37 1
39 10 1
39 32 1
40 39 1
43 42 1
45 44 1
46 17 1
50 46 1
51 15 1
51 16 1
51 17 1
51 50 1
52 24 1
52 46 1
53 52 1
56 55 1
57 30 1
58 30 1
58 31 1
59 28 1
60 3 1
61 37 1
61 38 1
62 28 1
62 59 1
63 1 1
63 4 1
63 6 1
64 14 1
64 28 1
65 28 1
65 62 1
65 64 1
66 32 1
66 62 1
66 65 1
67 32 1
67 37 1
67 39 1
68 39 1
68 40 1
69 39 1
69 40 1
69 68 1
70 39 1
70 40 1
70 67 1
70 68 1
70 69 1
71 7 1
72 8 1
72 13 1
73 8 1
73 9 1
74 9 1
74 42 1
75 9 1
75 73 1
75 74 1
76 8 1
76 13 1
76 72 1
76 73 1
77 43 1
77 72 1
77 76 1
78 43 1
78 77 1
79 10 1
79 72 1
79 76 1
79 77 1
79 78 1
80 7 1
80 71 1
81 71 1
81 80 1
83 11 1
83 12 1
84 9 1
84 74 1
85 7 1
85 8 1
85 13 1
85 73 1
85 76 1
86 44 1
86 58 1
87 44 1
87 45 1
87 57 1
88 29 1
89 50 1
89 51 1
90 29 1
90 88 1
91 15 1
91 18 1
91 20 1
92 0 1
92 29 1
93 29 1
93 90 1
93 92 1
94 46 1
94 90 1
94 93 1
95 46 1
95 50 1
95 52 1
96 52 1
96 53 1
97 52 1
97 53 1
97 96 1
98 52 1
98 53 1
98 95 1
98 96 1
98 97 1
99 21 1
100 22 1
100 27 1
101 22 1
101 23 1
102 23 1
102 55 1
103 23 1
103 101 1
103 102 1
104 22 1
104 27 1
104 100 1
104 101 1
105 56 1
105 100 1
105 104 1
106 56 1
106 105 1
107 24 1
107 100 1
107 104 1
107 105 1
107 106 1
108 21 1
108 99 1
109 99 1
109 108 1
111 25 1
111 26 1
112 23 1
112 102 1
113 21 1
113 22 1
113 27 1
113 101 1
113 104 1
114 32 1
114 36 1
114 37 1
114 65 1
114 66 1
115 34 1
116 36 1
116 114 1
117 32 1
117 37 1
117 61 1
117 114 1
117 116 1
118 1 1
118 14 1
118 28 1
118 34 1
118 64 1
118 65 1
119 62 1
119 65 1
119 66 1
119 114 1
120 32 1
120 37 1
120 60 1
120 66 1
120 114 1
120 117 1
120 119 1
121 41 1
121 42 1
121 74 1
122 8 1
122 73 1
122 75 1
122 76 1
122 77 1
123 11 1
123 12 1
123 43 1
123 82 1
123 83 1
124 42 1
124 43 1
124 82 1
124 121 1
125 7 1
125 8 1
125 13 1
125 73 1
125 76 1
125 80 1
125 85 1
125 122 1
126 46 1
126 49 1
126 50 1
126 93 1
126 94 1
127 48 1
128 49 1
128 126 1
129 46 1
129 50 1
129 51 1
129 89 1
129 126 1
129 128 1
130 0 1
130 15 1
130 29 1
130 48 1
130 92 1
130 93 1
131 90 1
131 93 1
131 94 1
131 126 1
131 128 1
132 46 1
132 50 1
132 94 1
132 95 1
132 126 1
132 129 1
132 131 1
133 54 1
133 55 1
133 102 1
134 22 1
134 101 1
134 103 1
134 104 1
134 105 1
135 25 1
135 26 1
135 56 1
135 111 1
136 55 1
136 56 1
136 110 1
136 133 1
137 21 1
137 22 1
137 27 1
137 101 1
137 104 1
137 108 1
137 113 1
137 134 1
138 30 1
138 57 1
138 87 1
139 1 1
139 4 1
139 30 1
139 31 1
139 58 1
139 63 1
139 86 1
140 28 1
140 59 1
140 60 1
140 62 1
140 65 1
140 119 1
141 59 1
141 60 1
141 140 1
142 32 1
142 37 1
142 39 1
142 67 1
142 117 1
142 120 1
143 14 1
143 34 1
143 64 1
143 115 1
143 118 1
144 14 1
144 33 1
144 115 1
144 143 1
145 3 1
145 32 1
145 37 1
145 38 1
145 61 1
145 117 1
145 142 1
146 1 1
146 37 1
146 38 1
146 61 1
146 117 1
146 145 1
147 28 1
147 59 1
147 62 1
147 65 1
147 66 1
147 119 1
147 140 1
147 141 1
148 4 1
148 5 1
148 6 1
148 63 1
149 4 1
149 5 1
149 6 1
149 148 1
150 32 1
150 37 1
150 39 1
150 67 1
150 120 1
150 142 1
151 39 1
151 40 1
151 67 1
151 68 1
151 69 1
151 70 1
152 11 1
152 39 1
152 40 1
152 68 1
152 69 1
152 70 1
152 83 1
152 151 1
153 7 1
153 71 1
153 80 1
153 81 1
154 7 1
154 71 1
154 80 1
154 153 1
155 8 1
155 13 1
155 72 1
155 76 1
155 77 1
155 85 1
155 122 1
156 41 1
156 42 1
156 74 1
156 84 1
156 121 1
156 124 1
157 8 1
157 72 1
157 76 1
157 77 1
157 78 1
157 79 1
157 122 1
157 155 1
158 43 1
158 76 1
158 77 1
158 78 1
158 79 1
158 122 1
158 157 1
159 10 1
159 11 1
159 79 1
159 123 1
159 152 1
160 71 1
160 80 1
160 81 1
160 125 1
160 153 1
160 154 1
161 11 1
161 12 1
161 83 1
161 123 1
162 11 1
162 12 1
162 82 1
162 123 1
162 124 1
162 161 1
163 44 1
163 58 1
163 86 1
164 15 1
164 18 1
164 44 1
164 45 1
164 57 1
164 87 1
164 91 1
165 29 1
165 88 1
165 90 1
165 93 1
165 131 1
166 88 1
166 165 1
167 46 1
167 50 1
167 52 1
167 95 1
167 129 1
168 0 1
168 48 1
168 92 1
168 127 1
168 130 1
169 0 1
169 47 1
169 127 1
169 168 1
170 17 1
170 46 1
170 50 1
170 51 1
170 89 1
170 129 1
170 167 1
171 50 1
171 51 1
171 89 1
171 129 1
171 170 1
172 29 1
172 88 1
172 90 1
172 93 1
172 94 1
172 131 1
172 165 1
172 166 1
173 18 1
173 19 1
173 20 1
173 91 1
174 18 1
174 19 1
174 20 1
174 173 1
175 46 1
175 50 1
175 52 1
175 95 1
175 98 1
175 132 1
175 167 1
176 52 1
176 53 1
176 95 1
176 96 1
176 97 1
176 98 1
177 25 1
177 52 1
177 53 1
177 96 1
177 97 1
177 98 1
177 111 1
177 176 1
178 21 1
178 99 1
178 108 1
178 109 1
179 21 1
179 99 1
179 108 1
179 178 1
180 22 1
180 27 1
180 100 1
180 104 1
180 105 1
180 113 1
180 134 1
181 54 1
181 55 1
181 102 1
181 112 1
181 133 1
181 136 1
182 22 1
182 100 1
182 104 1
182 105 1
182 106 1
182 107 1
182 134 1
182 180 1
183 56 1
183 104 1
183 105 1
183 106 1
183 107 1
183 134 1
183 182 1
184 24 1
184 25 1
184 107 1
184 135 1
184 177 1
185 99 1
185 108 1
185 109 1
185 137 1
185 178 1
185 179 1
186 25 1
186 26 1
186 111 1
186 135 1
187 25 1
187 26 1
187 110 1
187 135 1
187 136 1
187 186 1
188 35 1
188 36 1
188 64 1
188 65 1
188 114 1
188 116 1
188 119 1
189 2 1
189 14 1
189 28 1
189 64 1
189 65 1
189 118 1
189 143 1
190 9 1
190 80 1
190 81 1
190 84 1
190 153 1
190 160 1
191 9 1
191 73 1
191 74 1
191 75 1
191 80 1
191 81 1
191 84 1
191 153 1
191 160 1
191 190 1
192 49 1
192 92 1
192 93 1
192 126 1
192 128 1
192 131 1
193 0 1
193 16 1
193 29 1
193 92 1
193 93 1
193 130 1
193 168 1
194 23 1
194 108 1
194 109 1
194 112 1
194 178 1
194 185 1
195 1 1
195 2 1
195 30 1
195 31 1
195 58 1
195 138 1
195 139 1
196 28 1
196 57 1
196 59 1
196 62 1
196 64 1
196 140 1
196 189 1
197 3 1
197 32 1
197 37 1
197 38 1
197 67 1
197 142 1
197 145 1
197 150 1
198 1 1
198 4 1
198 38 1
198 61 1
198 63 1
198 145 1
198 146 1
198 148 1
199 1 1
199 2 1
199 3 1
199 38 1
199 145 1
199 195 1
199 198 1
200 1 1
200 2 1
200 3 1
200 28 1
200 38 1
200 62 1
200 65 1
200 145 1
200 199 1
201 1 1
201 2 1
201 28 1
201 30 1
201 64 1
201 118 1
201 139 1
201 143 1
201 189 1
201 195 1
201 196 1
202 5 1
202 6 1
202 34 1
202 115 1
202 148 1
202 149 1
203 10 1
203 11 1
203 39 1
203 40 1
203 67 1
203 68 1
203 70 1
203 151 1
203 152 1
203 159 1
204 10 1
204 39 1
204 40 1
204 67 1
204 70 1
204 150 1
204 151 1
204 152 1
204 159 1
204 203 1
205 32 1
205 67 1
205 81 1
205 84 1
205 150 1
205 153 1
205 190 1
205 204 1
206 8 1
206 13 1
206 72 1
206 73 1
206 76 1
206 77 1
206 85 1
206 122 1
206 125 1
206 155 1
206 157 1
207 8 1
207 13 1
207 72 1
207 76 1
207 77 1
207 78 1
207 79 1
207 122 1
207 155 1
207 157 1
207 158 1
207 206 1
208 10 1
208 79 1
208 80 1
208 81 1
208 159 1
208 191 1
208 207 1
209 10 1
209 74 1
209 84 1
209 156 1
209 190 1
209 191 1
209 204 1
209 205 1
210 12 1
210 82 1
210 83 1
210 121 1
210 123 1
210 124 1
210 161 1
210 162 1
211 15 1
211 16 1
211 17 1
211 44 1
211 45 1
211 87 1
211 163 1
211 164 1
212 29 1
212 86 1
212 88 1
212 90 1
212 92 1
212 165 1
212 193 1
213 17 1
213 46 1
213 50 1
213 51 1
213 95 1
213 167 1
213 170 1
213 175 1
214 15 1
214 18 1
214 51 1
214 89 1
214 91 1
214 170 1
214 171 1
215 15 1
215 16 1
215 17 1
215 51 1
215 164 1
215 170 1
215 211 1
215 214 1
216 15 1
216 16 1
216 17 1
216 29 1
216 51 1
216 90 1
216 93 1
216 170 1
216 215 1
217 15 1
217 16 1
217 29 1
217 44 1
217 92 1
217 130 1
217 168 1
217 193 1
217 211 1
217 212 1
218 19 1
218 20 1
218 127 1
218 173 1
218 174 1
219 24 1
219 25 1
219 52 1
219 53 1
219 95 1
219 96 1
219 98 1
219 176 1
219 177 1
219 184 1
220 24 1
220 52 1
220 53 1
220 95 1
220 98 1
220 175 1
220 176 1
220 177 1
220 184 1
220 219 1
221 95 1
221 109 1
221 112 1
221 175 1
221 178 1
221 194 1
221 220 1
222 22 1
222 27 1
222 100 1
222 101 1
222 104 1
222 105 1
222 113 1
222 134 1
222 137 1
222 180 1
222 182 1
223 22 1
223 27 1
223 100 1
223 104 1
223 105 1
223 106 1
223 107 1
223 134 1
223 180 1
223 182 1
223 183 1
223 222 1
224 24 1
224 101 1
224 107 1
224 108 1
224 109 1
224 184 1
224 223 1
225 24 1
225 102 1
225 112 1
225 181 1
225 194 1
225 220 1
225 221 1
226 26 1
226 110 1
226 111 1
226 133 1
226 135 1
226 136 1
226 186 1
226 187 1
227 30 1
227 31 1
227 58 1
227 139 1
227 195 1
228 1 1
228 2 1
228 28 1
228 30 1
228 57 1
228 58 1
228 118 1
228 138 1
228 139 1
228 189 1
228 195 1
228 196 1
228 201 1
229 28 1
229 59 1
229 62 1
229 64 1
229 65 1
229 140 1
229 189 1
229 196 1
229 228 1
230 14 1
230 33 1
230 34 1
230 115 1
230 118 1
230 143 1
230 144 1
230 202 1
231 35 1
231 36 1
231 116 1
232 35 1
232 36 1
232 65 1
232 66 1
232 114 1
232 116 1
232 117 1
232 119 1
232 188 1
232 231 1
233 32 1
233 37 1
233 38 1
233 61 1
233 117 1
233 142 1
233 145 1
233 146 1
233 197 1
233 198 1
234 1 1
234 2 1
234 4 1
234 38 1
234 61 1
234 63 1
234 139 1
234 145 1
234 146 1
234 198 1
234 199 1
234 233 1
235 3 1
235 28 1
235 59 1
235 60 1
235 62 1
235 65 1
235 66 1
235 119 1
235 120 1
235 140 1
235 141 1
235 147 1
235 200 1
236 1 1
236 4 1
236 6 1
236 31 1
236 58 1
236 63 1
236 86 1
236 139 1
236 148 1
237 34 1
237 115 1
237 149 1
237 202 1
237 230 1
238 32 1
238 37 1
238 39 1
238 66 1
238 67 1
238 114 1
238 120 1
238 142 1
238 150 1
238 205 1
239 7 1
239 8 1
239 71 1
239 80 1
239 85 1
239 125 1
239 154 1
239 208 1
240 12 1
240 41 1
240 83 1
240 156 1
240 210 1
241 41 1
241 42 1
241 121 1
241 156 1
241 240 1
242 7 1
242 71 1
242 73 1
242 80 1
242 81 1
242 125 1
242 153 1
242 154 1
242 160 1
242 190 1
242 191 1
242 208 1
242 239 1
243 11 1
243 12 1
243 40 1
243 83 1
243 123 1
243 151 1
243 152 1
243 159 1
243 161 1
243 203 1
243 204 1
244 11 1
244 12 1
244 43 1
244 82 1
244 123 1
244 124 1
244 161 1
244 162 1
244 210 1
245 42 1
245 43 1
245 82 1
245 121 1
245 124 1
245 162 1
245 210 1
245 244 1
246 11 1
246 12 1
246 41 1
246 74 1
246 83 1
246 84 1
246 156 1
246 203 1
246 204 1
246 209 1
246 240 1
246 241 1
246 243 1
247 9 1
247 73 1
247 75 1
247 80 1
247 81 1
247 125 1
247 153 1
247 160 1
247 190 1
247 191 1
247 242 1
248 7 1
248 8 1
248 13 1
248 72 1
248 76 1
248 85 1
248 125 1
248 155 1
248 206 1
248 207 1
248 239 1
249 44 1
249 45 1
249 87 1
249 164 1
249 211 1
250 15 1
250 16 1
250 29 1
250 44 1
250 86 1
250 87 1
250 92 1
250 130 1
250 163 1
250 193 1
250 211 1
250 212 1
250 217 1
251 29 1
251 88 1
251 90 1
251 92 1
251 93 1
251 165 1
251 193 1
251 212 1
251 250 1
252 0 1
252 47 1
252 48 1
252 127 1
252 130 1
252 168 1
252 169 1
253 49 1
253 93 1
253 94 1
253 126 1
253 128 1
253 129 1
253 131 1
253 192 1
254 46 1
254 50 1
254 51 1
254 89 1
254 129 1
254 167 1
254 170 1
254 171 1
254 213 1
254 214 1
255 15 1
255 16 1
255 18 1
255 51 1
255 89 1
255 91 1
255 164 1
255 170 1
255 171 1
255 214 1
255 215 1
255 254 1
256 17 1
256 29 1
256 88 1
256 90 1
256 93 1
256 94 1
256 131 1
256 132 1
256 165 1
256 166 1
256 172 1
256 216 1
257 15 1
257 18 1
257 20 1
257 45 1
257 57 1
257 87 1
257 91 1
257 164 1
257 173 1
258 46 1
258 50 1
258 52 1
258 94 1
258 95 1
258 126 1
258 132 1
258 167 1
258 175 1
258 221 1
259 21 1
259 22 1
259 108 1
259 113 1
259 137 1
259 179 1
259 224 1
260 26 1
260 54 1
260 111 1
260 133 1
260 226 1
261 54 1
261 55 1
261 133 1
261 181 1
261 260 1
262 21 1
262 99 1
262 101 1
262 108 1
262 109 1
262 137 1
262 178 1
262 179 1
262 185 1
262 194 1
262 224 1
262 259 1
263 25 1
263 26 1
263 53 1
263 111 1
263 135 1
263 176 1
263 177 1
263 184 1
263 186 1
263 219 1
263 220 1
264 25 1
264 26 1
264 56 1
264 110 1
264 135 1
264 136 1
264 186 1
264 187 1
264 226 1
265 55 1
265 56 1
265 110 1
265 133 1
265 136 1
265 187 1
265 226 1
265 264 1
266 25 1
266 26 1
266 54 1
266 102 1
266 111 1
266 112 1
266 181 1
266 219 1
266 220 1
266 225 1
266 260 1
266 261 1
266 263 1
267 23 1
267 101 1
267 103 1
267 108 1
267 109 1
267 137 1
267 178 1
267 185 1
267 194 1
267 262 1
268 21 1
268 22 1
268 27 1
268 100 1
268 104 1
268 113 1
268 137 1
268 180 1
268 222 1
268 223 1
268 259 1
269 0 1
269 28 1
269 57 1
269 130 1
269 169 1
269 189 1
269 193 1
269 196 1
269 217 1
269 229 1
270 1 1
270 2 1
270 30 1
270 31 1
270 58 1
270 86 1
270 138 1
270 139 1
270 163 1
270 189 1
270 195 1
270 201 1
270 228 1
270 236 1
271 6 1
271 33 1
271 34 1
271 115 1
271 118 1
271 143 1
271 144 1
271 202 1
271 230 1
271 237 1
272 6 1
272 33 1
272 143 1
272 144 1
272 230 1
272 271 1
273 34 1
273 35 1
273 36 1
273 116 1
273 188 1
273 231 1
273 232 1
274 3 1
274 32 1
274 37 1
274 38 1
274 61 1
274 114 1
274 117 1
274 120 1
274 142 1
274 145 1
274 146 1
274 197 1
274 199 1
274 200 1
274 233 1
275 1 1
275 4 1
275 6 1
275 33 1
275 115 1
275 118 1
275 143 1
275 144 1
275 201 1
275 202 1
275 236 1
275 271 1
275 272 1
276 3 1
276 28 1
276 62 1
276 65 1
276 66 1
276 114 1
276 119 1
276 120 1
276 140 1
276 147 1
276 188 1
276 200 1
276 232 1
276 235 1
277 10 1
277 39 1
277 40 1
277 67 1
277 68 1
277 69 1
277 70 1
277 150 1
277 151 1
277 152 1
277 159 1
277 203 1
277 204 1
277 208 1
277 238 1
278 9 1
278 42 1
278 73 1
278 74 1
278 75 1
278 84 1
278 156 1
278 190 1
278 191 1
278 209 1
279 41 1
279 42 1
279 74 1
279 121 1
279 124 1
279 156 1
279 240 1
279 241 1
279 246 1
280 9 1
280 73 1
280 75 1
280 76 1
280 122 1
280 158 1
280 247 1
280 278 1
281 43 1
281 77 1
281 78 1
281 122 1
281 158 1
281 280 1
282 11 1
282 42 1
282 43 1
282 77 1
282 78 1
282 79 1
282 123 1
282 156 1
282 158 1
282 159 1
282 278 1
282 281 1
283 10 1
283 11 1
283 78 1
283 79 1
283 156 1
283 158 1
283 159 1
283 203 1
283 207 1
283 208 1
283 246 1
283 278 1
283 282 1
284 10 1
284 11 1
284 12 1
284 83 1
284 123 1
284 151 1
284 152 1
284 159 1
284 203 1
284 204 1
284 209 1
284 243 1
284 246 1
284 283 1
285 11 1
285 12 1
285 41 1
285 83 1
285 123 1
285 156 1
285 159 1
285 203 1
285 210 1
285 240 1
285 243 1
285 246 1
285 284 1
286 9 1
286 10 1
286 74 1
286 75 1
286 81 1
286 84 1
286 156 1
286 190 1
286 191 1
286 205 1
286 208 1
286 209 1
286 246 1
286 247 1
286 278 1
286 283 1
287 9 1
287 73 1
287 80 1
287 81 1
287 125 1
287 153 1
287 160 1
287 190 1
287 191 1
287 208 1
287 239 1
287 242 1
287 247 1
287 278 1
287 286 1
288 14 1
288 29 1
288 86 1
288 118 1
288 144 1
288 189 1
288 193 1
288 201 1
288 212 1
288 251 1
288 269 1
288 272 1
289 15 1
289 16 1
289 44 1
289 45 1
289 57 1
289 87 1
289 138 1
289 163 1
289 164 1
289 193 1
289 211 1
289 215 1
289 217 1
289 250 1
289 257 1
290 20 1
290 47 1
290 48 1
290 127 1
290 130 1
290 168 1
290 169 1
290 218 1
290 252 1
291 20 1
291 47 1
291 168 1
291 169 1
291 252 1
291 269 1
291 290 1
292 48 1
292 49 1
292 128 1
292 192 1
292 253 1
293 17 1
293 46 1
293 50 1
293 51 1
293 89 1
293 126 1
293 129 1
293 132 1
293 167 1
293 170 1
293 171 1
293 213 1
293 215 1
293 216 1
293 254 1
294 15 1
294 18 1
294 20 1
294 47 1
294 127 1
294 130 1
294 168 1
294 169 1
294 217 1
294 218 1
294 257 1
294 290 1
294 291 1
295 29 1
295 90 1
295 93 1
295 94 1
295 126 1
295 128 1
295 131 1
295 132 1
295 165 1
295 172 1
295 192 1
295 216 1
295 253 1
295 256 1
296 24 1
296 52 1
296 53 1
296 95 1
296 96 1
296 97 1
296 98 1
296 175 1
296 176 1
296 177 1
296 184 1
296 219 1
296 220 1
296 224 1
296 258 1
297 23 1
297 55 1
297 101 1
297 102 1
297 103 1
297 112 1
297 181 1
297 194 1
297 225 1
298 54 1
298 55 1
298 102 1
298 133 1
298 136 1
298 181 1
298 260 1
298 261 1
298 266 1
299 23 1
299 101 1
299 103 1
299 104 1
299 134 1
299 183 1
299 267 1
299 297 1
300 56 1
300 105 1
300 106 1
300 134 1
300 183 1
300 299 1
301 25 1
301 55 1
301 56 1
301 105 1
301 106 1
301 107 1
301 135 1
301 181 1
301 183 1
301 184 1
301 297 1
301 300 1
302 24 1
302 25 1
302 106 1
302 107 1
302 181 1
302 183 1
302 184 1
302 219 1
302 223 1
302 224 1
302 266 1
302 297 1
302 301 1
303 24 1
303 25 1
303 26 1
303 111 1
303 135 1
303 176 1
303 177 1
303 184 1
303 219 1
303 220 1
303 225 1
303 263 1
303 266 1
303 302 1
304 25 1
304 26 1
304 54 1
304 111 1
304 133 1
304 135 1
304 181 1
304 184 1
304 219 1
304 226 1
304 260 1
304 261 1
304 263 1
304 266 1
304 303 1
305 23 1
305 24 1
305 102 1
305 103 1
305 109 1
305 112 1
305 181 1
305 185 1
305 194 1
305 221 1
305 224 1
305 225 1
305 266 1
305 267 1
305 297 1
305 302 1
306 23 1
306 101 1
306 108 1
306 109 1
306 137 1
306 178 1
306 185 1
306 194 1
306 224 1
306 259 1
306 262 1
306 267 1
306 297 1
306 305 1
307 30 1
307 44 1
307 57 1
307 87 1
307 138 1
307 193 1
307 196 1
307 217 1
307 228 1
307 250 1
307 269 1
307 270 1
307 289 1
307 294 1
308 3 1
308 32 1
308 60 1
308 66 1
308 120 1
308 140 1
308 141 1
308 200 1
308 235 1
308 276 1
309 3 1
309 32 1
309 37 1
309 60 1
309 67 1
309 120 1
309 142 1
309 145 1
309 150 1
309 197 1
309 200 1
309 238 1
309 274 1
309 308 1
310 2 1
310 3 1
310 28 1
310 59 1
310 60 1
310 62 1
310 65 1
310 119 1
310 140 1
310 147 1
310 196 1
310 199 1
310 200 1
310 235 1
310 276 1
310 308 1
311 7 1
311 10 1
311 71 1
311 80 1
311 81 1
311 153 1
311 160 1
311 190 1
311 191 1
311 205 1
311 208 1
311 238 1
311 239 1
311 242 1
311 277 1
311 286 1
311 287 1
312 30 1
312 58 1
312 86 1
312 163 1
312 189 1
312 201 1
312 212 1
312 228 1
312 250 1
312 251 1
312 270 1
312 275 1
312 288 1
312 289 1
312 307 1
313 17 1
313 46 1
313 94 1
313 132 1
313 165 1
313 166 1
313 216 1
313 256 1
313 295 1
314 17 1
314 46 1
314 50 1
314 51 1
314 95 1
314 132 1
314 167 1
314 170 1
314 175 1
314 213 1
314 216 1
314 258 1
314 293 1
314 313 1
315 16 1
315 17 1
315 29 1
315 88 1
315 90 1
315 93 1
315 131 1
315 165 1
315 172 1
315 212 1
315 215 1
315 216 1
315 256 1
315 295 1
315 313 1
316 21 1
316 24 1
316 99 1
316 108 1
316 109 1
316 178 1
316 185 1
316 194 1
316 221 1
316 224 1
316 258 1
316 259 1
316 262 1
316 296 1
316 305 1
316 306 1
317 4 1
317 5 1
317 6 1
317 63 1
317 148 1
317 149 1
317 202 1
317 236 1
317 275 1
318 7 1
318 8 1
318 13 1
318 72 1
318 76 1
318 79 1
318 85 1
318 125 1
318 155 1
318 157 1
318 206 1
318 207 1
318 208 1
318 239 1
318 248 1
319 43 1
319 77 1
319 78 1
319 157 1
319 158 1
319 281 1
319 282 1
320 11 1
320 12 1
320 83 1
320 123 1
320 161 1
320 162 1
320 210 1
320 243 1
320 285 1
321 21 1
321 22 1
321 27 1
321 100 1
321 104 1
321 107 1
321 113 1
321 137 1
321 180 1
321 182 1
321 222 1
321 223 1
321 224 1
321 259 1
321 268 1
322 56 1
322 105 1
322 106 1
322 182 1
322 183 1
322 300 1
322 301 1
323 25 1
323 26 1
323 111 1
323 135 1
323 186 1
323 187 1
323 226 1
323 263 1
323 304 1
324 0 1
324 29 1
324 92 1
324 130 1
324 168 1
324 169 1
324 193 1
324 217 1
324 229 1
324 251 1
324 269 1
324 288 1
324 291 1
324 307 1
325 0 1
325 57 1
325 130 1
325 193 1
325 196 1
325 217 1
325 229 1
325 250 1
325 269 1
325 289 1
325 290 1
325 291 1
325 294 1
325 307 1
325 324 1
326 30 1
326 31 1
326 58 1
326 139 1
326 195 1
326 199 1
326 227 1
327 3 1
327 32 1
327 37 1
327 60 1
327 66 1
327 120 1
327 142 1
327 145 1
327 150 1
327 197 1
327 200 1
327 235 1
327 238 1
327 274 1
327 276 1
327 308 1
327 309 1
327 310 1
328 1 1
328 4 1
328 5 1
328 6 1
328 63 1
328 139 1
328 148 1
328 149 1
328 198 1
328 234 1
328 236 1
328 275 1
328 317 1
329 5 1
329 115 1
329 149 1
329 202 1
329 237 1
330 115 1
330 149 1
330 202 1
330 237 1
330 329 1
331 5 1
331 6 1
331 148 1
331 149 1
331 202 1
331 237 1
331 271 1
331 317 1
331 328 1
331 329 1
331 330 1
332 5 1
332 6 1
332 148 1
332 149 1
332 202 1
332 317 1
332 328 1
332 331 1
333 7 1
333 8 1
333 10 1
333 13 1
333 72 1
333 76 1
333 79 1
333 80 1
333 85 1
333 125 1
333 155 1
333 206 1
333 207 1
333 208 1
333 239 1
333 242 1
333 248 1
333 287 1
333 311 1
333 318 1
334 11 1
334 43 1
334 78 1
334 79 1
334 123 1
334 158 1
334 159 1
334 161 1
334 244 1
334 281 1
334 282 1
334 283 1
334 284 1
334 285 1
334 319 1
335 11 1
335 12 1
335 83 1
335 123 1
335 152 1
335 159 1
335 161 1
335 162 1
335 203 1
335 243 1
335 284 1
335 285 1
335 320 1
335 334 1
336 12 1
336 82 1
336 83 1
336 123 1
336 124 1
336 161 1
336 162 1
336 210 1
336 244 1
336 320 1
336 335 1
337 11 1
337 12 1
337 82 1
337 83 1
337 123 1
337 161 1
337 162 1
337 210 1
337 244 1
337 320 1
337 335 1
337 336 1
338 14 1
338 28 1
338 64 1
338 118 1
338 143 1
338 144 1
338 189 1
338 201 1
338 229 1
338 251 1
338 269 1
338 272 1
338 288 1
338 312 1
339 14 1
339 33 1
339 86 1
339 118 1
339 144 1
339 189 1
339 201 1
339 212 1
339 228 1
339 251 1
339 270 1
339 271 1
339 272 1
339 275 1
339 288 1
339 312 1
339 338 1
340 44 1
340 45 1
340 87 1
340 164 1
340 211 1
340 215 1
340 249 1
341 17 1
341 46 1
341 50 1
341 94 1
341 132 1
341 167 1
341 170 1
341 175 1
341 213 1
341 216 1
341 256 1
341 258 1
341 293 1
341 295 1
341 313 1
341 314 1
341 315 1
342 15 1
342 18 1
342 19 1
342 20 1
342 91 1
342 164 1
342 173 1
342 174 1
342 214 1
342 255 1
342 257 1
342 294 1
343 19 1
343 174 1
343 218 1
344 19 1
344 20 1
344 173 1
344 174 1
344 218 1
344 290 1
344 342 1
344 343 1
345 19 1
345 20 1
345 173 1
345 174 1
345 218 1
345 342 1
345 343 1
345 344 1
346 21 1
346 22 1
346 24 1
346 27 1
346 100 1
346 104 1
346 107 1
346 108 1
346 113 1
346 137 1
346 180 1
346 222 1
346 223 1
346 224 1
346 259 1
346 262 1
346 268 1
346 306 1
346 316 1
346 321 1
347 25 1
347 56 1
347 106 1
347 107 1
347 135 1
347 183 1
347 184 1
347 186 1
347 264 1
347 300 1
347 301 1
347 302 1
347 303 1
347 304 1
347 322 1
348 25 1
348 26 1
348 111 1
348 135 1
348 177 1
348 184 1
348 186 1
348 187 1
348 219 1
348 263 1
348 303 1
348 304 1
348 323 1
348 347 1
349 26 1
349 110 1
349 111 1
349 135 1
349 136 1
349 186 1
349 187 1
349 226 1
349 264 1
349 323 1
349 348 1
350 25 1
350 26 1
350 110 1
350 111 1
350 135 1
350 186 1
350 187 1
350 226 1
350 264 1
350 323 1
350 348 1
350 349 1
351 30 1
351 31 1
351 58 1
351 139 1
351 195 1
351 227 1
351 270 1
351 326 1
352 81 1
352 84 1
352 153 1
352 190 1
352 191 1
352 205 1
352 209 1
352 286 1
353 9 1
353 42 1
353 74 1
353 75 1
353 84 1
353 121 1
353 156 1
353 278 1
353 279 1
353 280 1
354 7 1
354 8 1
354 10 1
354 72 1
354 79 1
354 80 1
354 159 1
354 207 1
354 208 1
354 239 1
354 277 1
354 283 1
354 287 1
354 311 1
354 318 1
354 333 1
355 82 1
355 121 1
355 124 1
355 162 1
355 210 1
355 244 1
355 245 1
355 336 1
355 337 1
356 44 1
356 45 1
356 87 1
356 164 1
356 211 1
356 249 1
356 289 1
356 340 1
357 109 1
357 112 1
357 178 1
357 194 1
357 221 1
357 225 1
357 305 1
358 23 1
358 55 1
358 102 1
358 103 1
358 112 1
358 133 1
358 181 1
358 297 1
358 298 1
358 299 1
359 21 1
359 22 1
359 24 1
359 100 1
359 107 1
359 108 1
359 223 1
359 224 1
359 259 1
359 296 1
359 302 1
359 306 1
359 316 1
359 321 1
359 346 1
360 110 1
360 133 1
360 136 1
360 187 1
360 226 1
360 264 1
360 265 1
360 349 1
360 350 1
361 28 1
361 59 1
361 62 1
361 65 1
361 140 1
361 147 1
361 189 1
361 196 1
361 229 1
361 269 1
362 32 1
362 37 1
362 66 1
362 67 1
362 114 1
362 117 1
362 120 1
362 142 1
362 145 1
362 150 1
362 197 1
362 205 1
362 238 1
362 274 1
362 309 1
362 327 1
363 35 1
363 36 1
363 116 1
363 188 1
363 231 1
363 232 1
363 273 1
364 10 1
364 32 1
364 39 1
364 67 1
364 84 1
364 150 1
364 151 1
364 152 1
364 190 1
364 203 1
364 204 1
364 205 1
364 209 1
364 238 1
364 246 1
364 277 1
364 284 1
364 286 1
364 311 1
364 352 1
364 362 1
365 32 1
365 37 1
365 39 1
365 67 1
365 84 1
365 150 1
365 190 1
365 204 1
365 205 1
365 209 1
365 238 1
365 352 1
365 362 1
365 364 1
366 71 1
366 80 1
366 81 1
366 114 1
366 153 1
366 154 1
366 160 1
366 190 1
366 205 1
366 238 1
366 242 1
366 311 1
366 352 1
366 362 1
367 9 1
367 42 1
367 74 1
367 75 1
367 156 1
367 278 1
367 280 1
367 353 1
368 9 1
368 73 1
368 75 1
368 76 1
368 122 1
368 125 1
368 158 1
368 206 1
368 207 1
368 247 1
368 280 1
369 10 1
369 68 1
369 72 1
369 79 1
369 157 1
369 159 1
369 203 1
369 207 1
369 208 1
369 277 1
369 283 1
369 311 1
369 318 1
369 333 1
369 334 1
369 354 1
370 7 1
370 10 1
370 39 1
370 79 1
370 80 1
370 81 1
370 150 1
370 208 1
370 238 1
370 239 1
370 277 1
370 311 1
370 318 1
370 333 1
370 354 1
370 364 1
370 369 1
371 29 1
371 88 1
371 90 1
371 93 1
371 165 1
371 172 1
371 193 1
371 212 1
371 251 1
371 288 1
372 46 1
372 50 1
372 94 1
372 95 1
372 126 1
372 129 1
372 132 1
372 167 1
372 170 1
372 175 1
372 213 1
372 221 1
372 258 1
372 293 1
372 314 1
372 341 1
373 49 1
373 128 1
373 192 1
373 253 1
373 292 1
374 24 1
374 46 1
374 52 1
374 95 1
374 112 1
374 175 1
374 176 1
374 194 1
374 219 1
374 220 1
374 221 1
374 225 1
374 258 1
374 266 1
374 296 1
374 303 1
374 305 1
374 316 1
374 357 1
374 372 1
375 46 1
375 50 1
375 52 1
375 95 1
375 112 1
375 167 1
375 175 1
375 194 1
375 220 1
375 221 1
375 225 1
375 258 1
375 357 1
375 372 1
375 374 1
376 99 1
376 108 1
376 109 1
376 126 1
376 178 1
376 179 1
376 185 1
376 194 1
376 221 1
376 258 1
376 262 1
376 316 1
376 357 1
376 372 1
377 23 1
377 55 1
377 102 1
377 103 1
377 181 1
377 297 1
377 299 1
377 358 1
378 23 1
378 101 1
378 103 1
378 104 1
378 134 1
378 137 1
378 183 1
378 222 1
378 223 1
378 267 1
378 299 1
378 377 1
379 24 1
379 96 1
379 100 1
379 107 1
379 182 1
379 184 1
379 219 1
379 223 1
379 224 1
379 296 1
379 302 1
379 316 1
379 321 1
379 346 1
379 347 1
379 359 1
380 1 1
380 2 1
380 30 1
380 31 1
380 58 1
380 139 1
380 195 1
380 199 1
380 227 1
380 228 1
380 234 1
380 270 1
380 326 1
380 351 1
381 34 1
381 35 1
381 64 1
381 115 1
381 116 1
381 118 1
381 143 1
381 188 1
381 230 1
381 273 1
381 363 1
382 34 1
382 35 1
382 36 1
382 116 1
382 143 1
382 188 1
382 231 1
382 232 1
382 273 1
382 363 1
382 381 1
383 36 1
383 37 1
383 66 1
383 114 1
383 116 1
383 117 1
383 120 1
383 188 1
383 232 1
383 274 1
383 362 1
383 366 1
384 4 1
384 5 1
384 6 1
384 63 1
384 148 1
384 149 1
384 317 1
384 328 1
384 331 1
384 332 1
385 4 1
385 5 1
385 115 1
385 148 1
385 149 1
385 202 1
385 237 1
385 329 1
385 330 1
385 331 1
385 332 1
385 384 1
386 10 1
386 81 1
386 84 1
386 153 1
386 160 1
386 190 1
386 191 1
386 204 1
386 205 1
386 208 1
386 209 1
386 278 1
386 286 1
386 287 1
386 311 1
386 352 1
386 364 1
386 365 1
386 366 1
387 11 1
387 12 1
387 83 1
387 123 1
387 152 1
387 159 1
387 161 1
387 203 1
387 243 1
387 284 1
387 320 1
387 334 1
387 335 1
388 11 1
388 12 1
388 123 1
388 161 1
388 162 1
388 244 1
388 320 1
388 335 1
388 336 1
388 337 1
388 387 1
389 73 1
389 80 1
389 81 1
389 85 1
389 125 1
389 160 1
389 191 1
389 206 1
389 239 1
389 242 1
389 247 1
389 248 1
389 287 1
389 333 1
389 368 1
390 15 1
390 16 1
390 44 1
390 45 1
390 87 1
390 164 1
390 211 1
390 215 1
390 249 1
390 250 1
390 255 1
390 289 1
390 340 1
390 356 1
391 48 1
391 92 1
391 127 1
391 128 1
391 130 1
391 168 1
391 192 1
391 252 1
391 292 1
391 373 1
392 48 1
392 49 1
392 128 1
392 168 1
392 192 1
392 253 1
392 292 1
392 373 1
392 391 1
393 49 1
393 50 1
393 94 1
393 126 1
393 128 1
393 129 1
393 132 1
393 192 1
393 253 1
393 293 1
393 372 1
393 376 1
394 18 1
394 19 1
394 20 1
394 91 1
394 173 1
394 174 1
394 218 1
394 342 1
394 344 1
394 345 1
395 19 1
395 20 1
395 174 1
395 218 1
395 343 1
395 344 1
395 345 1
395 394 1
396 24 1
396 109 1
396 112 1
396 178 1
396 185 1
396 194 1
396 220 1
396 221 1
396 224 1
396 225 1
396 297 1
396 305 1
396 306 1
396 316 1
396 357 1
396 374 1
396 375 1
396 376 1
397 25 1
397 26 1
397 111 1
397 135 1
397 177 1
397 184 1
397 186 1
397 219 1
397 263 1
397 303 1
397 323 1
397 347 1
397 348 1
398 25 1
398 26 1
398 135 1
398 186 1
398 187 1
398 264 1
398 323 1
398 348 1
398 349 1
398 350 1
398 397 1
399 101 1
399 108 1
399 109 1
399 113 1
399 137 1
399 185 1
399 222 1
399 259 1
399 262 1
399 267 1
399 306 1
399 346 1
399 378 1
400 59 1
400 60 1
400 62 1
400 140 1
400 141 1
400 147 1
400 235 1
400 308 1
400 310 1
400 361 1
401 60 1
401 140 1
401 141 1
401 235 1
401 308 1
401 310 1
401 400 1
402 14 1
402 34 1
402 64 1
402 65 1
402 115 1
402 118 1
402 143 1
402 188 1
402 189 1
402 230 1
402 273 1
402 338 1
402 381 1
402 382 1
403 33 1
403 34 1
403 115 1
403 143 1
403 144 1
403 202 1
403 230 1
403 237 1
403 271 1
403 272 1
403 275 1
404 2 1
404 3 1
404 28 1
404 38 1
404 60 1
404 62 1
404 195 1
404 199 1
404 200 1
404 228 1
404 235 1
404 308 1
404 309 1
404 310 1
404 327 1
405 1 1
405 4 1
405 30 1
405 58 1
405 64 1
405 86 1
405 118 1
405 139 1
405 143 1
405 189 1
405 201 1
405 228 1
405 236 1
405 270 1
405 271 1
405 272 1
405 275 1
405 288 1
405 312 1
405 328 1
405 338 1
405 339 1
406 4 1
406 6 1
406 63 1
406 86 1
406 139 1
406 148 1
406 202 1
406 236 1
406 271 1
406 272 1
406 275 1
406 312 1
406 317 1
406 328 1
406 331 1
406 332 1
406 339 1
406 405 1
407 10 1
407 39 1
407 40 1
407 67 1
407 68 1
407 69 1
407 70 1
407 151 1
407 152 1
407 159 1
407 203 1
407 204 1
407 277 1
407 369 1
407 370 1
408 71 1
408 81 1
408 153 1
408 160 1
408 190 1
408 191 1
408 205 1
408 209 1
408 352 1
408 365 1
408 366 1
408 386 1
409 88 1
409 90 1
409 165 1
409 166 1
409 172 1
409 256 1
409 313 1
409 315 1
409 371 1
410 165 1
410 166 1
410 256 1
410 313 1
410 315 1
410 409 1
411 0 1
411 48 1
411 92 1
411 93 1
411 127 1
411 130 1
411 168 1
411 192 1
411 193 1
411 252 1
411 292 1
411 324 1
411 391 1
411 392 1
412 47 1
412 48 1
412 127 1
412 168 1
412 169 1
412 218 1
412 252 1
412 290 1
412 291 1
413 16 1
413 17 1
413 29 1
413 51 1
413 90 1
413 211 1
413 215 1
413 216 1
413 250 1
413 256 1
413 313 1
413 314 1
413 315 1
413 341 1
414 15 1
414 18 1
414 44 1
414 57 1
414 87 1
414 92 1
414 130 1
414 164 1
414 168 1
414 193 1
414 217 1
414 250 1
414 257 1
414 269 1
414 289 1
414 290 1
414 291 1
414 294 1
414 307 1
414 324 1
414 325 1
414 342 1
415 18 1
415 20 1
415 57 1
415 91 1
415 164 1
415 173 1
415 218 1
415 257 1
415 290 1
415 291 1
415 294 1
415 307 1
415 325 1
415 342 1
415 344 1
415 345 1
415 414 1
416 24 1
416 52 1
416 53 1
416 95 1
416 96 1
416 97 1
416 98 1
416 175 1
416 176 1
416 177 1
416 184 1
416 219 1
416 220 1
416 296 1
416 379 1
417 99 1
417 109 1
417 178 1
417 185 1
417 194 1
417 221 1
417 225 1
417 357 1
417 375 1
417 376 1
417 396 1
418 30 1
418 44 1
418 57 1
418 58 1
418 87 1
418 138 1
418 195 1
418 196 1
418 201 1
418 228 1
418 270 1
418 289 1
418 307 1
418 312 1
418 325 1
418 351 1
418 380 1
418 405 1
419 1 1
419 2 1
419 4 1
419 30 1
419 31 1
419 58 1
419 63 1
419 86 1
419 139 1
419 195 1
419 199 1
419 201 1
419 227 1
419 228 1
419 234 1
419 236 1
419 270 1
419 275 1
419 312 1
419 326 1
419 328 1
419 351 1
419 380 1
419 405 1
419 406 1
419 418 1
420 28 1
420 30 1
420 57 1
420 59 1
420 64 1
420 138 1
420 189 1
420 195 1
420 196 1
420 201 1
420 228 1
420 229 1
420 269 1
420 270 1
420 288 1
420 307 1
420 312 1
420 325 1
420 338 1
420 361 1
420 405 1
420 418 1
421 3 1
421 32 1
421 37 1
421 66 1
421 114 1
421 116 1
421 117 1
421 119 1
421 120 1
421 142 1
421 150 1
421 200 1
421 232 1
421 238 1
421 274 1
421 276 1
421 309 1
421 327 1
421 362 1
421 383 1
422 36 1
422 65 1
422 66 1
422 114 1
422 116 1
422 117 1
422 119 1
422 120 1
422 147 1
422 188 1
422 200 1
422 232 1
422 273 1
422 276 1
422 362 1
422 382 1
422 383 1
422 421 1
423 1 1
423 4 1
423 37 1
423 38 1
423 61 1
423 117 1
423 145 1
423 146 1
423 198 1
423 233 1
423 234 1
423 274 1
424 28 1
424 59 1
424 62 1
424 64 1
424 65 1
424 119 1
424 140 1
424 147 1
424 188 1
424 189 1
424 196 1
424 200 1
424 229 1
424 235 1
424 276 1
424 310 1
424 361 1
424 420 1
424 422 1
425 6 1
425 14 1
425 64 1
425 118 1
425 143 1
425 144 1
425 189 1
425 201 1
425 228 1
425 230 1
425 236 1
425 270 1
425 271 1
425 272 1
425 275 1
425 288 1
425 312 1
425 338 1
425 339 1
425 402 1
425 405 1
425 406 1
425 419 1
426 2 1
426 28 1
426 62 1
426 64 1
426 65 1
426 118 1
426 119 1
426 143 1
426 188 1
426 189 1
426 196 1
426 200 1
426 201 1
426 229 1
426 276 1
426 310 1
426 381 1
426 382 1
426 402 1
426 422 1
426 424 1
426 425 1
427 8 1
427 73 1
427 76 1
427 79 1
427 85 1
427 122 1
427 125 1
427 155 1
427 206 1
427 207 1
427 208 1
427 242 1
427 247 1
427 248 1
427 280 1
427 287 1
427 318 1
427 333 1
427 354 1
427 368 1
427 389 1
428 9 1
428 73 1
428 75 1
428 122 1
428 125 1
428 160 1
428 190 1
428 191 1
428 206 1
428 208 1
428 242 1
428 247 1
428 278 1
428 280 1
428 286 1
428 287 1
428 367 1
428 368 1
428 389 1
428 427 1
429 10 1
429 39 1
429 67 1
429 84 1
429 152 1
429 156 1
429 159 1
429 190 1
429 203 1
429 204 1
429 205 1
429 208 1
429 209 1
429 243 1
429 246 1
429 277 1
429 283 1
429 284 1
429 285 1
429 286 1
429 364 1
429 365 1
429 386 1
430 12 1
430 82 1
430 123 1
430 161 1
430 162 1
430 210 1
430 244 1
430 320 1
430 335 1
430 336 1
430 337 1
430 388 1
431 30 1
431 44 1
431 58 1
431 86 1
431 87 1
431 163 1
431 211 1
431 212 1
431 217 1
431 250 1
431 270 1
431 289 1
431 307 1
431 312 1
431 339 1
431 390 1
431 414 1
431 418 1
432 15 1
432 16 1
432 18 1
432 44 1
432 45 1
432 57 1
432 87 1
432 91 1
432 164 1
432 211 1
432 215 1
432 217 1
432 249 1
432 250 1
432 255 1
432 257 1
432 289 1
432 294 1
432 307 1
432 340 1
432 342 1
432 356 1
432 390 1
432 414 1
432 415 1
432 431 1
433 29 1
433 44 1
433 86 1
433 88 1
433 92 1
433 163 1
433 193 1
433 211 1
433 212 1
433 217 1
433 250 1
433 251 1
433 269 1
433 288 1
433 289 1
433 307 1
433 312 1
433 324 1
433 339 1
433 371 1
433 414 1
433 431 1
434 17 1
434 46 1
434 50 1
434 94 1
434 126 1
434 128 1
434 129 1
434 131 1
434 132 1
434 167 1
434 175 1
434 216 1
434 253 1
434 258 1
434 293 1
434 295 1
434 314 1
434 341 1
434 372 1
434 393 1
435 49 1
435 93 1
435 94 1
435 126 1
435 128 1
435 129 1
435 131 1
435 132 1
435 172 1
435 192 1
435 216 1
435 253 1
435 292 1
435 295 1
435 372 1
435 392 1
435 393 1
435 434 1
436 15 1
436 18 1
436 50 1
436 51 1
436 89 1
436 129 1
436 170 1
436 171 1
436 214 1
436 254 1
436 255 1
436 293 1
437 88 1
437 90 1
437 93 1
437 94 1
437 126 1
437 131 1
437 132 1
437 165 1
437 166 1
437 172 1
437 216 1
437 256 1
437 295 1
437 313 1
437 315 1
437 341 1
437 409 1
437 410 1
437 434 1
437 435 1
438 29 1
438 88 1
438 90 1
438 92 1
438 93 1
438 131 1
438 165 1
438 172 1
438 192 1
438 193 1
438 212 1
438 251 1
438 256 1
438 295 1
438 315 1
438 371 1
438 433 1
438 435 1
438 437 1
439 16 1
439 29 1
439 90 1
439 92 1
439 93 1
439 130 1
439 131 1
439 168 1
439 192 1
439 193 1
439 212 1
439 216 1
439 217 1
439 251 1
439 295 1
439 315 1
439 391 1
439 392 1
439 411 1
439 435 1
439 438 1
440 22 1
440 101 1
440 104 1
440 107 1
440 113 1
440 134 1
440 137 1
440 180 1
440 222 1
440 223 1
440 224 1
440 262 1
440 267 1
440 268 1
440 299 1
440 306 1
440 321 1
440 346 1
440 359 1
440 378 1
440 399 1
441 23 1
441 101 1
441 103 1
441 109 1
441 134 1
441 137 1
441 185 1
441 194 1
441 222 1
441 224 1
441 262 1
441 267 1
441 297 1
441 299 1
441 305 1
441 306 1
441 377 1
441 378 1
441 399 1
441 440 1
442 24 1
442 52 1
442 95 1
442 112 1
442 177 1
442 181 1
442 184 1
442 194 1
442 219 1
442 220 1
442 221 1
442 224 1
442 225 1
442 263 1
442 266 1
442 296 1
442 302 1
442 303 1
442 304 1
442 305 1
442 374 1
442 375 1
442 396 1
443 25 1
443 26 1
443 110 1
443 135 1
443 186 1
443 187 1
443 226 1
443 264 1
443 323 1
443 348 1
443 349 1
443 350 1
443 398 1
444 14 1
444 33 1
444 34 1
444 64 1
444 115 1
444 118 1
444 143 1
444 144 1
444 202 1
444 230 1
444 237 1
444 271 1
444 272 1
444 275 1
444 338 1
444 339 1
444 381 1
444 402 1
444 403 1
444 405 1
444 406 1
444 425 1
445 1 1
445 2 1
445 3 1
445 4 1
445 38 1
445 61 1
445 118 1
445 145 1
445 146 1
445 198 1
445 199 1
445 200 1
445 201 1
445 234 1
445 274 1
445 404 1
445 419 1
445 423 1
445 426 1
446 0 1
446 47 1
446 48 1
446 92 1
446 127 1
446 130 1
446 168 1
446 169 1
446 218 1
446 252 1
446 290 1
446 291 1
446 294 1
446 324 1
446 325 1
446 391 1
446 411 1
446 412 1
446 414 1
446 415 1
447 15 1
447 16 1
447 17 1
447 18 1
447 51 1
447 89 1
447 130 1
447 170 1
447 171 1
447 214 1
447 215 1
447 216 1
447 217 1
447 255 1
447 293 1
447 413 1
447 432 1
447 436 1
447 439 1
448 59 1
448 60 1
448 62 1
448 65 1
448 66 1
448 114 1
448 119 1
448 120 1
448 140 1
448 141 1
448 147 1
448 200 1
448 235 1
448 276 1
448 308 1
448 310 1
448 327 1
448 400 1
448 401 1
448 421 1
448 422 1
448 424 1
449 59 1
449 60 1
449 62 1
449 65 1
449 66 1
449 114 1
449 119 1
449 120 1
449 140 1
449 141 1
449 147 1
449 235 1
449 276 1
449 308 1
449 310 1
449 327 1
449 400 1
449 401 1
449 421 1
449 422 1
449 424 1
449 448 1
450 1 1
450 2 1
450 4 1
450 6 1
450 58 1
450 63 1
450 86 1
450 118 1
450 139 1
450 189 1
450 198 1
450 201 1
450 228 1
450 234 1
450 236 1
450 270 1
450 275 1
450 312 1
450 328 1
450 339 1
450 380 1
450 405 1
450 406 1
450 419 1
450 425 1
450 445 1
451 1 1
451 2 1
451 4 1
451 6 1
451 58 1
451 63 1
451 86 1
451 118 1
451 139 1
451 189 1
451 198 1
451 201 1
451 228 1
451 234 1
451 236 1
451 270 1
451 275 1
451 312 1
451 328 1
451 339 1
451 380 1
451 405 1
451 406 1
451 419 1
451 425 1
451 445 1
451 450 1
452 17 1
452 132 1
452 165 1
452 166 1
452 256 1
452 313 1
452 314 1
452 315 1
452 341 1
452 409 1
452 410 1
452 413 1
452 437 1
453 17 1
453 132 1
453 165 1
453 166 1
453 256 1
453 313 1
453 314 1
453 315 1
453 341 1
453 409 1
453 410 1
453 413 1
453 437 1
453 452 1
454 15 1
454 16 1
454 18 1
454 20 1
454 57 1
454 87 1
454 91 1
454 130 1
454 164 1
454 193 1
454 214 1
454 217 1
454 250 1
454 255 1
454 257 1
454 289 1
454 294 1
454 307 1
454 325 1
454 342 1
454 390 1
454 414 1
454 415 1
454 432 1
454 447 1
455 15 1
455 16 1
455 18 1
455 20 1
455 57 1
455 87 1
455 91 1
455 130 1
455 164 1
455 193 1
455 214 1
455 217 1
455 250 1
455 255 1
455 257 1
455 289 1
455 294 1
455 307 1
455 325 1
455 342 1
455 390 1
455 414 1
455 415 1
455 432 1
455 447 1
455 454 1
456 18 1
456 19 1
456 20 1
456 91 1
456 173 1
456 174 1
456 218 1
456 257 1
456 294 1
456 342 1
456 344 1
456 345 1
456 394 1
456 395 1
456 415 1
457 18 1
457 19 1
457 20 1
457 91 1
457 173 1
457 174 1
457 218 1
457 257 1
457 294 1
457 342 1
457 344 1
457 345 1
457 394 1
457 395 1
457 415 1
457 456 1
458 0 1
458 20 1
458 92 1
458 130 1
458 168 1
458 169 1
458 193 1
458 217 1
458 250 1
458 252 1
458 257 1
458 269 1
458 289 1
458 290 1
458 291 1
458 294 1
458 307 1
458 324 1
458 325 1
458 411 1
458 414 1
458 415 1
458 432 1
458 439 1
458 446 1
458 454 1
458 455 1
459 0 1
459 20 1
459 92 1
459 130 1
459 168 1
459 169 1
459 193 1
459 217 1
459 250 1
459 252 1
459 257 1
459 269 1
459 289 1
459 290 1
459 291 1
459 294 1
459 307 1
459 324 1
459 325 1
459 411 1
459 414 1
459 415 1
459 432 1
459 439 1
459 446 1
459 454 1
459 455 1
459 458 1
460 21 1
460 24 1
460 52 1
460 107 1
460 108 1
460 109 1
460 175 1
460 224 1
460 258 1
460 259 1
460 296 1
460 302 1
460 316 1
460 321 1
460 346 1
460 359 1
460 374 1
460 379 1
460 416 1
461 21 1
461 24 1
461 107 1
461 108 1
461 109 1
461 175 1
461 224 1
461 258 1
461 259 1
461 296 1
461 316 1
461 321 1
461 346 1
461 359 1
461 374 1
461 379 1
461 416 1
461 460 1
462 23 1
462 101 1
462 102 1
462 103 1
462 108 1
462 109 1
462 112 1
462 178 1
462 185 1
462 194 1
462 224 1
462 225 1
462 262 1
462 267 1
462 297 1
462 305 1
462 306 1
462 316 1
462 357 1
462 396 1
462 399 1
462 417 1
462 441 1
463 23 1
463 101 1
463 102 1
463 103 1
463 108 1
463 109 1
463 112 1
463 178 1
463 185 1
463 194 1
463 224 1
463 225 1
463 262 1
463 267 1
463 297 1
463 305 1
463 306 1
463 316 1
463 357 1
463 396 1
463 399 1
463 417 1
463 441 1
463 462 1
464 28 1
464 34 1
464 64 1
464 65 1
464 116 1
464 118 1
464 143 1
464 188 1
464 189 1
464 232 1
464 273 1
464 276 1
464 381 1
464 382 1
464 402 1
464 422 1
464 424 1
464 426 1
465 1 1
465 4 1
465 6 1
465 38 1
465 63 1
465 139 1
465 148 1
465 198 1
465 199 1
465 234 1
465 236 1
465 275 1
465 328 1
465 380 1
465 405 1
465 406 1
465 419 1
465 445 1
465 450 1
465 451 1
466 1 1
466 4 1
466 5 1
466 6 1
466 63 1
466 148 1
466 149 1
466 198 1
466 202 1
466 234 1
466 236 1
466 275 1
466 317 1
466 328 1
466 331 1
466 332 1
466 384 1
466 385 1
466 406 1
466 450 1
466 451 1
466 465 1
467 7 1
467 71 1
467 80 1
467 153 1
467 154 1
467 239 1
467 242 1
467 311 1
468 41 1
468 42 1
468 74 1
468 83 1
468 84 1
468 121 1
468 124 1
468 156 1
468 210 1
468 240 1
468 241 1
468 246 1
468 278 1
468 279 1
468 285 1
468 353 1
469 12 1
469 41 1
469 42 1
469 83 1
469 121 1
469 124 1
469 156 1
469 210 1
469 240 1
469 241 1
469 246 1
469 279 1
469 285 1
469 336 1
469 355 1
469 468 1
470 10 1
470 11 1
470 43 1
470 77 1
470 78 1
470 79 1
470 123 1
470 157 1
470 158 1
470 159 1
470 161 1
470 207 1
470 282 1
470 283 1
470 284 1
470 334 1
470 369 1
470 387 1
471 10 1
471 11 1
471 39 1
471 67 1
471 83 1
471 84 1
471 151 1
471 152 1
471 156 1
471 159 1
471 203 1
471 204 1
471 209 1
471 243 1
471 246 1
471 283 1
471 284 1
471 285 1
471 335 1
471 364 1
471 365 1
471 386 1
471 429 1
471 468 1
472 11 1
472 12 1
472 79 1
472 83 1
472 123 1
472 152 1
472 159 1
472 161 1
472 203 1
472 243 1
472 283 1
472 284 1
472 285 1
472 334 1
472 335 1
472 369 1
472 387 1
472 407 1
472 470 1
472 471 1
473 42 1
473 74 1
473 84 1
473 156 1
473 191 1
473 209 1
473 246 1
473 278 1
473 279 1
473 283 1
473 284 1
473 285 1
473 286 1
473 353 1
473 364 1
473 386 1
473 429 1
473 468 1
473 469 1
473 471 1
474 29 1
474 48 1
474 92 1
474 93 1
474 128 1
474 130 1
474 168 1
474 192 1
474 193 1
474 253 1
474 292 1
474 295 1
474 391 1
474 392 1
474 411 1
474 435 1
474 438 1
474 439 1
475 15 1
475 18 1
475 51 1
475 91 1
475 164 1
475 173 1
475 214 1
475 215 1
475 255 1
475 257 1
475 294 1
475 342 1
475 390 1
475 414 1
475 415 1
475 432 1
475 447 1
475 454 1
475 455 1
476 15 1
476 18 1
476 19 1
476 20 1
476 91 1
476 173 1
476 174 1
476 214 1
476 218 1
476 255 1
476 257 1
476 294 1
476 342 1
476 344 1
476 345 1
476 394 1
476 395 1
476 415 1
476 454 1
476 455 1
476 456 1
476 457 1
476 475 1
477 21 1
477 99 1
477 108 1
477 178 1
477 179 1
477 259 1
477 262 1
477 316 1
478 54 1
478 55 1
478 102 1
478 111 1
478 112 1
478 133 1
478 136 1
478 181 1
478 226 1
478 260 1
478 261 1
478 266 1
478 298 1
478 304 1
478 358 1
479 26 1
479 54 1
479 55 1
479 111 1
479 133 1
479 136 1
479 181 1
479 226 1
479 260 1
479 261 1
479 266 1
479 298 1
479 304 1
479 349 1
479 360 1
479 478 1
480 24 1
480 25 1
480 56 1
480 105 1
480 106 1
480 107 1
480 135 1
480 182 1
480 183 1
480 184 1
480 223 1
480 301 1
480 302 1
480 303 1
480 347 1
480 379 1
480 397 1
481 24 1
481 25 1
481 52 1
481 95 1
481 111 1
481 112 1
481 176 1
481 177 1
481 181 1
481 184 1
481 219 1
481 220 1
481 225 1
481 263 1
481 266 1
481 302 1
481 303 1
481 304 1
481 348 1
481 374 1
481 375 1
481 396 1
481 442 1
481 478 1
482 25 1
482 107 1
482 111 1
482 135 1
482 176 1
482 177 1
482 184 1
482 186 1
482 219 1
482 263 1
482 302 1
482 303 1
482 304 1
482 347 1
482 348 1
482 379 1
482 397 1
482 416 1
482 480 1
482 481 1
483 55 1
483 102 1
483 112 1
483 133 1
483 181 1
483 225 1
483 266 1
483 297 1
483 298 1
483 302 1
483 303 1
483 304 1
483 305 1
483 358 1
483 374 1
483 396 1
483 442 1
483 462 1
483 463 1
483 478 1
483 479 1
483 481 1
