# minsup
1
# graph
G_portein_file\FKBP\4LAW.pdb
# node ID, label
0 A
1 A
2 A
3 A
4 A
5 A
6 A
7 A
8 A
9 A
10 A
11 A
12 A
13 A
14 A
15 A
16 A
17 A
18 A
19 A
20 A
21 A
22 A
23 A
24 C
25 C
26 C
27 C
28 D
29 D
30 D
31 D
32 D
33 D
34 D
35 D
36 D
37 D
38 D
39 D
40 D
41 D
42 D
43 D
44 D
45 D
46 D
47 D
48 D
49 D
50 D
51 D
52 E
53 E
54 E
55 E
56 E
57 E
58 E
59 E
60 E
61 E
62 E
63 E
64 E
65 E
66 E
67 E
68 E
69 E
70 E
71 E
72 E
73 E
74 E
75 E
76 E
77 E
78 E
79 E
80 E
81 E
82 E
83 E
84 E
85 E
86 E
87 E
88 E
89 E
90 E
91 E
92 E
93 E
94 E
95 E
96 E
97 E
98 E
99 E
100 E
101 E
102 E
103 E
104 E
105 E
106 E
107 E
108 F
109 F
110 F
111 F
112 F
113 F
114 F
115 F
116 F
117 F
118 F
119 F
120 F
121 F
122 F
123 F
124 F
125 F
126 F
127 F
128 F
129 F
130 F
131 G
132 G
133 G
134 G
135 G
136 G
137 G
138 G
139 G
140 G
141 G
142 G
143 G
144 G
145 G
146 G
147 G
148 G
149 G
150 G
151 G
152 G
153 G
154 G
155 G
156 G
157 G
158 G
159 G
160 G
161 G
162 G
163 G
164 G
165 G
166 G
167 G
168 G
169 G
170 G
171 G
172 G
173 G
174 G
175 H
176 H
177 H
178 H
179 H
180 H
181 H
182 H
183 I
184 I
185 I
186 I
187 I
188 I
189 I
190 I
191 I
192 I
193 I
194 I
195 I
196 I
197 I
198 I
199 I
200 I
201 I
202 I
203 I
204 I
205 I
206 I
207 I
208 I
209 I
210 I
211 I
212 I
213 I
214 K
215 K
216 K
217 K
218 K
219 K
220 K
221 K
222 K
223 K
224 K
225 K
226 K
227 K
228 K
229 K
230 K
231 K
232 K
233 K
234 K
235 K
236 K
237 K
238 K
239 K
240 K
241 K
242 K
243 K
244 K
245 K
246 K
247 K
248 K
249 K
250 K
251 L
252 L
253 L
254 L
255 L
256 L
257 L
258 L
259 L
260 L
261 L
262 L
263 L
264 L
265 L
266 L
267 L
268 L
269 L
270 L
271 L
272 L
273 L
274 L
275 L
276 L
277 L
278 L
279 L
280 L
281 L
282 L
283 L
284 L
285 L
286 M
287 M
288 M
289 M
290 M
291 M
292 M
293 M
294 N
295 N
296 N
297 N
298 N
299 N
300 N
301 N
302 P
303 P
304 P
305 P
306 P
307 P
308 P
309 P
310 P
311 P
312 P
313 P
314 P
315 P
316 P
317 P
318 P
319 P
320 Q
321 Q
322 Q
323 Q
324 Q
325 Q
326 Q
327 Q
328 Q
329 R
330 R
331 R
332 R
333 R
334 R
335 R
336 R
337 R
338 R
339 R
340 R
341 R
342 R
343 R
344 R
345 R
346 R
347 R
348 S
349 S
350 S
351 S
352 S
353 S
354 S
355 S
356 S
357 S
358 S
359 S
360 S
361 S
362 S
363 S
364 T
365 T
366 T
367 T
368 T
369 T
370 T
371 T
372 T
373 T
374 T
375 T
376 T
377 T
378 T
379 V
380 V
381 V
382 V
383 V
384 V
385 V
386 V
387 V
388 V
389 V
390 V
391 V
392 V
393 V
394 V
395 V
396 V
397 V
398 V
399 V
400 V
401 V
402 V
403 V
404 V
405 V
406 V
407 W
408 W
409 W
410 W
411 Y
412 Y
413 Y
414 Y
415 Y
416 Y
417 Y
418 Y
419 Y
420 Y
421 Y
422 Y
423 Y
424 Y
425 Y
426 Y
427 Y
428 Y
429 Y
430 Y
# node ID1, node ID2, number of bounds
1 0 1
2 1 1
3 0 1
4 3 1
10 9 1
11 6 1
13 12 1
14 12 1
14 13 1
15 12 1
16 15 1
22 21 1
23 18 1
24 1 1
25 0 1
25 1 1
25 3 1
25 4 1
26 13 1
27 12 1
27 13 1
27 15 1
27 16 1
31 29 1
32 0 1
32 1 1
32 2 1
32 31 1
33 29 1
34 33 1
37 36 1
38 13 1
39 38 1
43 42 1
44 22 1
44 43 1
45 40 1
46 12 1
46 13 1
46 14 1
46 45 1
48 47 1
51 50 1
52 28 1
53 25 1
53 28 1
54 24 1
55 2 1
56 24 1
56 54 1
57 0 1
57 3 1
57 4 1
57 25 1
58 24 1
59 24 1
59 56 1
59 58 1
60 59 1
61 29 1
61 31 1
61 33 1
62 33 1
62 34 1
63 33 1
63 34 1
63 62 1
64 33 1
64 34 1
64 61 1
64 62 1
64 63 1
65 5 1
66 6 1
66 11 1
67 6 1
67 7 1
68 7 1
68 36 1
69 7 1
69 67 1
69 68 1
70 6 1
70 11 1
70 66 1
70 67 1
71 16 1
71 37 1
71 66 1
71 70 1
72 37 1
72 71 1
73 8 1
73 70 1
73 71 1
73 72 1
74 5 1
74 65 1
75 65 1
75 74 1
77 9 1
77 10 1
78 7 1
78 68 1
79 6 1
79 11 1
79 67 1
79 70 1
80 27 1
80 38 1
80 39 1
81 26 1
83 45 1
83 46 1
84 26 1
84 81 1
85 12 1
85 15 1
85 16 1
85 27 1
85 37 1
86 26 1
87 26 1
87 84 1
87 86 1
88 87 1
89 47 1
90 47 1
90 48 1
91 47 1
91 48 1
91 90 1
92 47 1
92 48 1
92 89 1
92 90 1
92 91 1
93 17 1
94 18 1
94 23 1
95 18 1
95 19 1
96 19 1
96 50 1
97 19 1
97 95 1
97 96 1
98 18 1
98 23 1
98 94 1
98 95 1
99 51 1
99 94 1
99 98 1
100 51 1
100 99 1
101 20 1
101 94 1
101 98 1
101 99 1
101 100 1
102 17 1
102 93 1
103 93 1
103 102 1
105 21 1
105 22 1
105 44 1
106 19 1
106 96 1
107 17 1
107 18 1
107 23 1
107 95 1
107 98 1
108 29 1
108 31 1
108 59 1
108 60 1
109 108 1
110 29 1
110 31 1
110 108 1
110 109 1
111 24 1
111 25 1
111 30 1
111 58 1
111 59 1
112 56 1
112 59 1
112 60 1
112 108 1
112 109 1
113 29 1
113 31 1
113 55 1
113 60 1
113 61 1
113 108 1
113 110 1
113 112 1
114 35 1
114 36 1
114 68 1
115 6 1
115 16 1
115 67 1
115 69 1
115 70 1
115 71 1
116 9 1
116 10 1
116 37 1
116 77 1
117 36 1
117 37 1
117 76 1
117 114 1
118 5 1
118 6 1
118 11 1
118 67 1
118 70 1
118 74 1
118 79 1
118 115 1
119 40 1
119 44 1
119 45 1
119 87 1
119 88 1
120 42 1
121 44 1
121 119 1
122 40 1
122 45 1
122 46 1
122 83 1
122 119 1
122 121 1
123 12 1
123 26 1
123 27 1
123 42 1
123 86 1
123 87 1
124 84 1
124 87 1
124 88 1
124 119 1
125 40 1
125 45 1
125 82 1
125 88 1
125 89 1
125 119 1
125 124 1
126 49 1
126 50 1
126 96 1
127 18 1
127 95 1
127 98 1
127 99 1
128 21 1
128 22 1
128 51 1
128 104 1
128 105 1
129 50 1
129 51 1
129 104 1
129 126 1
130 17 1
130 18 1
130 23 1
130 95 1
130 98 1
130 102 1
130 107 1
130 127 1
131 24 1
131 28 1
131 52 1
131 53 1
132 0 1
132 3 1
132 25 1
132 28 1
132 53 1
132 57 1
133 24 1
133 54 1
133 56 1
133 59 1
133 112 1
134 54 1
134 55 1
134 133 1
135 30 1
135 58 1
135 111 1
136 135 1
137 2 1
137 29 1
137 31 1
137 32 1
137 110 1
138 24 1
138 54 1
138 56 1
138 59 1
138 60 1
138 112 1
138 133 1
138 134 1
139 3 1
139 4 1
139 57 1
140 3 1
140 4 1
140 139 1
141 29 1
141 31 1
141 33 1
141 61 1
141 113 1
142 33 1
142 34 1
142 61 1
142 62 1
142 63 1
142 64 1
142 141 1
143 9 1
143 33 1
143 34 1
143 62 1
143 63 1
143 64 1
143 77 1
143 142 1
144 5 1
144 65 1
144 74 1
144 75 1
145 5 1
145 65 1
145 74 1
145 75 1
145 144 1
146 6 1
146 11 1
146 66 1
146 70 1
146 71 1
146 79 1
146 115 1
147 35 1
147 36 1
147 68 1
147 78 1
147 114 1
147 117 1
148 6 1
148 66 1
148 70 1
148 71 1
148 72 1
148 73 1
148 115 1
148 146 1
149 37 1
149 70 1
149 71 1
149 72 1
149 73 1
149 115 1
149 148 1
150 8 1
150 9 1
150 73 1
150 116 1
150 143 1
151 65 1
151 74 1
151 75 1
151 118 1
151 144 1
151 145 1
152 9 1
152 10 1
152 77 1
152 116 1
153 9 1
153 10 1
153 76 1
153 116 1
153 117 1
153 152 1
154 38 1
154 80 1
155 12 1
155 15 1
155 27 1
155 38 1
155 39 1
155 80 1
155 85 1
156 26 1
156 81 1
156 82 1
156 84 1
156 87 1
156 124 1
157 81 1
157 82 1
157 84 1
157 88 1
157 124 1
157 156 1
158 42 1
158 86 1
158 120 1
158 123 1
159 41 1
159 120 1
160 14 1
160 40 1
160 45 1
160 46 1
160 83 1
160 122 1
161 45 1
161 46 1
161 83 1
161 122 1
161 160 1
162 81 1
162 84 1
162 87 1
162 88 1
162 124 1
162 156 1
162 157 1
163 47 1
163 48 1
163 89 1
163 90 1
163 91 1
163 92 1
163 119 1
163 121 1
164 21 1
164 47 1
164 48 1
164 90 1
164 91 1
164 92 1
164 105 1
164 163 1
165 17 1
165 93 1
165 102 1
165 103 1
166 17 1
166 93 1
166 102 1
166 103 1
166 165 1
167 18 1
167 23 1
167 94 1
167 98 1
167 99 1
167 107 1
167 127 1
168 49 1
168 50 1
168 96 1
168 106 1
168 126 1
168 129 1
169 18 1
169 94 1
169 98 1
169 99 1
169 100 1
169 101 1
169 127 1
169 167 1
170 51 1
170 98 1
170 99 1
170 100 1
170 101 1
170 127 1
170 169 1
171 20 1
171 21 1
171 101 1
171 128 1
171 164 1
172 93 1
172 102 1
172 103 1
172 130 1
172 165 1
172 166 1
173 21 1
173 22 1
173 105 1
173 128 1
174 21 1
174 22 1
174 104 1
174 128 1
174 129 1
174 173 1
175 58 1
175 59 1
175 108 1
175 109 1
175 112 1
176 1 1
176 24 1
176 25 1
176 52 1
176 58 1
176 59 1
176 111 1
176 131 1
176 135 1
177 7 1
177 74 1
177 75 1
177 78 1
177 144 1
177 151 1
178 7 1
178 67 1
178 68 1
178 69 1
178 74 1
178 75 1
178 78 1
178 144 1
178 151 1
178 177 1
179 44 1
179 86 1
179 87 1
179 119 1
179 121 1
179 124 1
180 13 1
180 26 1
180 27 1
180 86 1
180 87 1
180 123 1
180 154 1
181 19 1
181 102 1
181 103 1
181 106 1
181 165 1
181 172 1
182 19 1
182 95 1
182 96 1
182 97 1
182 102 1
182 103 1
182 106 1
182 165 1
182 172 1
182 181 1
183 0 1
183 1 1
183 28 1
183 53 1
183 131 1
183 132 1
184 24 1
184 52 1
184 54 1
184 56 1
184 58 1
184 131 1
184 133 1
184 176 1
185 2 1
185 29 1
185 31 1
185 32 1
185 61 1
185 137 1
185 141 1
186 0 1
186 3 1
186 25 1
186 32 1
186 57 1
186 137 1
187 0 1
187 1 1
187 2 1
187 32 1
187 137 1
187 183 1
187 186 1
188 0 1
188 1 1
188 2 1
188 24 1
188 32 1
188 56 1
188 59 1
188 137 1
188 187 1
189 0 1
189 1 1
189 24 1
189 25 1
189 28 1
189 52 1
189 58 1
189 111 1
189 131 1
189 132 1
189 135 1
189 176 1
189 183 1
189 184 1
189 188 1
190 8 1
190 9 1
190 33 1
190 34 1
190 61 1
190 62 1
190 64 1
190 141 1
190 142 1
190 143 1
190 150 1
191 8 1
191 29 1
191 33 1
191 34 1
191 61 1
191 64 1
191 141 1
191 142 1
191 143 1
191 150 1
191 190 1
192 29 1
192 61 1
192 75 1
192 141 1
192 144 1
192 177 1
192 185 1
193 6 1
193 11 1
193 66 1
193 67 1
193 70 1
193 71 1
193 79 1
193 115 1
193 118 1
193 146 1
193 148 1
194 6 1
194 11 1
194 66 1
194 70 1
194 71 1
194 72 1
194 73 1
194 115 1
194 146 1
194 148 1
194 149 1
194 193 1
195 8 1
195 73 1
195 74 1
195 75 1
195 150 1
195 178 1
195 194 1
196 8 1
196 68 1
196 78 1
196 141 1
196 147 1
196 177 1
196 178 1
196 191 1
196 192 1
197 10 1
197 76 1
197 77 1
197 114 1
197 116 1
197 117 1
197 152 1
197 153 1
198 12 1
198 13 1
198 14 1
198 38 1
198 39 1
198 80 1
198 154 1
198 155 1
199 26 1
199 81 1
199 84 1
199 86 1
199 154 1
199 156 1
199 180 1
200 14 1
200 40 1
200 45 1
200 46 1
200 160 1
201 12 1
201 15 1
201 27 1
201 46 1
201 83 1
201 85 1
201 161 1
202 12 1
202 13 1
202 14 1
202 46 1
202 160 1
202 198 1
202 201 1
203 12 1
203 13 1
203 14 1
203 26 1
203 46 1
203 84 1
203 87 1
203 119 1
203 160 1
203 202 1
204 12 1
204 13 1
204 26 1
204 27 1
204 38 1
204 86 1
204 123 1
204 154 1
204 155 1
204 158 1
204 180 1
204 198 1
204 199 1
205 16 1
205 42 1
205 120 1
206 20 1
206 21 1
206 47 1
206 48 1
206 89 1
206 90 1
206 92 1
206 163 1
206 164 1
206 171 1
207 20 1
207 47 1
207 48 1
207 88 1
207 89 1
207 92 1
207 125 1
207 163 1
207 164 1
207 171 1
207 206 1
208 89 1
208 103 1
208 106 1
208 165 1
208 181 1
208 207 1
209 18 1
209 23 1
209 94 1
209 95 1
209 98 1
209 107 1
209 127 1
209 130 1
209 167 1
209 169 1
210 18 1
210 23 1
210 94 1
210 98 1
210 99 1
210 100 1
210 101 1
210 127 1
210 167 1
210 169 1
210 170 1
210 209 1
211 20 1
211 101 1
211 102 1
211 103 1
211 171 1
211 182 1
211 210 1
212 20 1
212 96 1
212 103 1
212 106 1
212 168 1
212 181 1
212 182 1
212 207 1
212 208 1
213 22 1
213 104 1
213 105 1
213 126 1
213 128 1
213 129 1
213 173 1
213 174 1
214 1 1
214 24 1
214 25 1
214 28 1
214 52 1
214 58 1
214 111 1
214 131 1
214 176 1
214 183 1
214 184 1
214 189 1
215 24 1
215 54 1
215 56 1
215 58 1
215 59 1
215 133 1
215 176 1
215 184 1
215 214 1
216 0 1
216 1 1
216 3 1
216 25 1
216 32 1
216 57 1
216 132 1
216 137 1
216 186 1
216 187 1
217 2 1
217 54 1
217 55 1
217 56 1
217 59 1
217 60 1
217 112 1
217 113 1
217 133 1
217 134 1
217 138 1
217 188 1
218 0 1
218 3 1
218 4 1
218 25 1
218 53 1
218 57 1
218 132 1
218 139 1
218 189 1
219 29 1
219 31 1
219 33 1
219 60 1
219 61 1
219 108 1
219 113 1
219 141 1
219 191 1
220 5 1
220 6 1
220 74 1
220 118 1
220 145 1
220 195 1
221 10 1
221 35 1
221 77 1
221 147 1
222 35 1
222 36 1
222 114 1
222 147 1
222 197 1
222 221 1
223 5 1
223 65 1
223 67 1
223 74 1
223 75 1
223 118 1
223 144 1
223 145 1
223 151 1
223 177 1
223 178 1
223 220 1
224 9 1
224 10 1
224 34 1
224 77 1
224 116 1
224 142 1
224 143 1
224 150 1
224 152 1
224 190 1
224 191 1
225 9 1
225 10 1
225 37 1
225 76 1
225 116 1
225 117 1
225 152 1
225 153 1
225 197 1
226 37 1
226 76 1
226 114 1
226 117 1
226 153 1
226 197 1
226 225 1
227 9 1
227 10 1
227 35 1
227 68 1
227 77 1
227 78 1
227 147 1
227 190 1
227 191 1
227 196 1
227 221 1
227 224 1
228 7 1
228 65 1
228 67 1
228 69 1
228 74 1
228 75 1
228 118 1
228 144 1
228 151 1
228 177 1
228 178 1
228 223 1
229 5 1
229 6 1
229 11 1
229 66 1
229 70 1
229 79 1
229 118 1
229 146 1
229 193 1
229 194 1
229 220 1
230 38 1
230 39 1
230 80 1
230 155 1
230 198 1
231 13 1
231 26 1
231 27 1
231 38 1
231 80 1
231 86 1
231 123 1
231 154 1
231 180 1
231 198 1
231 199 1
231 204 1
232 26 1
232 81 1
232 84 1
232 86 1
232 87 1
232 156 1
232 180 1
232 199 1
232 231 1
233 41 1
233 42 1
233 120 1
233 123 1
233 158 1
233 159 1
233 205 1
234 22 1
234 43 1
234 44 1
234 105 1
234 121 1
234 179 1
235 44 1
235 87 1
235 105 1
235 119 1
235 121 1
235 124 1
235 163 1
235 179 1
235 234 1
236 40 1
236 45 1
236 46 1
236 83 1
236 122 1
236 160 1
236 161 1
236 200 1
236 201 1
237 12 1
237 13 1
237 15 1
237 27 1
237 46 1
237 83 1
237 85 1
237 155 1
237 160 1
237 161 1
237 201 1
237 202 1
237 236 1
238 14 1
238 81 1
238 82 1
238 84 1
238 87 1
238 88 1
238 124 1
238 125 1
238 156 1
238 157 1
238 162 1
238 203 1
239 12 1
239 15 1
239 16 1
239 27 1
239 39 1
239 71 1
239 80 1
239 85 1
239 155 1
239 204 1
240 40 1
240 47 1
240 82 1
240 88 1
240 89 1
240 119 1
240 124 1
240 125 1
240 207 1
240 208 1
241 17 1
241 18 1
241 102 1
241 107 1
241 130 1
241 166 1
241 211 1
242 22 1
242 49 1
242 105 1
242 213 1
243 49 1
243 50 1
243 126 1
243 168 1
243 242 1
244 17 1
244 93 1
244 95 1
244 102 1
244 103 1
244 107 1
244 130 1
244 165 1
244 166 1
244 172 1
244 181 1
244 182 1
244 211 1
244 241 1
245 21 1
245 22 1
245 44 1
245 48 1
245 105 1
245 128 1
245 163 1
245 164 1
245 171 1
245 173 1
245 206 1
245 207 1
245 234 1
245 235 1
246 21 1
246 22 1
246 51 1
246 104 1
246 128 1
246 129 1
246 173 1
246 174 1
246 213 1
247 51 1
247 104 1
247 126 1
247 129 1
247 174 1
247 213 1
247 246 1
248 21 1
248 22 1
248 49 1
248 96 1
248 105 1
248 106 1
248 168 1
248 206 1
248 207 1
248 212 1
248 242 1
248 243 1
248 245 1
249 19 1
249 95 1
249 97 1
249 102 1
249 103 1
249 130 1
249 165 1
249 172 1
249 181 1
249 182 1
249 244 1
250 17 1
250 18 1
250 23 1
250 94 1
250 98 1
250 107 1
250 130 1
250 167 1
250 209 1
250 210 1
250 241 1
251 0 1
251 1 1
251 25 1
251 28 1
251 52 1
251 53 1
251 131 1
251 132 1
251 176 1
251 183 1
251 189 1
251 214 1
251 218 1
252 4 1
252 30 1
252 111 1
252 135 1
252 136 1
253 4 1
253 136 1
253 252 1
254 2 1
254 29 1
254 31 1
254 32 1
254 61 1
254 110 1
254 113 1
254 137 1
254 185 1
254 187 1
254 188 1
255 0 1
255 3 1
255 4 1
255 25 1
255 111 1
255 135 1
255 189 1
255 218 1
255 252 1
255 253 1
256 24 1
256 56 1
256 59 1
256 60 1
256 108 1
256 109 1
256 112 1
256 113 1
256 133 1
256 138 1
256 175 1
256 188 1
256 217 1
257 8 1
257 33 1
257 34 1
257 61 1
257 62 1
257 63 1
257 64 1
257 141 1
257 142 1
257 143 1
257 150 1
257 190 1
257 191 1
258 7 1
258 36 1
258 67 1
258 68 1
258 69 1
258 78 1
258 147 1
258 177 1
258 178 1
258 196 1
259 35 1
259 36 1
259 68 1
259 114 1
259 117 1
259 147 1
259 221 1
259 222 1
259 227 1
260 7 1
260 67 1
260 69 1
260 70 1
260 115 1
260 258 1
261 16 1
261 37 1
261 71 1
261 72 1
261 85 1
261 115 1
261 149 1
261 239 1
261 260 1
262 9 1
262 36 1
262 37 1
262 71 1
262 72 1
262 73 1
262 116 1
262 147 1
262 149 1
262 150 1
262 261 1
263 8 1
263 9 1
263 73 1
263 147 1
263 149 1
263 150 1
263 190 1
263 195 1
263 227 1
263 262 1
264 8 1
264 9 1
264 10 1
264 77 1
264 116 1
264 142 1
264 143 1
264 150 1
264 190 1
264 191 1
264 196 1
264 224 1
264 227 1
264 263 1
265 9 1
265 10 1
265 77 1
265 116 1
265 147 1
265 190 1
265 197 1
265 221 1
265 224 1
265 227 1
265 263 1
265 264 1
266 7 1
266 68 1
266 69 1
266 75 1
266 78 1
266 147 1
266 177 1
266 178 1
266 192 1
266 195 1
266 196 1
266 227 1
266 228 1
266 258 1
266 263 1
267 7 1
267 67 1
267 74 1
267 75 1
267 118 1
267 144 1
267 151 1
267 177 1
267 178 1
267 195 1
267 220 1
267 223 1
267 228 1
267 258 1
267 266 1
268 12 1
268 13 1
268 27 1
268 38 1
268 39 1
268 80 1
268 154 1
268 155 1
268 180 1
268 198 1
268 204 1
268 231 1
268 239 1
269 16 1
269 41 1
269 42 1
269 120 1
269 123 1
269 158 1
269 159 1
269 205 1
269 233 1
270 16 1
270 41 1
270 159 1
270 233 1
270 269 1
271 42 1
271 43 1
271 44 1
271 121 1
271 179 1
271 234 1
271 235 1
272 14 1
272 40 1
272 45 1
272 46 1
272 83 1
272 119 1
272 122 1
272 125 1
272 160 1
272 161 1
272 200 1
272 202 1
272 203 1
272 236 1
273 12 1
273 15 1
273 16 1
273 27 1
273 120 1
273 123 1
273 158 1
273 204 1
273 205 1
273 239 1
273 269 1
273 270 1
274 26 1
274 84 1
274 87 1
274 88 1
274 119 1
274 121 1
274 124 1
274 125 1
274 156 1
274 157 1
274 162 1
274 179 1
274 203 1
274 235 1
274 238 1
275 20 1
275 47 1
275 48 1
275 89 1
275 90 1
275 91 1
275 92 1
275 163 1
275 164 1
275 171 1
275 206 1
275 207 1
276 19 1
276 50 1
276 95 1
276 96 1
276 97 1
276 106 1
276 168 1
276 181 1
276 182 1
276 212 1
277 49 1
277 50 1
277 96 1
277 126 1
277 129 1
277 168 1
277 242 1
277 243 1
277 248 1
278 19 1
278 95 1
278 97 1
278 127 1
278 276 1
279 51 1
279 99 1
279 100 1
279 127 1
279 170 1
279 278 1
280 21 1
280 50 1
280 51 1
280 99 1
280 100 1
280 101 1
280 128 1
280 168 1
280 170 1
280 171 1
280 279 1
281 20 1
281 21 1
281 101 1
281 170 1
281 171 1
281 206 1
281 211 1
281 248 1
281 276 1
281 280 1
282 20 1
282 21 1
282 22 1
282 105 1
282 128 1
282 163 1
282 164 1
282 171 1
282 206 1
282 207 1
282 245 1
282 248 1
282 281 1
283 21 1
283 22 1
283 49 1
283 105 1
283 126 1
283 128 1
283 168 1
283 171 1
283 206 1
283 213 1
283 242 1
283 243 1
283 245 1
283 248 1
283 281 1
283 282 1
284 19 1
284 20 1
284 96 1
284 97 1
284 103 1
284 106 1
284 168 1
284 181 1
284 182 1
284 208 1
284 211 1
284 212 1
284 248 1
284 249 1
284 276 1
284 281 1
285 19 1
285 95 1
285 102 1
285 103 1
285 130 1
285 165 1
285 172 1
285 181 1
285 182 1
285 211 1
285 241 1
285 244 1
285 249 1
285 276 1
285 284 1
286 2 1
286 29 1
286 55 1
286 60 1
286 113 1
286 134 1
286 188 1
286 217 1
286 256 1
287 2 1
287 29 1
287 31 1
287 32 1
287 55 1
287 61 1
287 113 1
287 137 1
287 141 1
287 185 1
287 188 1
287 192 1
287 219 1
287 254 1
287 286 1
288 1 1
288 2 1
288 24 1
288 54 1
288 55 1
288 56 1
288 59 1
288 133 1
288 138 1
288 184 1
288 187 1
288 188 1
288 217 1
288 256 1
288 286 1
289 5 1
289 8 1
289 65 1
289 74 1
289 75 1
289 144 1
289 151 1
289 177 1
289 178 1
289 192 1
289 195 1
289 220 1
289 223 1
289 266 1
289 267 1
290 14 1
290 82 1
290 88 1
290 125 1
290 157 1
290 203 1
290 238 1
290 240 1
290 274 1
291 14 1
291 40 1
291 45 1
291 46 1
291 82 1
291 125 1
291 160 1
291 200 1
291 203 1
291 240 1
291 272 1
291 290 1
292 13 1
292 14 1
292 26 1
292 81 1
292 82 1
292 84 1
292 87 1
292 124 1
292 156 1
292 157 1
292 162 1
292 199 1
292 202 1
292 203 1
292 238 1
292 274 1
292 290 1
293 17 1
293 20 1
293 102 1
293 103 1
293 165 1
293 166 1
293 172 1
293 181 1
293 182 1
293 208 1
293 211 1
293 241 1
293 244 1
293 284 1
293 285 1
294 3 1
294 4 1
294 57 1
294 139 1
294 140 1
294 218 1
294 255 1
295 5 1
295 6 1
295 11 1
295 66 1
295 70 1
295 79 1
295 118 1
295 146 1
295 148 1
295 193 1
295 194 1
295 195 1
295 220 1
295 229 1
296 16 1
296 37 1
296 39 1
296 71 1
296 72 1
296 80 1
296 85 1
296 115 1
296 148 1
296 149 1
296 155 1
296 239 1
296 261 1
296 262 1
297 9 1
297 10 1
297 77 1
297 116 1
297 152 1
297 153 1
297 197 1
297 224 1
297 265 1
298 15 1
298 16 1
298 70 1
298 71 1
298 85 1
298 115 1
298 149 1
298 205 1
298 239 1
298 260 1
298 261 1
298 273 1
298 296 1
299 17 1
299 18 1
299 23 1
299 94 1
299 98 1
299 107 1
299 130 1
299 167 1
299 169 1
299 209 1
299 210 1
299 211 1
299 241 1
299 250 1
300 51 1
300 99 1
300 100 1
300 127 1
300 169 1
300 170 1
300 279 1
300 280 1
301 21 1
301 22 1
301 44 1
301 105 1
301 128 1
301 173 1
301 174 1
301 213 1
301 234 1
301 245 1
301 283 1
302 28 1
302 53 1
302 132 1
302 183 1
302 187 1
303 2 1
303 29 1
303 31 1
303 32 1
303 55 1
303 60 1
303 113 1
303 137 1
303 141 1
303 185 1
303 188 1
303 192 1
303 217 1
303 219 1
303 254 1
303 256 1
303 286 1
303 287 1
303 288 1
304 0 1
304 3 1
304 4 1
304 25 1
304 57 1
304 132 1
304 139 1
304 140 1
304 218 1
304 255 1
304 294 1
305 5 1
305 6 1
305 8 1
305 11 1
305 66 1
305 70 1
305 73 1
305 74 1
305 79 1
305 118 1
305 146 1
305 193 1
305 194 1
305 195 1
305 220 1
305 223 1
305 229 1
305 267 1
305 289 1
305 295 1
306 9 1
306 37 1
306 72 1
306 73 1
306 116 1
306 149 1
306 150 1
306 152 1
306 261 1
306 262 1
306 263 1
306 264 1
306 265 1
306 296 1
307 9 1
307 10 1
307 77 1
307 116 1
307 143 1
307 150 1
307 152 1
307 153 1
307 190 1
307 224 1
307 264 1
307 265 1
307 297 1
307 306 1
308 10 1
308 76 1
308 77 1
308 116 1
308 117 1
308 152 1
308 153 1
308 197 1
308 225 1
308 297 1
308 307 1
309 10 1
309 76 1
309 77 1
309 116 1
309 152 1
309 153 1
309 197 1
309 225 1
309 297 1
309 307 1
309 308 1
310 38 1
310 39 1
310 80 1
310 155 1
310 198 1
310 202 1
310 230 1
311 14 1
311 40 1
311 82 1
311 88 1
311 125 1
311 160 1
311 200 1
311 203 1
311 238 1
311 240 1
311 272 1
311 274 1
311 290 1
311 291 1
311 292 1
312 12 1
312 15 1
312 16 1
312 27 1
312 71 1
312 85 1
312 155 1
312 201 1
312 239 1
312 261 1
312 273 1
312 296 1
312 298 1
313 16 1
313 205 1
313 269 1
313 298 1
314 16 1
314 115 1
314 205 1
314 260 1
314 298 1
314 312 1
314 313 1
315 17 1
315 18 1
315 20 1
315 23 1
315 94 1
315 98 1
315 101 1
315 102 1
315 107 1
315 130 1
315 167 1
315 209 1
315 210 1
315 211 1
315 241 1
315 244 1
315 250 1
315 285 1
315 293 1
315 299 1
316 21 1
316 51 1
316 100 1
316 101 1
316 128 1
316 170 1
316 171 1
316 173 1
316 246 1
316 279 1
316 280 1
316 281 1
316 282 1
316 283 1
316 300 1
317 21 1
317 22 1
317 44 1
317 105 1
317 128 1
317 164 1
317 171 1
317 173 1
317 174 1
317 234 1
317 245 1
317 282 1
317 283 1
317 301 1
317 316 1
318 22 1
318 104 1
318 105 1
318 128 1
318 129 1
318 173 1
318 174 1
318 213 1
318 246 1
318 247 1
318 301 1
318 317 1
319 22 1
319 104 1
319 105 1
319 128 1
319 173 1
319 174 1
319 213 1
319 234 1
319 246 1
319 301 1
319 317 1
319 318 1
320 55 1
320 75 1
320 78 1
320 144 1
320 177 1
320 178 1
320 185 1
320 192 1
320 196 1
320 266 1
320 287 1
320 303 1
321 7 1
321 36 1
321 68 1
321 69 1
321 78 1
321 114 1
321 147 1
321 258 1
321 259 1
321 260 1
321 266 1
322 5 1
322 6 1
322 8 1
322 66 1
322 73 1
322 74 1
322 194 1
322 195 1
322 220 1
322 263 1
322 267 1
322 289 1
322 295 1
322 305 1
323 76 1
323 114 1
323 117 1
323 153 1
323 197 1
323 222 1
323 225 1
323 226 1
323 308 1
323 309 1
324 38 1
324 39 1
324 80 1
324 155 1
324 198 1
324 230 1
324 310 1
325 103 1
325 106 1
325 165 1
325 181 1
325 182 1
325 208 1
325 212 1
325 284 1
326 19 1
326 50 1
326 96 1
326 97 1
326 106 1
326 126 1
326 168 1
326 276 1
326 277 1
326 278 1
326 284 1
327 17 1
327 18 1
327 20 1
327 94 1
327 101 1
327 102 1
327 210 1
327 211 1
327 241 1
327 281 1
327 285 1
327 293 1
327 299 1
327 315 1
328 104 1
328 126 1
328 129 1
328 174 1
328 213 1
328 243 1
328 246 1
328 247 1
328 277 1
328 318 1
328 319 1
329 24 1
329 54 1
329 56 1
329 59 1
329 133 1
329 138 1
329 176 1
329 184 1
329 215 1
330 29 1
330 31 1
330 33 1
330 60 1
330 61 1
330 108 1
330 110 1
330 113 1
330 137 1
330 141 1
330 185 1
330 219 1
330 254 1
330 287 1
330 303 1
331 8 1
331 29 1
331 33 1
331 61 1
331 141 1
331 142 1
331 190 1
331 191 1
331 192 1
331 196 1
331 219 1
331 227 1
331 257 1
331 264 1
331 289 1
331 320 1
332 29 1
332 33 1
332 61 1
332 78 1
332 113 1
332 141 1
332 177 1
332 185 1
332 191 1
332 192 1
332 196 1
332 219 1
332 287 1
332 303 1
332 320 1
332 330 1
332 331 1
333 65 1
333 74 1
333 75 1
333 144 1
333 145 1
333 151 1
333 177 1
333 185 1
333 192 1
333 223 1
333 287 1
333 289 1
333 320 1
334 7 1
334 36 1
334 68 1
334 69 1
334 147 1
334 258 1
334 260 1
334 266 1
334 321 1
335 7 1
335 16 1
335 67 1
335 69 1
335 70 1
335 115 1
335 118 1
335 149 1
335 193 1
335 194 1
335 260 1
335 298 1
335 313 1
335 314 1
335 334 1
336 8 1
336 66 1
336 73 1
336 148 1
336 149 1
336 150 1
336 190 1
336 194 1
336 195 1
336 257 1
336 263 1
336 289 1
336 295 1
336 305 1
336 306 1
336 322 1
337 5 1
337 8 1
337 73 1
337 74 1
337 75 1
337 195 1
337 220 1
337 257 1
337 289 1
337 295 1
337 305 1
337 322 1
337 331 1
337 336 1
338 26 1
338 81 1
338 84 1
338 87 1
338 156 1
338 162 1
338 180 1
338 199 1
338 232 1
339 40 1
339 45 1
339 47 1
339 88 1
339 89 1
339 119 1
339 122 1
339 125 1
339 163 1
339 200 1
339 240 1
339 272 1
339 291 1
339 311 1
340 42 1
340 43 1
340 44 1
340 121 1
340 179 1
340 234 1
340 235 1
340 271 1
340 301 1
341 20 1
341 47 1
341 89 1
341 106 1
341 206 1
341 207 1
341 208 1
341 212 1
341 240 1
341 248 1
341 275 1
341 282 1
341 293 1
341 325 1
342 47 1
342 88 1
342 89 1
342 106 1
342 125 1
342 181 1
342 207 1
342 208 1
342 212 1
342 240 1
342 325 1
342 341 1
343 93 1
343 102 1
343 103 1
343 165 1
343 166 1
343 172 1
343 181 1
343 208 1
343 244 1
343 293 1
343 325 1
344 19 1
344 50 1
344 96 1
344 97 1
344 168 1
344 276 1
344 278 1
344 284 1
344 326 1
345 19 1
345 95 1
345 97 1
345 98 1
345 127 1
345 130 1
345 209 1
345 210 1
345 249 1
345 278 1
345 344 1
346 20 1
346 94 1
346 101 1
346 169 1
346 171 1
346 206 1
346 210 1
346 211 1
346 275 1
346 281 1
346 293 1
346 299 1
346 315 1
346 316 1
346 327 1
347 17 1
347 20 1
347 101 1
347 102 1
347 211 1
347 241 1
347 275 1
347 293 1
347 299 1
347 315 1
347 327 1
347 341 1
347 346 1
348 0 1
348 1 1
348 25 1
348 28 1
348 53 1
348 132 1
348 183 1
348 187 1
348 214 1
348 216 1
348 251 1
348 302 1
349 30 1
349 58 1
349 109 1
349 111 1
349 135 1
349 175 1
350 30 1
350 109 1
350 135 1
350 175 1
350 349 1
351 31 1
351 60 1
351 108 1
351 109 1
351 110 1
351 112 1
351 113 1
351 175 1
351 254 1
351 256 1
351 330 1
352 8 1
352 75 1
352 78 1
352 144 1
352 177 1
352 178 1
352 192 1
352 195 1
352 196 1
352 258 1
352 266 1
352 267 1
352 289 1
352 320 1
352 331 1
352 332 1
352 333 1
353 9 1
353 10 1
353 77 1
353 116 1
353 143 1
353 150 1
353 152 1
353 190 1
353 224 1
353 264 1
353 297 1
353 306 1
353 307 1
354 9 1
354 10 1
354 116 1
354 152 1
354 153 1
354 225 1
354 297 1
354 307 1
354 308 1
354 309 1
354 353 1
355 65 1
355 67 1
355 74 1
355 75 1
355 79 1
355 118 1
355 151 1
355 178 1
355 193 1
355 223 1
355 228 1
355 229 1
355 267 1
355 305 1
355 335 1
356 12 1
356 13 1
356 27 1
356 38 1
356 39 1
356 80 1
356 155 1
356 198 1
356 202 1
356 230 1
356 231 1
356 237 1
356 268 1
356 310 1
356 324 1
357 42 1
357 43 1
357 44 1
357 86 1
357 120 1
357 121 1
357 123 1
357 158 1
357 179 1
357 233 1
357 234 1
357 235 1
357 271 1
357 340 1
358 42 1
358 43 1
358 44 1
358 121 1
358 158 1
358 179 1
358 234 1
358 235 1
358 271 1
358 340 1
358 357 1
359 44 1
359 45 1
359 48 1
359 83 1
359 119 1
359 121 1
359 122 1
359 125 1
359 163 1
359 179 1
359 235 1
359 272 1
359 339 1
360 20 1
360 103 1
360 106 1
360 165 1
360 172 1
360 181 1
360 182 1
360 208 1
360 211 1
360 212 1
360 276 1
360 284 1
360 285 1
360 293 1
360 325 1
360 341 1
360 342 1
360 343 1
361 21 1
361 22 1
361 105 1
361 128 1
361 164 1
361 171 1
361 173 1
361 206 1
361 245 1
361 282 1
361 301 1
361 316 1
361 317 1
362 21 1
362 22 1
362 128 1
362 173 1
362 174 1
362 246 1
362 301 1
362 317 1
362 318 1
362 319 1
362 361 1
363 95 1
363 102 1
363 103 1
363 107 1
363 130 1
363 172 1
363 182 1
363 209 1
363 244 1
363 249 1
363 285 1
363 315 1
363 345 1
364 54 1
364 55 1
364 56 1
364 133 1
364 134 1
364 138 1
364 217 1
364 288 1
364 329 1
365 55 1
365 133 1
365 134 1
365 217 1
365 286 1
365 288 1
365 364 1
366 30 1
366 58 1
366 59 1
366 111 1
366 135 1
366 175 1
366 176 1
366 349 1
366 350 1
367 1 1
367 2 1
367 24 1
367 32 1
367 55 1
367 56 1
367 183 1
367 187 1
367 188 1
367 214 1
367 217 1
367 286 1
367 287 1
367 288 1
367 303 1
368 0 1
368 1 1
368 3 1
368 25 1
368 28 1
368 52 1
368 53 1
368 58 1
368 111 1
368 131 1
368 132 1
368 135 1
368 176 1
368 189 1
368 214 1
368 218 1
368 251 1
368 252 1
368 253 1
368 255 1
368 304 1
369 3 1
369 4 1
369 25 1
369 57 1
369 132 1
369 139 1
369 218 1
369 252 1
369 253 1
369 255 1
369 294 1
369 304 1
369 368 1
370 8 1
370 33 1
370 34 1
370 61 1
370 62 1
370 63 1
370 64 1
370 142 1
370 143 1
370 150 1
370 190 1
370 191 1
370 257 1
370 336 1
371 65 1
371 75 1
371 144 1
371 151 1
371 177 1
371 178 1
371 185 1
371 192 1
371 287 1
371 320 1
371 332 1
371 333 1
371 352 1
372 42 1
372 43 1
372 86 1
372 87 1
372 120 1
372 123 1
372 158 1
372 179 1
372 180 1
372 233 1
372 271 1
372 357 1
372 358 1
373 41 1
373 42 1
373 120 1
373 158 1
373 159 1
373 205 1
373 233 1
373 269 1
373 270 1
374 13 1
374 14 1
374 46 1
374 82 1
374 198 1
374 202 1
374 203 1
374 231 1
374 238 1
374 290 1
374 291 1
374 292 1
374 311 1
375 12 1
375 15 1
375 27 1
375 38 1
375 80 1
375 86 1
375 123 1
375 154 1
375 155 1
375 180 1
375 204 1
375 231 1
375 239 1
375 268 1
375 269 1
375 270 1
375 273 1
375 312 1
376 15 1
376 16 1
376 27 1
376 71 1
376 85 1
376 155 1
376 205 1
376 239 1
376 269 1
376 270 1
376 273 1
376 296 1
376 298 1
376 312 1
376 313 1
376 314 1
376 375 1
377 20 1
377 47 1
377 48 1
377 89 1
377 90 1
377 91 1
377 92 1
377 163 1
377 164 1
377 171 1
377 206 1
377 207 1
377 275 1
377 346 1
378 93 1
378 103 1
378 165 1
378 172 1
378 181 1
378 182 1
378 208 1
378 212 1
378 325 1
378 342 1
378 343 1
378 360 1
379 28 1
379 52 1
379 53 1
379 131 1
379 183 1
379 184 1
379 189 1
379 214 1
379 251 1
379 348 1
379 368 1
380 0 1
380 1 1
380 3 1
380 25 1
380 28 1
380 53 1
380 57 1
380 131 1
380 132 1
380 183 1
380 187 1
380 189 1
380 214 1
380 216 1
380 218 1
380 251 1
380 255 1
380 302 1
380 304 1
380 348 1
380 368 1
380 369 1
380 379 1
381 24 1
381 28 1
381 52 1
381 58 1
381 131 1
381 176 1
381 184 1
381 189 1
381 214 1
381 215 1
381 251 1
381 329 1
381 368 1
381 379 1
382 2 1
382 29 1
382 31 1
382 60 1
382 108 1
382 109 1
382 110 1
382 112 1
382 113 1
382 141 1
382 188 1
382 219 1
382 254 1
382 256 1
382 287 1
382 303 1
382 330 1
382 351 1
383 59 1
383 60 1
383 108 1
383 109 1
383 110 1
383 112 1
383 113 1
383 138 1
383 175 1
383 188 1
383 256 1
383 350 1
383 351 1
383 382 1
384 0 1
384 3 1
384 31 1
384 32 1
384 110 1
384 137 1
384 186 1
384 216 1
384 254 1
384 351 1
385 54 1
385 55 1
385 56 1
385 59 1
385 60 1
385 108 1
385 112 1
385 113 1
385 133 1
385 134 1
385 138 1
385 188 1
385 217 1
385 256 1
385 286 1
385 288 1
385 303 1
385 364 1
385 365 1
385 382 1
385 383 1
386 24 1
386 54 1
386 56 1
386 58 1
386 59 1
386 112 1
386 133 1
386 138 1
386 175 1
386 176 1
386 184 1
386 215 1
386 217 1
386 256 1
386 288 1
386 329 1
386 381 1
386 383 1
386 385 1
387 4 1
387 25 1
387 52 1
387 58 1
387 111 1
387 135 1
387 136 1
387 176 1
387 189 1
387 214 1
387 218 1
387 251 1
387 252 1
387 253 1
387 255 1
387 366 1
387 368 1
387 369 1
387 380 1
388 1 1
388 24 1
388 56 1
388 58 1
388 59 1
388 111 1
388 112 1
388 135 1
388 175 1
388 176 1
388 184 1
388 188 1
388 189 1
388 215 1
388 256 1
388 288 1
388 349 1
388 350 1
388 366 1
388 383 1
388 386 1
388 387 1
389 6 1
389 7 1
389 67 1
389 70 1
389 79 1
389 115 1
389 118 1
389 146 1
389 193 1
389 194 1
389 195 1
389 223 1
389 228 1
389 229 1
389 260 1
389 267 1
389 295 1
389 305 1
389 322 1
389 335 1
389 355 1
390 7 1
390 67 1
390 69 1
390 115 1
390 118 1
390 151 1
390 177 1
390 178 1
390 193 1
390 195 1
390 223 1
390 228 1
390 258 1
390 260 1
390 266 1
390 267 1
390 334 1
390 335 1
390 355 1
390 389 1
391 8 1
391 33 1
391 61 1
391 78 1
391 141 1
391 143 1
391 147 1
391 150 1
391 177 1
391 190 1
391 191 1
391 192 1
391 195 1
391 196 1
391 227 1
391 257 1
391 263 1
391 264 1
391 265 1
391 266 1
391 331 1
391 332 1
391 352 1
392 10 1
392 76 1
392 116 1
392 152 1
392 153 1
392 197 1
392 225 1
392 297 1
392 307 1
392 308 1
392 309 1
392 354 1
393 38 1
393 80 1
393 154 1
393 198 1
393 199 1
393 204 1
393 231 1
393 268 1
393 356 1
394 12 1
394 13 1
394 15 1
394 27 1
394 38 1
394 39 1
394 80 1
394 85 1
394 154 1
394 155 1
394 198 1
394 202 1
394 204 1
394 230 1
394 231 1
394 237 1
394 239 1
394 268 1
394 273 1
394 310 1
394 312 1
394 324 1
394 356 1
394 375 1
394 376 1
394 393 1
395 26 1
395 38 1
395 86 1
395 154 1
395 180 1
395 199 1
395 204 1
395 231 1
395 232 1
395 268 1
395 338 1
395 375 1
395 393 1
396 14 1
396 40 1
396 45 1
396 88 1
396 119 1
396 121 1
396 122 1
396 124 1
396 125 1
396 200 1
396 203 1
396 235 1
396 240 1
396 272 1
396 274 1
396 291 1
396 311 1
396 339 1
396 359 1
397 44 1
397 84 1
397 86 1
397 87 1
397 88 1
397 119 1
397 121 1
397 122 1
397 124 1
397 125 1
397 162 1
397 179 1
397 203 1
397 235 1
397 274 1
397 358 1
397 359 1
397 396 1
398 12 1
398 15 1
398 45 1
398 46 1
398 83 1
398 122 1
398 160 1
398 161 1
398 201 1
398 236 1
398 237 1
398 272 1
398 359 1
399 81 1
399 82 1
399 84 1
399 87 1
399 88 1
399 119 1
399 124 1
399 125 1
399 156 1
399 157 1
399 162 1
399 238 1
399 240 1
399 274 1
399 290 1
399 292 1
399 311 1
399 396 1
399 397 1
400 26 1
400 81 1
400 84 1
400 86 1
400 87 1
400 124 1
400 156 1
400 162 1
400 179 1
400 180 1
400 199 1
400 232 1
400 238 1
400 274 1
400 292 1
400 338 1
400 395 1
400 397 1
400 399 1
401 16 1
401 27 1
401 86 1
401 123 1
401 158 1
401 180 1
401 204 1
401 231 1
401 233 1
401 239 1
401 268 1
401 269 1
401 270 1
401 273 1
401 372 1
401 375 1
401 376 1
401 394 1
402 13 1
402 26 1
402 84 1
402 86 1
402 87 1
402 123 1
402 124 1
402 158 1
402 179 1
402 180 1
402 199 1
402 203 1
402 204 1
402 232 1
402 274 1
402 292 1
402 372 1
402 397 1
402 400 1
402 401 1
403 18 1
403 19 1
403 95 1
403 98 1
403 107 1
403 127 1
403 130 1
403 167 1
403 209 1
403 210 1
403 211 1
403 244 1
403 249 1
403 250 1
403 278 1
403 285 1
403 299 1
403 315 1
403 327 1
403 345 1
403 363 1
404 19 1
404 95 1
404 97 1
404 103 1
404 127 1
404 130 1
404 172 1
404 182 1
404 209 1
404 211 1
404 244 1
404 249 1
404 276 1
404 278 1
404 284 1
404 285 1
404 344 1
404 345 1
404 363 1
404 403 1
405 20 1
405 47 1
405 89 1
405 106 1
405 168 1
405 171 1
405 181 1
405 206 1
405 207 1
405 208 1
405 211 1
405 212 1
405 248 1
405 275 1
405 281 1
405 282 1
405 283 1
405 284 1
405 341 1
405 342 1
405 360 1
406 21 1
406 22 1
406 104 1
406 128 1
406 173 1
406 174 1
406 213 1
406 246 1
406 301 1
406 317 1
406 318 1
406 319 1
406 362 1
407 30 1
407 58 1
407 111 1
407 135 1
407 136 1
407 252 1
407 253 1
407 255 1
407 349 1
407 366 1
407 368 1
407 369 1
407 387 1
408 0 1
408 1 1
408 2 1
408 3 1
408 25 1
408 32 1
408 111 1
408 137 1
408 186 1
408 187 1
408 188 1
408 189 1
408 216 1
408 254 1
408 367 1
408 380 1
408 384 1
408 388 1
409 41 1
409 42 1
409 86 1
409 120 1
409 123 1
409 158 1
409 159 1
409 205 1
409 233 1
409 269 1
409 270 1
409 273 1
409 357 1
409 372 1
409 373 1
409 375 1
409 376 1
409 401 1
410 12 1
410 13 1
410 14 1
410 15 1
410 27 1
410 46 1
410 83 1
410 123 1
410 160 1
410 161 1
410 201 1
410 202 1
410 203 1
410 204 1
410 237 1
410 272 1
410 374 1
410 394 1
410 398 1
410 402 1
411 24 1
411 30 1
411 58 1
411 59 1
411 109 1
411 111 1
411 135 1
411 175 1
411 176 1
411 256 1
411 349 1
411 350 1
411 366 1
411 383 1
411 386 1
411 388 1
412 0 1
412 3 1
412 25 1
412 32 1
412 57 1
412 132 1
412 139 1
412 186 1
412 187 1
412 216 1
412 218 1
412 255 1
412 304 1
412 348 1
412 368 1
412 369 1
412 380 1
412 408 1
413 3 1
413 4 1
413 25 1
413 57 1
413 139 1
413 140 1
413 186 1
413 216 1
413 218 1
413 255 1
413 294 1
413 304 1
413 369 1
413 412 1
414 5 1
414 65 1
414 74 1
414 144 1
414 145 1
414 220 1
414 223 1
414 289 1
415 35 1
415 36 1
415 68 1
415 77 1
415 78 1
415 114 1
415 147 1
415 197 1
415 221 1
415 222 1
415 227 1
415 259 1
415 265 1
415 321 1
416 10 1
416 35 1
416 36 1
416 77 1
416 114 1
416 117 1
416 147 1
416 197 1
416 221 1
416 222 1
416 227 1
416 259 1
416 265 1
416 308 1
416 323 1
416 415 1
417 8 1
417 9 1
417 37 1
417 72 1
417 73 1
417 116 1
417 148 1
417 149 1
417 150 1
417 262 1
417 263 1
417 264 1
417 306 1
417 336 1
417 353 1
418 8 1
418 9 1
418 33 1
418 77 1
418 78 1
418 141 1
418 142 1
418 143 1
418 147 1
418 150 1
418 190 1
418 191 1
418 196 1
418 224 1
418 227 1
418 263 1
418 264 1
418 265 1
418 307 1
418 331 1
418 332 1
418 352 1
418 391 1
418 415 1
419 9 1
419 73 1
419 77 1
419 116 1
419 143 1
419 150 1
419 152 1
419 190 1
419 224 1
419 263 1
419 264 1
419 265 1
419 306 1
419 307 1
419 336 1
419 353 1
419 370 1
419 417 1
419 418 1
420 36 1
420 68 1
420 78 1
420 147 1
420 178 1
420 196 1
420 227 1
420 258 1
420 259 1
420 263 1
420 264 1
420 265 1
420 266 1
420 321 1
420 331 1
420 352 1
420 391 1
420 415 1
420 416 1
420 418 1
421 26 1
421 42 1
421 43 1
421 86 1
421 87 1
421 119 1
421 121 1
421 123 1
421 158 1
421 179 1
421 180 1
421 235 1
421 271 1
421 274 1
421 357 1
421 358 1
421 372 1
421 397 1
421 400 1
421 402 1
422 12 1
422 15 1
422 27 1
422 46 1
422 85 1
422 155 1
422 201 1
422 202 1
422 237 1
422 239 1
422 273 1
422 296 1
422 312 1
422 356 1
422 375 1
422 376 1
422 394 1
422 410 1
423 12 1
423 15 1
423 16 1
423 27 1
423 85 1
423 201 1
423 205 1
423 237 1
423 239 1
423 273 1
423 298 1
423 312 1
423 313 1
423 314 1
423 376 1
423 398 1
423 422 1
424 17 1
424 93 1
424 102 1
424 165 1
424 166 1
424 241 1
424 244 1
424 293 1
425 49 1
425 50 1
425 96 1
425 105 1
425 106 1
425 126 1
425 129 1
425 168 1
425 213 1
425 242 1
425 243 1
425 248 1
425 276 1
425 277 1
425 283 1
425 326 1
426 22 1
426 49 1
426 50 1
426 105 1
426 126 1
426 129 1
426 168 1
426 213 1
426 242 1
426 243 1
426 248 1
426 277 1
426 283 1
426 318 1
426 328 1
426 425 1
427 20 1
427 21 1
427 51 1
427 99 1
427 100 1
427 101 1
427 128 1
427 169 1
427 170 1
427 171 1
427 280 1
427 281 1
427 282 1
427 316 1
427 346 1
427 361 1
428 20 1
428 21 1
428 47 1
428 88 1
428 105 1
428 106 1
428 163 1
428 164 1
428 171 1
428 206 1
428 207 1
428 212 1
428 245 1
428 248 1
428 281 1
428 282 1
428 283 1
428 317 1
428 341 1
428 342 1
428 405 1
428 425 1
429 21 1
429 22 1
429 101 1
429 105 1
429 128 1
429 164 1
429 171 1
429 173 1
429 206 1
429 245 1
429 281 1
429 282 1
429 283 1
429 316 1
429 317 1
429 346 1
429 361 1
429 377 1
429 427 1
429 428 1
430 49 1
430 50 1
430 96 1
430 106 1
430 168 1
430 182 1
430 212 1
430 248 1
430 276 1
430 277 1
430 281 1
430 282 1
430 283 1
430 284 1
430 326 1
430 341 1
430 360 1
430 405 1
430 425 1
430 426 1
430 428 1
