# minsup
1
# graph
G_portein_file\FKBP\4LAX.pdb
# node ID, label
0 A
1 A
2 A
3 A
4 A
5 A
6 A
7 A
8 A
9 A
10 A
11 A
12 C
13 C
14 D
15 D
16 D
17 D
18 D
19 D
20 D
21 D
22 D
23 D
24 D
25 E
26 E
27 E
28 E
29 E
30 E
31 E
32 E
33 E
34 E
35 E
36 E
37 E
38 E
39 E
40 E
41 E
42 E
43 E
44 E
45 E
46 E
47 E
48 E
49 E
50 E
51 E
52 E
53 F
54 F
55 F
56 F
57 F
58 F
59 F
60 F
61 F
62 F
63 F
64 F
65 G
66 G
67 G
68 G
69 G
70 G
71 G
72 G
73 G
74 G
75 G
76 G
77 G
78 G
79 G
80 G
81 G
82 G
83 G
84 G
85 G
86 G
87 G
88 H
89 H
90 H
91 H
92 I
93 I
94 I
95 I
96 I
97 I
98 I
99 I
100 I
101 I
102 I
103 I
104 I
105 I
106 I
107 K
108 K
109 K
110 K
111 K
112 K
113 K
114 K
115 K
116 K
117 K
118 K
119 K
120 K
121 K
122 K
123 K
124 K
125 K
126 K
127 L
128 L
129 L
130 L
131 L
132 L
133 L
134 L
135 L
136 L
137 L
138 L
139 L
140 L
141 L
142 L
143 L
144 L
145 M
146 M
147 M
148 M
149 N
150 N
151 P
152 P
153 P
154 P
155 P
156 P
157 P
158 P
159 Q
160 Q
161 Q
162 Q
163 Q
164 R
165 R
166 R
167 R
168 R
169 R
170 R
171 R
172 R
173 S
174 S
175 S
176 S
177 S
178 S
179 S
180 S
181 T
182 T
183 T
184 T
185 T
186 T
187 T
188 T
189 T
190 V
191 V
192 V
193 V
194 V
195 V
196 V
197 V
198 V
199 V
200 V
201 V
202 V
203 V
204 W
205 W
206 X
207 X
208 X
209 X
210 X
211 X
212 Y
213 Y
214 Y
215 Y
216 Y
217 Y
218 Y
219 Y
220 Y
221 Y
# node ID1, node ID2, number of bounds
1 0 1
2 1 1
3 0 1
4 3 1
10 9 1
11 6 1
12 1 1
13 0 1
13 1 1
13 3 1
13 4 1
15 2 1
18 15 1
19 0 1
19 1 1
19 2 1
19 18 1
20 15 1
21 20 1
24 23 1
25 13 1
25 14 1
26 12 1
27 2 1
28 18 1
28 19 1
29 12 1
29 26 1
30 0 1
30 3 1
30 4 1
30 13 1
31 12 1
32 12 1
32 29 1
32 31 1
33 32 1
34 15 1
34 18 1
34 20 1
35 20 1
35 21 1
36 20 1
36 21 1
36 35 1
37 20 1
37 21 1
37 34 1
37 35 1
37 36 1
38 5 1
39 6 1
39 11 1
40 7 1
40 23 1
41 7 1
41 40 1
42 6 1
42 11 1
42 39 1
43 24 1
43 39 1
43 42 1
44 24 1
44 43 1
45 8 1
45 39 1
45 42 1
45 43 1
45 44 1
46 5 1
46 38 1
47 38 1
47 46 1
49 9 1
49 10 1
50 7 1
50 40 1
51 5 1
51 6 1
51 11 1
51 42 1
52 6 1
52 11 1
52 39 1
53 15 1
53 18 1
53 32 1
53 33 1
54 17 1
55 53 1
56 15 1
56 18 1
56 28 1
56 53 1
56 55 1
57 0 1
57 12 1
57 13 1
57 17 1
57 31 1
57 32 1
58 29 1
58 32 1
58 33 1
58 53 1
59 15 1
59 18 1
59 27 1
59 33 1
59 34 1
59 53 1
59 56 1
59 58 1
60 22 1
60 23 1
60 40 1
61 6 1
61 41 1
61 42 1
61 43 1
62 9 1
62 10 1
62 24 1
62 44 1
62 49 1
63 23 1
63 24 1
63 48 1
63 60 1
64 5 1
64 6 1
64 11 1
64 42 1
64 46 1
64 51 1
64 61 1
65 14 1
65 25 1
66 0 1
66 3 1
66 13 1
66 14 1
66 25 1
66 30 1
67 12 1
67 26 1
67 29 1
67 32 1
67 58 1
68 26 1
68 27 1
68 67 1
69 15 1
69 18 1
69 20 1
69 34 1
69 56 1
70 17 1
70 31 1
70 54 1
70 57 1
71 16 1
71 54 1
71 70 1
72 2 1
72 15 1
72 18 1
72 19 1
72 28 1
72 56 1
72 69 1
73 18 1
73 19 1
73 28 1
73 56 1
73 72 1
74 12 1
74 26 1
74 29 1
74 32 1
74 33 1
74 58 1
74 67 1
74 68 1
75 15 1
75 18 1
75 20 1
75 34 1
75 59 1
75 69 1
76 20 1
76 21 1
76 34 1
76 35 1
76 36 1
76 37 1
76 75 1
77 9 1
77 20 1
77 21 1
77 35 1
77 36 1
77 37 1
77 49 1
77 76 1
78 5 1
78 38 1
78 46 1
78 47 1
79 5 1
79 38 1
79 46 1
79 47 1
79 78 1
80 6 1
80 11 1
80 39 1
80 42 1
80 43 1
80 51 1
80 52 1
80 61 1
81 22 1
81 23 1
81 40 1
81 50 1
81 60 1
81 63 1
82 6 1
82 39 1
82 42 1
82 43 1
82 44 1
82 45 1
82 61 1
82 80 1
83 24 1
83 42 1
83 43 1
83 44 1
83 45 1
83 61 1
83 82 1
84 8 1
84 9 1
84 45 1
84 62 1
84 77 1
85 38 1
85 46 1
85 47 1
85 78 1
85 79 1
86 9 1
86 10 1
86 49 1
86 62 1
87 9 1
87 10 1
87 48 1
87 62 1
87 63 1
87 86 1
88 31 1
88 32 1
88 53 1
88 55 1
88 58 1
89 1 1
89 12 1
89 13 1
89 31 1
89 32 1
89 57 1
89 65 1
89 70 1
90 7 1
90 46 1
90 47 1
90 50 1
90 78 1
90 85 1
91 7 1
91 40 1
91 41 1
91 46 1
91 47 1
91 50 1
91 78 1
91 85 1
91 90 1
92 0 1
92 1 1
92 14 1
92 25 1
92 65 1
92 66 1
93 12 1
93 26 1
93 29 1
93 31 1
93 65 1
93 67 1
93 89 1
94 2 1
94 15 1
94 18 1
94 19 1
94 34 1
94 69 1
94 72 1
94 75 1
95 0 1
95 3 1
95 13 1
95 19 1
95 28 1
95 30 1
95 72 1
95 73 1
96 0 1
96 1 1
96 2 1
96 19 1
96 72 1
96 92 1
96 95 1
97 0 1
97 1 1
97 2 1
97 12 1
97 19 1
97 32 1
97 72 1
97 96 1
98 0 1
98 1 1
98 12 1
98 13 1
98 14 1
98 31 1
98 57 1
98 65 1
98 70 1
98 89 1
98 92 1
98 93 1
98 97 1
99 8 1
99 9 1
99 20 1
99 21 1
99 34 1
99 35 1
99 37 1
99 75 1
99 76 1
99 77 1
99 84 1
100 8 1
100 15 1
100 20 1
100 21 1
100 34 1
100 37 1
100 75 1
100 76 1
100 77 1
100 84 1
100 99 1
101 15 1
101 34 1
101 47 1
101 50 1
101 69 1
101 75 1
101 78 1
101 90 1
101 94 1
101 100 1
102 6 1
102 11 1
102 39 1
102 42 1
102 43 1
102 51 1
102 61 1
102 64 1
102 80 1
102 82 1
103 6 1
103 11 1
103 39 1
103 42 1
103 43 1
103 44 1
103 45 1
103 61 1
103 80 1
103 82 1
103 83 1
103 102 1
104 8 1
104 45 1
104 46 1
104 47 1
104 84 1
104 91 1
104 103 1
105 8 1
105 40 1
105 50 1
105 75 1
105 81 1
105 90 1
105 91 1
105 100 1
105 101 1
106 10 1
106 48 1
106 49 1
106 60 1
106 62 1
106 63 1
106 86 1
106 87 1
107 14 1
107 25 1
107 66 1
107 92 1
108 1 1
108 12 1
108 13 1
108 14 1
108 25 1
108 31 1
108 57 1
108 65 1
108 89 1
108 92 1
108 93 1
108 98 1
109 12 1
109 26 1
109 29 1
109 31 1
109 32 1
109 67 1
109 89 1
109 93 1
109 108 1
110 16 1
110 17 1
110 54 1
110 57 1
110 70 1
110 71 1
111 32 1
111 53 1
111 55 1
111 56 1
111 58 1
111 88 1
112 15 1
112 18 1
112 19 1
112 28 1
112 56 1
112 69 1
112 72 1
112 73 1
112 94 1
113 0 1
113 1 1
113 3 1
113 13 1
113 19 1
113 28 1
113 30 1
113 66 1
113 72 1
113 73 1
113 95 1
113 96 1
114 2 1
114 26 1
114 27 1
114 29 1
114 32 1
114 33 1
114 58 1
114 59 1
114 67 1
114 68 1
114 74 1
114 97 1
115 0 1
115 3 1
115 4 1
115 13 1
115 25 1
115 30 1
115 66 1
115 98 1
116 15 1
116 18 1
116 20 1
116 33 1
116 34 1
116 53 1
116 59 1
116 69 1
116 75 1
116 100 1
117 5 1
117 6 1
117 46 1
117 51 1
117 64 1
117 79 1
117 104 1
118 10 1
118 22 1
118 49 1
118 106 1
119 22 1
119 23 1
119 60 1
119 81 1
119 118 1
120 5 1
120 38 1
120 46 1
120 47 1
120 64 1
120 78 1
120 79 1
120 85 1
120 90 1
120 91 1
120 117 1
121 9 1
121 10 1
121 21 1
121 49 1
121 62 1
121 76 1
121 77 1
121 84 1
121 86 1
121 99 1
121 100 1
122 9 1
122 10 1
122 24 1
122 48 1
122 62 1
122 63 1
122 86 1
122 87 1
122 106 1
123 24 1
123 48 1
123 60 1
123 63 1
123 87 1
123 106 1
123 122 1
124 9 1
124 22 1
124 40 1
124 49 1
124 50 1
124 81 1
124 99 1
124 100 1
124 105 1
124 118 1
124 119 1
124 121 1
125 5 1
125 6 1
125 11 1
125 39 1
125 42 1
125 51 1
125 52 1
125 64 1
125 80 1
125 102 1
125 103 1
125 117 1
126 6 1
126 11 1
126 39 1
126 51 1
126 52 1
126 80 1
126 125 1
127 0 1
127 1 1
127 13 1
127 14 1
127 25 1
127 65 1
127 66 1
127 89 1
127 92 1
127 98 1
127 108 1
127 115 1
128 4 1
128 13 1
128 16 1
128 17 1
128 54 1
128 57 1
128 70 1
128 71 1
128 110 1
129 4 1
129 13 1
129 16 1
129 70 1
129 71 1
129 110 1
129 128 1
130 17 1
130 55 1
130 88 1
130 111 1
131 2 1
131 15 1
131 18 1
131 19 1
131 28 1
131 34 1
131 56 1
131 59 1
131 69 1
131 72 1
131 73 1
131 94 1
131 96 1
131 97 1
131 112 1
132 0 1
132 3 1
132 4 1
132 13 1
132 16 1
132 54 1
132 57 1
132 70 1
132 71 1
132 98 1
132 115 1
132 128 1
132 129 1
133 12 1
133 29 1
133 32 1
133 33 1
133 53 1
133 55 1
133 58 1
133 59 1
133 67 1
133 74 1
133 88 1
133 97 1
133 111 1
133 114 1
134 8 1
134 20 1
134 21 1
134 34 1
134 35 1
134 36 1
134 37 1
134 69 1
134 75 1
134 76 1
134 77 1
134 84 1
134 99 1
134 100 1
135 7 1
135 23 1
135 40 1
135 41 1
135 50 1
135 81 1
135 90 1
135 91 1
135 105 1
136 22 1
136 23 1
136 40 1
136 60 1
136 63 1
136 81 1
136 118 1
136 119 1
136 124 1
137 7 1
137 41 1
137 42 1
137 61 1
137 83 1
137 135 1
138 24 1
138 43 1
138 44 1
138 61 1
138 83 1
138 137 1
139 9 1
139 23 1
139 24 1
139 43 1
139 44 1
139 45 1
139 62 1
139 81 1
139 83 1
139 84 1
139 138 1
140 8 1
140 9 1
140 45 1
140 83 1
140 84 1
140 99 1
140 104 1
140 124 1
140 139 1
141 8 1
141 9 1
141 10 1
141 49 1
141 62 1
141 76 1
141 77 1
141 84 1
141 99 1
141 100 1
141 121 1
141 124 1
141 140 1
142 9 1
142 10 1
142 22 1
142 49 1
142 62 1
142 81 1
142 99 1
142 106 1
142 118 1
142 121 1
142 124 1
142 140 1
142 141 1
143 7 1
143 8 1
143 40 1
143 41 1
143 47 1
143 50 1
143 81 1
143 85 1
143 90 1
143 91 1
143 101 1
143 104 1
143 105 1
143 124 1
143 135 1
143 140 1
144 7 1
144 41 1
144 46 1
144 47 1
144 64 1
144 78 1
144 85 1
144 90 1
144 91 1
144 104 1
144 117 1
144 120 1
144 135 1
144 143 1
145 2 1
145 15 1
145 27 1
145 33 1
145 59 1
145 68 1
145 97 1
145 114 1
145 133 1
146 2 1
146 15 1
146 18 1
146 19 1
146 27 1
146 34 1
146 59 1
146 69 1
146 72 1
146 75 1
146 94 1
146 97 1
146 101 1
146 116 1
146 131 1
146 145 1
147 1 1
147 2 1
147 12 1
147 26 1
147 27 1
147 29 1
147 32 1
147 67 1
147 74 1
147 93 1
147 96 1
147 97 1
147 114 1
147 133 1
147 145 1
148 5 1
148 8 1
148 46 1
148 47 1
148 78 1
148 79 1
148 85 1
148 90 1
148 91 1
148 101 1
148 104 1
148 117 1
148 120 1
148 143 1
148 144 1
149 5 1
149 6 1
149 11 1
149 39 1
149 42 1
149 51 1
149 52 1
149 64 1
149 80 1
149 82 1
149 102 1
149 103 1
149 104 1
149 117 1
149 125 1
149 126 1
150 24 1
150 43 1
150 44 1
150 61 1
150 82 1
150 83 1
150 138 1
150 139 1
151 14 1
151 25 1
151 66 1
151 92 1
151 96 1
151 107 1
152 2 1
152 15 1
152 18 1
152 19 1
152 27 1
152 33 1
152 59 1
152 69 1
152 72 1
152 75 1
152 94 1
152 97 1
152 101 1
152 114 1
152 116 1
152 131 1
152 133 1
152 145 1
152 146 1
152 147 1
153 0 1
153 3 1
153 4 1
153 13 1
153 30 1
153 66 1
153 95 1
153 113 1
153 115 1
153 132 1
154 5 1
154 6 1
154 8 1
154 11 1
154 39 1
154 42 1
154 45 1
154 46 1
154 51 1
154 64 1
154 80 1
154 102 1
154 103 1
154 104 1
154 117 1
154 120 1
154 125 1
154 144 1
154 148 1
154 149 1
155 9 1
155 24 1
155 44 1
155 45 1
155 62 1
155 83 1
155 84 1
155 86 1
155 122 1
155 138 1
155 139 1
155 140 1
155 141 1
155 142 1
155 150 1
156 9 1
156 10 1
156 49 1
156 62 1
156 77 1
156 84 1
156 86 1
156 87 1
156 99 1
156 121 1
156 141 1
156 142 1
156 155 1
157 10 1
157 48 1
157 49 1
157 62 1
157 63 1
157 86 1
157 87 1
157 106 1
157 122 1
158 9 1
158 10 1
158 48 1
158 49 1
158 62 1
158 86 1
158 87 1
158 106 1
158 122 1
158 156 1
158 157 1
159 14 1
159 25 1
159 66 1
159 92 1
159 107 1
159 127 1
159 151 1
160 47 1
160 50 1
160 78 1
160 90 1
160 91 1
160 94 1
160 101 1
160 105 1
160 143 1
160 146 1
160 152 1
161 7 1
161 23 1
161 40 1
161 41 1
161 50 1
161 60 1
161 81 1
161 135 1
161 136 1
161 137 1
161 143 1
162 5 1
162 6 1
162 8 1
162 39 1
162 45 1
162 46 1
162 103 1
162 104 1
162 117 1
162 140 1
162 144 1
162 148 1
162 149 1
162 154 1
163 48 1
163 60 1
163 63 1
163 87 1
163 106 1
163 122 1
163 123 1
163 157 1
163 158 1
164 12 1
164 26 1
164 29 1
164 32 1
164 67 1
164 74 1
164 89 1
164 93 1
164 109 1
165 15 1
165 18 1
165 20 1
165 33 1
165 34 1
165 53 1
165 56 1
165 59 1
165 69 1
165 72 1
165 75 1
165 94 1
165 116 1
165 131 1
165 146 1
165 152 1
166 8 1
166 15 1
166 20 1
166 34 1
166 50 1
166 69 1
166 75 1
166 76 1
166 99 1
166 100 1
166 101 1
166 105 1
166 116 1
166 124 1
166 134 1
166 141 1
166 148 1
166 160 1
167 15 1
167 20 1
167 34 1
167 50 1
167 69 1
167 75 1
167 90 1
167 94 1
167 100 1
167 101 1
167 105 1
167 116 1
167 146 1
167 152 1
167 160 1
167 166 1
168 38 1
168 46 1
168 47 1
168 69 1
168 78 1
168 79 1
168 85 1
168 90 1
168 94 1
168 101 1
168 120 1
168 146 1
168 148 1
168 160 1
169 7 1
169 23 1
169 40 1
169 41 1
169 81 1
169 135 1
169 137 1
169 161 1
170 7 1
170 41 1
170 42 1
170 61 1
170 64 1
170 83 1
170 102 1
170 103 1
170 137 1
170 169 1
171 8 1
171 39 1
171 45 1
171 82 1
171 84 1
171 99 1
171 103 1
171 104 1
171 134 1
171 140 1
171 148 1
171 149 1
171 154 1
171 155 1
171 162 1
172 5 1
172 8 1
172 45 1
172 46 1
172 104 1
172 117 1
172 134 1
172 148 1
172 149 1
172 154 1
172 162 1
172 166 1
172 171 1
173 0 1
173 1 1
173 13 1
173 14 1
173 25 1
173 66 1
173 92 1
173 96 1
173 107 1
173 108 1
173 113 1
173 127 1
173 151 1
173 159 1
174 17 1
174 31 1
174 54 1
174 55 1
174 57 1
174 70 1
174 88 1
174 110 1
174 130 1
175 17 1
175 55 1
175 70 1
175 88 1
175 111 1
175 130 1
175 174 1
176 18 1
176 33 1
176 53 1
176 55 1
176 56 1
176 59 1
176 88 1
176 111 1
176 131 1
176 165 1
177 8 1
177 47 1
177 50 1
177 78 1
177 85 1
177 90 1
177 91 1
177 101 1
177 104 1
177 105 1
177 135 1
177 143 1
177 144 1
177 148 1
177 160 1
177 166 1
177 167 1
177 168 1
178 9 1
178 10 1
178 49 1
178 62 1
178 77 1
178 84 1
178 86 1
178 99 1
178 121 1
178 141 1
178 155 1
178 156 1
179 9 1
179 10 1
179 62 1
179 86 1
179 87 1
179 122 1
179 156 1
179 157 1
179 158 1
179 178 1
180 46 1
180 47 1
180 51 1
180 64 1
180 85 1
180 91 1
180 102 1
180 117 1
180 120 1
180 125 1
180 144 1
180 154 1
180 170 1
181 26 1
181 27 1
181 29 1
181 67 1
181 68 1
181 74 1
181 114 1
181 147 1
181 164 1
182 27 1
182 67 1
182 68 1
182 114 1
182 145 1
182 147 1
182 181 1
183 17 1
183 31 1
183 32 1
183 54 1
183 57 1
183 70 1
183 88 1
183 89 1
183 110 1
183 130 1
183 174 1
183 175 1
184 16 1
184 17 1
184 54 1
184 70 1
184 71 1
184 110 1
184 128 1
184 129 1
184 132 1
185 1 1
185 2 1
185 19 1
185 27 1
185 29 1
185 92 1
185 96 1
185 97 1
185 108 1
185 114 1
185 145 1
185 146 1
185 147 1
185 152 1
186 0 1
186 1 1
186 3 1
186 13 1
186 14 1
186 25 1
186 31 1
186 57 1
186 65 1
186 66 1
186 89 1
186 98 1
186 108 1
186 115 1
186 127 1
186 128 1
186 129 1
186 132 1
186 153 1
187 3 1
187 4 1
187 13 1
187 16 1
187 30 1
187 66 1
187 115 1
187 128 1
187 129 1
187 132 1
187 153 1
187 186 1
188 8 1
188 20 1
188 21 1
188 34 1
188 35 1
188 36 1
188 37 1
188 76 1
188 77 1
188 84 1
188 99 1
188 100 1
188 134 1
188 171 1
189 38 1
189 47 1
189 78 1
189 85 1
189 90 1
189 91 1
189 94 1
189 101 1
189 146 1
189 160 1
189 167 1
189 168 1
189 177 1
190 14 1
190 25 1
190 65 1
190 92 1
190 93 1
190 98 1
190 108 1
190 127 1
190 159 1
190 173 1
190 186 1
191 0 1
191 1 1
191 3 1
191 13 1
191 14 1
191 25 1
191 30 1
191 65 1
191 66 1
191 92 1
191 96 1
191 98 1
191 107 1
191 108 1
191 113 1
191 115 1
191 127 1
191 132 1
191 151 1
191 153 1
191 159 1
191 173 1
191 186 1
191 190 1
192 12 1
192 14 1
192 31 1
192 65 1
192 89 1
192 93 1
192 98 1
192 108 1
192 109 1
192 127 1
192 164 1
192 186 1
192 190 1
193 2 1
193 15 1
193 18 1
193 33 1
193 53 1
193 55 1
193 56 1
193 58 1
193 59 1
193 69 1
193 75 1
193 97 1
193 111 1
193 116 1
193 131 1
193 133 1
193 146 1
193 152 1
193 165 1
193 176 1
194 32 1
194 33 1
194 53 1
194 55 1
194 56 1
194 58 1
194 59 1
194 74 1
194 88 1
194 97 1
194 111 1
194 130 1
194 133 1
194 175 1
194 176 1
194 193 1
195 0 1
195 3 1
195 18 1
195 19 1
195 28 1
195 56 1
195 72 1
195 73 1
195 95 1
195 112 1
195 113 1
195 131 1
196 26 1
196 27 1
196 29 1
196 32 1
196 33 1
196 53 1
196 58 1
196 59 1
196 67 1
196 68 1
196 74 1
196 114 1
196 133 1
196 145 1
196 147 1
196 152 1
196 181 1
196 182 1
196 193 1
196 194 1
197 12 1
197 26 1
197 29 1
197 31 1
197 32 1
197 58 1
197 67 1
197 74 1
197 88 1
197 89 1
197 93 1
197 109 1
197 114 1
197 133 1
197 147 1
197 164 1
197 192 1
197 194 1
197 196 1
198 4 1
198 13 1
198 16 1
198 31 1
198 57 1
198 70 1
198 71 1
198 89 1
198 98 1
198 108 1
198 110 1
198 115 1
198 127 1
198 128 1
198 129 1
198 132 1
198 183 1
198 184 1
198 186 1
198 187 1
198 191 1
199 1 1
199 12 1
199 29 1
199 31 1
199 32 1
199 57 1
199 58 1
199 70 1
199 88 1
199 89 1
199 93 1
199 97 1
199 98 1
199 109 1
199 133 1
199 147 1
199 174 1
199 175 1
199 183 1
199 194 1
199 197 1
199 198 1
200 6 1
200 42 1
200 51 1
200 61 1
200 64 1
200 80 1
200 102 1
200 103 1
200 104 1
200 120 1
200 125 1
200 137 1
200 144 1
200 149 1
200 154 1
200 162 1
200 170 1
200 180 1
201 7 1
201 41 1
201 61 1
201 64 1
201 85 1
201 91 1
201 102 1
201 104 1
201 120 1
201 135 1
201 137 1
201 143 1
201 144 1
201 169 1
201 170 1
201 180 1
201 200 1
202 8 1
202 20 1
202 34 1
202 50 1
202 75 1
202 81 1
202 84 1
202 99 1
202 100 1
202 101 1
202 104 1
202 105 1
202 124 1
202 134 1
202 140 1
202 141 1
202 142 1
202 143 1
202 166 1
202 167 1
202 177 1
203 9 1
203 10 1
203 48 1
203 62 1
203 86 1
203 87 1
203 106 1
203 122 1
203 156 1
203 157 1
203 158 1
203 179 1
204 16 1
204 17 1
204 31 1
204 54 1
204 57 1
204 70 1
204 71 1
204 110 1
204 128 1
204 129 1
204 132 1
204 174 1
204 183 1
204 184 1
204 186 1
204 187 1
204 198 1
205 0 1
205 1 1
205 2 1
205 3 1
205 13 1
205 19 1
205 28 1
205 57 1
205 72 1
205 73 1
205 95 1
205 96 1
205 97 1
205 98 1
205 113 1
205 131 1
205 185 1
205 191 1
205 195 1
205 199 1
206 6 1
206 7 1
206 41 1
206 42 1
206 51 1
206 61 1
206 64 1
206 91 1
206 102 1
206 120 1
206 137 1
206 144 1
206 170 1
206 180 1
206 200 1
206 201 1
207 6 1
207 7 1
207 41 1
207 42 1
207 51 1
207 61 1
207 64 1
207 91 1
207 102 1
207 120 1
207 135 1
207 137 1
207 144 1
207 170 1
207 180 1
207 200 1
207 201 1
207 206 1
208 9 1
208 10 1
208 49 1
208 62 1
208 86 1
208 87 1
208 106 1
208 121 1
208 142 1
208 156 1
208 157 1
208 158 1
208 178 1
208 179 1
208 203 1
209 9 1
209 10 1
209 49 1
209 62 1
209 86 1
209 87 1
209 106 1
209 121 1
209 142 1
209 156 1
209 157 1
209 158 1
209 178 1
209 179 1
209 203 1
209 208 1
210 7 1
210 41 1
210 46 1
210 47 1
210 64 1
210 78 1
210 85 1
210 90 1
210 91 1
210 120 1
210 137 1
210 143 1
210 144 1
210 170 1
210 180 1
210 200 1
210 201 1
210 206 1
210 207 1
211 7 1
211 41 1
211 46 1
211 47 1
211 64 1
211 78 1
211 85 1
211 90 1
211 91 1
211 120 1
211 137 1
211 143 1
211 144 1
211 170 1
211 180 1
211 200 1
211 201 1
211 206 1
211 207 1
211 210 1
212 12 1
212 17 1
212 31 1
212 32 1
212 55 1
212 57 1
212 70 1
212 88 1
212 89 1
212 111 1
212 130 1
212 133 1
212 174 1
212 175 1
212 183 1
212 194 1
212 197 1
212 199 1
213 0 1
213 3 1
213 13 1
213 19 1
213 30 1
213 66 1
213 95 1
213 96 1
213 113 1
213 115 1
213 132 1
213 153 1
213 173 1
213 186 1
213 187 1
213 191 1
213 205 1
214 0 1
214 3 1
214 4 1
214 13 1
214 30 1
214 95 1
214 113 1
214 115 1
214 132 1
214 153 1
214 187 1
214 213 1
215 5 1
215 38 1
215 46 1
215 78 1
215 79 1
215 117 1
215 120 1
215 148 1
216 22 1
216 23 1
216 40 1
216 49 1
216 50 1
216 60 1
216 63 1
216 81 1
216 106 1
216 118 1
216 119 1
216 124 1
216 136 1
216 142 1
216 161 1
217 10 1
217 22 1
217 23 1
217 49 1
217 60 1
217 63 1
217 81 1
217 106 1
217 118 1
217 119 1
217 124 1
217 136 1
217 142 1
217 157 1
217 163 1
217 216 1
218 8 1
218 9 1
218 24 1
218 43 1
218 44 1
218 45 1
218 62 1
218 82 1
218 83 1
218 84 1
218 103 1
218 139 1
218 140 1
218 141 1
218 155 1
218 171 1
218 178 1
219 8 1
219 9 1
219 20 1
219 49 1
219 50 1
219 75 1
219 76 1
219 77 1
219 81 1
219 84 1
219 99 1
219 100 1
219 105 1
219 121 1
219 124 1
219 140 1
219 141 1
219 142 1
219 156 1
219 166 1
219 167 1
219 202 1
219 216 1
220 9 1
220 10 1
220 45 1
220 49 1
220 62 1
220 77 1
220 84 1
220 86 1
220 99 1
220 121 1
220 140 1
220 141 1
220 142 1
220 155 1
220 156 1
220 171 1
220 178 1
220 188 1
220 218 1
220 219 1
221 23 1
221 40 1
221 50 1
221 81 1
221 91 1
221 105 1
221 124 1
221 135 1
221 136 1
221 140 1
221 141 1
221 142 1
221 143 1
221 161 1
221 166 1
221 177 1
221 202 1
221 216 1
221 217 1
221 219 1
