# minsup
1
# graph
G_portein_file\FKBP\4LAY.pdb
# node ID, label
0 A
1 A
2 A
3 A
4 A
5 A
6 A
7 A
8 A
9 A
10 C
11 C
12 D
13 D
14 D
15 D
16 D
17 D
18 D
19 E
20 E
21 E
22 E
23 E
24 E
25 E
26 E
27 E
28 E
29 E
30 E
31 E
32 E
33 F
34 F
35 F
36 F
37 F
38 F
39 F
40 F
41 F
42 F
43 F
44 G
45 G
46 G
47 G
48 G
49 G
50 G
51 G
52 G
53 G
54 G
55 G
56 G
57 G
58 H
59 H
60 H
61 H
62 I
63 I
64 I
65 I
66 I
67 I
68 I
69 I
70 I
71 I
72 I
73 I
74 I
75 K
76 K
77 K
78 K
79 K
80 K
81 K
82 K
83 K
84 K
85 K
86 K
87 L
88 L
89 L
90 L
91 L
92 L
93 L
94 L
95 L
96 L
97 L
98 L
99 L
100 L
101 L
102 M
103 M
104 P
105 P
106 P
107 P
108 P
109 P
110 Q
111 Q
112 Q
113 Q
114 R
115 R
116 R
117 R
118 R
119 R
120 R
121 S
122 S
123 S
124 S
125 S
126 T
127 T
128 T
129 T
130 T
131 V
132 V
133 V
134 V
135 V
136 V
137 V
138 V
139 V
140 W
141 W
142 X
143 X
144 X
145 X
146 X
147 X
148 X
149 X
150 X
151 X
152 X
153 X
154 X
155 X
156 X
157 X
158 X
159 Y
160 Y
161 Y
162 Y
163 Y
164 Y
165 Y
166 Y
167 Y
168 Y
# node ID1, node ID2, number of bounds
1 0 1
2 1 1
3 0 1
9 8 1
10 1 1
11 0 1
11 1 1
11 3 1
12 2 1
14 12 1
15 0 1
15 1 1
15 2 1
15 14 1
16 7 1
16 12 1
18 17 1
19 10 1
20 10 1
21 10 1
21 19 1
21 20 1
22 21 1
23 12 1
23 14 1
23 16 1
24 6 1
24 17 1
25 6 1
25 24 1
26 5 1
27 7 1
27 26 1
28 4 1
29 28 1
31 8 1
31 9 1
32 6 1
32 24 1
33 12 1
33 14 1
33 21 1
33 22 1
34 33 1
35 12 1
35 14 1
35 15 1
35 33 1
35 34 1
36 0 1
36 10 1
36 11 1
36 13 1
36 20 1
36 21 1
37 19 1
37 21 1
37 22 1
37 33 1
38 12 1
38 14 1
38 22 1
38 23 1
38 33 1
38 35 1
38 37 1
39 17 1
39 24 1
40 5 1
40 26 1
41 8 1
41 9 1
41 18 1
41 31 1
42 17 1
42 18 1
42 30 1
42 39 1
43 4 1
43 5 1
43 26 1
43 28 1
43 40 1
44 12 1
44 14 1
44 16 1
44 23 1
44 35 1
45 13 1
45 20 1
45 36 1
46 2 1
46 12 1
46 14 1
46 15 1
46 35 1
46 44 1
47 10 1
47 19 1
47 21 1
47 22 1
47 37 1
48 16 1
48 23 1
49 8 1
49 16 1
49 31 1
49 48 1
50 4 1
50 28 1
50 29 1
51 17 1
51 24 1
51 32 1
51 39 1
51 42 1
52 5 1
52 26 1
52 27 1
52 40 1
53 18 1
53 26 1
53 27 1
53 40 1
53 52 1
54 7 1
54 8 1
54 27 1
54 41 1
54 49 1
55 28 1
55 29 1
55 43 1
55 50 1
56 8 1
56 9 1
56 31 1
56 41 1
57 8 1
57 9 1
57 30 1
57 41 1
57 42 1
57 56 1
58 20 1
58 21 1
58 33 1
58 34 1
58 37 1
59 1 1
59 10 1
59 11 1
59 20 1
59 21 1
59 36 1
59 45 1
60 6 1
60 28 1
60 29 1
60 32 1
60 50 1
60 55 1
61 6 1
61 24 1
61 25 1
61 28 1
61 29 1
61 32 1
61 50 1
61 55 1
61 60 1
62 10 1
62 19 1
62 20 1
62 59 1
63 2 1
63 12 1
63 14 1
63 15 1
63 23 1
63 44 1
63 46 1
64 0 1
64 3 1
64 11 1
64 15 1
64 46 1
65 0 1
65 1 1
65 2 1
65 15 1
65 46 1
65 64 1
66 0 1
66 1 1
66 2 1
66 10 1
66 15 1
66 21 1
66 46 1
66 63 1
66 65 1
67 0 1
67 1 1
67 10 1
67 11 1
67 20 1
67 36 1
67 45 1
67 59 1
67 62 1
67 66 1
68 7 1
68 8 1
68 16 1
68 23 1
68 48 1
68 49 1
68 54 1
69 12 1
69 23 1
69 29 1
69 32 1
69 44 1
69 50 1
69 60 1
69 63 1
70 5 1
70 26 1
70 40 1
70 43 1
70 52 1
71 5 1
71 26 1
71 27 1
71 40 1
71 43 1
71 52 1
71 53 1
71 70 1
72 7 1
72 27 1
72 28 1
72 29 1
72 54 1
72 61 1
72 71 1
73 7 1
73 24 1
73 32 1
73 51 1
73 60 1
73 61 1
73 69 1
74 9 1
74 30 1
74 31 1
74 39 1
74 41 1
74 42 1
74 56 1
74 57 1
75 1 1
75 10 1
75 11 1
75 20 1
75 36 1
75 59 1
75 62 1
75 67 1
76 10 1
76 19 1
76 20 1
76 21 1
76 59 1
76 62 1
76 75 1
77 0 1
77 1 1
77 3 1
77 11 1
77 15 1
77 46 1
77 64 1
77 65 1
78 2 1
78 19 1
78 21 1
78 22 1
78 37 1
78 38 1
78 47 1
78 66 1
79 4 1
79 5 1
79 28 1
79 43 1
79 72 1
80 17 1
80 39 1
80 51 1
81 4 1
81 28 1
81 29 1
81 43 1
81 50 1
81 55 1
81 60 1
81 61 1
81 72 1
81 79 1
82 8 1
82 9 1
82 31 1
82 41 1
82 48 1
82 49 1
82 54 1
82 56 1
82 68 1
83 8 1
83 9 1
83 18 1
83 30 1
83 41 1
83 42 1
83 56 1
83 57 1
83 74 1
84 18 1
84 30 1
84 39 1
84 42 1
84 57 1
84 74 1
84 83 1
85 8 1
85 9 1
85 24 1
85 31 1
85 32 1
85 51 1
85 68 1
85 73 1
85 80 1
85 82 1
86 6 1
86 25 1
86 28 1
86 29 1
86 43 1
86 50 1
86 55 1
86 60 1
86 61 1
86 81 1
87 11 1
87 36 1
87 45 1
88 2 1
88 12 1
88 14 1
88 15 1
88 23 1
88 35 1
88 38 1
88 44 1
88 46 1
88 63 1
88 65 1
88 66 1
89 0 1
89 3 1
89 11 1
89 36 1
89 45 1
89 67 1
89 87 1
90 10 1
90 19 1
90 21 1
90 22 1
90 33 1
90 34 1
90 37 1
90 38 1
90 47 1
90 58 1
90 66 1
90 78 1
91 7 1
91 16 1
91 23 1
91 48 1
91 49 1
91 54 1
91 68 1
92 6 1
92 17 1
92 24 1
92 25 1
92 32 1
92 51 1
92 60 1
92 61 1
92 73 1
93 17 1
93 24 1
93 39 1
93 42 1
93 51 1
93 80 1
93 85 1
94 6 1
94 25 1
94 26 1
94 40 1
94 53 1
94 86 1
94 92 1
95 18 1
95 40 1
95 53 1
95 94 1
96 8 1
96 17 1
96 18 1
96 27 1
96 41 1
96 51 1
96 53 1
96 54 1
96 92 1
96 95 1
97 7 1
97 8 1
97 27 1
97 51 1
97 53 1
97 54 1
97 68 1
97 72 1
97 85 1
97 92 1
97 96 1
98 7 1
98 8 1
98 9 1
98 31 1
98 41 1
98 48 1
98 49 1
98 54 1
98 68 1
98 73 1
98 82 1
98 85 1
98 97 1
99 8 1
99 9 1
99 31 1
99 39 1
99 41 1
99 51 1
99 68 1
99 74 1
99 80 1
99 82 1
99 85 1
99 97 1
99 98 1
100 6 1
100 7 1
100 24 1
100 25 1
100 29 1
100 32 1
100 51 1
100 55 1
100 60 1
100 61 1
100 69 1
100 72 1
100 73 1
100 85 1
100 86 1
100 92 1
100 97 1
101 6 1
101 25 1
101 28 1
101 29 1
101 43 1
101 50 1
101 55 1
101 60 1
101 61 1
101 72 1
101 79 1
101 81 1
101 86 1
101 92 1
101 100 1
102 1 1
102 2 1
102 10 1
102 19 1
102 21 1
102 47 1
102 62 1
102 65 1
102 66 1
102 78 1
102 90 1
103 4 1
103 7 1
103 28 1
103 29 1
103 50 1
103 55 1
103 60 1
103 61 1
103 69 1
103 72 1
103 79 1
103 81 1
103 100 1
103 101 1
104 2 1
104 12 1
104 14 1
104 22 1
104 38 1
104 44 1
104 46 1
104 63 1
104 66 1
104 69 1
104 78 1
104 88 1
104 90 1
104 102 1
105 4 1
105 5 1
105 7 1
105 26 1
105 27 1
105 28 1
105 43 1
105 70 1
105 71 1
105 72 1
105 79 1
105 81 1
105 101 1
105 103 1
106 8 1
106 18 1
106 27 1
106 41 1
106 53 1
106 54 1
106 56 1
106 83 1
106 95 1
106 96 1
106 97 1
106 98 1
106 99 1
107 8 1
107 9 1
107 31 1
107 41 1
107 49 1
107 54 1
107 56 1
107 57 1
107 68 1
107 82 1
107 98 1
107 99 1
107 106 1
108 9 1
108 30 1
108 31 1
108 41 1
108 42 1
108 56 1
108 57 1
108 74 1
108 83 1
108 84 1
108 107 1
109 8 1
109 9 1
109 30 1
109 31 1
109 41 1
109 56 1
109 57 1
109 74 1
109 83 1
109 107 1
109 108 1
110 29 1
110 32 1
110 44 1
110 50 1
110 60 1
110 61 1
110 63 1
110 69 1
110 73 1
110 100 1
111 6 1
111 17 1
111 24 1
111 25 1
111 32 1
111 39 1
111 51 1
111 92 1
111 93 1
111 94 1
111 100 1
112 4 1
112 5 1
112 7 1
112 27 1
112 28 1
112 54 1
112 71 1
112 72 1
112 79 1
112 91 1
112 97 1
112 101 1
112 103 1
112 105 1
113 30 1
113 39 1
113 42 1
113 57 1
113 74 1
113 83 1
113 84 1
113 108 1
113 109 1
114 10 1
114 19 1
114 21 1
114 47 1
114 59 1
114 62 1
114 76 1
115 7 1
115 12 1
115 16 1
115 23 1
115 32 1
115 44 1
115 48 1
115 68 1
115 69 1
115 73 1
115 85 1
115 91 1
115 98 1
115 103 1
115 110 1
116 12 1
116 16 1
116 23 1
116 32 1
116 44 1
116 60 1
116 63 1
116 69 1
116 73 1
116 104 1
116 110 1
116 115 1
117 6 1
117 17 1
117 24 1
117 25 1
117 51 1
117 92 1
117 94 1
117 111 1
118 6 1
118 25 1
118 26 1
118 40 1
118 43 1
118 53 1
118 70 1
118 71 1
118 86 1
118 94 1
118 117 1
119 7 1
119 27 1
119 52 1
119 54 1
119 68 1
119 71 1
119 72 1
119 91 1
119 97 1
119 103 1
119 105 1
119 106 1
119 112 1
120 4 1
120 7 1
120 27 1
120 28 1
120 72 1
120 79 1
120 91 1
120 103 1
120 105 1
120 112 1
120 115 1
120 119 1
121 13 1
121 20 1
121 34 1
121 36 1
121 45 1
121 58 1
122 14 1
122 22 1
122 33 1
122 34 1
122 35 1
122 38 1
122 58 1
122 88 1
123 7 1
123 29 1
123 32 1
123 50 1
123 55 1
123 60 1
123 61 1
123 69 1
123 72 1
123 73 1
123 92 1
123 100 1
123 101 1
123 103 1
123 110 1
123 115 1
123 116 1
124 8 1
124 9 1
124 31 1
124 41 1
124 49 1
124 54 1
124 56 1
124 68 1
124 82 1
124 98 1
124 106 1
124 107 1
125 28 1
125 29 1
125 43 1
125 55 1
125 61 1
125 70 1
125 79 1
125 81 1
125 86 1
125 101 1
125 105 1
125 118 1
126 13 1
126 20 1
126 21 1
126 36 1
126 45 1
126 58 1
126 59 1
126 121 1
127 1 1
127 2 1
127 15 1
127 19 1
127 65 1
127 66 1
127 75 1
127 78 1
127 102 1
127 104 1
128 0 1
128 1 1
128 11 1
128 20 1
128 36 1
128 45 1
128 59 1
128 67 1
128 75 1
128 87 1
128 89 1
129 7 1
129 16 1
129 23 1
129 48 1
129 49 1
129 54 1
129 68 1
129 91 1
129 119 1
130 29 1
130 50 1
130 55 1
130 60 1
130 61 1
130 63 1
130 69 1
130 73 1
130 110 1
130 116 1
130 123 1
131 0 1
131 1 1
131 3 1
131 11 1
131 65 1
131 67 1
131 75 1
131 77 1
131 89 1
131 128 1
132 10 1
132 20 1
132 59 1
132 62 1
132 67 1
132 75 1
132 76 1
132 114 1
132 128 1
133 19 1
133 21 1
133 22 1
133 33 1
133 34 1
133 35 1
133 37 1
133 38 1
133 47 1
133 58 1
133 66 1
133 90 1
133 122 1
134 0 1
134 3 1
134 14 1
134 15 1
134 35 1
134 46 1
134 64 1
134 77 1
134 88 1
135 10 1
135 19 1
135 20 1
135 21 1
135 37 1
135 47 1
135 58 1
135 59 1
135 62 1
135 76 1
135 78 1
135 90 1
135 102 1
135 114 1
135 132 1
135 133 1
136 11 1
136 20 1
136 36 1
136 45 1
136 59 1
136 67 1
136 75 1
136 87 1
136 89 1
136 126 1
136 128 1
136 131 1
137 1 1
137 10 1
137 19 1
137 20 1
137 21 1
137 36 1
137 37 1
137 45 1
137 58 1
137 59 1
137 62 1
137 66 1
137 67 1
137 76 1
137 90 1
137 102 1
137 121 1
137 126 1
137 133 1
137 135 1
137 136 1
138 5 1
138 6 1
138 26 1
138 40 1
138 43 1
138 70 1
138 71 1
138 72 1
138 81 1
138 86 1
138 94 1
138 101 1
138 105 1
138 112 1
138 118 1
138 125 1
139 7 1
139 16 1
139 23 1
139 32 1
139 49 1
139 51 1
139 54 1
139 60 1
139 68 1
139 69 1
139 72 1
139 73 1
139 85 1
139 91 1
139 97 1
139 98 1
139 99 1
139 100 1
139 115 1
139 116 1
139 123 1
140 13 1
140 20 1
140 36 1
140 45 1
140 87 1
140 89 1
140 121 1
140 126 1
140 128 1
140 136 1
141 0 1
141 1 1
141 2 1
141 3 1
141 11 1
141 15 1
141 36 1
141 46 1
141 64 1
141 65 1
141 66 1
141 67 1
141 77 1
141 88 1
141 127 1
141 131 1
141 134 1
141 137 1
142 12 1
142 14 1
142 16 1
142 22 1
142 23 1
142 33 1
142 35 1
142 38 1
142 44 1
142 46 1
142 63 1
142 88 1
142 104 1
142 122 1
143 12 1
143 14 1
143 16 1
143 22 1
143 23 1
143 33 1
143 35 1
143 38 1
143 44 1
143 46 1
143 63 1
143 88 1
143 104 1
143 122 1
143 142 1
144 2 1
144 12 1
144 14 1
144 22 1
144 23 1
144 33 1
144 34 1
144 35 1
144 37 1
144 38 1
144 44 1
144 66 1
144 88 1
144 90 1
144 104 1
144 122 1
144 133 1
144 142 1
144 143 1
145 2 1
145 12 1
145 14 1
145 22 1
145 23 1
145 33 1
145 34 1
145 35 1
145 37 1
145 38 1
145 44 1
145 66 1
145 88 1
145 90 1
145 104 1
145 122 1
145 133 1
145 142 1
145 143 1
145 144 1
146 14 1
146 15 1
146 35 1
146 46 1
146 64 1
146 77 1
146 88 1
146 134 1
146 141 1
147 14 1
147 15 1
147 35 1
147 46 1
147 64 1
147 77 1
147 88 1
147 134 1
147 141 1
147 146 1
148 7 1
148 12 1
148 16 1
148 23 1
148 48 1
148 49 1
148 54 1
148 68 1
148 69 1
148 73 1
148 82 1
148 85 1
148 91 1
148 98 1
148 115 1
148 116 1
148 129 1
148 139 1
149 7 1
149 12 1
149 16 1
149 23 1
149 48 1
149 49 1
149 54 1
149 68 1
149 69 1
149 73 1
149 82 1
149 85 1
149 91 1
149 98 1
149 115 1
149 116 1
149 129 1
149 139 1
149 148 1
150 28 1
150 29 1
150 44 1
150 46 1
150 50 1
150 55 1
150 60 1
150 63 1
150 69 1
150 81 1
150 103 1
150 110 1
150 123 1
150 130 1
151 28 1
151 29 1
151 44 1
151 46 1
151 50 1
151 55 1
151 60 1
151 63 1
151 69 1
151 81 1
151 103 1
151 110 1
151 123 1
151 130 1
151 150 1
152 4 1
152 5 1
152 26 1
152 43 1
152 52 1
152 70 1
152 71 1
152 72 1
152 79 1
152 105 1
152 112 1
152 119 1
152 120 1
152 138 1
153 5 1
153 6 1
153 25 1
153 26 1
153 40 1
153 43 1
153 61 1
153 70 1
153 81 1
153 86 1
153 92 1
153 94 1
153 101 1
153 118 1
153 125 1
153 138 1
154 5 1
154 6 1
154 25 1
154 26 1
154 40 1
154 43 1
154 61 1
154 70 1
154 81 1
154 86 1
154 92 1
154 94 1
154 101 1
154 118 1
154 125 1
154 138 1
154 153 1
155 6 1
155 24 1
155 25 1
155 40 1
155 43 1
155 55 1
155 60 1
155 61 1
155 70 1
155 72 1
155 81 1
155 86 1
155 92 1
155 94 1
155 100 1
155 101 1
155 117 1
155 118 1
155 125 1
155 138 1
155 153 1
155 154 1
156 6 1
156 25 1
156 40 1
156 43 1
156 55 1
156 60 1
156 61 1
156 70 1
156 72 1
156 81 1
156 86 1
156 92 1
156 94 1
156 100 1
156 101 1
156 117 1
156 118 1
156 125 1
156 138 1
156 153 1
156 154 1
156 155 1
157 8 1
157 9 1
157 31 1
157 41 1
157 56 1
157 57 1
157 74 1
157 82 1
157 99 1
157 107 1
157 108 1
157 109 1
157 124 1
158 8 1
158 9 1
158 31 1
158 41 1
158 56 1
158 57 1
158 74 1
158 82 1
158 99 1
158 107 1
158 108 1
158 109 1
158 124 1
158 157 1
159 10 1
159 13 1
159 20 1
159 21 1
159 33 1
159 34 1
159 36 1
159 45 1
159 58 1
159 59 1
159 90 1
159 121 1
159 126 1
159 133 1
159 135 1
159 137 1
160 0 1
160 3 1
160 11 1
160 15 1
160 64 1
160 65 1
160 77 1
160 89 1
160 128 1
160 131 1
160 141 1
161 0 1
161 3 1
161 11 1
161 64 1
161 77 1
161 89 1
161 160 1
162 4 1
162 28 1
162 50 1
162 79 1
162 81 1
162 103 1
162 120 1
162 150 1
162 151 1
163 17 1
163 24 1
163 31 1
163 32 1
163 39 1
163 42 1
163 51 1
163 74 1
163 80 1
163 85 1
163 92 1
163 93 1
163 99 1
163 111 1
164 9 1
164 17 1
164 31 1
164 39 1
164 42 1
164 51 1
164 74 1
164 80 1
164 85 1
164 93 1
164 99 1
164 108 1
164 113 1
164 163 1
165 7 1
165 8 1
165 18 1
165 27 1
165 41 1
165 52 1
165 53 1
165 54 1
165 71 1
165 96 1
165 97 1
165 98 1
165 106 1
165 119 1
165 124 1
166 7 1
166 8 1
166 16 1
166 31 1
166 32 1
166 48 1
166 49 1
166 51 1
166 54 1
166 68 1
166 73 1
166 82 1
166 85 1
166 97 1
166 98 1
166 99 1
166 107 1
166 115 1
166 116 1
166 123 1
166 139 1
166 148 1
166 149 1
166 163 1
167 8 1
167 9 1
167 27 1
167 31 1
167 41 1
167 49 1
167 54 1
167 56 1
167 68 1
167 82 1
167 97 1
167 98 1
167 99 1
167 106 1
167 107 1
167 119 1
167 124 1
167 129 1
167 165 1
167 166 1
168 17 1
168 24 1
168 32 1
168 51 1
168 61 1
168 73 1
168 85 1
168 92 1
168 93 1
168 97 1
168 98 1
168 99 1
168 100 1
168 111 1
168 115 1
168 123 1
168 139 1
168 163 1
168 164 1
168 166 1
