# minsup
1
# graph
G_./5ezd.pdb
# node ID, label
0 A
1 A
2 C
3 C
4 C
5 C
6 C
7 D
8 D
9 D
10 D
11 D
12 D
13 E
14 E
15 E
16 E
17 E
18 E
19 E
20 E
21 E
22 E
23 F
24 F
25 F
26 F
27 G
28 G
29 G
30 G
31 G
32 G
33 I
34 I
35 K
36 K
37 K
38 K
39 K
40 K
41 L
42 L
43 L
44 L
45 L
46 N
47 N
48 N
49 N
50 N
51 N
52 N
53 N
54 P
55 P
56 Q
57 R
58 R
59 R
60 R
61 R
62 R
63 R
64 R
65 S
66 T
67 T
68 T
69 V
70 V
71 V
72 V
73 V
74 V
75 V
76 V
77 V
78 V
79 V
80 V
81 W
82 W
83 Y
84 Y
85 Y
86 Y
87 Y
88 Y
89 Y
90 Y
# node ID1, node ID2, number of bounds
2 0 1
3 0 1
3 2 1
4 1 1
6 1 1
6 4 1
7 5 1
8 7 1
9 0 1
9 2 1
9 3 1
11 10 1
12 1 1
12 4 1
12 6 1
13 0 1
13 8 1
14 8 1
14 13 1
15 0 1
15 2 1
15 3 1
16 0 1
16 2 1
16 3 1
16 15 1
17 0 1
17 2 1
17 3 1
17 15 1
17 16 1
18 1 1
18 11 1
19 11 1
19 18 1
20 1 1
20 4 1
20 6 1
21 1 1
21 4 1
21 6 1
21 20 1
22 1 1
22 4 1
22 6 1
22 20 1
22 21 1
23 15 1
24 2 1
24 3 1
24 15 1
24 16 1
24 17 1
24 23 1
25 5 1
25 20 1
26 4 1
26 5 1
26 6 1
26 20 1
26 21 1
26 22 1
26 25 1
27 23 1
27 24 1
28 10 1
28 11 1
28 18 1
28 19 1
29 5 1
29 25 1
29 26 1
30 5 1
30 25 1
30 26 1
30 29 1
31 5 1
31 25 1
31 26 1
31 29 1
31 30 1
32 4 1
32 5 1
32 25 1
32 26 1
32 29 1
32 30 1
32 31 1
33 0 1
33 2 1
33 3 1
33 9 1
33 15 1
33 16 1
33 17 1
33 24 1
34 1 1
34 4 1
34 6 1
34 12 1
34 20 1
34 21 1
34 22 1
34 26 1
35 0 1
35 2 1
35 3 1
35 13 1
35 15 1
35 16 1
35 17 1
35 33 1
36 2 1
36 3 1
36 23 1
36 24 1
36 27 1
37 0 1
37 2 1
37 3 1
37 15 1
37 17 1
37 23 1
37 24 1
37 27 1
37 33 1
37 35 1
37 36 1
38 1 1
38 4 1
38 6 1
38 18 1
38 20 1
38 21 1
38 22 1
38 34 1
39 4 1
39 5 1
39 6 1
39 25 1
39 26 1
39 29 1
39 30 1
39 31 1
39 32 1
40 1 1
40 4 1
40 5 1
40 6 1
40 20 1
40 22 1
40 25 1
40 26 1
40 29 1
40 30 1
40 31 1
40 32 1
40 34 1
40 38 1
40 39 1
41 0 1
41 2 1
41 3 1
41 15 1
41 16 1
41 17 1
41 33 1
41 35 1
41 37 1
42 0 1
42 2 1
42 3 1
42 15 1
42 16 1
42 17 1
42 23 1
42 24 1
42 27 1
42 33 1
42 35 1
42 36 1
42 37 1
42 41 1
43 1 1
43 4 1
43 6 1
43 20 1
43 21 1
43 22 1
43 34 1
43 38 1
43 40 1
44 5 1
44 7 1
44 25 1
44 26 1
44 29 1
44 30 1
44 31 1
44 32 1
44 39 1
44 40 1
45 1 1
45 4 1
45 5 1
45 6 1
45 20 1
45 21 1
45 22 1
45 25 1
45 26 1
45 30 1
45 31 1
45 32 1
45 34 1
45 38 1
45 39 1
45 40 1
45 43 1
45 44 1
46 0 1
46 2 1
46 3 1
46 15 1
46 23 1
46 24 1
46 27 1
46 33 1
46 36 1
46 37 1
46 42 1
47 0 1
47 2 1
47 3 1
47 23 1
47 24 1
47 27 1
47 35 1
47 36 1
47 37 1
47 42 1
47 46 1
48 0 1
48 2 1
48 3 1
48 9 1
48 15 1
48 16 1
48 17 1
48 23 1
48 24 1
48 27 1
48 33 1
48 35 1
48 36 1
48 37 1
48 41 1
48 42 1
48 46 1
48 47 1
49 0 1
49 2 1
49 3 1
49 15 1
49 16 1
49 17 1
49 23 1
49 24 1
49 27 1
49 33 1
49 35 1
49 36 1
49 37 1
49 41 1
49 42 1
49 46 1
49 47 1
49 48 1
50 1 1
50 4 1
50 5 1
50 6 1
50 20 1
50 25 1
50 26 1
50 29 1
50 30 1
50 31 1
50 32 1
50 34 1
50 39 1
50 40 1
50 44 1
50 45 1
51 1 1
51 4 1
51 5 1
51 6 1
51 25 1
51 26 1
51 29 1
51 30 1
51 31 1
51 32 1
51 38 1
51 39 1
51 40 1
51 44 1
51 45 1
51 50 1
52 1 1
52 4 1
52 5 1
52 6 1
52 12 1
52 20 1
52 21 1
52 22 1
52 25 1
52 26 1
52 29 1
52 30 1
52 31 1
52 32 1
52 34 1
52 38 1
52 39 1
52 40 1
52 43 1
52 44 1
52 45 1
52 50 1
52 51 1
53 1 1
53 4 1
53 5 1
53 6 1
53 20 1
53 21 1
53 22 1
53 25 1
53 26 1
53 29 1
53 30 1
53 31 1
53 32 1
53 34 1
53 38 1
53 39 1
53 40 1
53 43 1
53 44 1
53 45 1
53 50 1
53 51 1
53 52 1
54 1 1
54 11 1
54 18 1
54 19 1
54 28 1
54 34 1
54 38 1
54 43 1
55 5 1
55 6 1
55 20 1
55 21 1
55 22 1
55 25 1
55 26 1
55 29 1
55 30 1
55 31 1
55 32 1
55 39 1
55 40 1
55 45 1
55 50 1
55 51 1
55 52 1
55 53 1
56 19 1
56 21 1
56 22 1
56 54 1
57 7 1
57 8 1
57 13 1
57 14 1
58 13 1
58 14 1
58 57 1
59 0 1
59 2 1
59 3 1
59 15 1
59 16 1
59 17 1
59 23 1
59 24 1
59 27 1
59 33 1
59 36 1
59 37 1
59 41 1
59 42 1
59 46 1
59 47 1
59 48 1
59 49 1
60 0 1
60 2 1
60 3 1
60 15 1
60 16 1
60 17 1
60 23 1
60 24 1
60 33 1
60 35 1
60 37 1
60 41 1
60 42 1
60 46 1
60 48 1
60 49 1
60 59 1
61 10 1
61 11 1
61 18 1
61 19 1
61 28 1
61 54 1
61 56 1
62 18 1
62 19 1
62 28 1
62 54 1
62 56 1
62 61 1
63 1 1
63 4 1
63 5 1
63 6 1
63 20 1
63 21 1
63 22 1
63 25 1
63 26 1
63 29 1
63 30 1
63 31 1
63 32 1
63 34 1
63 39 1
63 40 1
63 43 1
63 44 1
63 45 1
63 50 1
63 51 1
63 52 1
63 53 1
63 55 1
64 1 1
64 4 1
64 6 1
64 20 1
64 21 1
64 22 1
64 25 1
64 26 1
64 31 1
64 34 1
64 38 1
64 40 1
64 43 1
64 45 1
64 50 1
64 52 1
64 53 1
64 55 1
64 63 1
65 0 1
65 2 1
65 3 1
65 9 1
65 24 1
65 27 1
65 36 1
65 37 1
65 46 1
65 47 1
65 48 1
65 49 1
65 59 1
66 7 1
66 8 1
66 13 1
66 57 1
67 10 1
67 11 1
67 18 1
67 28 1
67 54 1
67 61 1
68 4 1
68 6 1
68 12 1
68 34 1
68 50 1
68 52 1
69 0 1
69 2 1
69 3 1
69 9 1
69 13 1
69 15 1
69 16 1
69 17 1
69 33 1
69 35 1
69 37 1
69 41 1
69 42 1
69 48 1
69 49 1
69 60 1
70 7 1
70 8 1
70 13 1
70 14 1
70 57 1
70 58 1
70 66 1
70 69 1
71 25 1
71 55 1
71 58 1
72 5 1
72 17 1
72 25 1
72 30 1
72 31 1
72 35 1
72 41 1
72 44 1
72 45 1
72 57 1
72 69 1
72 70 1
72 71 1
73 0 1
73 3 1
73 5 1
73 7 1
73 8 1
73 13 1
73 16 1
73 17 1
73 31 1
73 33 1
73 35 1
73 41 1
73 57 1
73 66 1
73 69 1
73 70 1
73 72 1
74 23 1
74 24 1
74 27 1
74 36 1
74 37 1
74 42 1
74 46 1
74 47 1
74 48 1
74 49 1
74 59 1
74 65 1
75 10 1
75 11 1
75 18 1
75 19 1
75 28 1
75 54 1
75 61 1
75 62 1
75 67 1
76 23 1
76 56 1
76 62 1
77 22 1
77 23 1
77 27 1
77 38 1
77 42 1
77 43 1
77 56 1
77 61 1
77 75 1
77 76 1
78 1 1
78 6 1
78 10 1
78 11 1
78 18 1
78 21 1
78 22 1
78 28 1
78 34 1
78 38 1
78 43 1
78 54 1
78 61 1
78 67 1
78 75 1
78 77 1
79 1 1
79 4 1
79 6 1
79 10 1
79 11 1
79 18 1
79 22 1
79 28 1
79 34 1
79 38 1
79 40 1
79 43 1
79 54 1
79 61 1
79 67 1
79 75 1
79 77 1
79 78 1
80 5 1
80 25 1
80 26 1
80 29 1
80 30 1
80 31 1
80 32 1
80 39 1
80 40 1
80 44 1
80 45 1
80 50 1
80 51 1
80 52 1
80 53 1
80 55 1
80 63 1
81 0 1
81 2 1
81 3 1
81 15 1
81 16 1
81 17 1
81 23 1
81 24 1
81 27 1
81 33 1
81 35 1
81 36 1
81 37 1
81 41 1
81 42 1
81 46 1
81 47 1
81 48 1
81 49 1
81 59 1
81 60 1
81 65 1
81 69 1
81 74 1
82 1 1
82 4 1
82 5 1
82 6 1
82 20 1
82 21 1
82 22 1
82 25 1
82 26 1
82 29 1
82 30 1
82 31 1
82 32 1
82 34 1
82 38 1
82 39 1
82 40 1
82 43 1
82 45 1
82 50 1
82 51 1
82 52 1
82 53 1
82 55 1
82 63 1
82 64 1
82 80 1
83 0 1
83 2 1
83 3 1
83 9 1
83 15 1
83 16 1
83 17 1
83 23 1
83 24 1
83 27 1
83 33 1
83 35 1
83 36 1
83 37 1
83 41 1
83 42 1
83 46 1
83 47 1
83 48 1
83 49 1
83 59 1
83 60 1
83 65 1
83 69 1
83 74 1
83 81 1
84 0 1
84 2 1
84 3 1
84 9 1
84 15 1
84 16 1
84 17 1
84 24 1
84 33 1
84 35 1
84 36 1
84 37 1
84 41 1
84 42 1
84 46 1
84 47 1
84 48 1
84 49 1
84 59 1
84 60 1
84 65 1
84 69 1
84 74 1
84 81 1
84 83 1
85 3 1
85 15 1
85 23 1
85 24 1
85 27 1
85 36 1
85 37 1
85 42 1
85 46 1
85 47 1
85 48 1
85 49 1
85 59 1
85 60 1
85 65 1
85 74 1
85 77 1
85 81 1
85 83 1
85 84 1
86 0 1
86 2 1
86 3 1
86 15 1
86 16 1
86 17 1
86 23 1
86 24 1
86 27 1
86 33 1
86 35 1
86 36 1
86 37 1
86 41 1
86 42 1
86 46 1
86 47 1
86 48 1
86 49 1
86 59 1
86 60 1
86 65 1
86 69 1
86 73 1
86 74 1
86 81 1
86 83 1
86 84 1
86 85 1
87 1 1
87 4 1
87 6 1
87 12 1
87 20 1
87 21 1
87 22 1
87 25 1
87 26 1
87 29 1
87 30 1
87 31 1
87 32 1
87 34 1
87 38 1
87 39 1
87 40 1
87 43 1
87 44 1
87 45 1
87 50 1
87 51 1
87 52 1
87 53 1
87 55 1
87 63 1
87 64 1
87 68 1
87 80 1
87 82 1
88 1 1
88 4 1
88 6 1
88 12 1
88 20 1
88 21 1
88 22 1
88 26 1
88 32 1
88 34 1
88 38 1
88 39 1
88 40 1
88 43 1
88 45 1
88 50 1
88 51 1
88 52 1
88 53 1
88 55 1
88 63 1
88 64 1
88 68 1
88 80 1
88 82 1
88 87 1
89 5 1
89 6 1
89 20 1
89 25 1
89 26 1
89 29 1
89 30 1
89 31 1
89 32 1
89 39 1
89 40 1
89 44 1
89 45 1
89 50 1
89 51 1
89 52 1
89 53 1
89 55 1
89 63 1
89 64 1
89 72 1
89 80 1
89 82 1
89 87 1
89 88 1
90 1 1
90 4 1
90 5 1
90 6 1
90 20 1
90 21 1
90 22 1
90 25 1
90 26 1
90 29 1
90 30 1
90 31 1
90 32 1
90 34 1
90 38 1
90 39 1
90 40 1
90 43 1
90 44 1
90 45 1
90 50 1
90 51 1
90 52 1
90 53 1
90 55 1
90 63 1
90 64 1
90 78 1
90 80 1
90 82 1
90 87 1
90 88 1
90 89 1
