# minsup
1
# graph
G_portein_file\Histone\5B33.pdb
# node ID, label
0 A
1 A
2 A
3 A
4 A
5 A
6 A
7 A
8 A
9 A
10 A
11 A
12 A
13 A
14 A
15 A
16 A
17 A
18 A
19 A
20 A
21 A
22 A
23 A
24 A
25 A
26 A
27 A
28 A
29 A
30 A
31 A
32 A
33 A
34 A
35 A
36 A
37 A
38 A
39 A
40 A
41 A
42 A
43 A
44 A
45 A
46 A
47 C
48 C
49 D
50 D
51 D
52 D
53 D
54 D
55 D
56 D
57 D
58 D
59 D
60 D
61 D
62 D
63 E
64 E
65 E
66 E
67 E
68 E
69 E
70 E
71 E
72 E
73 E
74 E
75 E
76 E
77 E
78 E
79 E
80 E
81 E
82 F
83 F
84 F
85 F
86 F
87 F
88 F
89 F
90 F
91 F
92 F
93 F
94 F
95 F
96 G
97 G
98 G
99 G
100 G
101 G
102 G
103 G
104 G
105 G
106 G
107 G
108 G
109 G
110 G
111 G
112 G
113 G
114 G
115 G
116 G
117 G
118 G
119 G
120 G
121 G
122 G
123 G
124 G
125 G
126 G
127 G
128 G
129 G
130 H
131 H
132 H
133 H
134 H
135 H
136 H
137 I
138 I
139 I
140 I
141 I
142 I
143 I
144 I
145 I
146 I
147 I
148 I
149 I
150 I
151 I
152 I
153 I
154 I
155 I
156 I
157 I
158 I
159 I
160 I
161 I
162 I
163 I
164 I
165 I
166 I
167 I
168 I
169 I
170 I
171 I
172 I
173 I
174 I
175 I
176 K
177 K
178 K
179 K
180 K
181 K
182 K
183 K
184 K
185 K
186 K
187 K
188 K
189 K
190 K
191 K
192 K
193 K
194 K
195 K
196 L
197 L
198 L
199 L
200 L
201 L
202 L
203 L
204 L
205 L
206 L
207 L
208 L
209 L
210 L
211 L
212 L
213 L
214 L
215 L
216 L
217 L
218 L
219 L
220 L
221 L
222 L
223 L
224 L
225 L
226 L
227 L
228 L
229 L
230 L
231 L
232 L
233 L
234 L
235 L
236 L
237 L
238 L
239 L
240 L
241 L
242 L
243 L
244 M
245 M
246 M
247 M
248 M
249 M
250 M
251 N
252 N
253 N
254 N
255 N
256 N
257 N
258 N
259 N
260 P
261 P
262 P
263 P
264 P
265 P
266 P
267 P
268 P
269 Q
270 Q
271 Q
272 Q
273 Q
274 Q
275 Q
276 Q
277 Q
278 Q
279 Q
280 Q
281 Q
282 Q
283 Q
284 Q
285 R
286 R
287 R
288 R
289 R
290 R
291 R
292 R
293 R
294 R
295 R
296 R
297 R
298 R
299 R
300 R
301 R
302 R
303 R
304 R
305 R
306 R
307 R
308 R
309 R
310 R
311 R
312 R
313 R
314 R
315 R
316 R
317 R
318 R
319 R
320 R
321 R
322 R
323 R
324 R
325 R
326 R
327 S
328 S
329 S
330 S
331 S
332 S
333 S
334 S
335 S
336 S
337 S
338 S
339 S
340 S
341 T
342 T
343 T
344 T
345 T
346 T
347 T
348 T
349 T
350 T
351 T
352 T
353 T
354 T
355 T
356 T
357 T
358 T
359 T
360 T
361 T
362 T
363 T
364 T
365 T
366 T
367 V
368 V
369 V
370 V
371 V
372 V
373 V
374 V
375 V
376 V
377 V
378 V
379 V
380 V
381 V
382 V
383 V
384 V
385 V
386 V
387 V
388 V
389 V
390 V
391 V
392 V
393 V
394 V
395 V
396 V
397 V
398 V
399 V
400 V
401 V
402 V
403 V
404 Y
405 Y
406 Y
407 Y
408 Y
409 Y
410 Y
411 Y
412 Y
413 Y
414 Y
415 Y
416 Y
417 Y
418 Y
# node ID1, node ID2, number of bounds
1 0 1
2 0 1
2 1 1
3 2 1
4 3 1
6 5 1
7 5 1
9 1 1
10 0 1
10 1 1
10 2 1
10 9 1
11 9 1
11 10 1
13 12 1
14 12 1
14 13 1
15 12 1
15 13 1
15 14 1
17 16 1
18 17 1
20 19 1
21 17 1
21 20 1
22 12 1
23 22 1
24 14 1
24 15 1
28 27 1
29 20 1
29 27 1
29 28 1
30 20 1
30 29 1
31 20 1
31 30 1
32 6 1
33 5 1
33 6 1
33 32 1
34 7 1
34 32 1
36 35 1
37 26 1
37 28 1
39 27 1
39 28 1
39 29 1
39 37 1
40 37 1
40 39 1
43 2 1
43 3 1
43 4 1
43 42 1
44 43 1
47 5 1
47 6 1
47 7 1
47 33 1
47 34 1
48 6 1
48 7 1
48 32 1
48 33 1
48 34 1
48 47 1
49 5 1
49 7 1
49 47 1
50 5 1
50 6 1
50 7 1
50 47 1
50 49 1
51 9 1
51 11 1
52 1 1
52 2 1
52 9 1
52 10 1
52 11 1
52 51 1
53 18 1
54 18 1
54 19 1
54 53 1
55 19 1
56 26 1
57 32 1
57 34 1
57 48 1
58 32 1
58 33 1
58 34 1
58 47 1
58 48 1
58 57 1
60 37 1
60 40 1
61 28 1
61 29 1
61 37 1
61 38 1
61 39 1
61 40 1
61 60 1
62 42 1
63 1 1
63 2 1
63 3 1
63 4 1
63 43 1
64 2 1
64 3 1
64 4 1
64 8 1
64 43 1
64 63 1
65 7 1
65 8 1
65 47 1
65 49 1
66 9 1
66 51 1
67 14 1
67 15 1
67 16 1
68 16 1
68 17 1
68 18 1
68 67 1
69 16 1
69 17 1
69 18 1
69 68 1
70 22 1
70 55 1
71 22 1
71 23 1
71 70 1
72 25 1
72 36 1
73 20 1
74 26 1
74 56 1
74 59 1
75 20 1
75 29 1
75 30 1
75 31 1
75 73 1
76 20 1
76 30 1
76 31 1
76 75 1
77 34 1
77 36 1
77 48 1
77 57 1
79 78 1
80 26 1
80 37 1
80 56 1
80 60 1
81 62 1
82 4 1
82 7 1
82 8 1
82 47 1
82 49 1
82 50 1
82 65 1
83 3 1
83 66 1
84 0 1
84 1 1
84 2 1
84 10 1
84 43 1
85 14 1
85 15 1
85 67 1
86 19 1
86 55 1
86 70 1
87 14 1
87 55 1
87 70 1
87 86 1
88 74 1
89 26 1
89 56 1
89 74 1
89 80 1
90 26 1
90 27 1
90 28 1
90 39 1
91 34 1
91 36 1
91 48 1
91 57 1
91 58 1
91 77 1
92 30 1
92 80 1
93 20 1
93 27 1
93 28 1
93 29 1
93 39 1
94 42 1
94 62 1
94 81 1
95 62 1
95 81 1
95 94 1
96 0 1
96 1 1
96 2 1
96 3 1
96 10 1
96 43 1
96 63 1
96 84 1
97 4 1
97 8 1
97 49 1
97 64 1
97 65 1
97 82 1
98 7 1
99 4 1
99 8 1
99 49 1
99 65 1
99 82 1
99 97 1
100 8 1
100 49 1
100 65 1
100 82 1
100 97 1
100 99 1
102 83 1
103 11 1
103 42 1
104 2 1
104 43 1
104 44 1
104 63 1
104 84 1
104 94 1
105 17 1
105 18 1
105 69 1
106 18 1
106 53 1
106 54 1
107 20 1
107 21 1
107 31 1
107 73 1
107 75 1
108 20 1
108 21 1
108 31 1
108 73 1
108 75 1
108 107 1
109 20 1
109 31 1
109 73 1
109 76 1
109 107 1
109 108 1
110 20 1
110 21 1
110 86 1
110 93 1
111 22 1
111 23 1
111 70 1
111 71 1
111 87 1
112 12 1
112 14 1
112 15 1
112 24 1
112 67 1
113 25 1
113 72 1
114 20 1
114 27 1
114 28 1
114 29 1
114 30 1
114 39 1
114 75 1
114 88 1
114 93 1
115 31 1
115 36 1
115 57 1
115 76 1
115 77 1
115 91 1
116 34 1
117 35 1
117 59 1
117 88 1
118 31 1
118 36 1
118 57 1
118 77 1
118 91 1
118 115 1
119 25 1
119 36 1
119 57 1
119 72 1
119 77 1
119 91 1
119 115 1
119 118 1
120 78 1
120 79 1
121 78 1
121 79 1
121 92 1
122 19 1
122 40 1
123 20 1
123 21 1
123 29 1
123 75 1
123 86 1
123 93 1
123 107 1
123 110 1
125 41 1
126 4 1
126 43 1
126 44 1
126 63 1
126 104 1
127 4 1
127 43 1
127 44 1
127 126 1
128 4 1
128 43 1
128 64 1
128 126 1
128 127 1
129 43 1
129 44 1
129 84 1
129 94 1
129 104 1
130 5 1
130 6 1
130 32 1
130 33 1
130 47 1
130 48 1
130 50 1
130 58 1
131 124 1
132 17 1
132 18 1
132 21 1
132 105 1
132 107 1
132 108 1
132 109 1
133 77 1
133 118 1
133 119 1
134 16 1
134 17 1
134 69 1
134 105 1
135 5 1
135 6 1
135 32 1
135 33 1
135 47 1
135 48 1
135 50 1
135 58 1
135 130 1
136 124 1
136 131 1
137 0 1
137 1 1
137 2 1
137 3 1
137 10 1
137 63 1
137 96 1
138 5 1
138 6 1
138 33 1
138 47 1
138 49 1
138 50 1
138 130 1
139 5 1
139 6 1
139 8 1
139 47 1
139 50 1
139 82 1
139 101 1
139 138 1
140 5 1
140 7 1
140 47 1
140 49 1
140 50 1
140 65 1
140 82 1
140 139 1
141 7 1
141 34 1
141 48 1
141 49 1
141 57 1
141 77 1
141 98 1
141 116 1
142 8 1
142 64 1
142 82 1
143 8 1
143 101 1
143 139 1
143 142 1
144 9 1
144 11 1
144 51 1
144 52 1
144 66 1
144 83 1
145 14 1
145 15 1
145 16 1
145 24 1
145 67 1
145 85 1
145 87 1
145 112 1
146 17 1
146 18 1
146 53 1
146 54 1
146 68 1
146 106 1
146 132 1
147 19 1
147 54 1
147 55 1
147 86 1
147 146 1
148 19 1
148 20 1
148 21 1
148 30 1
148 31 1
148 75 1
148 86 1
148 93 1
148 107 1
148 108 1
148 109 1
148 110 1
148 123 1
148 146 1
148 147 1
149 18 1
149 106 1
149 108 1
149 109 1
149 118 1
149 133 1
150 118 1
150 119 1
150 133 1
150 149 1
151 85 1
152 17 1
152 21 1
152 105 1
152 110 1
153 20 1
153 21 1
153 86 1
153 93 1
153 107 1
153 108 1
153 110 1
153 123 1
153 148 1
154 55 1
154 70 1
154 86 1
154 87 1
154 111 1
154 145 1
154 147 1
155 22 1
155 23 1
155 55 1
155 70 1
155 71 1
155 87 1
155 111 1
155 145 1
155 154 1
156 12 1
156 13 1
156 22 1
156 23 1
156 71 1
156 111 1
156 112 1
156 145 1
156 155 1
157 25 1
157 36 1
157 72 1
157 118 1
157 119 1
157 133 1
157 150 1
158 35 1
158 73 1
158 75 1
158 76 1
158 88 1
158 117 1
159 26 1
159 56 1
159 74 1
159 80 1
159 89 1
160 27 1
160 28 1
160 29 1
160 30 1
160 39 1
160 75 1
160 88 1
160 90 1
160 114 1
161 6 1
161 32 1
161 33 1
161 48 1
161 57 1
161 58 1
161 135 1
162 32 1
162 33 1
162 36 1
162 48 1
162 58 1
162 91 1
162 120 1
162 161 1
163 32 1
163 34 1
163 48 1
163 57 1
163 58 1
163 77 1
163 79 1
163 91 1
163 162 1
164 7 1
164 34 1
164 47 1
164 49 1
164 57 1
164 65 1
164 116 1
164 141 1
165 59 1
165 74 1
165 78 1
165 88 1
165 117 1
165 121 1
165 159 1
166 35 1
166 78 1
166 88 1
166 117 1
166 158 1
166 165 1
167 35 1
167 36 1
167 76 1
167 78 1
167 91 1
167 158 1
167 166 1
168 36 1
168 120 1
168 162 1
168 167 1
169 58 1
169 78 1
169 79 1
169 120 1
169 121 1
169 162 1
169 163 1
169 167 1
169 168 1
170 26 1
170 37 1
170 40 1
170 60 1
170 61 1
170 80 1
170 89 1
170 92 1
170 159 1
171 42 1
171 62 1
171 94 1
172 3 1
172 4 1
172 42 1
172 43 1
172 44 1
172 63 1
172 94 1
172 104 1
172 126 1
172 127 1
172 128 1
172 129 1
172 171 1
173 43 1
173 44 1
173 84 1
173 94 1
173 104 1
173 126 1
173 127 1
173 129 1
173 172 1
174 62 1
174 81 1
174 94 1
174 95 1
174 171 1
175 45 1
175 62 1
175 81 1
175 95 1
175 174 1
176 5 1
176 7 1
176 47 1
176 50 1
176 135 1
176 139 1
176 140 1
177 8 1
177 99 1
177 100 1
177 139 1
177 143 1
178 66 1
178 83 1
178 102 1
179 11 1
179 42 1
179 52 1
179 103 1
181 16 1
181 85 1
181 151 1
182 16 1
182 134 1
182 181 1
183 20 1
183 21 1
183 93 1
183 107 1
183 110 1
183 123 1
183 152 1
183 153 1
184 15 1
184 24 1
184 112 1
185 24 1
185 112 1
185 184 1
186 72 1
186 73 1
186 109 1
186 133 1
186 149 1
186 157 1
187 88 1
187 114 1
187 117 1
187 158 1
187 160 1
187 166 1
188 6 1
188 32 1
188 33 1
188 48 1
188 135 1
188 161 1
189 32 1
189 34 1
189 48 1
189 58 1
189 79 1
189 130 1
189 162 1
189 163 1
189 169 1
190 35 1
190 78 1
190 117 1
190 120 1
190 166 1
190 167 1
190 169 1
191 25 1
191 36 1
191 72 1
191 113 1
191 118 1
191 119 1
191 150 1
191 157 1
191 162 1
191 168 1
192 79 1
192 80 1
192 92 1
192 121 1
192 159 1
192 165 1
193 19 1
193 40 1
193 122 1
195 43 1
195 44 1
195 84 1
195 104 1
195 126 1
195 129 1
195 173 1
196 8 1
196 63 1
196 64 1
196 142 1
197 0 1
197 1 1
197 2 1
197 3 1
197 4 1
197 10 1
197 63 1
197 64 1
197 83 1
197 96 1
197 137 1
197 144 1
198 3 1
198 4 1
198 8 1
198 49 1
198 63 1
198 64 1
198 65 1
198 82 1
198 83 1
198 97 1
198 99 1
198 142 1
199 4 1
199 7 1
199 8 1
199 49 1
199 50 1
199 64 1
199 65 1
199 82 1
199 97 1
199 99 1
199 140 1
199 164 1
199 198 1
200 5 1
200 6 1
200 7 1
200 47 1
200 49 1
200 50 1
200 65 1
200 82 1
200 100 1
200 130 1
200 138 1
200 139 1
200 164 1
200 199 1
201 5 1
201 7 1
201 34 1
201 47 1
201 48 1
201 49 1
201 50 1
201 57 1
201 135 1
201 140 1
201 141 1
201 164 1
201 176 1
202 4 1
202 8 1
202 64 1
202 82 1
202 97 1
202 99 1
202 100 1
202 142 1
202 196 1
202 198 1
202 199 1
203 64 1
203 66 1
203 83 1
203 102 1
203 178 1
203 198 1
204 3 1
204 51 1
204 66 1
204 83 1
204 144 1
204 178 1
204 197 1
204 203 1
205 2 1
205 3 1
205 9 1
205 11 1
205 51 1
205 52 1
205 103 1
205 144 1
205 179 1
205 197 1
206 2 1
206 3 1
206 4 1
206 11 1
206 42 1
206 43 1
206 63 1
206 84 1
206 94 1
206 103 1
206 104 1
206 172 1
206 173 1
206 179 1
206 197 1
206 205 1
207 14 1
207 15 1
207 24 1
207 67 1
207 85 1
208 14 1
208 15 1
208 16 1
208 67 1
208 85 1
208 86 1
208 87 1
208 112 1
208 145 1
208 154 1
208 155 1
209 15 1
209 16 1
209 67 1
209 68 1
209 69 1
209 86 1
209 145 1
209 154 1
209 208 1
210 16 1
210 17 1
210 18 1
210 68 1
210 69 1
210 105 1
210 132 1
210 134 1
210 146 1
210 152 1
210 182 1
210 209 1
211 16 1
211 17 1
211 18 1
211 53 1
211 68 1
211 69 1
211 105 1
211 106 1
211 132 1
211 134 1
211 146 1
211 210 1
212 17 1
212 18 1
212 21 1
212 105 1
212 106 1
212 107 1
212 108 1
212 132 1
212 146 1
212 148 1
212 153 1
212 210 1
212 211 1
213 17 1
213 18 1
213 53 1
213 54 1
213 106 1
213 108 1
213 109 1
213 132 1
213 146 1
213 149 1
213 211 1
213 212 1
214 18 1
214 53 1
214 54 1
214 68 1
214 106 1
214 146 1
214 147 1
214 209 1
215 19 1
215 53 1
215 54 1
215 146 1
215 147 1
215 154 1
215 214 1
216 16 1
216 68 1
216 69 1
216 105 1
216 134 1
216 151 1
216 152 1
216 181 1
216 182 1
216 210 1
217 9 1
217 11 1
217 22 1
217 23 1
217 51 1
217 71 1
217 155 1
217 156 1
218 23 1
218 51 1
218 71 1
218 154 1
218 155 1
218 215 1
218 217 1
219 23 1
219 154 1
219 155 1
219 209 1
219 214 1
219 215 1
219 217 1
219 218 1
220 25 1
220 72 1
220 113 1
220 119 1
220 150 1
220 157 1
220 191 1
221 20 1
221 31 1
221 35 1
221 73 1
221 75 1
221 76 1
221 107 1
221 109 1
221 114 1
221 158 1
221 187 1
222 35 1
222 73 1
222 75 1
222 76 1
222 158 1
222 166 1
222 167 1
222 187 1
222 221 1
223 88 1
223 117 1
223 158 1
223 187 1
224 26 1
224 59 1
224 74 1
224 88 1
224 117 1
224 159 1
224 165 1
224 166 1
224 187 1
224 192 1
224 223 1
225 27 1
225 28 1
225 29 1
225 30 1
225 31 1
225 37 1
225 39 1
225 40 1
225 75 1
225 76 1
225 88 1
225 92 1
225 114 1
225 160 1
225 170 1
226 30 1
226 31 1
226 36 1
226 57 1
226 75 1
226 76 1
226 77 1
226 91 1
226 92 1
226 115 1
226 118 1
226 167 1
227 31 1
227 34 1
227 36 1
227 57 1
227 76 1
227 77 1
227 91 1
227 115 1
227 118 1
227 141 1
227 163 1
227 226 1
228 32 1
228 33 1
228 34 1
228 48 1
228 57 1
228 58 1
228 77 1
228 91 1
228 119 1
228 135 1
228 141 1
228 161 1
228 162 1
228 188 1
228 201 1
228 227 1
229 7 1
229 32 1
229 34 1
229 47 1
229 48 1
229 49 1
229 57 1
229 58 1
229 130 1
229 141 1
229 163 1
229 164 1
229 189 1
229 200 1
230 56 1
230 59 1
230 74 1
230 159 1
230 224 1
231 31 1
231 35 1
231 36 1
231 76 1
231 91 1
231 115 1
231 118 1
231 119 1
231 157 1
231 158 1
231 167 1
231 221 1
231 222 1
231 226 1
231 227 1
232 78 1
232 79 1
232 120 1
232 162 1
232 168 1
232 169 1
232 189 1
233 76 1
233 78 1
233 79 1
233 80 1
233 92 1
233 121 1
233 165 1
233 166 1
233 192 1
233 226 1
234 26 1
234 30 1
234 60 1
234 80 1
234 92 1
234 159 1
234 170 1
234 192 1
234 224 1
234 225 1
234 233 1
235 29 1
235 30 1
235 37 1
235 40 1
235 60 1
235 61 1
235 122 1
235 170 1
235 193 1
235 225 1
236 19 1
236 20 1
236 29 1
236 30 1
236 31 1
236 40 1
236 75 1
236 86 1
236 93 1
236 122 1
236 123 1
236 148 1
236 153 1
236 193 1
236 225 1
236 235 1
237 94 1
237 95 1
237 174 1
237 175 1
238 94 1
238 174 1
238 237 1
239 41 1
239 125 1
239 127 1
239 128 1
240 41 1
240 125 1
240 171 1
240 238 1
241 42 1
241 171 1
241 174 1
241 240 1
242 37 1
242 40 1
242 45 1
242 60 1
242 175 1
243 45 1
243 60 1
243 174 1
243 175 1
243 241 1
243 242 1
244 5 1
244 47 1
244 50 1
244 101 1
244 139 1
244 140 1
244 143 1
244 176 1
245 0 1
245 1 1
245 2 1
245 9 1
245 10 1
245 11 1
245 52 1
245 84 1
245 205 1
246 21 1
246 86 1
246 110 1
246 123 1
246 151 1
246 152 1
246 153 1
246 183 1
246 212 1
247 21 1
247 55 1
247 86 1
247 110 1
247 123 1
247 148 1
247 152 1
247 153 1
247 183 1
247 210 1
247 212 1
247 246 1
248 32 1
248 48 1
248 58 1
248 79 1
248 120 1
248 162 1
248 163 1
248 168 1
248 169 1
248 189 1
248 232 1
249 27 1
249 28 1
249 29 1
249 37 1
249 39 1
249 40 1
249 61 1
249 93 1
249 235 1
250 44 1
250 62 1
250 94 1
250 104 1
250 129 1
250 172 1
250 173 1
250 195 1
251 5 1
251 6 1
251 7 1
251 8 1
251 47 1
251 49 1
251 50 1
251 65 1
251 82 1
251 99 1
251 100 1
251 130 1
251 138 1
251 139 1
251 140 1
251 143 1
251 177 1
251 199 1
251 200 1
251 244 1
252 9 1
252 11 1
252 51 1
252 66 1
252 83 1
252 144 1
252 178 1
252 203 1
252 204 1
252 205 1
253 17 1
253 18 1
253 69 1
253 105 1
253 132 1
253 134 1
253 210 1
253 211 1
254 21 1
254 55 1
254 86 1
254 93 1
254 110 1
254 123 1
254 153 1
254 183 1
254 246 1
254 247 1
255 55 1
255 70 1
255 86 1
255 87 1
255 154 1
255 208 1
255 247 1
255 254 1
256 32 1
256 34 1
256 36 1
256 48 1
256 57 1
256 58 1
256 77 1
256 91 1
256 115 1
256 118 1
256 119 1
256 135 1
256 161 1
256 162 1
256 163 1
256 168 1
256 191 1
256 227 1
256 228 1
256 248 1
257 59 1
257 74 1
257 88 1
257 117 1
257 159 1
257 165 1
257 166 1
257 224 1
257 230 1
258 37 1
258 40 1
258 60 1
258 80 1
258 92 1
258 170 1
258 192 1
258 234 1
258 235 1
259 62 1
259 81 1
259 94 1
259 95 1
259 173 1
259 174 1
259 237 1
259 250 1
261 5 1
261 7 1
261 50 1
261 101 1
261 139 1
261 140 1
261 143 1
261 176 1
261 201 1
261 244 1
262 17 1
262 18 1
262 20 1
262 21 1
262 107 1
262 108 1
262 109 1
262 110 1
262 123 1
262 132 1
262 148 1
262 152 1
262 153 1
262 183 1
262 212 1
262 213 1
262 246 1
262 247 1
263 109 1
263 118 1
263 119 1
263 133 1
263 149 1
263 150 1
263 157 1
263 186 1
263 213 1
264 25 1
264 113 1
264 220 1
265 88 1
265 117 1
265 158 1
265 165 1
265 166 1
265 187 1
265 223 1
265 224 1
265 257 1
266 32 1
266 34 1
266 58 1
266 78 1
266 79 1
266 120 1
266 162 1
266 163 1
266 168 1
266 169 1
266 189 1
266 229 1
266 232 1
266 248 1
267 35 1
267 36 1
267 158 1
267 166 1
267 167 1
267 190 1
267 222 1
267 231 1
268 41 1
268 43 1
268 44 1
268 104 1
268 126 1
268 127 1
268 128 1
268 129 1
268 172 1
268 173 1
268 195 1
268 239 1
268 250 1
269 99 1
269 100 1
269 128 1
269 202 1
270 0 1
270 1 1
270 2 1
270 3 1
270 4 1
270 43 1
270 63 1
270 64 1
270 96 1
270 137 1
270 196 1
270 197 1
270 204 1
271 7 1
271 47 1
271 50 1
271 140 1
271 141 1
271 176 1
271 201 1
271 244 1
271 261 1
272 11 1
272 51 1
272 83 1
272 103 1
272 179 1
272 205 1
272 252 1
273 17 1
273 18 1
273 20 1
273 21 1
273 54 1
273 106 1
273 107 1
273 108 1
273 109 1
273 132 1
273 146 1
273 148 1
273 149 1
273 153 1
273 212 1
273 213 1
273 262 1
274 16 1
274 69 1
274 134 1
274 181 1
274 182 1
274 210 1
274 216 1
275 12 1
275 22 1
275 23 1
275 112 1
275 145 1
275 155 1
275 156 1
275 217 1
276 72 1
276 109 1
276 118 1
276 119 1
276 133 1
276 149 1
276 150 1
276 157 1
276 186 1
276 231 1
276 263 1
277 74 1
277 88 1
277 90 1
277 114 1
277 117 1
277 160 1
277 187 1
277 223 1
277 224 1
277 225 1
277 257 1
277 265 1
278 26 1
278 56 1
278 74 1
278 89 1
278 159 1
278 170 1
278 224 1
278 230 1
279 27 1
279 28 1
279 29 1
279 39 1
279 90 1
279 114 1
279 160 1
279 249 1
280 20 1
280 27 1
280 28 1
280 29 1
280 30 1
280 31 1
280 75 1
280 76 1
280 88 1
280 114 1
280 158 1
280 160 1
280 187 1
280 221 1
280 222 1
280 225 1
280 234 1
280 277 1
281 34 1
281 48 1
281 58 1
281 79 1
281 163 1
281 164 1
281 189 1
281 229 1
281 248 1
281 266 1
282 59 1
282 78 1
282 88 1
282 117 1
282 165 1
282 166 1
282 190 1
282 224 1
282 257 1
282 265 1
283 40 1
283 60 1
283 92 1
283 122 1
283 193 1
283 235 1
283 258 1
284 41 1
284 43 1
284 44 1
284 125 1
284 126 1
284 127 1
284 128 1
284 172 1
284 173 1
284 239 1
284 268 1
285 5 1
285 6 1
285 33 1
285 47 1
285 130 1
285 138 1
285 139 1
285 200 1
285 244 1
285 251 1
286 7 1
286 49 1
286 50 1
286 98 1
286 140 1
286 141 1
286 164 1
286 176 1
286 199 1
286 201 1
286 271 1
287 7 1
287 50 1
287 57 1
287 98 1
287 140 1
287 141 1
287 164 1
287 201 1
287 228 1
287 271 1
287 286 1
288 7 1
288 34 1
288 49 1
288 57 1
288 98 1
288 116 1
288 141 1
288 164 1
288 199 1
288 201 1
288 271 1
288 286 1
288 287 1
289 8 1
289 99 1
289 142 1
289 143 1
289 177 1
289 196 1
289 202 1
290 8 1
290 99 1
290 100 1
290 142 1
290 196 1
290 202 1
290 269 1
290 289 1
291 8 1
291 65 1
291 82 1
291 99 1
291 100 1
291 142 1
291 143 1
291 177 1
291 202 1
291 269 1
291 289 1
291 290 1
292 4 1
292 8 1
292 64 1
292 65 1
292 82 1
292 97 1
292 99 1
292 100 1
292 128 1
292 196 1
292 198 1
292 202 1
292 269 1
292 289 1
292 290 1
292 291 1
293 8 1
293 100 1
293 101 1
293 139 1
293 143 1
293 177 1
293 244 1
293 251 1
293 285 1
293 289 1
293 291 1
294 83 1
294 102 1
294 142 1
294 178 1
294 198 1
294 203 1
295 9 1
295 11 1
295 51 1
295 66 1
295 144 1
295 204 1
295 217 1
295 252 1
296 9 1
296 11 1
296 51 1
296 71 1
296 103 1
296 179 1
296 205 1
296 217 1
296 218 1
296 272 1
297 3 1
297 4 1
297 11 1
297 42 1
297 103 1
297 179 1
297 205 1
297 206 1
297 272 1
297 296 1
298 17 1
298 18 1
298 20 1
298 21 1
298 107 1
298 108 1
298 109 1
298 132 1
298 148 1
298 149 1
298 186 1
298 212 1
298 213 1
298 262 1
298 273 1
299 18 1
299 53 1
299 54 1
299 106 1
299 132 1
299 146 1
299 147 1
299 149 1
299 212 1
299 213 1
299 214 1
299 273 1
300 22 1
300 23 1
300 55 1
300 70 1
300 71 1
300 87 1
300 111 1
300 154 1
300 155 1
300 218 1
300 255 1
301 23 1
301 51 1
301 155 1
301 156 1
301 217 1
301 218 1
301 219 1
301 275 1
301 295 1
302 25 1
302 72 1
302 113 1
302 157 1
302 191 1
302 220 1
302 276 1
303 25 1
303 72 1
303 119 1
303 133 1
303 150 1
303 157 1
303 186 1
303 220 1
303 263 1
303 276 1
303 302 1
304 25 1
304 72 1
304 157 1
304 186 1
304 220 1
304 263 1
304 276 1
304 302 1
304 303 1
305 35 1
305 88 1
305 117 1
305 158 1
305 166 1
305 187 1
305 221 1
305 222 1
305 223 1
305 265 1
305 277 1
305 280 1
306 26 1
306 59 1
306 74 1
306 88 1
306 117 1
306 159 1
306 160 1
306 165 1
306 187 1
306 223 1
306 224 1
306 230 1
306 257 1
306 265 1
306 277 1
307 26 1
307 56 1
307 74 1
307 88 1
307 89 1
307 90 1
307 159 1
307 160 1
307 170 1
307 224 1
307 230 1
307 257 1
307 265 1
307 277 1
307 278 1
307 306 1
308 6 1
308 32 1
308 33 1
308 48 1
308 135 1
308 161 1
308 162 1
308 188 1
308 228 1
308 248 1
308 256 1
309 34 1
309 57 1
309 58 1
309 116 1
309 141 1
309 163 1
309 164 1
309 189 1
309 227 1
309 229 1
309 281 1
309 288 1
310 34 1
310 49 1
310 58 1
310 116 1
310 141 1
310 163 1
310 164 1
310 200 1
310 229 1
310 281 1
310 288 1
310 309 1
311 7 1
311 34 1
311 49 1
311 57 1
311 98 1
311 116 1
311 141 1
311 164 1
311 227 1
311 229 1
311 281 1
311 286 1
311 287 1
311 288 1
311 309 1
311 310 1
312 59 1
312 74 1
312 159 1
312 165 1
312 224 1
312 230 1
312 257 1
312 282 1
312 306 1
313 25 1
313 35 1
313 36 1
313 72 1
313 118 1
313 157 1
313 167 1
313 168 1
313 169 1
313 190 1
313 191 1
313 222 1
313 231 1
313 267 1
314 25 1
314 35 1
314 36 1
314 72 1
314 118 1
314 119 1
314 157 1
314 158 1
314 167 1
314 190 1
314 221 1
314 222 1
314 231 1
314 267 1
314 276 1
314 304 1
314 313 1
315 25 1
315 35 1
315 36 1
315 72 1
315 77 1
315 91 1
315 118 1
315 119 1
315 150 1
315 157 1
315 167 1
315 168 1
315 191 1
315 220 1
315 231 1
315 276 1
315 302 1
315 303 1
315 304 1
315 313 1
315 314 1
316 36 1
316 72 1
316 76 1
316 77 1
316 91 1
316 109 1
316 115 1
316 118 1
316 119 1
316 133 1
316 149 1
316 150 1
316 157 1
316 186 1
316 191 1
316 222 1
316 226 1
316 231 1
316 263 1
316 276 1
316 303 1
316 304 1
316 313 1
316 314 1
316 315 1
317 25 1
317 32 1
317 36 1
317 113 1
317 119 1
317 120 1
317 162 1
317 168 1
317 191 1
317 220 1
317 248 1
317 256 1
317 264 1
317 308 1
317 313 1
317 315 1
318 78 1
318 79 1
318 92 1
318 117 1
318 121 1
318 165 1
318 166 1
318 167 1
318 169 1
318 190 1
318 192 1
318 233 1
318 282 1
319 26 1
319 37 1
319 40 1
319 56 1
319 60 1
319 80 1
319 89 1
319 159 1
319 170 1
319 234 1
319 242 1
319 258 1
320 37 1
320 40 1
320 60 1
320 122 1
320 193 1
320 235 1
320 242 1
320 243 1
320 283 1
321 19 1
321 30 1
321 31 1
321 40 1
321 122 1
321 193 1
321 235 1
321 236 1
321 283 1
321 320 1
322 41 1
322 43 1
322 44 1
322 126 1
322 127 1
322 128 1
322 172 1
322 239 1
322 268 1
322 284 1
323 41 1
323 125 1
323 171 1
323 239 1
323 240 1
323 284 1
325 45 1
325 62 1
325 81 1
325 95 1
325 174 1
325 175 1
325 243 1
325 259 1
326 45 1
326 60 1
326 175 1
326 242 1
326 243 1
326 319 1
327 2 1
327 3 1
327 4 1
327 63 1
327 64 1
327 83 1
327 96 1
327 97 1
327 178 1
327 197 1
327 198 1
327 203 1
327 204 1
327 270 1
327 297 1
328 124 1
328 131 1
328 136 1
329 12 1
329 13 1
329 14 1
329 15 1
329 24 1
329 67 1
329 85 1
329 87 1
329 112 1
329 145 1
329 154 1
329 155 1
329 156 1
329 208 1
329 275 1
330 19 1
330 53 1
330 54 1
330 98 1
330 146 1
330 147 1
330 214 1
330 215 1
330 219 1
330 299 1
331 110 1
331 151 1
331 181 1
331 246 1
331 247 1
331 254 1
332 21 1
332 110 1
332 123 1
332 152 1
332 153 1
332 183 1
332 246 1
332 247 1
332 262 1
332 331 1
333 19 1
333 21 1
333 55 1
333 86 1
333 87 1
333 93 1
333 110 1
333 123 1
333 148 1
333 153 1
333 154 1
333 236 1
333 246 1
333 247 1
333 254 1
333 255 1
334 73 1
334 107 1
334 108 1
334 109 1
334 186 1
334 221 1
334 222 1
334 263 1
334 276 1
334 298 1
334 303 1
334 304 1
334 316 1
335 27 1
335 28 1
335 29 1
335 39 1
335 90 1
335 114 1
335 160 1
335 277 1
335 279 1
336 29 1
336 30 1
336 31 1
336 75 1
336 76 1
336 88 1
336 92 1
336 114 1
336 115 1
336 158 1
336 192 1
336 225 1
336 226 1
336 233 1
336 234 1
336 280 1
336 321 1
337 120 1
337 162 1
337 168 1
337 169 1
337 232 1
337 248 1
337 266 1
337 317 1
338 124 1
338 131 1
338 136 1
338 328 1
339 171 1
339 240 1
339 241 1
339 323 1
340 42 1
340 44 1
340 62 1
340 84 1
340 94 1
340 95 1
340 104 1
340 129 1
340 172 1
340 173 1
340 174 1
340 206 1
340 250 1
340 259 1
341 5 1
341 7 1
341 8 1
341 47 1
341 49 1
341 50 1
341 65 1
341 82 1
341 97 1
341 99 1
341 100 1
341 130 1
341 138 1
341 139 1
341 140 1
341 164 1
341 176 1
341 199 1
341 200 1
341 201 1
341 244 1
341 251 1
341 261 1
341 271 1
341 286 1
342 5 1
342 6 1
342 50 1
342 101 1
342 138 1
342 139 1
342 143 1
342 177 1
342 244 1
342 251 1
342 285 1
342 293 1
342 341 1
343 82 1
343 102 1
343 140 1
343 142 1
343 178 1
343 198 1
343 199 1
343 203 1
343 261 1
343 294 1
344 9 1
344 11 1
344 23 1
344 51 1
344 52 1
344 144 1
344 217 1
344 295 1
344 301 1
345 9 1
345 51 1
345 52 1
345 245 1
345 295 1
345 344 1
346 3 1
346 11 1
346 42 1
346 62 1
346 103 1
346 104 1
346 171 1
346 172 1
346 179 1
346 205 1
346 206 1
346 272 1
346 296 1
346 297 1
346 340 1
347 111 1
347 124 1
347 131 1
347 136 1
347 328 1
347 338 1
348 15 1
348 16 1
348 67 1
348 68 1
348 69 1
348 85 1
348 86 1
348 145 1
348 208 1
348 209 1
348 210 1
348 216 1
348 247 1
348 254 1
349 17 1
349 21 1
349 105 1
349 107 1
349 108 1
349 132 1
349 152 1
349 153 1
349 183 1
349 212 1
349 246 1
349 262 1
349 273 1
349 298 1
349 332 1
350 19 1
350 20 1
350 30 1
350 31 1
350 75 1
350 107 1
350 108 1
350 109 1
350 123 1
350 147 1
350 148 1
350 153 1
350 236 1
350 273 1
350 321 1
351 22 1
351 23 1
351 51 1
351 71 1
351 155 1
351 156 1
351 217 1
351 218 1
351 219 1
351 275 1
351 301 1
351 344 1
352 15 1
352 24 1
352 112 1
352 145 1
352 184 1
352 185 1
352 275 1
353 25 1
353 72 1
353 113 1
353 191 1
353 220 1
353 264 1
353 302 1
354 20 1
354 73 1
354 107 1
354 108 1
354 109 1
354 186 1
354 221 1
354 222 1
354 262 1
354 276 1
354 298 1
354 304 1
354 316 1
354 334 1
355 32 1
355 34 1
355 36 1
355 48 1
355 57 1
355 58 1
355 77 1
355 91 1
355 115 1
355 118 1
355 119 1
355 135 1
355 141 1
355 161 1
355 162 1
355 163 1
355 189 1
355 227 1
355 228 1
355 229 1
355 248 1
355 256 1
355 266 1
355 281 1
355 309 1
356 32 1
356 33 1
356 58 1
356 120 1
356 161 1
356 162 1
356 168 1
356 169 1
356 188 1
356 191 1
356 248 1
356 256 1
356 308 1
356 317 1
356 337 1
356 355 1
357 35 1
357 117 1
357 158 1
357 165 1
357 166 1
357 167 1
357 190 1
357 265 1
357 267 1
357 282 1
357 305 1
357 313 1
357 314 1
357 318 1
358 78 1
358 79 1
358 91 1
358 121 1
358 163 1
358 166 1
358 167 1
358 169 1
358 190 1
358 192 1
358 226 1
358 227 1
358 232 1
358 233 1
358 266 1
358 318 1
359 37 1
359 38 1
359 40 1
359 45 1
359 60 1
359 61 1
359 89 1
359 170 1
359 242 1
359 319 1
359 326 1
360 37 1
360 38 1
360 60 1
360 61 1
360 249 1
360 319 1
360 359 1
361 27 1
361 28 1
361 29 1
361 37 1
361 39 1
361 61 1
361 90 1
361 160 1
361 249 1
361 279 1
361 335 1
361 360 1
362 19 1
362 30 1
362 40 1
362 55 1
362 122 1
362 147 1
362 148 1
362 193 1
362 235 1
362 236 1
362 283 1
362 320 1
362 321 1
362 333 1
362 350 1
363 124 1
363 131 1
363 136 1
363 328 1
363 338 1
363 347 1
364 124 1
364 131 1
364 136 1
364 328 1
364 338 1
364 347 1
364 363 1
365 3 1
365 4 1
365 42 1
365 43 1
365 63 1
365 104 1
365 126 1
365 127 1
365 128 1
365 171 1
365 172 1
365 173 1
365 206 1
365 284 1
365 297 1
365 346 1
366 45 1
366 175 1
366 242 1
366 243 1
366 326 1
366 359 1
367 66 1
367 137 1
367 144 1
367 178 1
367 197 1
367 204 1
367 270 1
368 3 1
368 4 1
368 8 1
368 49 1
368 64 1
368 65 1
368 82 1
368 97 1
368 99 1
368 100 1
368 128 1
368 142 1
368 198 1
368 199 1
368 202 1
368 290 1
368 291 1
368 292 1
368 327 1
368 341 1
369 5 1
369 6 1
369 47 1
369 130 1
369 138 1
369 139 1
369 143 1
369 177 1
369 200 1
369 244 1
369 251 1
369 285 1
369 293 1
369 342 1
370 5 1
370 8 1
370 65 1
370 82 1
370 99 1
370 100 1
370 139 1
370 143 1
370 177 1
370 200 1
370 202 1
370 251 1
370 289 1
370 290 1
370 291 1
370 292 1
370 293 1
370 341 1
370 342 1
370 368 1
370 369 1
371 66 1
371 83 1
371 102 1
371 140 1
371 178 1
371 198 1
371 199 1
371 203 1
371 204 1
371 271 1
371 286 1
371 294 1
371 343 1
372 66 1
372 83 1
372 102 1
372 178 1
372 203 1
372 204 1
372 252 1
372 294 1
372 343 1
372 371 1
373 3 1
373 9 1
373 11 1
373 51 1
373 52 1
373 66 1
373 83 1
373 144 1
373 178 1
373 179 1
373 197 1
373 204 1
373 205 1
373 252 1
373 272 1
373 295 1
373 296 1
373 297 1
373 327 1
373 344 1
373 372 1
374 9 1
374 11 1
374 51 1
374 52 1
374 144 1
374 295 1
374 344 1
374 345 1
374 373 1
375 0 1
375 1 1
375 9 1
375 10 1
375 52 1
375 137 1
375 144 1
375 245 1
375 344 1
375 345 1
375 374 1
376 0 1
376 1 1
376 2 1
376 3 1
376 9 1
376 10 1
376 11 1
376 51 1
376 52 1
376 84 1
376 96 1
376 137 1
376 144 1
376 179 1
376 197 1
376 205 1
376 206 1
376 245 1
376 295 1
376 296 1
376 345 1
376 346 1
376 373 1
376 374 1
376 375 1
377 1 1
377 2 1
377 3 1
377 9 1
377 10 1
377 11 1
377 52 1
377 84 1
377 104 1
377 179 1
377 197 1
377 205 1
377 206 1
377 245 1
377 296 1
377 297 1
377 346 1
377 373 1
377 376 1
378 12 1
378 13 1
378 14 1
378 15 1
378 24 1
378 85 1
378 112 1
378 145 1
378 156 1
378 184 1
378 185 1
378 207 1
378 329 1
378 352 1
379 16 1
379 17 1
379 18 1
379 53 1
379 67 1
379 68 1
379 69 1
379 86 1
379 105 1
379 146 1
379 209 1
379 210 1
379 211 1
379 212 1
379 214 1
379 216 1
379 247 1
379 273 1
379 348 1
380 31 1
380 107 1
380 108 1
380 109 1
380 115 1
380 118 1
380 119 1
380 133 1
380 148 1
380 149 1
380 186 1
380 213 1
380 263 1
380 273 1
380 276 1
380 298 1
380 299 1
380 316 1
380 334 1
380 354 1
381 16 1
381 67 1
381 85 1
381 151 1
381 152 1
381 181 1
381 182 1
381 208 1
381 210 1
381 216 1
381 246 1
381 247 1
381 254 1
381 331 1
381 348 1
382 16 1
382 67 1
382 68 1
382 69 1
382 85 1
382 134 1
382 151 1
382 181 1
382 182 1
382 207 1
382 210 1
382 216 1
382 274 1
382 331 1
382 348 1
382 381 1
383 16 1
383 68 1
383 69 1
383 105 1
383 134 1
383 181 1
383 182 1
383 210 1
383 211 1
383 216 1
383 253 1
383 274 1
383 382 1
384 55 1
384 67 1
384 70 1
384 86 1
384 87 1
384 153 1
384 154 1
384 208 1
384 209 1
384 247 1
384 254 1
384 255 1
384 333 1
384 348 1
384 381 1
385 22 1
385 23 1
385 71 1
385 112 1
385 145 1
385 154 1
385 155 1
385 156 1
385 217 1
385 218 1
385 219 1
385 275 1
385 300 1
385 301 1
385 329 1
385 351 1
386 25 1
386 72 1
386 113 1
386 157 1
386 191 1
386 220 1
386 264 1
386 302 1
386 303 1
386 353 1
387 26 1
387 74 1
387 80 1
387 88 1
387 90 1
387 159 1
387 160 1
387 165 1
387 170 1
387 192 1
387 223 1
387 224 1
387 225 1
387 234 1
387 257 1
387 265 1
387 277 1
387 278 1
387 280 1
387 306 1
387 307 1
388 30 1
388 31 1
388 36 1
388 57 1
388 76 1
388 77 1
388 91 1
388 109 1
388 115 1
388 118 1
388 119 1
388 167 1
388 226 1
388 227 1
388 231 1
388 314 1
388 315 1
388 316 1
388 336 1
388 355 1
388 380 1
389 32 1
389 33 1
389 48 1
389 135 1
389 161 1
389 162 1
389 168 1
389 188 1
389 191 1
389 228 1
389 248 1
389 256 1
389 308 1
389 317 1
389 337 1
389 356 1
390 74 1
390 230 1
390 312 1
391 25 1
391 32 1
391 36 1
391 72 1
391 77 1
391 91 1
391 118 1
391 119 1
391 150 1
391 157 1
391 162 1
391 168 1
391 191 1
391 220 1
391 228 1
391 231 1
391 256 1
391 313 1
391 314 1
391 315 1
391 316 1
391 317 1
391 355 1
391 356 1
391 388 1
391 389 1
392 78 1
392 79 1
392 80 1
392 92 1
392 121 1
392 163 1
392 192 1
392 226 1
392 227 1
392 233 1
392 234 1
392 281 1
392 309 1
392 318 1
392 358 1
393 80 1
393 92 1
393 121 1
393 170 1
393 192 1
393 233 1
393 234 1
393 258 1
393 318 1
393 358 1
393 392 1
394 26 1
394 30 1
394 37 1
394 40 1
394 60 1
394 61 1
394 80 1
394 92 1
394 170 1
394 192 1
394 193 1
394 225 1
394 234 1
394 235 1
394 258 1
394 283 1
394 319 1
394 320 1
394 321 1
394 336 1
394 359 1
394 393 1
395 26 1
395 37 1
395 38 1
395 40 1
395 60 1
395 61 1
395 89 1
395 170 1
395 319 1
395 359 1
395 360 1
395 361 1
395 394 1
396 26 1
396 27 1
396 28 1
396 37 1
396 39 1
396 61 1
396 90 1
396 160 1
396 170 1
396 249 1
396 279 1
396 335 1
396 359 1
396 360 1
396 361 1
396 395 1
397 27 1
397 28 1
397 29 1
397 30 1
397 37 1
397 39 1
397 40 1
397 60 1
397 61 1
397 93 1
397 114 1
397 160 1
397 170 1
397 193 1
397 225 1
397 235 1
397 236 1
397 249 1
397 319 1
397 320 1
397 360 1
397 361 1
397 394 1
397 395 1
397 396 1
398 28 1
398 29 1
398 30 1
398 37 1
398 39 1
398 40 1
398 61 1
398 93 1
398 123 1
398 193 1
398 225 1
398 235 1
398 236 1
398 249 1
398 320 1
398 321 1
398 361 1
398 362 1
398 394 1
398 397 1
400 41 1
400 94 1
400 238 1
400 240 1
400 250 1
400 284 1
401 4 1
401 97 1
401 99 1
401 100 1
401 126 1
401 127 1
401 128 1
401 172 1
401 239 1
401 269 1
401 284 1
401 292 1
401 322 1
401 323 1
401 368 1
402 62 1
402 81 1
402 94 1
402 95 1
402 129 1
402 173 1
402 174 1
402 237 1
402 238 1
402 250 1
402 259 1
402 325 1
402 340 1
403 45 1
403 174 1
403 175 1
403 242 1
403 243 1
403 325 1
403 326 1
403 366 1
404 3 1
404 4 1
404 63 1
404 64 1
404 82 1
404 83 1
404 97 1
404 198 1
404 199 1
404 202 1
404 203 1
404 270 1
404 297 1
404 327 1
404 365 1
404 368 1
405 9 1
405 11 1
405 23 1
405 51 1
405 52 1
405 144 1
405 217 1
405 245 1
405 295 1
405 344 1
405 345 1
405 351 1
405 374 1
405 375 1
405 376 1
406 9 1
406 10 1
406 11 1
406 51 1
406 52 1
406 103 1
406 179 1
406 205 1
406 206 1
406 245 1
406 272 1
406 296 1
406 297 1
406 346 1
406 373 1
406 376 1
406 377 1
406 405 1
407 2 1
407 3 1
407 42 1
407 43 1
407 44 1
407 62 1
407 84 1
407 94 1
407 104 1
407 126 1
407 129 1
407 171 1
407 172 1
407 173 1
407 195 1
407 206 1
407 250 1
407 259 1
407 268 1
407 297 1
407 340 1
407 346 1
407 365 1
407 377 1
408 12 1
408 13 1
408 14 1
408 15 1
408 24 1
408 67 1
408 112 1
408 145 1
408 156 1
408 184 1
408 208 1
408 275 1
408 329 1
408 352 1
408 378 1
408 385 1
409 14 1
409 15 1
409 16 1
409 67 1
409 68 1
409 85 1
409 112 1
409 145 1
409 207 1
409 208 1
409 209 1
409 210 1
409 329 1
409 348 1
409 379 1
409 382 1
410 85 1
410 110 1
410 151 1
410 246 1
410 247 1
410 254 1
410 255 1
410 331 1
410 333 1
410 381 1
410 384 1
411 67 1
411 85 1
411 151 1
411 181 1
411 182 1
411 207 1
411 216 1
411 254 1
411 331 1
411 348 1
411 381 1
411 382 1
411 410 1
412 151 1
412 152 1
412 181 1
412 182 1
412 210 1
412 216 1
412 246 1
412 247 1
412 274 1
412 331 1
412 348 1
412 381 1
412 382 1
412 410 1
412 411 1
413 36 1
413 72 1
413 73 1
413 109 1
413 118 1
413 119 1
413 157 1
413 186 1
413 220 1
413 222 1
413 231 1
413 263 1
413 276 1
413 302 1
413 303 1
413 304 1
413 314 1
413 315 1
413 316 1
413 334 1
413 354 1
413 380 1
414 30 1
414 31 1
414 75 1
414 76 1
414 91 1
414 92 1
414 115 1
414 226 1
414 227 1
414 231 1
414 233 1
414 280 1
414 321 1
414 336 1
414 350 1
414 388 1
415 35 1
415 78 1
415 79 1
415 120 1
415 121 1
415 166 1
415 167 1
415 168 1
415 169 1
415 190 1
415 232 1
415 248 1
415 266 1
415 267 1
415 282 1
415 313 1
415 318 1
415 337 1
415 357 1
415 358 1
416 37 1
416 38 1
416 40 1
416 45 1
416 60 1
416 61 1
416 170 1
416 242 1
416 249 1
416 319 1
416 359 1
416 360 1
416 361 1
416 366 1
416 395 1
416 396 1
416 397 1
417 37 1
417 39 1
417 40 1
417 60 1
417 61 1
417 122 1
417 193 1
417 235 1
417 236 1
417 249 1
417 283 1
417 320 1
417 321 1
417 362 1
417 394 1
417 397 1
417 398 1
417 416 1
418 19 1
418 20 1
418 21 1
418 29 1
418 30 1
418 55 1
418 75 1
418 86 1
418 93 1
418 107 1
418 110 1
418 123 1
418 148 1
418 153 1
418 183 1
418 236 1
418 247 1
418 254 1
418 262 1
418 333 1
418 350 1
418 362 1
418 398 1
