# minsup
1
# graph
G_portein_file\Histone\5BT1.pdb
# node ID, label
0 A
1 A
2 A
3 A
4 A
5 A
6 A
7 A
8 A
9 A
10 A
11 A
12 A
13 A
14 A
15 A
16 A
17 A
18 A
19 A
20 A
21 A
22 A
23 A
24 A
25 A
26 A
27 A
28 A
29 A
30 A
31 A
32 A
33 A
34 A
35 A
36 A
37 A
38 A
39 A
40 A
41 A
42 A
43 A
44 A
45 A
46 A
47 C
48 C
49 C
50 C
51 D
52 D
53 D
54 D
55 D
56 D
57 D
58 D
59 D
60 D
61 D
62 D
63 D
64 D
65 D
66 D
67 D
68 D
69 D
70 D
71 D
72 D
73 D
74 D
75 D
76 D
77 E
78 E
79 E
80 E
81 E
82 E
83 E
84 E
85 E
86 E
87 E
88 E
89 E
90 E
91 E
92 E
93 E
94 E
95 E
96 E
97 E
98 E
99 E
100 E
101 E
102 E
103 E
104 E
105 E
106 E
107 E
108 E
109 E
110 E
111 E
112 F
113 F
114 F
115 F
116 F
117 F
118 F
119 F
120 F
121 F
122 F
123 F
124 F
125 F
126 F
127 F
128 F
129 F
130 G
131 G
132 G
133 G
134 G
135 G
136 G
137 G
138 G
139 G
140 G
141 G
142 G
143 G
144 G
145 G
146 G
147 H
148 H
149 H
150 H
151 H
152 H
153 H
154 H
155 H
156 H
157 H
158 H
159 I
160 I
161 I
162 I
163 I
164 I
165 I
166 I
167 I
168 I
169 I
170 I
171 I
172 I
173 I
174 I
175 I
176 I
177 I
178 I
179 I
180 I
181 I
182 I
183 I
184 I
185 I
186 I
187 K
188 K
189 K
190 K
191 K
192 K
193 K
194 K
195 K
196 K
197 K
198 K
199 K
200 K
201 K
202 K
203 K
204 K
205 K
206 K
207 K
208 K
209 K
210 K
211 K
212 K
213 K
214 K
215 K
216 K
217 L
218 L
219 L
220 L
221 L
222 L
223 L
224 L
225 L
226 L
227 L
228 L
229 L
230 L
231 L
232 L
233 L
234 L
235 L
236 L
237 L
238 L
239 L
240 L
241 L
242 L
243 L
244 L
245 L
246 L
247 L
248 L
249 L
250 L
251 L
252 L
253 L
254 L
255 L
256 L
257 L
258 L
259 L
260 L
261 L
262 L
263 L
264 L
265 L
266 L
267 L
268 L
269 L
270 L
271 L
272 L
273 L
274 L
275 L
276 L
277 L
278 L
279 M
280 M
281 M
282 M
283 M
284 M
285 M
286 M
287 M
288 M
289 M
290 N
291 N
292 N
293 N
294 N
295 N
296 N
297 N
298 N
299 P
300 P
301 P
302 P
303 P
304 P
305 P
306 P
307 P
308 P
309 P
310 P
311 P
312 Q
313 Q
314 Q
315 Q
316 Q
317 Q
318 Q
319 Q
320 Q
321 Q
322 Q
323 Q
324 Q
325 Q
326 Q
327 Q
328 Q
329 Q
330 Q
331 Q
332 Q
333 Q
334 Q
335 Q
336 Q
337 R
338 R
339 R
340 R
341 R
342 R
343 R
344 R
345 R
346 R
347 R
348 R
349 R
350 R
351 R
352 R
353 R
354 R
355 R
356 R
357 R
358 R
359 R
360 R
361 R
362 R
363 R
364 R
365 S
366 S
367 S
368 S
369 S
370 S
371 S
372 S
373 S
374 S
375 S
376 S
377 S
378 S
379 S
380 S
381 S
382 S
383 S
384 S
385 S
386 T
387 T
388 T
389 T
390 T
391 T
392 T
393 T
394 T
395 T
396 T
397 T
398 T
399 T
400 T
401 T
402 T
403 T
404 T
405 T
406 T
407 T
408 V
409 V
410 V
411 V
412 V
413 V
414 V
415 V
416 V
417 V
418 V
419 V
420 V
421 V
422 V
423 V
424 V
425 V
426 V
427 V
428 V
429 V
430 V
431 V
432 V
433 W
434 Y
435 Y
436 Y
437 Y
438 Y
439 Y
440 Y
441 Y
442 Y
443 Y
444 Y
445 Y
446 Y
447 Y
448 Y
449 Y
450 Y
451 Y
452 Y
453 Y
# node ID1, node ID2, number of bounds
1 0 1
2 0 1
2 1 1
3 1 1
3 2 1
4 0 1
4 1 1
4 2 1
4 3 1
5 3 1
5 4 1
6 3 1
6 5 1
7 3 1
7 6 1
9 8 1
12 10 1
13 9 1
14 12 1
15 14 1
17 16 1
19 18 1
20 18 1
20 19 1
21 18 1
21 19 1
21 20 1
22 20 1
22 21 1
23 20 1
23 22 1
24 20 1
24 23 1
26 25 1
28 27 1
29 26 1
31 28 1
32 31 1
34 33 1
36 35 1
38 36 1
38 37 1
39 38 1
40 39 1
41 37 1
42 37 1
42 41 1
43 16 1
43 17 1
43 37 1
43 42 1
44 41 1
44 42 1
44 43 1
45 38 1
46 16 1
46 35 1
46 36 1
46 38 1
47 0 1
47 1 1
47 2 1
47 3 1
47 4 1
48 12 1
48 13 1
48 14 1
49 18 1
49 19 1
49 20 1
49 21 1
50 28 1
50 29 1
50 31 1
51 47 1
53 7 1
55 5 1
56 3 1
56 5 1
56 6 1
56 7 1
57 10 1
57 12 1
58 8 1
58 9 1
58 13 1
59 9 1
59 12 1
59 13 1
59 48 1
61 49 1
63 24 1
65 22 1
65 25 1
66 20 1
66 22 1
66 23 1
66 24 1
67 27 1
67 28 1
68 25 1
68 26 1
68 29 1
69 28 1
69 29 1
69 50 1
70 30 1
71 30 1
73 34 1
74 34 1
74 50 1
74 69 1
74 73 1
75 73 1
75 74 1
76 41 1
77 0 1
77 53 1
78 0 1
78 1 1
78 2 1
78 4 1
78 47 1
79 0 1
79 3 1
79 7 1
79 47 1
79 53 1
79 77 1
80 6 1
80 54 1
81 6 1
81 7 1
81 54 1
81 80 1
82 55 1
83 3 1
83 5 1
83 8 1
83 55 1
83 56 1
85 8 1
85 9 1
85 13 1
85 58 1
85 83 1
86 8 1
86 9 1
86 13 1
86 58 1
86 85 1
87 8 1
87 9 1
87 13 1
87 58 1
87 85 1
87 86 1
88 11 1
89 11 1
89 12 1
89 60 1
89 88 1
90 10 1
90 12 1
90 14 1
90 48 1
90 59 1
90 89 1
91 14 1
91 15 1
92 16 1
92 43 1
92 60 1
93 20 1
93 24 1
93 49 1
93 63 1
94 23 1
94 64 1
95 23 1
95 24 1
95 64 1
95 94 1
96 65 1
97 20 1
97 22 1
97 25 1
97 65 1
97 66 1
98 22 1
98 25 1
98 26 1
98 68 1
98 97 1
99 25 1
99 26 1
99 68 1
99 98 1
100 25 1
100 26 1
100 68 1
100 98 1
100 99 1
101 28 1
101 72 1
102 27 1
102 28 1
102 31 1
102 50 1
102 69 1
102 101 1
103 31 1
103 32 1
104 33 1
104 72 1
105 38 1
105 39 1
105 40 1
105 45 1
106 39 1
106 40 1
106 105 1
107 39 1
107 40 1
107 106 1
108 41 1
108 42 1
108 76 1
109 41 1
109 42 1
109 44 1
109 108 1
110 17 1
110 37 1
110 41 1
110 42 1
110 43 1
110 44 1
110 109 1
111 38 1
111 45 1
111 46 1
111 105 1
112 0 1
112 1 1
112 2 1
112 4 1
112 78 1
113 2 1
113 3 1
113 4 1
113 5 1
113 6 1
113 7 1
113 47 1
113 53 1
113 56 1
113 79 1
114 0 1
114 1 1
114 2 1
114 3 1
114 4 1
114 5 1
114 47 1
114 78 1
114 79 1
114 112 1
114 113 1
115 2 1
115 47 1
115 51 1
116 2 1
116 5 1
116 55 1
116 82 1
116 115 1
117 8 1
117 9 1
117 13 1
117 58 1
117 59 1
117 85 1
117 86 1
117 87 1
118 12 1
118 13 1
118 14 1
118 48 1
118 59 1
118 90 1
119 14 1
119 15 1
119 48 1
119 59 1
119 90 1
119 118 1
120 19 1
120 20 1
120 21 1
120 22 1
120 23 1
120 24 1
120 49 1
120 63 1
120 66 1
120 93 1
121 18 1
121 19 1
121 20 1
121 21 1
121 22 1
121 49 1
121 93 1
121 120 1
122 49 1
122 61 1
122 96 1
123 19 1
123 22 1
123 65 1
123 96 1
123 122 1
124 25 1
124 26 1
124 29 1
124 68 1
124 70 1
124 98 1
124 99 1
124 100 1
125 28 1
125 29 1
125 31 1
125 50 1
125 69 1
125 102 1
126 31 1
126 32 1
126 50 1
126 69 1
126 71 1
126 73 1
126 74 1
126 102 1
126 125 1
127 35 1
127 38 1
127 39 1
127 105 1
128 39 1
128 76 1
128 108 1
129 41 1
129 76 1
129 108 1
129 128 1
130 52 1
131 51 1
131 115 1
132 7 1
132 54 1
132 80 1
132 81 1
133 10 1
133 12 1
133 57 1
134 8 1
134 9 1
134 10 1
134 12 1
134 13 1
134 57 1
134 58 1
134 85 1
134 86 1
134 117 1
135 10 1
135 12 1
135 133 1
136 62 1
137 61 1
137 122 1
138 24 1
138 64 1
138 94 1
138 95 1
139 27 1
139 28 1
139 67 1
140 25 1
140 26 1
140 27 1
140 29 1
140 67 1
140 68 1
140 98 1
140 99 1
140 124 1
141 27 1
141 28 1
141 139 1
142 35 1
142 36 1
142 38 1
142 46 1
142 127 1
143 73 1
143 75 1
143 127 1
144 37 1
144 43 1
145 16 1
145 37 1
145 43 1
145 46 1
145 92 1
145 144 1
146 16 1
146 36 1
146 37 1
146 38 1
146 43 1
146 45 1
146 46 1
146 105 1
146 111 1
146 145 1
147 2 1
147 51 1
147 82 1
147 115 1
147 116 1
147 131 1
148 9 1
148 10 1
148 13 1
148 117 1
148 134 1
149 9 1
149 10 1
149 12 1
149 58 1
149 85 1
149 117 1
149 133 1
149 134 1
149 135 1
149 148 1
150 14 1
150 15 1
150 48 1
150 90 1
150 91 1
150 118 1
150 119 1
151 15 1
151 89 1
151 91 1
152 19 1
152 61 1
152 96 1
152 122 1
152 123 1
152 137 1
153 26 1
153 27 1
153 124 1
153 140 1
154 26 1
154 27 1
154 28 1
154 68 1
154 98 1
154 139 1
154 140 1
154 141 1
154 153 1
155 31 1
155 32 1
155 50 1
155 102 1
155 103 1
155 126 1
156 32 1
156 101 1
156 103 1
157 37 1
157 143 1
157 144 1
157 145 1
158 45 1
158 111 1
158 146 1
159 0 1
159 1 1
159 47 1
159 77 1
160 0 1
160 1 1
160 2 1
160 3 1
160 4 1
160 5 1
160 7 1
160 47 1
160 79 1
160 112 1
160 113 1
160 114 1
161 6 1
161 7 1
161 54 1
161 80 1
161 81 1
161 132 1
162 82 1
162 115 1
162 116 1
162 131 1
162 147 1
163 7 1
163 10 1
163 57 1
163 84 1
163 132 1
163 133 1
163 161 1
164 9 1
164 10 1
164 12 1
164 57 1
164 58 1
164 85 1
164 133 1
164 134 1
164 149 1
164 163 1
165 3 1
165 5 1
165 8 1
165 9 1
165 58 1
165 83 1
165 85 1
165 86 1
165 87 1
165 117 1
165 134 1
165 164 1
166 9 1
166 10 1
166 12 1
166 13 1
166 48 1
166 58 1
166 59 1
166 85 1
166 117 1
166 134 1
166 148 1
166 149 1
166 164 1
167 12 1
167 14 1
167 89 1
167 90 1
167 118 1
167 151 1
168 14 1
168 16 1
168 17 1
168 48 1
168 59 1
168 118 1
168 119 1
168 150 1
169 18 1
169 19 1
169 20 1
169 21 1
169 22 1
169 24 1
169 49 1
169 93 1
169 120 1
169 121 1
170 23 1
170 24 1
170 64 1
170 94 1
170 95 1
170 138 1
171 65 1
171 96 1
171 122 1
171 123 1
171 137 1
171 152 1
172 24 1
172 27 1
172 67 1
172 138 1
172 139 1
172 170 1
173 26 1
173 27 1
173 28 1
173 67 1
173 68 1
173 98 1
173 139 1
173 140 1
173 153 1
173 154 1
173 172 1
174 20 1
174 22 1
174 25 1
174 26 1
174 68 1
174 97 1
174 98 1
174 99 1
174 100 1
174 124 1
174 140 1
174 173 1
175 26 1
175 27 1
175 28 1
175 29 1
175 50 1
175 68 1
175 69 1
175 98 1
175 124 1
175 140 1
175 153 1
175 154 1
175 173 1
176 28 1
176 31 1
176 101 1
176 102 1
176 125 1
176 156 1
177 31 1
177 33 1
177 34 1
177 50 1
177 69 1
177 73 1
177 74 1
177 75 1
177 125 1
177 126 1
178 30 1
178 34 1
178 73 1
178 74 1
178 75 1
178 126 1
178 177 1
179 37 1
179 43 1
179 144 1
179 145 1
179 157 1
180 39 1
180 40 1
180 106 1
180 107 1
180 128 1
181 39 1
181 40 1
181 105 1
181 127 1
182 128 1
183 41 1
183 76 1
183 108 1
183 128 1
183 129 1
184 41 1
184 42 1
184 44 1
184 76 1
184 108 1
184 109 1
184 110 1
184 129 1
184 183 1
185 37 1
185 41 1
185 42 1
185 43 1
185 110 1
185 144 1
185 145 1
185 179 1
186 37 1
186 41 1
186 42 1
186 43 1
186 44 1
186 109 1
186 110 1
186 145 1
186 146 1
186 184 1
186 185 1
187 0 1
187 1 1
187 4 1
187 47 1
187 79 1
187 114 1
187 159 1
187 160 1
188 0 1
188 1 1
188 2 1
188 4 1
188 47 1
188 78 1
188 112 1
188 114 1
188 115 1
188 116 1
188 147 1
189 51 1
189 52 1
189 130 1
190 51 1
190 52 1
190 115 1
190 131 1
190 189 1
191 9 1
191 10 1
191 12 1
191 133 1
191 134 1
191 135 1
191 148 1
191 149 1
191 163 1
191 164 1
191 166 1
192 10 1
192 133 1
192 135 1
192 191 1
193 11 1
193 84 1
193 88 1
193 192 1
194 10 1
194 12 1
194 57 1
194 88 1
194 89 1
194 90 1
194 118 1
194 133 1
194 164 1
194 167 1
194 192 1
195 14 1
195 119 1
195 150 1
196 14 1
196 15 1
196 48 1
196 119 1
196 150 1
196 168 1
196 195 1
197 14 1
197 15 1
197 17 1
197 48 1
197 90 1
197 91 1
197 118 1
197 119 1
197 150 1
197 151 1
197 168 1
197 195 1
197 196 1
198 14 1
198 15 1
198 91 1
198 151 1
198 197 1
199 60 1
199 92 1
200 18 1
200 19 1
200 21 1
200 49 1
200 121 1
200 122 1
200 123 1
200 152 1
201 61 1
201 62 1
201 136 1
202 61 1
202 62 1
202 122 1
202 137 1
202 201 1
203 26 1
203 27 1
203 28 1
203 94 1
203 139 1
203 140 1
203 141 1
203 153 1
203 154 1
203 172 1
203 173 1
203 175 1
204 27 1
204 139 1
204 141 1
205 204 1
206 27 1
206 28 1
206 67 1
206 101 1
206 102 1
206 125 1
206 139 1
206 173 1
206 176 1
206 204 1
207 30 1
207 71 1
207 126 1
208 30 1
208 50 1
208 71 1
208 74 1
208 126 1
208 155 1
208 178 1
208 207 1
209 30 1
209 31 1
209 71 1
209 126 1
209 155 1
209 178 1
209 207 1
209 208 1
210 31 1
210 32 1
210 50 1
210 71 1
210 74 1
210 126 1
210 155 1
210 177 1
210 178 1
210 208 1
210 209 1
211 31 1
211 32 1
211 34 1
211 50 1
211 102 1
211 103 1
211 125 1
211 126 1
211 155 1
211 156 1
211 177 1
211 178 1
211 209 1
211 210 1
212 31 1
212 32 1
212 103 1
212 156 1
212 211 1
213 72 1
213 104 1
214 35 1
214 36 1
214 46 1
214 142 1
215 40 1
215 127 1
215 181 1
216 35 1
216 36 1
216 46 1
216 142 1
216 146 1
216 214 1
217 0 1
217 1 1
217 2 1
217 4 1
217 78 1
217 112 1
217 114 1
217 159 1
217 160 1
217 187 1
218 1 1
218 2 1
218 4 1
218 78 1
218 112 1
218 114 1
218 116 1
218 188 1
218 217 1
219 47 1
219 51 1
219 53 1
219 113 1
219 115 1
219 131 1
219 147 1
219 188 1
219 189 1
219 190 1
220 51 1
220 52 1
220 189 1
220 190 1
220 219 1
221 52 1
221 53 1
221 130 1
221 189 1
221 190 1
221 220 1
222 52 1
222 53 1
222 130 1
222 189 1
222 190 1
222 220 1
222 221 1
223 0 1
223 1 1
223 2 1
223 3 1
223 7 1
223 47 1
223 53 1
223 77 1
223 79 1
223 113 1
223 114 1
223 160 1
223 187 1
223 219 1
224 6 1
224 7 1
224 54 1
224 81 1
224 190 1
224 222 1
225 3 1
225 5 1
225 8 1
225 55 1
225 56 1
225 82 1
225 83 1
225 116 1
225 162 1
226 3 1
226 5 1
226 6 1
226 7 1
226 55 1
226 56 1
226 83 1
226 85 1
226 134 1
226 165 1
226 225 1
227 3 1
227 5 1
227 6 1
227 7 1
227 56 1
227 83 1
227 113 1
227 114 1
227 115 1
227 160 1
227 223 1
227 224 1
227 226 1
228 3 1
228 5 1
228 6 1
228 7 1
228 56 1
228 79 1
228 83 1
228 113 1
228 114 1
228 160 1
228 163 1
228 223 1
228 226 1
228 227 1
229 6 1
229 7 1
229 54 1
229 56 1
229 80 1
229 81 1
229 113 1
229 132 1
229 133 1
229 161 1
229 163 1
229 227 1
229 228 1
230 6 1
230 7 1
230 53 1
230 54 1
230 79 1
230 81 1
230 113 1
230 132 1
230 161 1
230 163 1
230 222 1
230 224 1
230 228 1
230 229 1
231 6 1
231 7 1
231 53 1
231 79 1
231 132 1
231 161 1
231 163 1
231 229 1
231 230 1
232 84 1
232 132 1
232 163 1
232 231 1
233 10 1
233 57 1
233 84 1
233 133 1
233 163 1
233 192 1
233 194 1
233 231 1
233 232 1
234 3 1
234 5 1
234 9 1
234 10 1
234 57 1
234 58 1
234 85 1
234 133 1
234 134 1
234 149 1
234 163 1
234 164 1
234 165 1
234 226 1
234 228 1
235 9 1
235 10 1
235 12 1
235 90 1
235 133 1
235 134 1
235 135 1
235 148 1
235 149 1
235 164 1
235 166 1
235 191 1
236 10 1
236 12 1
236 57 1
236 90 1
236 133 1
236 135 1
236 148 1
236 149 1
236 164 1
236 167 1
236 191 1
236 192 1
236 194 1
236 235 1
237 11 1
237 84 1
237 135 1
237 192 1
237 193 1
237 233 1
238 9 1
238 10 1
238 12 1
238 13 1
238 14 1
238 48 1
238 58 1
238 59 1
238 90 1
238 118 1
238 134 1
238 149 1
238 164 1
238 166 1
238 167 1
238 235 1
238 236 1
239 9 1
239 13 1
239 48 1
239 59 1
239 117 1
239 118 1
239 119 1
239 166 1
239 238 1
240 14 1
240 48 1
240 119 1
240 150 1
240 168 1
240 195 1
240 196 1
241 14 1
241 15 1
241 90 1
241 91 1
241 118 1
241 119 1
241 150 1
241 151 1
241 167 1
241 196 1
241 197 1
241 198 1
242 14 1
242 15 1
242 90 1
242 91 1
242 118 1
242 150 1
242 151 1
242 167 1
242 168 1
242 196 1
242 197 1
242 198 1
242 241 1
243 16 1
243 17 1
243 46 1
243 60 1
243 92 1
243 145 1
243 199 1
243 216 1
244 14 1
244 15 1
244 16 1
244 17 1
244 91 1
244 92 1
244 118 1
244 119 1
244 168 1
244 197 1
244 241 1
244 242 1
244 243 1
245 49 1
245 61 1
245 63 1
245 120 1
245 121 1
245 122 1
245 137 1
245 152 1
245 200 1
245 201 1
245 202 1
246 61 1
246 62 1
246 201 1
246 202 1
246 245 1
247 62 1
247 63 1
247 136 1
247 201 1
247 202 1
247 246 1
248 62 1
248 63 1
248 136 1
248 201 1
248 202 1
248 246 1
248 247 1
249 18 1
249 19 1
249 20 1
249 24 1
249 49 1
249 63 1
249 93 1
249 120 1
249 121 1
249 169 1
249 245 1
250 23 1
250 24 1
250 64 1
250 95 1
250 202 1
250 248 1
251 20 1
251 22 1
251 25 1
251 65 1
251 66 1
251 96 1
251 97 1
251 123 1
251 171 1
251 174 1
252 20 1
252 22 1
252 23 1
252 24 1
252 66 1
252 97 1
252 98 1
252 120 1
252 140 1
252 174 1
252 251 1
253 20 1
253 22 1
253 23 1
253 24 1
253 66 1
253 97 1
253 120 1
253 121 1
253 122 1
253 169 1
253 249 1
253 250 1
253 252 1
254 20 1
254 22 1
254 23 1
254 24 1
254 66 1
254 93 1
254 97 1
254 120 1
254 121 1
254 169 1
254 172 1
254 252 1
254 253 1
255 23 1
255 24 1
255 64 1
255 66 1
255 94 1
255 95 1
255 120 1
255 138 1
255 139 1
255 170 1
255 172 1
255 253 1
255 254 1
256 23 1
256 24 1
256 63 1
256 64 1
256 93 1
256 95 1
256 120 1
256 138 1
256 170 1
256 172 1
256 248 1
256 250 1
256 254 1
256 255 1
257 23 1
257 24 1
257 63 1
257 93 1
257 138 1
257 170 1
257 172 1
257 255 1
257 256 1
258 27 1
258 67 1
258 139 1
258 172 1
258 204 1
258 206 1
258 257 1
259 20 1
259 22 1
259 26 1
259 27 1
259 67 1
259 68 1
259 98 1
259 139 1
259 140 1
259 154 1
259 172 1
259 173 1
259 174 1
259 252 1
259 254 1
260 26 1
260 27 1
260 28 1
260 102 1
260 139 1
260 140 1
260 141 1
260 153 1
260 154 1
260 173 1
260 175 1
260 203 1
261 27 1
261 28 1
261 67 1
261 102 1
261 139 1
261 141 1
261 153 1
261 154 1
261 173 1
261 176 1
261 203 1
261 204 1
261 206 1
261 260 1
262 141 1
262 204 1
262 205 1
262 258 1
263 26 1
263 28 1
263 29 1
263 50 1
263 68 1
263 69 1
263 102 1
263 125 1
263 140 1
263 173 1
263 175 1
263 176 1
263 260 1
263 261 1
264 26 1
264 29 1
264 50 1
264 69 1
264 70 1
264 74 1
264 124 1
264 125 1
264 126 1
264 175 1
264 208 1
264 263 1
265 30 1
265 50 1
265 71 1
265 74 1
265 75 1
265 126 1
265 155 1
265 177 1
265 178 1
265 207 1
265 208 1
265 209 1
265 210 1
266 31 1
266 32 1
266 102 1
266 103 1
266 125 1
266 126 1
266 155 1
266 156 1
266 176 1
266 210 1
266 211 1
266 212 1
267 31 1
267 32 1
267 102 1
267 103 1
267 125 1
267 155 1
267 156 1
267 176 1
267 177 1
267 210 1
267 211 1
267 212 1
267 266 1
268 33 1
268 72 1
268 104 1
268 213 1
269 31 1
269 32 1
269 33 1
269 34 1
269 73 1
269 74 1
269 103 1
269 104 1
269 125 1
269 126 1
269 177 1
269 211 1
269 266 1
269 267 1
269 268 1
270 35 1
270 36 1
270 38 1
270 46 1
270 105 1
270 127 1
270 142 1
270 214 1
270 216 1
271 41 1
271 108 1
271 129 1
271 143 1
271 157 1
272 37 1
272 41 1
272 108 1
272 129 1
272 143 1
272 157 1
272 179 1
272 185 1
272 271 1
273 37 1
273 38 1
273 41 1
273 43 1
273 44 1
273 45 1
273 46 1
273 105 1
273 111 1
273 127 1
273 129 1
273 145 1
273 146 1
273 157 1
273 183 1
273 184 1
273 186 1
273 272 1
274 38 1
274 39 1
274 40 1
274 45 1
274 76 1
274 105 1
274 111 1
274 127 1
274 128 1
274 129 1
274 146 1
274 181 1
274 183 1
274 184 1
274 273 1
275 38 1
275 39 1
275 40 1
275 45 1
275 105 1
275 106 1
275 107 1
275 128 1
275 158 1
275 180 1
275 183 1
275 274 1
276 39 1
276 40 1
276 106 1
276 107 1
276 180 1
276 181 1
276 275 1
277 39 1
277 40 1
277 106 1
277 107 1
277 180 1
277 181 1
277 215 1
277 276 1
278 39 1
278 76 1
278 128 1
278 180 1
278 181 1
278 182 1
278 276 1
279 47 1
279 53 1
279 77 1
279 79 1
279 159 1
279 219 1
279 220 1
279 223 1
280 6 1
280 7 1
280 54 1
280 80 1
280 81 1
280 132 1
280 161 1
280 163 1
280 224 1
280 227 1
280 228 1
280 229 1
280 230 1
280 231 1
281 3 1
281 5 1
281 6 1
281 9 1
281 10 1
281 56 1
281 57 1
281 58 1
281 83 1
281 85 1
281 86 1
281 133 1
281 134 1
281 148 1
281 149 1
281 164 1
281 165 1
281 166 1
281 226 1
281 227 1
281 228 1
281 234 1
282 8 1
282 9 1
282 13 1
282 58 1
282 85 1
282 86 1
282 87 1
282 117 1
282 134 1
282 165 1
282 166 1
283 15 1
283 60 1
283 91 1
283 92 1
283 151 1
283 198 1
283 199 1
283 241 1
283 242 1
283 244 1
284 19 1
284 20 1
284 21 1
284 123 1
284 251 1
285 23 1
285 24 1
285 64 1
285 94 1
285 95 1
285 138 1
285 170 1
285 172 1
285 250 1
285 253 1
285 254 1
285 255 1
285 256 1
285 257 1
286 20 1
286 22 1
286 23 1
286 26 1
286 27 1
286 66 1
286 67 1
286 68 1
286 98 1
286 99 1
286 139 1
286 140 1
286 153 1
286 154 1
286 173 1
286 174 1
286 175 1
286 252 1
286 254 1
286 259 1
287 25 1
287 26 1
287 68 1
287 98 1
287 99 1
287 100 1
287 124 1
287 140 1
287 174 1
287 175 1
288 32 1
288 72 1
288 103 1
288 104 1
288 156 1
288 212 1
288 213 1
288 266 1
288 267 1
288 269 1
289 128 1
289 181 1
289 182 1
289 276 1
289 278 1
290 55 1
290 82 1
290 83 1
290 116 1
290 162 1
290 225 1
291 3 1
291 5 1
291 6 1
291 55 1
291 56 1
291 82 1
291 83 1
291 114 1
291 116 1
291 162 1
291 225 1
291 226 1
291 227 1
291 228 1
291 290 1
292 84 1
292 133 1
292 163 1
292 231 1
292 232 1
292 233 1
292 237 1
293 20 1
293 21 1
293 22 1
293 174 1
293 251 1
293 284 1
294 65 1
294 96 1
294 97 1
294 123 1
294 171 1
294 251 1
295 20 1
295 22 1
295 23 1
295 65 1
295 66 1
295 96 1
295 97 1
295 121 1
295 123 1
295 171 1
295 251 1
295 252 1
295 253 1
295 254 1
295 294 1
296 139 1
296 172 1
296 257 1
296 258 1
296 262 1
297 39 1
297 76 1
297 128 1
297 181 1
297 182 1
297 278 1
297 289 1
298 76 1
298 108 1
298 128 1
298 129 1
298 182 1
298 183 1
298 184 1
298 274 1
298 278 1
298 297 1
299 51 1
299 52 1
299 130 1
299 189 1
299 190 1
299 219 1
299 220 1
299 221 1
299 222 1
300 7 1
300 53 1
300 77 1
300 79 1
300 113 1
300 130 1
300 189 1
300 190 1
300 219 1
300 220 1
300 221 1
300 222 1
300 223 1
300 224 1
300 230 1
300 279 1
300 299 1
301 7 1
301 53 1
301 79 1
301 113 1
301 160 1
301 222 1
301 223 1
301 227 1
301 228 1
301 229 1
301 230 1
301 231 1
301 280 1
301 300 1
302 54 1
302 132 1
302 161 1
302 230 1
302 231 1
302 232 1
302 280 1
303 11 1
303 88 1
303 192 1
303 193 1
303 237 1
304 60 1
304 88 1
304 89 1
304 92 1
304 151 1
304 199 1
304 283 1
305 61 1
305 62 1
305 136 1
305 201 1
305 202 1
305 245 1
305 246 1
305 247 1
305 248 1
306 24 1
306 63 1
306 93 1
306 120 1
306 136 1
306 202 1
306 245 1
306 246 1
306 247 1
306 248 1
306 249 1
306 250 1
306 256 1
306 305 1
307 24 1
307 63 1
307 93 1
307 120 1
307 121 1
307 138 1
307 169 1
307 248 1
307 249 1
307 253 1
307 254 1
307 255 1
307 256 1
307 257 1
307 285 1
307 306 1
308 30 1
308 70 1
308 71 1
308 207 1
308 208 1
308 265 1
309 72 1
309 101 1
309 104 1
309 156 1
309 213 1
309 268 1
309 288 1
310 35 1
310 38 1
310 105 1
310 127 1
310 143 1
310 157 1
310 270 1
310 274 1
311 37 1
311 38 1
311 43 1
311 46 1
311 143 1
311 144 1
311 145 1
311 146 1
311 157 1
311 179 1
311 185 1
311 186 1
311 271 1
311 272 1
311 273 1
311 310 1
312 0 1
312 1 1
312 47 1
312 53 1
312 77 1
312 159 1
312 187 1
312 219 1
312 223 1
312 279 1
313 0 1
313 77 1
313 79 1
313 159 1
313 187 1
313 217 1
313 223 1
313 279 1
313 312 1
314 1 1
314 2 1
314 47 1
314 51 1
314 78 1
314 113 1
314 114 1
314 115 1
314 116 1
314 131 1
314 147 1
314 162 1
314 188 1
314 219 1
314 223 1
315 1 1
315 2 1
315 47 1
315 51 1
315 115 1
315 131 1
315 147 1
315 188 1
315 219 1
315 220 1
315 312 1
315 314 1
316 1 1
316 2 1
316 3 1
316 4 1
316 5 1
316 112 1
316 113 1
316 114 1
316 160 1
316 165 1
316 217 1
316 226 1
316 227 1
316 228 1
316 234 1
316 281 1
317 54 1
317 81 1
317 190 1
317 224 1
317 280 1
318 5 1
318 6 1
318 7 1
318 54 1
318 56 1
318 81 1
318 113 1
318 132 1
318 161 1
318 224 1
318 226 1
318 227 1
318 228 1
318 229 1
318 230 1
318 231 1
318 280 1
318 301 1
318 317 1
319 11 1
319 88 1
319 89 1
319 194 1
319 233 1
319 303 1
320 10 1
320 12 1
320 89 1
320 90 1
320 118 1
320 164 1
320 167 1
320 194 1
320 236 1
320 238 1
320 242 1
321 16 1
321 17 1
321 60 1
321 89 1
321 91 1
321 92 1
321 118 1
321 151 1
321 167 1
321 199 1
321 242 1
321 243 1
321 244 1
321 283 1
321 304 1
321 320 1
322 16 1
322 17 1
322 43 1
322 60 1
322 91 1
322 92 1
322 168 1
322 242 1
322 243 1
322 244 1
322 283 1
322 321 1
323 16 1
323 17 1
323 48 1
323 59 1
323 118 1
323 119 1
323 146 1
323 168 1
323 197 1
323 244 1
323 322 1
324 14 1
324 16 1
324 17 1
324 119 1
324 168 1
324 196 1
324 197 1
324 244 1
324 323 1
325 18 1
325 19 1
325 49 1
325 61 1
325 120 1
325 121 1
325 122 1
325 123 1
325 137 1
325 152 1
325 171 1
325 200 1
325 245 1
325 249 1
326 19 1
326 49 1
326 61 1
326 122 1
326 137 1
326 152 1
326 200 1
326 245 1
326 246 1
326 325 1
327 18 1
327 19 1
327 20 1
327 21 1
327 22 1
327 120 1
327 121 1
327 169 1
327 174 1
327 252 1
327 253 1
327 254 1
327 259 1
327 284 1
327 286 1
327 293 1
328 64 1
328 95 1
328 202 1
328 250 1
328 285 1
329 22 1
329 23 1
329 24 1
329 64 1
329 66 1
329 95 1
329 120 1
329 138 1
329 170 1
329 249 1
329 250 1
329 252 1
329 253 1
329 254 1
329 255 1
329 256 1
329 257 1
329 285 1
329 307 1
329 328 1
330 101 1
330 176 1
330 206 1
331 28 1
331 101 1
331 102 1
331 125 1
331 173 1
331 176 1
331 206 1
331 261 1
331 263 1
331 267 1
332 33 1
332 34 1
332 72 1
332 103 1
332 104 1
332 125 1
332 156 1
332 176 1
332 213 1
332 267 1
332 268 1
332 269 1
332 288 1
332 309 1
332 331 1
333 33 1
333 34 1
333 72 1
333 103 1
333 104 1
333 177 1
333 267 1
333 268 1
333 269 1
333 288 1
333 332 1
334 33 1
334 34 1
334 50 1
334 69 1
334 73 1
334 74 1
334 75 1
334 125 1
334 126 1
334 177 1
334 178 1
334 211 1
334 269 1
334 332 1
334 333 1
335 31 1
335 34 1
335 73 1
335 74 1
335 75 1
335 126 1
335 177 1
335 178 1
335 210 1
335 211 1
335 269 1
335 334 1
336 16 1
336 17 1
336 37 1
336 42 1
336 43 1
336 44 1
336 45 1
336 110 1
336 146 1
336 184 1
336 186 1
336 273 1
336 323 1
337 0 1
337 77 1
337 159 1
337 187 1
337 279 1
337 312 1
337 313 1
338 0 1
338 1 1
338 2 1
338 47 1
338 51 1
338 78 1
338 112 1
338 114 1
338 159 1
338 160 1
338 188 1
338 218 1
338 219 1
338 223 1
338 312 1
338 314 1
338 315 1
339 51 1
339 115 1
339 131 1
339 189 1
339 190 1
339 219 1
339 224 1
339 227 1
339 317 1
339 318 1
340 7 1
340 54 1
340 81 1
340 132 1
340 161 1
340 229 1
340 230 1
340 231 1
340 232 1
340 280 1
340 302 1
341 10 1
341 57 1
341 84 1
341 132 1
341 133 1
341 135 1
341 163 1
341 192 1
341 231 1
341 232 1
341 233 1
341 237 1
341 292 1
342 7 1
342 10 1
342 57 1
342 79 1
342 84 1
342 132 1
342 133 1
342 163 1
342 164 1
342 229 1
342 231 1
342 233 1
342 292 1
342 301 1
342 341 1
343 8 1
343 9 1
343 13 1
343 58 1
343 59 1
343 85 1
343 86 1
343 87 1
343 117 1
343 134 1
343 165 1
343 166 1
343 234 1
343 238 1
343 239 1
343 281 1
343 282 1
344 8 1
344 9 1
344 13 1
344 85 1
344 87 1
344 117 1
344 134 1
344 148 1
344 149 1
344 165 1
344 166 1
344 281 1
344 282 1
344 343 1
345 13 1
345 48 1
345 59 1
345 117 1
345 119 1
345 168 1
345 239 1
346 14 1
346 48 1
346 90 1
346 118 1
346 119 1
346 150 1
346 168 1
346 195 1
346 196 1
346 197 1
346 239 1
346 240 1
347 60 1
347 151 1
347 198 1
347 199 1
347 283 1
347 304 1
348 14 1
348 16 1
348 17 1
348 48 1
348 59 1
348 92 1
348 118 1
348 167 1
348 168 1
348 197 1
348 238 1
348 242 1
348 243 1
348 244 1
348 320 1
348 321 1
348 322 1
348 323 1
348 324 1
349 18 1
349 19 1
349 49 1
349 121 1
349 169 1
349 200 1
349 245 1
349 249 1
349 325 1
349 326 1
350 61 1
350 66 1
350 122 1
350 137 1
350 201 1
350 202 1
350 245 1
350 250 1
350 253 1
350 328 1
350 329 1
351 27 1
351 67 1
351 138 1
351 139 1
351 141 1
351 172 1
351 204 1
351 257 1
351 258 1
351 262 1
351 296 1
352 24 1
352 27 1
352 67 1
352 93 1
352 138 1
352 139 1
352 172 1
352 173 1
352 255 1
352 257 1
352 258 1
352 296 1
352 307 1
352 351 1
353 25 1
353 26 1
353 29 1
353 68 1
353 98 1
353 99 1
353 100 1
353 124 1
353 140 1
353 174 1
353 175 1
353 259 1
353 286 1
353 287 1
354 26 1
354 98 1
354 100 1
354 124 1
354 140 1
354 153 1
354 154 1
354 175 1
354 260 1
354 286 1
354 287 1
354 353 1
355 29 1
355 50 1
355 69 1
355 70 1
355 74 1
355 124 1
355 208 1
355 264 1
356 30 1
356 31 1
356 32 1
356 50 1
356 71 1
356 102 1
356 125 1
356 126 1
356 155 1
356 177 1
356 178 1
356 207 1
356 208 1
356 209 1
356 210 1
356 211 1
356 264 1
356 265 1
357 72 1
357 156 1
357 212 1
357 213 1
357 288 1
357 309 1
358 31 1
358 33 1
358 34 1
358 50 1
358 69 1
358 73 1
358 104 1
358 125 1
358 176 1
358 177 1
358 211 1
358 263 1
358 267 1
358 268 1
358 269 1
358 331 1
358 332 1
358 333 1
358 334 1
358 335 1
359 73 1
359 74 1
359 75 1
359 127 1
359 143 1
359 157 1
359 271 1
359 272 1
359 310 1
359 311 1
360 73 1
360 143 1
360 157 1
360 179 1
360 271 1
360 272 1
360 311 1
360 359 1
361 41 1
361 42 1
361 44 1
361 76 1
361 108 1
361 109 1
361 129 1
361 183 1
361 184 1
361 298 1
362 16 1
362 17 1
362 37 1
362 42 1
362 43 1
362 44 1
362 110 1
362 144 1
362 145 1
362 185 1
362 186 1
362 244 1
362 322 1
362 323 1
362 336 1
363 44 1
363 45 1
363 110 1
363 184 1
363 186 1
363 336 1
364 16 1
364 36 1
364 38 1
364 45 1
364 46 1
364 111 1
364 142 1
364 146 1
364 216 1
364 243 1
364 348 1
365 47 1
365 51 1
365 189 1
365 190 1
365 219 1
365 220 1
365 299 1
365 314 1
365 315 1
366 54 1
366 81 1
366 190 1
366 224 1
366 280 1
366 317 1
366 339 1
367 51 1
367 115 1
367 131 1
367 147 1
367 162 1
367 189 1
367 190 1
367 219 1
367 220 1
367 224 1
367 299 1
367 314 1
367 315 1
367 339 1
367 365 1
368 57 1
368 84 1
368 132 1
368 133 1
368 163 1
368 229 1
368 230 1
368 231 1
368 232 1
368 233 1
368 292 1
368 340 1
368 341 1
368 342 1
369 9 1
369 13 1
369 85 1
369 87 1
369 117 1
369 134 1
369 148 1
369 149 1
369 166 1
369 239 1
369 282 1
369 343 1
369 344 1
370 16 1
370 60 1
370 92 1
370 151 1
370 199 1
370 242 1
370 243 1
370 283 1
370 304 1
370 321 1
370 322 1
370 347 1
370 348 1
371 49 1
371 61 1
371 122 1
371 137 1
371 201 1
371 202 1
371 245 1
371 246 1
371 305 1
371 325 1
371 326 1
372 64 1
372 95 1
372 202 1
372 250 1
372 285 1
372 328 1
372 350 1
373 61 1
373 122 1
373 137 1
373 152 1
373 171 1
373 201 1
373 202 1
373 245 1
373 246 1
373 250 1
373 305 1
373 325 1
373 326 1
373 350 1
373 371 1
374 67 1
374 138 1
374 139 1
374 172 1
374 255 1
374 256 1
374 257 1
374 258 1
374 296 1
374 351 1
374 352 1
375 26 1
375 29 1
375 70 1
375 98 1
375 100 1
375 124 1
375 140 1
375 153 1
375 154 1
375 175 1
375 264 1
375 287 1
375 353 1
375 354 1
376 33 1
376 72 1
376 104 1
376 156 1
376 213 1
376 268 1
376 288 1
376 309 1
376 332 1
376 333 1
376 357 1
376 358 1
377 35 1
377 36 1
377 38 1
377 46 1
377 127 1
377 142 1
377 143 1
377 214 1
377 270 1
377 310 1
377 311 1
378 37 1
378 43 1
378 144 1
378 145 1
378 157 1
378 179 1
378 185 1
378 311 1
379 127 1
379 181 1
379 182 1
379 215 1
379 278 1
379 289 1
379 297 1
379 355 1
380 29 1
380 127 1
380 181 1
380 215 1
380 277 1
380 289 1
380 297 1
380 355 1
380 379 1
381 128 1
381 181 1
381 182 1
381 278 1
381 289 1
381 297 1
381 379 1
382 76 1
382 128 1
382 129 1
382 182 1
382 183 1
382 278 1
382 289 1
382 297 1
382 298 1
382 379 1
382 381 1
383 41 1
383 42 1
383 44 1
383 109 1
383 110 1
383 184 1
383 185 1
383 186 1
383 361 1
384 37 1
384 42 1
384 43 1
384 110 1
384 144 1
384 145 1
384 179 1
384 185 1
384 186 1
384 311 1
384 336 1
384 362 1
384 378 1
384 383 1
385 16 1
385 38 1
385 45 1
385 46 1
385 59 1
385 111 1
385 146 1
385 158 1
385 323 1
385 336 1
385 348 1
385 364 1
386 0 1
386 2 1
386 47 1
386 51 1
386 115 1
386 188 1
386 219 1
386 220 1
386 223 1
386 279 1
386 300 1
386 312 1
386 314 1
386 315 1
386 338 1
386 365 1
387 2 1
387 3 1
387 4 1
387 5 1
387 6 1
387 7 1
387 47 1
387 53 1
387 57 1
387 79 1
387 113 1
387 114 1
387 160 1
387 187 1
387 223 1
387 226 1
387 227 1
387 228 1
387 229 1
387 234 1
387 301 1
387 316 1
387 318 1
388 132 1
388 232 1
388 302 1
388 340 1
389 84 1
389 231 1
389 232 1
389 233 1
389 237 1
389 292 1
389 341 1
389 342 1
389 368 1
390 84 1
390 135 1
390 192 1
390 193 1
390 233 1
390 236 1
390 237 1
390 303 1
390 341 1
391 11 1
391 12 1
391 88 1
391 89 1
391 151 1
391 167 1
391 192 1
391 193 1
391 194 1
391 237 1
391 303 1
391 319 1
391 320 1
392 91 1
392 151 1
392 198 1
392 242 1
392 283 1
392 304 1
392 347 1
392 370 1
393 91 1
393 151 1
393 198 1
393 199 1
393 283 1
393 304 1
393 347 1
393 370 1
393 392 1
394 19 1
394 49 1
394 61 1
394 122 1
394 200 1
394 245 1
394 246 1
394 249 1
394 306 1
394 325 1
394 326 1
394 349 1
394 371 1
395 20 1
395 21 1
395 22 1
395 23 1
395 24 1
395 49 1
395 63 1
395 67 1
395 93 1
395 120 1
395 121 1
395 169 1
395 249 1
395 252 1
395 253 1
395 254 1
395 255 1
395 259 1
395 307 1
395 327 1
395 329 1
395 352 1
396 139 1
396 141 1
396 204 1
396 205 1
396 258 1
396 261 1
396 262 1
396 351 1
397 28 1
397 101 1
397 156 1
397 176 1
397 204 1
397 205 1
397 206 1
397 262 1
397 330 1
397 331 1
398 103 1
398 156 1
398 212 1
398 267 1
398 288 1
398 309 1
398 357 1
398 376 1
399 103 1
399 156 1
399 212 1
399 213 1
399 288 1
399 309 1
399 357 1
399 376 1
399 398 1
400 35 1
400 36 1
400 38 1
400 105 1
400 127 1
400 142 1
400 181 1
400 215 1
400 270 1
400 310 1
400 377 1
400 380 1
401 36 1
401 37 1
401 38 1
401 46 1
401 105 1
401 111 1
401 127 1
401 129 1
401 143 1
401 146 1
401 157 1
401 270 1
401 273 1
401 274 1
401 310 1
401 311 1
401 359 1
401 377 1
401 400 1
402 73 1
402 127 1
402 181 1
402 271 1
402 297 1
402 298 1
402 310 1
402 334 1
402 359 1
402 379 1
402 380 1
402 381 1
402 382 1
403 41 1
403 42 1
403 44 1
403 108 1
403 109 1
403 129 1
403 183 1
403 184 1
403 186 1
403 272 1
403 361 1
403 383 1
404 37 1
404 43 1
404 110 1
404 144 1
404 179 1
404 185 1
404 378 1
404 383 1
404 384 1
405 17 1
405 42 1
405 43 1
405 44 1
405 109 1
405 110 1
405 184 1
405 186 1
405 323 1
405 336 1
405 362 1
405 363 1
406 16 1
406 17 1
406 38 1
406 43 1
406 45 1
406 46 1
406 111 1
406 145 1
406 146 1
406 158 1
406 216 1
406 243 1
406 244 1
406 321 1
406 322 1
406 323 1
406 336 1
406 348 1
406 362 1
406 364 1
406 385 1
407 16 1
407 36 1
407 46 1
407 60 1
407 92 1
407 111 1
407 142 1
407 145 1
407 146 1
407 216 1
407 243 1
407 321 1
407 322 1
407 348 1
407 364 1
407 406 1
408 0 1
408 1 1
408 47 1
408 53 1
408 77 1
408 79 1
408 113 1
408 114 1
408 159 1
408 160 1
408 187 1
408 223 1
408 279 1
408 301 1
408 312 1
408 313 1
408 337 1
408 338 1
408 386 1
409 1 1
409 2 1
409 3 1
409 4 1
409 5 1
409 78 1
409 83 1
409 112 1
409 114 1
409 116 1
409 160 1
409 188 1
409 218 1
409 225 1
409 226 1
409 227 1
409 291 1
409 316 1
409 387 1
410 54 1
410 81 1
410 132 1
410 161 1
410 222 1
410 224 1
410 229 1
410 230 1
410 280 1
410 317 1
410 318 1
410 339 1
410 340 1
410 366 1
411 6 1
411 7 1
411 10 1
411 57 1
411 58 1
411 133 1
411 134 1
411 149 1
411 163 1
411 164 1
411 226 1
411 228 1
411 229 1
411 231 1
411 233 1
411 234 1
411 281 1
411 341 1
411 342 1
411 387 1
412 11 1
412 88 1
412 89 1
412 167 1
412 192 1
412 193 1
412 194 1
412 233 1
412 237 1
412 303 1
412 319 1
412 320 1
412 390 1
412 391 1
413 10 1
413 12 1
413 88 1
413 89 1
413 90 1
413 118 1
413 133 1
413 135 1
413 167 1
413 192 1
413 194 1
413 235 1
413 236 1
413 238 1
413 319 1
413 320 1
413 391 1
413 412 1
414 9 1
414 10 1
414 12 1
414 13 1
414 14 1
414 48 1
414 59 1
414 90 1
414 117 1
414 118 1
414 119 1
414 134 1
414 148 1
414 149 1
414 164 1
414 166 1
414 167 1
414 191 1
414 235 1
414 236 1
414 238 1
414 239 1
414 320 1
414 345 1
414 346 1
414 369 1
415 18 1
415 49 1
415 63 1
415 93 1
415 120 1
415 121 1
415 169 1
415 249 1
415 307 1
415 349 1
415 394 1
416 18 1
416 19 1
416 20 1
416 21 1
416 22 1
416 121 1
416 123 1
416 169 1
416 200 1
416 251 1
416 252 1
416 253 1
416 284 1
416 293 1
416 295 1
416 327 1
417 64 1
417 95 1
417 138 1
417 170 1
417 248 1
417 250 1
417 256 1
417 285 1
417 328 1
417 329 1
417 350 1
417 372 1
418 20 1
418 23 1
418 24 1
418 27 1
418 67 1
418 139 1
418 140 1
418 154 1
418 172 1
418 173 1
418 203 1
418 252 1
418 254 1
418 255 1
418 257 1
418 258 1
418 259 1
418 286 1
418 351 1
418 352 1
418 395 1
419 101 1
419 176 1
419 204 1
419 205 1
419 206 1
419 258 1
419 262 1
419 330 1
419 331 1
419 396 1
419 397 1
420 27 1
420 28 1
420 101 1
420 102 1
420 125 1
420 139 1
420 141 1
420 176 1
420 204 1
420 206 1
420 261 1
420 263 1
420 266 1
420 330 1
420 331 1
420 397 1
420 419 1
421 26 1
421 28 1
421 29 1
421 31 1
421 50 1
421 69 1
421 102 1
421 125 1
421 126 1
421 140 1
421 153 1
421 154 1
421 175 1
421 176 1
421 260 1
421 261 1
421 263 1
421 264 1
421 331 1
421 355 1
421 356 1
422 26 1
422 29 1
422 70 1
422 124 1
422 175 1
422 208 1
422 264 1
422 287 1
422 308 1
422 355 1
422 375 1
422 380 1
423 30 1
423 70 1
423 71 1
423 207 1
423 208 1
423 264 1
423 308 1
423 355 1
423 375 1
423 422 1
424 35 1
424 36 1
424 37 1
424 38 1
424 127 1
424 143 1
424 145 1
424 157 1
424 214 1
424 270 1
424 271 1
424 273 1
424 310 1
424 311 1
424 359 1
424 360 1
424 377 1
424 378 1
424 400 1
424 401 1
425 37 1
425 127 1
425 129 1
425 143 1
425 157 1
425 271 1
425 272 1
425 273 1
425 274 1
425 310 1
425 311 1
425 359 1
425 360 1
425 401 1
425 402 1
425 424 1
426 36 1
426 37 1
426 38 1
426 43 1
426 46 1
426 127 1
426 142 1
426 143 1
426 144 1
426 145 1
426 146 1
426 157 1
426 186 1
426 214 1
426 216 1
426 270 1
426 273 1
426 310 1
426 311 1
426 364 1
426 377 1
426 378 1
426 384 1
426 401 1
426 406 1
426 407 1
426 424 1
426 425 1
427 38 1
427 39 1
427 40 1
427 45 1
427 46 1
427 105 1
427 111 1
427 127 1
427 129 1
427 146 1
427 158 1
427 183 1
427 184 1
427 186 1
427 273 1
427 274 1
427 275 1
427 311 1
427 336 1
427 385 1
427 401 1
427 406 1
427 426 1
428 39 1
428 40 1
428 105 1
428 106 1
428 107 1
428 127 1
428 181 1
428 215 1
428 270 1
428 276 1
428 277 1
428 379 1
428 380 1
428 400 1
429 39 1
429 76 1
429 105 1
429 108 1
429 128 1
429 129 1
429 181 1
429 182 1
429 183 1
429 274 1
429 275 1
429 278 1
429 297 1
429 298 1
429 361 1
429 379 1
429 381 1
429 382 1
429 401 1
429 402 1
429 427 1
430 41 1
430 42 1
430 44 1
430 45 1
430 109 1
430 110 1
430 146 1
430 183 1
430 184 1
430 186 1
430 273 1
430 336 1
430 361 1
430 363 1
430 405 1
430 427 1
431 16 1
431 17 1
431 38 1
431 45 1
431 46 1
431 111 1
431 146 1
431 158 1
431 186 1
431 273 1
431 323 1
431 336 1
431 363 1
431 364 1
431 385 1
431 405 1
431 406 1
431 427 1
431 430 1
432 16 1
432 36 1
432 37 1
432 38 1
432 43 1
432 46 1
432 92 1
432 111 1
432 142 1
432 145 1
432 146 1
432 214 1
432 216 1
432 243 1
432 273 1
432 311 1
432 321 1
432 322 1
432 348 1
432 364 1
432 378 1
432 406 1
432 407 1
432 426 1
433 26 1
433 29 1
433 50 1
433 69 1
433 70 1
433 100 1
433 124 1
433 175 1
433 215 1
433 264 1
433 287 1
433 353 1
433 355 1
433 375 1
433 379 1
433 380 1
433 422 1
433 423 1
434 2 1
434 3 1
434 4 1
434 5 1
434 55 1
434 58 1
434 83 1
434 86 1
434 112 1
434 114 1
434 160 1
434 165 1
434 225 1
434 226 1
434 234 1
434 291 1
434 316 1
434 409 1
435 2 1
435 3 1
435 5 1
435 55 1
435 56 1
435 82 1
435 83 1
435 114 1
435 115 1
435 116 1
435 131 1
435 147 1
435 162 1
435 188 1
435 225 1
435 227 1
435 290 1
435 291 1
435 314 1
435 409 1
436 3 1
436 5 1
436 8 1
436 55 1
436 56 1
436 83 1
436 85 1
436 86 1
436 165 1
436 225 1
436 226 1
436 227 1
436 281 1
436 290 1
436 291 1
436 316 1
436 409 1
436 434 1
436 435 1
437 6 1
437 9 1
437 10 1
437 12 1
437 57 1
437 58 1
437 133 1
437 134 1
437 148 1
437 149 1
437 163 1
437 164 1
437 165 1
437 191 1
437 226 1
437 228 1
437 229 1
437 233 1
437 234 1
437 235 1
437 236 1
437 281 1
437 342 1
437 411 1
438 9 1
438 10 1
438 12 1
438 13 1
438 48 1
438 57 1
438 58 1
438 90 1
438 118 1
438 133 1
438 134 1
438 135 1
438 148 1
438 149 1
438 164 1
438 166 1
438 191 1
438 234 1
438 235 1
438 236 1
438 238 1
438 281 1
438 320 1
438 344 1
438 369 1
438 411 1
438 413 1
438 414 1
438 437 1
439 10 1
439 57 1
439 84 1
439 133 1
439 135 1
439 163 1
439 191 1
439 192 1
439 233 1
439 235 1
439 236 1
439 237 1
439 341 1
439 342 1
439 368 1
439 390 1
439 413 1
439 437 1
439 438 1
440 10 1
440 12 1
440 57 1
440 84 1
440 89 1
440 133 1
440 135 1
440 163 1
440 167 1
440 191 1
440 192 1
440 193 1
440 194 1
440 233 1
440 235 1
440 236 1
440 237 1
440 303 1
440 319 1
440 341 1
440 342 1
440 390 1
440 391 1
440 412 1
440 413 1
440 439 1
441 19 1
441 20 1
441 21 1
441 22 1
441 68 1
441 97 1
441 99 1
441 121 1
441 169 1
441 174 1
441 251 1
441 252 1
441 259 1
441 284 1
441 293 1
441 295 1
441 327 1
441 416 1
442 19 1
442 20 1
442 22 1
442 65 1
442 66 1
442 96 1
442 97 1
442 121 1
442 122 1
442 123 1
442 137 1
442 152 1
442 171 1
442 200 1
442 251 1
442 253 1
442 294 1
442 295 1
442 325 1
442 416 1
443 20 1
443 22 1
443 25 1
443 65 1
443 66 1
443 97 1
443 98 1
443 99 1
443 174 1
443 251 1
443 252 1
443 253 1
443 284 1
443 286 1
443 293 1
443 294 1
443 295 1
443 327 1
443 416 1
443 441 1
443 442 1
444 23 1
444 26 1
444 27 1
444 28 1
444 67 1
444 68 1
444 139 1
444 140 1
444 153 1
444 154 1
444 172 1
444 173 1
444 203 1
444 252 1
444 254 1
444 255 1
444 258 1
444 259 1
444 260 1
444 261 1
444 286 1
444 352 1
444 418 1
445 26 1
445 27 1
445 28 1
445 29 1
445 50 1
445 67 1
445 68 1
445 102 1
445 125 1
445 139 1
445 140 1
445 141 1
445 153 1
445 154 1
445 173 1
445 175 1
445 203 1
445 259 1
445 260 1
445 261 1
445 263 1
445 286 1
445 331 1
445 354 1
445 418 1
445 421 1
445 444 1
446 27 1
446 67 1
446 139 1
446 141 1
446 172 1
446 203 1
446 204 1
446 258 1
446 260 1
446 261 1
446 262 1
446 351 1
446 352 1
446 374 1
446 396 1
446 420 1
446 444 1
447 27 1
447 28 1
447 67 1
447 101 1
447 139 1
447 141 1
447 172 1
447 203 1
447 204 1
447 205 1
447 206 1
447 258 1
447 261 1
447 262 1
447 330 1
447 351 1
447 352 1
447 396 1
447 397 1
447 419 1
447 420 1
447 446 1
448 16 1
448 36 1
448 37 1
448 38 1
448 43 1
448 45 1
448 46 1
448 105 1
448 111 1
448 145 1
448 146 1
448 186 1
448 273 1
448 274 1
448 311 1
448 336 1
448 362 1
448 364 1
448 378 1
448 384 1
448 385 1
448 401 1
448 406 1
448 407 1
448 424 1
448 426 1
448 427 1
448 430 1
448 431 1
448 432 1
449 38 1
449 39 1
449 40 1
449 45 1
449 105 1
449 106 1
449 111 1
449 127 1
449 146 1
449 158 1
449 180 1
449 270 1
449 273 1
449 274 1
449 275 1
449 276 1
449 400 1
449 401 1
449 427 1
449 428 1
450 39 1
450 105 1
450 127 1
450 181 1
450 215 1
450 274 1
450 278 1
450 289 1
450 297 1
450 298 1
450 310 1
450 359 1
450 379 1
450 380 1
450 381 1
450 382 1
450 402 1
450 425 1
450 429 1
451 39 1
451 105 1
451 127 1
451 181 1
451 215 1
451 270 1
451 277 1
451 289 1
451 297 1
451 310 1
451 355 1
451 379 1
451 380 1
451 400 1
451 402 1
451 428 1
451 433 1
451 450 1
452 39 1
452 100 1
452 181 1
452 215 1
452 276 1
452 277 1
452 289 1
452 379 1
452 380 1
452 428 1
452 433 1
452 450 1
452 451 1
453 35 1
453 36 1
453 46 1
453 92 1
453 142 1
453 145 1
453 214 1
453 216 1
453 243 1
453 270 1
453 364 1
453 377 1
453 406 1
453 407 1
453 426 1
453 432 1
453 448 1
