# minsup
1
# graph
G_portein_file\Histone\5KGF.pdb
# node ID, label
0 A
1 A
2 A
3 A
4 A
5 A
6 A
7 A
8 A
9 A
10 A
11 A
12 A
13 A
14 A
15 A
16 A
17 A
18 A
19 A
20 A
21 A
22 C
23 C
24 D
25 D
26 D
27 D
28 D
29 D
30 D
31 D
32 D
33 D
34 D
35 D
36 D
37 D
38 D
39 D
40 D
41 E
42 E
43 E
44 E
45 E
46 E
47 E
48 E
49 E
50 E
51 E
52 E
53 E
54 E
55 E
56 E
57 E
58 E
59 E
60 F
61 F
62 F
63 F
64 F
65 F
66 F
67 F
68 F
69 G
70 G
71 G
72 G
73 G
74 G
75 G
76 G
77 G
78 G
79 G
80 G
81 G
82 G
83 H
84 H
85 H
86 H
87 I
88 I
89 I
90 I
91 I
92 I
93 I
94 I
95 I
96 I
97 I
98 I
99 I
100 I
101 I
102 I
103 I
104 I
105 I
106 I
107 I
108 I
109 I
110 I
111 I
112 I
113 I
114 I
115 I
116 K
117 K
118 K
119 K
120 K
121 K
122 K
123 K
124 K
125 K
126 K
127 K
128 K
129 K
130 K
131 K
132 K
133 K
134 K
135 K
136 K
137 K
138 L
139 L
140 L
141 L
142 L
143 L
144 L
145 L
146 L
147 L
148 L
149 L
150 L
151 L
152 L
153 L
154 L
155 L
156 L
157 L
158 L
159 L
160 L
161 L
162 L
163 L
164 L
165 L
166 L
167 L
168 L
169 L
170 L
171 L
172 L
173 L
174 L
175 L
176 L
177 L
178 M
179 M
180 M
181 M
182 N
183 N
184 N
185 N
186 N
187 N
188 N
189 N
190 P
191 P
192 P
193 P
194 P
195 P
196 P
197 Q
198 Q
199 Q
200 Q
201 Q
202 Q
203 Q
204 Q
205 Q
206 Q
207 Q
208 Q
209 Q
210 Q
211 Q
212 R
213 R
214 R
215 R
216 R
217 R
218 R
219 R
220 R
221 R
222 R
223 R
224 R
225 R
226 R
227 R
228 R
229 R
230 R
231 R
232 R
233 S
234 S
235 S
236 S
237 S
238 S
239 S
240 S
241 S
242 S
243 S
244 S
245 T
246 T
247 T
248 T
249 T
250 T
251 T
252 T
253 T
254 T
255 T
256 T
257 T
258 T
259 T
260 T
261 T
262 V
263 V
264 V
265 V
266 V
267 V
268 V
269 V
270 V
271 V
272 V
273 V
274 V
275 V
276 V
277 V
278 V
279 V
280 V
281 V
282 V
283 V
284 V
285 Y
286 Y
287 Y
288 Y
289 Y
290 Y
291 Y
292 Y
293 Y
# node ID1, node ID2, number of bounds
3 2 1
6 4 1
6 5 1
7 4 1
7 6 1
8 4 1
8 7 1
10 1 1
13 12 1
15 14 1
21 20 1
22 0 1
22 1 1
22 10 1
23 1 1
23 9 1
23 10 1
23 22 1
25 1 1
25 9 1
25 10 1
25 23 1
26 9 1
26 10 1
26 23 1
26 25 1
27 12 1
27 13 1
28 5 1
28 12 1
28 13 1
28 27 1
29 14 1
29 15 1
30 29 1
32 16 1
34 31 1
36 18 1
38 35 1
39 20 1
39 21 1
40 39 1
41 2 1
41 3 1
42 11 1
43 4 1
43 5 1
43 6 1
43 7 1
43 8 1
44 6 1
44 7 1
44 8 1
44 43 1
45 10 1
45 11 1
45 23 1
45 25 1
46 30 1
48 31 1
48 47 1
49 16 1
49 31 1
50 16 1
50 32 1
51 49 1
52 47 1
54 35 1
54 53 1
55 18 1
55 35 1
56 18 1
56 36 1
57 55 1
58 53 1
59 40 1
60 1 1
60 22 1
61 24 1
62 24 1
62 61 1
63 10 1
63 11 1
63 23 1
63 25 1
63 26 1
63 45 1
65 47 1
65 52 1
66 17 1
67 53 1
67 58 1
68 19 1
69 60 1
70 2 1
70 3 1
70 41 1
72 4 1
72 8 1
72 43 1
72 44 1
73 8 1
73 25 1
73 44 1
73 45 1
73 63 1
74 8 1
74 11 1
74 25 1
74 45 1
74 63 1
74 73 1
75 30 1
75 46 1
76 16 1
76 32 1
76 50 1
77 17 1
77 66 1
78 31 1
78 34 1
78 49 1
78 51 1
79 18 1
79 36 1
79 56 1
80 19 1
80 68 1
81 35 1
81 38 1
81 55 1
81 57 1
82 40 1
82 59 1
83 0 1
83 9 1
83 22 1
83 23 1
83 26 1
84 2 1
84 3 1
84 70 1
84 72 1
85 17 1
85 65 1
85 66 1
85 77 1
86 19 1
86 67 1
86 68 1
86 80 1
87 1 1
87 22 1
87 60 1
88 3 1
88 41 1
88 70 1
89 2 1
89 70 1
89 84 1
90 3 1
90 71 1
90 84 1
90 88 1
91 4 1
91 7 1
91 8 1
91 43 1
91 61 1
91 72 1
92 24 1
92 62 1
93 11 1
93 42 1
93 74 1
94 43 1
94 44 1
95 9 1
95 23 1
95 25 1
96 9 1
96 11 1
96 23 1
96 26 1
96 63 1
96 95 1
97 10 1
97 23 1
97 25 1
97 26 1
97 63 1
97 96 1
98 11 1
98 44 1
98 94 1
99 11 1
99 96 1
100 26 1
100 96 1
100 97 1
100 98 1
100 99 1
101 12 1
101 13 1
101 27 1
101 28 1
101 64 1
102 14 1
102 15 1
102 29 1
102 30 1
103 47 1
103 48 1
103 52 1
103 65 1
104 16 1
104 31 1
104 49 1
104 51 1
104 78 1
105 16 1
105 32 1
105 50 1
105 76 1
106 16 1
106 32 1
106 33 1
106 50 1
106 76 1
106 105 1
107 17 1
107 66 1
107 77 1
107 85 1
108 17 1
108 34 1
108 48 1
108 52 1
108 66 1
108 103 1
109 53 1
109 54 1
109 58 1
109 67 1
110 18 1
110 35 1
110 55 1
110 57 1
110 81 1
111 18 1
111 36 1
111 56 1
111 79 1
112 18 1
112 36 1
112 37 1
112 56 1
112 79 1
112 111 1
113 19 1
113 68 1
113 80 1
113 86 1
114 19 1
114 38 1
114 54 1
114 58 1
114 68 1
114 109 1
115 20 1
115 21 1
115 39 1
115 40 1
116 11 1
116 42 1
116 74 1
116 93 1
116 96 1
116 99 1
117 64 1
118 14 1
118 15 1
118 29 1
118 102 1
119 46 1
119 75 1
120 46 1
120 75 1
120 119 1
121 65 1
121 85 1
121 107 1
122 65 1
122 85 1
122 121 1
123 16 1
123 32 1
123 33 1
123 49 1
123 50 1
123 104 1
123 105 1
123 106 1
124 16 1
124 32 1
124 47 1
124 49 1
124 50 1
124 76 1
124 104 1
124 105 1
124 106 1
124 123 1
125 16 1
125 32 1
125 50 1
125 76 1
125 105 1
125 106 1
125 123 1
125 124 1
126 17 1
126 51 1
126 66 1
126 77 1
126 107 1
127 47 1
127 48 1
127 52 1
127 65 1
127 103 1
127 108 1
128 67 1
128 86 1
128 113 1
129 67 1
129 86 1
129 128 1
130 18 1
130 36 1
130 37 1
130 55 1
130 56 1
130 110 1
130 111 1
130 112 1
131 18 1
131 36 1
131 53 1
131 55 1
131 56 1
131 79 1
131 110 1
131 111 1
131 112 1
131 130 1
132 18 1
132 36 1
132 56 1
132 79 1
132 111 1
132 112 1
132 130 1
132 131 1
133 19 1
133 57 1
133 68 1
133 80 1
133 113 1
134 53 1
134 54 1
134 58 1
134 67 1
134 109 1
134 114 1
135 20 1
135 21 1
135 39 1
135 115 1
136 59 1
136 82 1
137 59 1
137 82 1
137 136 1
138 60 1
138 69 1
140 2 1
140 3 1
140 41 1
140 70 1
140 84 1
140 88 1
140 89 1
140 90 1
141 2 1
141 3 1
141 41 1
141 70 1
141 84 1
141 88 1
141 90 1
141 140 1
142 2 1
142 3 1
142 41 1
142 70 1
142 84 1
142 88 1
142 89 1
142 90 1
142 91 1
142 140 1
142 141 1
143 3 1
143 71 1
143 88 1
143 90 1
144 24 1
144 61 1
144 71 1
144 90 1
144 91 1
144 143 1
145 43 1
145 44 1
145 94 1
145 98 1
146 117 1
147 5 1
147 6 1
147 7 1
147 8 1
147 43 1
147 44 1
147 101 1
148 7 1
148 8 1
148 11 1
148 44 1
148 45 1
148 63 1
148 64 1
148 73 1
148 74 1
148 98 1
149 8 1
149 10 1
149 11 1
149 25 1
149 44 1
149 45 1
149 63 1
149 73 1
149 74 1
149 97 1
149 148 1
150 8 1
150 11 1
150 42 1
150 44 1
150 63 1
150 73 1
150 74 1
150 93 1
150 94 1
150 98 1
150 145 1
150 148 1
151 96 1
151 99 1
151 100 1
152 44 1
152 64 1
152 117 1
152 148 1
153 7 1
153 64 1
153 101 1
153 117 1
153 146 1
153 147 1
153 152 1
154 7 1
154 12 1
154 13 1
154 27 1
154 28 1
154 101 1
154 147 1
155 4 1
155 6 1
155 7 1
155 13 1
155 24 1
155 43 1
155 61 1
155 91 1
155 144 1
155 154 1
156 14 1
156 15 1
156 29 1
156 30 1
156 46 1
156 118 1
157 15 1
157 29 1
157 30 1
157 46 1
157 102 1
157 118 1
157 156 1
158 30 1
158 46 1
158 75 1
158 119 1
158 120 1
158 156 1
158 157 1
159 85 1
159 121 1
159 122 1
160 47 1
160 48 1
160 52 1
160 65 1
160 103 1
160 105 1
160 124 1
160 127 1
161 51 1
161 66 1
161 77 1
161 85 1
161 104 1
161 107 1
161 121 1
161 123 1
161 126 1
162 49 1
162 51 1
162 66 1
162 77 1
162 78 1
162 104 1
162 107 1
162 126 1
162 161 1
163 31 1
163 34 1
163 48 1
163 66 1
163 104 1
163 108 1
163 127 1
163 162 1
164 17 1
164 52 1
164 65 1
164 66 1
164 77 1
164 85 1
164 103 1
164 107 1
164 108 1
164 121 1
164 161 1
165 65 1
165 66 1
165 85 1
165 107 1
165 121 1
165 122 1
165 159 1
165 161 1
165 164 1
166 33 1
166 106 1
166 159 1
166 161 1
166 165 1
167 86 1
167 128 1
167 129 1
168 53 1
168 54 1
168 58 1
168 67 1
168 109 1
168 111 1
168 131 1
168 134 1
169 57 1
169 68 1
169 80 1
169 86 1
169 110 1
169 113 1
169 128 1
169 130 1
169 133 1
170 55 1
170 57 1
170 68 1
170 80 1
170 81 1
170 110 1
170 113 1
170 133 1
170 169 1
171 35 1
171 38 1
171 54 1
171 68 1
171 110 1
171 114 1
171 134 1
171 170 1
172 19 1
172 58 1
172 67 1
172 68 1
172 80 1
172 86 1
172 109 1
172 113 1
172 114 1
172 128 1
172 169 1
173 67 1
173 68 1
173 86 1
173 113 1
173 128 1
173 129 1
173 167 1
173 169 1
173 172 1
174 37 1
174 112 1
174 167 1
174 169 1
174 173 1
175 20 1
175 21 1
175 39 1
175 40 1
175 59 1
175 135 1
176 21 1
176 39 1
176 40 1
176 59 1
176 115 1
176 135 1
176 175 1
177 40 1
177 59 1
177 82 1
177 136 1
177 137 1
177 175 1
177 176 1
178 61 1
178 88 1
178 140 1
178 142 1
179 4 1
179 5 1
179 6 1
179 7 1
179 43 1
179 147 1
180 47 1
180 48 1
180 52 1
180 103 1
180 127 1
180 160 1
181 53 1
181 54 1
181 58 1
181 109 1
181 134 1
181 168 1
182 3 1
182 71 1
182 90 1
182 143 1
182 144 1
183 9 1
183 10 1
183 11 1
183 23 1
183 25 1
183 26 1
183 45 1
183 63 1
183 73 1
183 74 1
183 95 1
183 96 1
183 97 1
183 116 1
183 149 1
184 30 1
184 46 1
184 75 1
184 119 1
184 120 1
184 156 1
184 157 1
184 158 1
185 16 1
185 31 1
185 32 1
185 49 1
185 78 1
185 104 1
185 105 1
185 123 1
185 124 1
186 34 1
186 66 1
186 108 1
186 127 1
186 163 1
187 18 1
187 35 1
187 36 1
187 55 1
187 81 1
187 110 1
187 111 1
187 130 1
187 131 1
188 38 1
188 68 1
188 114 1
188 134 1
188 171 1
189 40 1
189 59 1
189 82 1
189 136 1
189 137 1
189 175 1
189 176 1
189 177 1
190 2 1
190 3 1
190 4 1
190 72 1
190 84 1
190 89 1
190 91 1
190 142 1
190 178 1
191 31 1
191 34 1
191 48 1
191 108 1
191 127 1
191 163 1
191 180 1
191 186 1
192 16 1
192 32 1
192 33 1
192 50 1
192 76 1
192 105 1
192 106 1
192 123 1
192 124 1
192 166 1
193 16 1
193 33 1
193 49 1
193 76 1
193 105 1
193 106 1
193 123 1
193 124 1
193 161 1
193 166 1
193 192 1
194 35 1
194 38 1
194 54 1
194 114 1
194 134 1
194 171 1
194 181 1
194 188 1
195 18 1
195 36 1
195 37 1
195 56 1
195 79 1
195 111 1
195 112 1
195 130 1
195 131 1
195 174 1
196 18 1
196 37 1
196 55 1
196 79 1
196 111 1
196 112 1
196 130 1
196 131 1
196 169 1
196 174 1
196 195 1
197 3 1
197 4 1
197 72 1
197 84 1
197 90 1
197 91 1
197 142 1
197 182 1
197 190 1
198 42 1
198 72 1
198 74 1
198 93 1
198 150 1
199 4 1
199 5 1
199 6 1
199 7 1
199 8 1
199 43 1
199 44 1
199 94 1
199 145 1
199 147 1
199 153 1
199 179 1
200 47 1
200 48 1
200 52 1
200 65 1
200 103 1
200 127 1
200 160 1
200 180 1
201 16 1
201 32 1
201 33 1
201 50 1
201 76 1
201 105 1
201 106 1
201 123 1
201 124 1
201 125 1
201 185 1
201 192 1
201 193 1
202 33 1
202 106 1
202 166 1
202 192 1
202 193 1
202 201 1
203 16 1
203 33 1
203 105 1
203 106 1
203 123 1
203 161 1
203 165 1
203 166 1
203 192 1
203 193 1
203 201 1
203 202 1
204 17 1
204 51 1
204 66 1
204 77 1
204 107 1
204 126 1
204 161 1
204 162 1
205 48 1
205 52 1
205 103 1
205 108 1
205 127 1
205 163 1
205 180 1
205 186 1
205 191 1
205 200 1
206 53 1
206 54 1
206 58 1
206 67 1
206 109 1
206 134 1
206 168 1
206 181 1
207 18 1
207 36 1
207 37 1
207 56 1
207 79 1
207 111 1
207 112 1
207 130 1
207 131 1
207 132 1
207 187 1
207 195 1
207 196 1
208 37 1
208 112 1
208 174 1
208 195 1
208 196 1
208 207 1
209 18 1
209 37 1
209 111 1
209 112 1
209 130 1
209 169 1
209 173 1
209 174 1
209 195 1
209 196 1
209 207 1
209 208 1
210 19 1
210 57 1
210 68 1
210 80 1
210 113 1
210 133 1
210 169 1
210 170 1
211 54 1
211 58 1
211 109 1
211 114 1
211 134 1
211 171 1
211 181 1
211 188 1
211 194 1
211 206 1
212 1 1
212 87 1
213 2 1
213 3 1
213 4 1
213 72 1
213 84 1
213 89 1
213 90 1
213 91 1
213 142 1
213 190 1
213 197 1
214 3 1
214 71 1
214 84 1
214 90 1
214 142 1
214 143 1
214 144 1
214 182 1
214 197 1
215 42 1
215 93 1
215 198 1
216 10 1
216 25 1
216 26 1
216 97 1
216 149 1
217 11 1
217 42 1
217 74 1
217 98 1
217 99 1
217 100 1
217 116 1
217 145 1
217 150 1
218 11 1
218 42 1
218 74 1
218 93 1
218 94 1
218 98 1
218 145 1
218 150 1
218 198 1
218 217 1
219 11 1
219 42 1
219 63 1
219 74 1
219 93 1
219 98 1
219 99 1
219 116 1
219 150 1
219 198 1
219 215 1
219 217 1
219 218 1
220 8 1
220 11 1
220 42 1
220 45 1
220 63 1
220 72 1
220 73 1
220 74 1
220 93 1
220 98 1
220 145 1
220 150 1
220 198 1
220 215 1
220 217 1
220 218 1
220 219 1
221 11 1
221 96 1
221 99 1
221 116 1
221 217 1
221 219 1
222 64 1
222 98 1
222 100 1
222 117 1
222 152 1
223 46 1
223 75 1
223 119 1
223 120 1
223 158 1
223 184 1
224 46 1
224 75 1
224 119 1
224 120 1
224 223 1
225 46 1
225 75 1
225 119 1
225 120 1
225 223 1
225 224 1
226 33 1
226 51 1
226 85 1
226 104 1
226 107 1
226 123 1
226 161 1
226 162 1
226 165 1
226 166 1
226 192 1
226 193 1
226 202 1
226 203 1
226 204 1
227 31 1
227 34 1
227 49 1
227 51 1
227 78 1
227 104 1
227 162 1
227 163 1
227 185 1
228 37 1
228 57 1
228 86 1
228 110 1
228 113 1
228 130 1
228 169 1
228 170 1
228 173 1
228 174 1
228 195 1
228 196 1
228 208 1
228 209 1
228 210 1
229 35 1
229 38 1
229 55 1
229 57 1
229 81 1
229 110 1
229 170 1
229 171 1
229 187 1
230 59 1
230 82 1
230 136 1
230 137 1
230 177 1
230 189 1
231 59 1
231 82 1
231 136 1
231 137 1
231 230 1
232 59 1
232 82 1
232 136 1
232 137 1
232 230 1
232 231 1
233 24 1
233 61 1
233 62 1
233 155 1
233 178 1
234 6 1
234 7 1
234 8 1
234 43 1
234 44 1
234 64 1
234 94 1
234 117 1
234 147 1
234 148 1
234 152 1
234 153 1
234 179 1
234 199 1
235 14 1
235 15 1
235 29 1
235 30 1
235 102 1
235 118 1
235 156 1
235 157 1
235 158 1
235 184 1
236 119 1
236 120 1
236 223 1
236 224 1
236 225 1
237 31 1
237 34 1
237 48 1
237 104 1
237 108 1
237 163 1
237 185 1
237 191 1
237 227 1
238 31 1
238 34 1
238 48 1
238 108 1
238 163 1
238 186 1
238 191 1
238 205 1
238 227 1
238 237 1
239 52 1
239 65 1
239 66 1
239 103 1
239 108 1
239 127 1
239 160 1
239 163 1
239 164 1
239 186 1
239 200 1
239 205 1
240 35 1
240 38 1
240 54 1
240 110 1
240 114 1
240 171 1
240 187 1
240 194 1
240 229 1
241 35 1
241 38 1
241 54 1
241 114 1
241 171 1
241 188 1
241 194 1
241 211 1
241 229 1
241 240 1
242 58 1
242 67 1
242 68 1
242 109 1
242 114 1
242 134 1
242 168 1
242 171 1
242 172 1
242 188 1
242 206 1
242 211 1
243 20 1
243 21 1
243 39 1
243 40 1
243 115 1
243 135 1
243 175 1
243 176 1
243 177 1
243 189 1
244 136 1
244 137 1
244 230 1
244 231 1
244 232 1
245 0 1
245 1 1
245 22 1
245 60 1
245 69 1
245 83 1
245 87 1
245 212 1
246 4 1
246 7 1
246 8 1
246 43 1
246 71 1
246 72 1
246 73 1
246 91 1
246 144 1
246 155 1
246 197 1
247 9 1
247 10 1
247 23 1
247 25 1
247 26 1
247 45 1
247 63 1
247 73 1
247 74 1
247 95 1
247 96 1
247 97 1
247 149 1
247 183 1
247 216 1
248 9 1
248 23 1
248 95 1
248 96 1
248 99 1
248 116 1
248 183 1
248 221 1
249 97 1
249 98 1
249 100 1
249 117 1
249 148 1
249 151 1
249 152 1
249 222 1
250 14 1
250 15 1
250 29 1
250 30 1
250 102 1
250 118 1
250 156 1
250 157 1
250 235 1
251 65 1
251 85 1
251 121 1
251 122 1
251 159 1
251 161 1
251 164 1
251 165 1
251 166 1
252 65 1
252 85 1
252 103 1
252 121 1
252 122 1
252 160 1
252 164 1
252 165 1
252 251 1
253 47 1
253 52 1
253 65 1
253 103 1
253 105 1
253 122 1
253 160 1
253 200 1
253 252 1
254 16 1
254 31 1
254 34 1
254 48 1
254 49 1
254 51 1
254 78 1
254 104 1
254 123 1
254 162 1
254 163 1
254 185 1
254 191 1
254 227 1
254 237 1
254 238 1
255 17 1
255 52 1
255 65 1
255 66 1
255 85 1
255 103 1
255 107 1
255 108 1
255 121 1
255 127 1
255 160 1
255 164 1
255 165 1
255 200 1
255 205 1
255 239 1
255 251 1
255 252 1
255 253 1
256 67 1
256 86 1
256 128 1
256 129 1
256 167 1
256 169 1
256 172 1
256 173 1
256 174 1
257 67 1
257 86 1
257 109 1
257 128 1
257 129 1
257 168 1
257 172 1
257 173 1
257 256 1
258 53 1
258 58 1
258 67 1
258 109 1
258 111 1
258 129 1
258 168 1
258 206 1
258 257 1
259 18 1
259 35 1
259 38 1
259 54 1
259 55 1
259 57 1
259 81 1
259 110 1
259 130 1
259 170 1
259 171 1
259 187 1
259 194 1
259 229 1
259 240 1
259 241 1
260 19 1
260 58 1
260 67 1
260 68 1
260 86 1
260 109 1
260 113 1
260 114 1
260 128 1
260 134 1
260 168 1
260 172 1
260 173 1
260 206 1
260 211 1
260 242 1
260 256 1
260 257 1
260 258 1
261 20 1
261 21 1
261 39 1
261 40 1
261 115 1
261 135 1
261 175 1
261 176 1
261 243 1
262 60 1
262 69 1
262 138 1
262 245 1
263 24 1
263 61 1
263 71 1
263 91 1
263 144 1
263 154 1
263 155 1
263 182 1
263 246 1
264 8 1
264 72 1
264 73 1
264 74 1
264 91 1
264 197 1
264 198 1
264 213 1
264 214 1
264 220 1
264 246 1
265 41 1
265 70 1
265 140 1
265 141 1
266 24 1
266 61 1
266 62 1
266 178 1
266 233 1
267 101 1
267 117 1
267 146 1
267 147 1
267 153 1
268 7 1
268 8 1
268 11 1
268 25 1
268 44 1
268 45 1
268 63 1
268 72 1
268 73 1
268 74 1
268 98 1
268 148 1
268 149 1
268 150 1
268 219 1
268 220 1
268 234 1
268 247 1
268 264 1
269 11 1
269 45 1
269 63 1
269 74 1
269 93 1
269 95 1
269 96 1
269 99 1
269 116 1
269 150 1
269 183 1
269 217 1
269 218 1
269 219 1
269 220 1
269 221 1
269 247 1
269 248 1
270 64 1
270 97 1
270 117 1
270 148 1
270 152 1
270 153 1
270 216 1
270 222 1
270 249 1
271 64 1
271 117 1
271 152 1
271 153 1
271 222 1
271 270 1
272 12 1
272 13 1
272 27 1
272 64 1
272 101 1
272 117 1
272 147 1
272 153 1
272 154 1
272 271 1
273 12 1
273 13 1
273 27 1
273 28 1
273 101 1
273 272 1
274 5 1
274 6 1
274 7 1
274 12 1
274 13 1
274 27 1
274 28 1
274 101 1
274 147 1
274 154 1
274 155 1
274 179 1
274 272 1
274 273 1
275 30 1
275 46 1
275 75 1
275 119 1
275 120 1
275 157 1
275 158 1
275 184 1
275 223 1
275 224 1
276 52 1
276 65 1
276 66 1
276 85 1
276 103 1
276 107 1
276 121 1
276 122 1
276 160 1
276 161 1
276 164 1
276 165 1
276 239 1
276 251 1
276 252 1
276 253 1
276 255 1
277 31 1
277 47 1
277 48 1
277 52 1
277 65 1
277 103 1
277 124 1
277 127 1
277 160 1
277 163 1
277 180 1
277 185 1
277 191 1
277 200 1
277 237 1
277 253 1
277 254 1
278 16 1
278 31 1
278 32 1
278 47 1
278 48 1
278 49 1
278 104 1
278 105 1
278 123 1
278 124 1
278 160 1
278 161 1
278 163 1
278 185 1
278 193 1
278 201 1
278 254 1
278 277 1
279 85 1
279 107 1
279 121 1
279 159 1
279 161 1
279 164 1
279 165 1
279 166 1
279 202 1
279 203 1
279 226 1
279 251 1
279 276 1
280 58 1
280 67 1
280 68 1
280 86 1
280 109 1
280 113 1
280 128 1
280 129 1
280 168 1
280 169 1
280 172 1
280 173 1
280 242 1
280 256 1
280 257 1
280 258 1
280 260 1
281 35 1
281 53 1
281 54 1
281 58 1
281 67 1
281 109 1
281 131 1
281 134 1
281 168 1
281 171 1
281 181 1
281 187 1
281 194 1
281 206 1
281 240 1
281 258 1
281 259 1
282 18 1
282 35 1
282 36 1
282 53 1
282 54 1
282 55 1
282 110 1
282 111 1
282 130 1
282 131 1
282 168 1
282 169 1
282 171 1
282 187 1
282 196 1
282 207 1
282 259 1
282 281 1
283 86 1
283 113 1
283 128 1
283 167 1
283 169 1
283 172 1
283 173 1
283 174 1
283 208 1
283 209 1
283 228 1
283 256 1
283 280 1
284 40 1
284 59 1
284 82 1
284 136 1
284 137 1
284 176 1
284 177 1
284 189 1
284 230 1
284 231 1
285 60 1
285 69 1
285 138 1
285 262 1
286 11 1
286 42 1
286 72 1
286 74 1
286 93 1
286 145 1
286 150 1
286 198 1
286 215 1
286 218 1
286 219 1
286 220 1
286 264 1
287 7 1
287 8 1
287 43 1
287 44 1
287 63 1
287 64 1
287 73 1
287 147 1
287 148 1
287 149 1
287 152 1
287 199 1
287 234 1
287 246 1
287 268 1
288 98 1
288 99 1
288 100 1
288 151 1
288 217 1
288 222 1
288 249 1
289 12 1
289 13 1
289 27 1
289 28 1
289 101 1
289 273 1
289 274 1
290 12 1
290 13 1
290 27 1
290 28 1
290 154 1
290 155 1
290 272 1
290 274 1
290 289 1
291 4 1
291 6 1
291 7 1
291 24 1
291 61 1
291 91 1
291 155 1
291 178 1
291 233 1
291 246 1
291 263 1
291 266 1
292 17 1
292 34 1
292 66 1
292 108 1
292 126 1
292 162 1
292 163 1
292 186 1
292 191 1
292 205 1
292 227 1
292 238 1
293 19 1
293 38 1
293 68 1
293 114 1
293 133 1
293 170 1
293 171 1
293 188 1
293 194 1
293 211 1
293 229 1
293 241 1
