# minsup
1
# graph
G_portein_file\Serine-proteases\1KY9.pdb
# node ID, label
0 A
1 A
2 A
3 A
4 A
5 A
6 A
7 A
8 A
9 A
10 A
11 A
12 A
13 A
14 A
15 A
16 A
17 A
18 A
19 A
20 A
21 A
22 A
23 A
24 A
25 A
26 A
27 A
28 A
29 A
30 A
31 A
32 A
33 A
34 A
35 A
36 A
37 A
38 A
39 A
40 A
41 A
42 A
43 A
44 A
45 A
46 A
47 A
48 A
49 A
50 A
51 A
52 D
53 D
54 D
55 D
56 D
57 D
58 D
59 D
60 D
61 D
62 D
63 D
64 D
65 D
66 D
67 D
68 D
69 D
70 D
71 D
72 D
73 E
74 E
75 E
76 E
77 E
78 E
79 E
80 E
81 E
82 E
83 E
84 E
85 F
86 F
87 F
88 F
89 F
90 F
91 F
92 F
93 F
94 F
95 F
96 F
97 F
98 G
99 G
100 G
101 G
102 G
103 G
104 G
105 G
106 G
107 G
108 G
109 G
110 G
111 G
112 G
113 G
114 G
115 G
116 G
117 G
118 G
119 G
120 G
121 G
122 G
123 G
124 G
125 G
126 G
127 G
128 G
129 G
130 G
131 G
132 G
133 G
134 G
135 G
136 G
137 G
138 G
139 G
140 G
141 G
142 G
143 G
144 G
145 G
146 G
147 G
148 H
149 I
150 I
151 I
152 I
153 I
154 I
155 I
156 I
157 I
158 I
159 I
160 I
161 I
162 I
163 I
164 I
165 I
166 I
167 I
168 I
169 I
170 I
171 I
172 I
173 I
174 I
175 I
176 I
177 I
178 I
179 I
180 I
181 I
182 I
183 I
184 I
185 I
186 I
187 I
188 I
189 K
190 K
191 K
192 K
193 K
194 K
195 K
196 K
197 K
198 K
199 K
200 K
201 K
202 K
203 K
204 K
205 K
206 K
207 K
208 K
209 K
210 K
211 K
212 K
213 K
214 K
215 K
216 L
217 L
218 L
219 L
220 L
221 L
222 L
223 L
224 L
225 L
226 L
227 L
228 L
229 L
230 L
231 L
232 L
233 L
234 L
235 L
236 L
237 L
238 L
239 L
240 L
241 L
242 L
243 L
244 L
245 L
246 L
247 L
248 L
249 L
250 L
251 L
252 L
253 L
254 L
255 L
256 L
257 L
258 L
259 L
260 L
261 N
262 N
263 N
264 N
265 N
266 N
267 N
268 N
269 N
270 N
271 N
272 N
273 N
274 N
275 N
276 N
277 N
278 N
279 N
280 N
281 N
282 N
283 N
284 N
285 N
286 N
287 N
288 N
289 N
290 N
291 N
292 N
293 N
294 N
295 N
296 P
297 P
298 P
299 P
300 P
301 P
302 P
303 P
304 P
305 P
306 P
307 P
308 P
309 P
310 P
311 P
312 P
313 P
314 Q
315 Q
316 Q
317 Q
318 Q
319 Q
320 Q
321 Q
322 Q
323 Q
324 Q
325 Q
326 Q
327 Q
328 Q
329 Q
330 Q
331 Q
332 Q
333 Q
334 Q
335 Q
336 Q
337 Q
338 Q
339 Q
340 Q
341 Q
342 Q
343 R
344 R
345 R
346 R
347 R
348 R
349 R
350 R
351 R
352 R
353 R
354 R
355 R
356 R
357 R
358 R
359 R
360 S
361 S
362 S
363 S
364 S
365 S
366 S
367 S
368 S
369 S
370 S
371 S
372 S
373 S
374 S
375 S
376 S
377 S
378 S
379 S
380 S
381 S
382 S
383 S
384 S
385 S
386 S
387 S
388 S
389 S
390 S
391 S
392 S
393 S
394 S
395 S
396 S
397 S
398 S
399 S
400 S
401 T
402 T
403 T
404 T
405 T
406 T
407 T
408 T
409 T
410 T
411 T
412 T
413 T
414 T
415 T
416 T
417 T
418 T
419 T
420 T
421 T
422 V
423 V
424 V
425 V
426 V
427 V
428 V
429 V
430 V
431 V
432 V
433 V
434 V
435 V
436 V
437 V
438 V
439 V
440 V
441 V
442 V
443 V
444 V
445 V
446 V
447 V
448 V
449 V
450 V
451 V
452 V
453 V
454 V
455 V
456 V
457 V
458 V
459 V
460 V
461 V
462 V
463 V
464 V
465 V
466 V
467 V
468 V
469 V
470 V
471 V
472 V
473 V
474 Y
475 Y
476 Y
477 Y
478 Y
479 Y
# node ID1, node ID2, number of bounds
4 1 1
6 5 1
9 7 1
11 7 1
11 9 1
13 12 1
15 12 1
17 16 1
18 16 1
18 17 1
19 12 1
19 16 1
20 15 1
21 15 1
21 20 1
22 20 1
22 21 1
27 24 1
29 28 1
32 30 1
34 30 1
34 32 1
36 35 1
40 39 1
41 39 1
41 40 1
43 38 1
44 38 1
44 43 1
45 43 1
45 44 1
47 46 1
49 48 1
51 48 1
52 1 1
52 4 1
53 1 1
53 4 1
53 52 1
54 2 1
55 3 1
55 10 1
55 11 1
57 7 1
57 8 1
58 10 1
59 14 1
60 12 1
60 15 1
60 19 1
61 14 1
61 60 1
62 2 1
62 54 1
63 25 1
64 33 1
65 35 1
65 37 1
66 38 1
66 42 1
66 65 1
67 65 1
67 66 1
69 49 1
72 70 1
74 5 1
74 9 1
75 22 1
76 12 1
76 15 1
76 20 1
77 12 1
77 13 1
77 76 1
78 75 1
79 45 1
80 35 1
80 38 1
80 43 1
81 35 1
81 36 1
81 80 1
82 39 1
83 46 1
83 68 1
84 48 1
84 49 1
84 50 1
84 71 1
86 85 1
87 85 1
87 86 1
88 2 1
88 54 1
89 12 1
89 15 1
89 19 1
89 60 1
89 76 1
90 15 1
90 20 1
90 21 1
90 22 1
90 76 1
90 89 1
92 91 1
93 91 1
93 92 1
94 25 1
94 53 1
94 63 1
95 35 1
95 38 1
95 42 1
95 66 1
95 80 1
96 38 1
96 43 1
96 44 1
96 45 1
96 80 1
96 95 1
97 46 1
97 68 1
98 86 1
98 87 1
99 3 1
99 9 1
100 1 1
100 2 1
100 4 1
100 52 1
100 53 1
101 8 1
101 56 1
102 7 1
102 56 1
102 57 1
102 101 1
103 8 1
104 7 1
104 9 1
104 11 1
104 99 1
105 5 1
105 74 1
106 5 1
106 7 1
106 9 1
106 11 1
106 74 1
106 104 1
107 10 1
107 58 1
108 10 1
108 58 1
108 107 1
109 75 1
109 78 1
110 16 1
110 20 1
110 22 1
110 75 1
110 90 1
110 109 1
111 12 1
111 15 1
111 19 1
111 60 1
111 76 1
111 89 1
111 90 1
111 110 1
112 14 1
112 15 1
112 21 1
112 76 1
112 89 1
112 90 1
113 16 1
113 17 1
113 18 1
114 12 1
114 13 1
114 19 1
114 60 1
114 89 1
114 111 1
116 22 1
116 75 1
116 109 1
116 110 1
117 73 1
117 78 1
117 109 1
118 115 1
119 61 1
119 118 1
120 92 1
120 93 1
123 26 1
123 32 1
123 122 1
124 24 1
124 25 1
124 27 1
125 2 1
125 54 1
125 62 1
125 88 1
125 94 1
126 30 1
126 32 1
126 122 1
126 123 1
127 30 1
128 28 1
128 30 1
128 32 1
128 34 1
129 33 1
129 64 1
130 33 1
130 64 1
130 129 1
131 39 1
131 40 1
131 82 1
132 38 1
132 42 1
132 80 1
132 95 1
132 96 1
132 131 1
133 37 1
133 38 1
133 43 1
133 44 1
133 66 1
133 80 1
133 95 1
133 96 1
134 39 1
134 40 1
134 41 1
135 35 1
135 38 1
135 42 1
135 66 1
135 95 1
135 132 1
137 45 1
137 79 1
138 82 1
139 66 1
139 136 1
140 66 1
140 67 1
140 139 1
141 69 1
141 82 1
141 138 1
142 48 1
142 49 1
142 69 1
142 70 1
142 84 1
142 141 1
143 46 1
143 47 1
144 46 1
144 47 1
144 70 1
145 70 1
146 48 1
146 49 1
146 51 1
146 142 1
147 70 1
147 72 1
147 145 1
148 3 1
148 10 1
148 55 1
148 58 1
148 107 1
149 2 1
149 54 1
149 88 1
149 99 1
150 1 1
150 4 1
150 52 1
150 99 1
150 100 1
151 1 1
151 4 1
151 52 1
151 53 1
151 99 1
151 100 1
151 150 1
152 3 1
152 11 1
152 55 1
152 148 1
153 2 1
153 3 1
153 54 1
153 99 1
153 100 1
153 150 1
154 1 1
154 2 1
154 53 1
154 54 1
154 62 1
154 88 1
154 100 1
154 125 1
154 150 1
154 153 1
155 1 1
155 4 1
155 5 1
155 52 1
155 74 1
155 105 1
155 150 1
155 151 1
156 7 1
156 9 1
156 99 1
156 104 1
157 8 1
157 56 1
157 57 1
157 101 1
157 102 1
158 8 1
158 11 1
158 103 1
158 106 1
159 5 1
159 6 1
159 7 1
159 9 1
159 11 1
159 74 1
159 105 1
159 106 1
159 158 1
160 7 1
160 9 1
160 11 1
160 55 1
160 99 1
160 104 1
160 106 1
160 152 1
160 156 1
160 158 1
160 159 1
161 11 1
161 55 1
161 73 1
161 106 1
161 152 1
161 158 1
161 159 1
161 160 1
162 16 1
162 17 1
162 19 1
162 75 1
162 110 1
162 111 1
163 16 1
163 17 1
163 18 1
163 19 1
163 60 1
163 113 1
163 114 1
163 162 1
164 15 1
164 60 1
164 89 1
164 90 1
164 112 1
164 114 1
164 118 1
164 163 1
165 15 1
165 20 1
165 21 1
165 90 1
165 112 1
165 115 1
165 118 1
165 164 1
166 25 1
166 63 1
166 94 1
166 122 1
166 123 1
167 24 1
167 27 1
167 123 1
167 124 1
168 26 1
169 25 1
169 26 1
169 63 1
169 123 1
169 124 1
169 167 1
170 24 1
170 25 1
170 63 1
170 94 1
170 124 1
170 167 1
170 169 1
171 24 1
171 27 1
171 28 1
171 167 1
172 30 1
172 32 1
172 123 1
172 126 1
173 30 1
173 31 1
173 127 1
174 28 1
174 29 1
174 30 1
174 32 1
174 34 1
174 128 1
175 30 1
175 32 1
175 34 1
175 123 1
175 128 1
175 168 1
175 172 1
175 174 1
176 33 1
176 34 1
176 64 1
176 129 1
176 130 1
177 129 1
177 130 1
177 176 1
178 32 1
178 34 1
178 79 1
178 128 1
178 168 1
178 174 1
178 175 1
179 39 1
179 40 1
179 42 1
179 95 1
179 131 1
179 132 1
180 39 1
180 40 1
180 41 1
180 42 1
180 66 1
180 134 1
180 135 1
180 179 1
181 38 1
181 66 1
181 95 1
181 96 1
181 133 1
181 135 1
181 139 1
182 68 1
182 71 1
182 97 1
183 46 1
183 47 1
183 144 1
184 48 1
184 49 1
184 70 1
184 142 1
184 146 1
185 48 1
185 49 1
185 69 1
185 70 1
185 84 1
185 142 1
185 146 1
185 184 1
186 48 1
186 50 1
186 68 1
186 69 1
186 84 1
186 142 1
186 184 1
186 185 1
187 48 1
187 51 1
187 70 1
187 72 1
187 142 1
187 144 1
187 146 1
187 147 1
187 184 1
187 185 1
188 51 1
188 72 1
188 144 1
188 187 1
189 1 1
189 52 1
189 53 1
189 63 1
189 94 1
189 100 1
189 150 1
189 151 1
189 154 1
190 2 1
190 54 1
190 88 1
190 149 1
190 154 1
191 2 1
191 54 1
191 62 1
191 125 1
191 153 1
191 154 1
191 190 1
192 106 1
192 151 1
192 161 1
193 12 1
193 13 1
193 76 1
193 77 1
193 89 1
193 114 1
194 12 1
194 13 1
194 14 1
194 59 1
194 60 1
194 114 1
194 193 1
195 16 1
195 17 1
195 18 1
195 113 1
195 163 1
196 16 1
196 17 1
196 18 1
196 19 1
196 60 1
196 113 1
196 114 1
196 162 1
196 163 1
196 195 1
197 115 1
197 118 1
197 165 1
198 73 1
198 117 1
199 60 1
199 61 1
199 113 1
199 118 1
199 119 1
199 163 1
199 164 1
200 25 1
200 53 1
200 62 1
200 63 1
200 94 1
200 100 1
200 125 1
200 154 1
200 166 1
200 170 1
200 189 1
201 35 1
201 36 1
201 65 1
201 81 1
202 35 1
202 36 1
202 37 1
202 65 1
202 81 1
202 135 1
202 201 1
203 39 1
203 40 1
203 41 1
203 134 1
203 180 1
204 39 1
204 40 1
204 42 1
204 66 1
204 134 1
204 135 1
204 179 1
204 180 1
205 136 1
205 139 1
206 82 1
206 138 1
207 66 1
207 67 1
207 139 1
207 140 1
207 180 1
207 181 1
208 69 1
208 82 1
208 138 1
208 141 1
208 142 1
208 184 1
208 186 1
209 69 1
209 82 1
209 138 1
209 141 1
209 142 1
209 208 1
210 46 1
210 47 1
210 83 1
210 143 1
211 46 1
211 47 1
211 70 1
211 144 1
211 145 1
211 183 1
212 47 1
212 70 1
212 83 1
212 145 1
212 210 1
212 211 1
213 48 1
213 49 1
213 50 1
213 69 1
213 84 1
213 141 1
213 142 1
213 146 1
213 184 1
213 185 1
213 186 1
213 208 1
213 209 1
214 48 1
214 50 1
214 71 1
214 84 1
214 186 1
215 71 1
215 214 1
216 0 1
216 105 1
217 88 1
217 99 1
217 149 1
217 150 1
218 3 1
218 99 1
218 150 1
218 151 1
218 152 1
218 153 1
218 191 1
219 5 1
219 6 1
219 56 1
219 101 1
219 103 1
219 158 1
219 159 1
220 7 1
220 9 1
220 11 1
220 74 1
220 104 1
220 105 1
220 106 1
220 156 1
220 158 1
220 159 1
220 160 1
220 161 1
221 56 1
221 74 1
221 105 1
221 216 1
222 5 1
222 7 1
222 9 1
222 74 1
222 105 1
222 106 1
222 151 1
222 155 1
222 159 1
222 160 1
222 220 1
222 221 1
223 10 1
223 55 1
223 58 1
223 107 1
223 108 1
224 16 1
224 22 1
224 75 1
224 78 1
224 109 1
224 110 1
224 116 1
224 162 1
225 12 1
225 13 1
225 15 1
225 76 1
225 77 1
225 89 1
225 90 1
225 111 1
225 112 1
225 193 1
226 12 1
226 13 1
226 76 1
226 77 1
226 89 1
226 111 1
226 114 1
226 193 1
226 225 1
227 16 1
227 17 1
227 19 1
227 162 1
227 163 1
227 196 1
228 21 1
228 73 1
228 115 1
228 118 1
228 164 1
228 165 1
228 197 1
229 15 1
229 20 1
229 21 1
229 22 1
229 75 1
229 90 1
229 110 1
229 116 1
229 164 1
229 165 1
229 224 1
229 228 1
230 73 1
230 117 1
230 198 1
230 228 1
231 18 1
231 115 1
231 118 1
231 164 1
231 165 1
231 197 1
231 198 1
231 199 1
231 228 1
231 229 1
231 230 1
232 15 1
232 60 1
232 61 1
232 89 1
232 112 1
232 118 1
232 119 1
232 163 1
232 164 1
232 165 1
232 199 1
232 228 1
232 231 1
233 14 1
233 15 1
233 60 1
233 61 1
233 89 1
233 112 1
233 114 1
233 118 1
233 119 1
233 164 1
233 199 1
233 231 1
233 232 1
234 75 1
234 78 1
234 109 1
234 116 1
234 117 1
234 198 1
234 224 1
234 230 1
235 23 1
235 172 1
236 122 1
236 166 1
237 62 1
237 94 1
237 123 1
237 125 1
237 166 1
237 167 1
237 200 1
238 26 1
238 123 1
238 167 1
238 168 1
238 169 1
239 24 1
239 27 1
239 124 1
239 167 1
239 170 1
239 237 1
240 30 1
240 32 1
240 34 1
240 126 1
240 128 1
240 172 1
240 174 1
240 175 1
240 178 1
241 28 1
241 30 1
241 32 1
241 128 1
241 171 1
241 174 1
241 175 1
241 240 1
242 33 1
242 64 1
242 129 1
242 130 1
242 176 1
242 177 1
243 39 1
243 40 1
243 82 1
243 131 1
243 137 1
243 179 1
244 35 1
244 37 1
244 38 1
244 65 1
244 80 1
244 81 1
244 95 1
244 96 1
244 132 1
244 133 1
244 201 1
244 202 1
245 35 1
245 36 1
245 80 1
245 81 1
245 95 1
245 132 1
245 135 1
245 201 1
245 202 1
245 244 1
246 39 1
246 40 1
246 42 1
246 131 1
246 179 1
246 180 1
246 203 1
246 204 1
246 243 1
247 44 1
247 136 1
247 139 1
247 181 1
247 205 1
248 38 1
248 43 1
248 44 1
248 45 1
248 96 1
248 133 1
248 137 1
248 181 1
248 243 1
248 247 1
249 136 1
249 138 1
249 206 1
249 243 1
249 247 1
250 136 1
250 139 1
250 181 1
250 205 1
250 206 1
250 207 1
250 247 1
250 249 1
251 38 1
251 66 1
251 67 1
251 95 1
251 133 1
251 135 1
251 139 1
251 140 1
251 180 1
251 181 1
251 204 1
251 207 1
251 247 1
251 250 1
252 37 1
252 38 1
252 65 1
252 66 1
252 67 1
252 95 1
252 133 1
252 135 1
252 139 1
252 140 1
252 181 1
252 207 1
252 251 1
253 39 1
253 41 1
253 82 1
253 131 1
253 138 1
253 141 1
253 206 1
253 243 1
253 249 1
254 46 1
254 47 1
254 70 1
254 144 1
254 145 1
254 183 1
254 184 1
254 187 1
254 188 1
254 211 1
254 212 1
255 48 1
255 49 1
255 50 1
255 71 1
255 84 1
255 142 1
255 146 1
255 184 1
255 185 1
255 186 1
255 213 1
255 214 1
256 48 1
256 68 1
256 71 1
256 84 1
256 182 1
256 214 1
256 215 1
256 255 1
257 48 1
257 51 1
257 215 1
257 256 1
258 48 1
258 51 1
258 144 1
258 146 1
258 183 1
258 184 1
258 185 1
258 187 1
258 188 1
258 254 1
258 255 1
258 256 1
258 257 1
259 51 1
259 144 1
259 183 1
259 187 1
259 188 1
259 254 1
259 257 1
259 258 1
260 51 1
260 144 1
260 183 1
260 188 1
260 257 1
260 258 1
260 259 1
261 85 1
261 86 1
261 87 1
262 3 1
262 55 1
262 99 1
262 104 1
262 107 1
262 148 1
262 152 1
262 153 1
262 160 1
262 218 1
263 2 1
263 53 1
263 54 1
263 62 1
263 88 1
263 100 1
263 125 1
263 154 1
263 189 1
263 200 1
263 237 1
264 5 1
264 7 1
264 9 1
264 56 1
264 74 1
264 105 1
264 106 1
264 157 1
264 159 1
264 219 1
264 220 1
264 221 1
264 222 1
265 5 1
265 74 1
265 105 1
265 216 1
265 221 1
265 222 1
265 264 1
266 7 1
266 9 1
266 11 1
266 55 1
266 104 1
266 106 1
266 152 1
266 156 1
266 158 1
266 159 1
266 160 1
266 161 1
266 220 1
266 262 1
267 58 1
267 107 1
267 108 1
267 223 1
268 5 1
268 106 1
268 159 1
268 161 1
268 192 1
268 222 1
269 12 1
269 13 1
269 15 1
269 76 1
269 77 1
269 89 1
269 112 1
269 193 1
269 225 1
269 226 1
270 16 1
270 17 1
270 18 1
270 78 1
270 110 1
270 113 1
270 162 1
270 163 1
270 195 1
270 196 1
270 227 1
271 73 1
271 115 1
271 118 1
271 165 1
271 197 1
271 198 1
271 228 1
271 230 1
271 231 1
272 18 1
272 113 1
272 118 1
272 195 1
272 198 1
272 228 1
272 230 1
272 231 1
272 234 1
272 271 1
273 18 1
273 78 1
273 109 1
273 117 1
273 195 1
273 198 1
273 230 1
273 234 1
273 272 1
274 91 1
274 92 1
274 93 1
275 26 1
275 122 1
275 123 1
275 129 1
275 168 1
275 175 1
275 238 1
276 25 1
276 63 1
276 94 1
276 124 1
276 170 1
277 24 1
277 124 1
277 191 1
277 239 1
278 31 1
278 34 1
278 79 1
278 178 1
279 28 1
279 30 1
279 32 1
279 127 1
279 128 1
279 173 1
279 174 1
279 240 1
279 241 1
280 30 1
280 32 1
280 34 1
280 126 1
280 128 1
280 168 1
280 172 1
280 174 1
280 175 1
280 176 1
280 178 1
280 240 1
280 275 1
281 33 1
281 64 1
281 129 1
281 130 1
281 176 1
281 177 1
281 242 1
282 28 1
282 128 1
282 174 1
282 178 1
282 241 1
283 35 1
283 80 1
283 81 1
283 95 1
283 201 1
283 244 1
283 245 1
284 39 1
284 40 1
284 131 1
284 203 1
284 246 1
285 136 1
285 139 1
285 205 1
285 206 1
285 247 1
285 249 1
285 250 1
286 39 1
286 41 1
286 134 1
286 139 1
286 206 1
286 247 1
286 249 1
286 250 1
286 285 1
287 39 1
287 41 1
287 82 1
287 138 1
287 203 1
287 206 1
287 243 1
287 249 1
287 253 1
287 286 1
288 68 1
288 83 1
288 186 1
289 46 1
289 47 1
289 68 1
289 83 1
289 97 1
289 143 1
289 182 1
289 210 1
290 50 1
290 69 1
290 82 1
290 141 1
290 142 1
290 184 1
290 186 1
290 208 1
290 209 1
290 213 1
290 288 1
291 70 1
291 83 1
291 145 1
291 210 1
291 211 1
291 212 1
291 254 1
291 288 1
291 290 1
292 47 1
292 83 1
292 145 1
292 210 1
292 211 1
292 212 1
292 291 1
293 48 1
293 49 1
293 51 1
293 146 1
293 184 1
293 185 1
293 187 1
293 215 1
293 255 1
293 256 1
293 257 1
293 258 1
293 259 1
293 260 1
294 48 1
294 49 1
294 50 1
294 69 1
294 84 1
294 141 1
294 142 1
294 184 1
294 185 1
294 186 1
294 208 1
294 209 1
294 213 1
294 214 1
294 255 1
294 290 1
295 48 1
295 49 1
295 51 1
295 146 1
295 184 1
295 185 1
295 187 1
295 188 1
295 257 1
295 258 1
295 259 1
295 260 1
295 293 1
296 0 1
296 105 1
296 216 1
297 4 1
297 150 1
297 155 1
297 217 1
298 85 1
298 261 1
299 1 1
299 2 1
299 53 1
299 54 1
299 88 1
299 100 1
299 125 1
299 154 1
299 189 1
299 200 1
299 263 1
300 10 1
300 58 1
300 107 1
300 108 1
300 148 1
300 223 1
301 5 1
301 11 1
301 73 1
301 106 1
301 158 1
301 159 1
301 160 1
301 161 1
301 192 1
301 219 1
301 220 1
301 222 1
301 266 1
301 268 1
302 16 1
302 17 1
302 110 1
302 162 1
302 224 1
302 227 1
302 270 1
303 15 1
303 21 1
303 112 1
303 115 1
303 118 1
303 164 1
303 165 1
303 197 1
303 228 1
303 229 1
303 231 1
303 271 1
304 73 1
304 75 1
304 78 1
304 109 1
304 116 1
304 117 1
304 198 1
304 234 1
305 23 1
305 235 1
306 27 1
306 62 1
306 167 1
306 171 1
306 235 1
306 237 1
306 239 1
307 91 1
307 274 1
308 33 1
308 64 1
308 129 1
308 130 1
308 176 1
308 242 1
309 28 1
309 34 1
309 79 1
309 128 1
309 174 1
309 175 1
309 178 1
309 240 1
309 241 1
309 278 1
309 280 1
309 282 1
310 39 1
310 40 1
310 131 1
310 179 1
310 203 1
310 246 1
310 284 1
311 82 1
311 137 1
311 138 1
311 141 1
311 206 1
311 209 1
311 253 1
312 46 1
312 47 1
312 97 1
312 143 1
312 144 1
312 183 1
312 210 1
312 254 1
312 289 1
313 71 1
313 182 1
313 215 1
313 256 1
313 257 1
314 85 1
314 86 1
314 87 1
314 261 1
315 85 1
315 86 1
315 87 1
315 98 1
315 261 1
315 314 1
316 54 1
316 88 1
316 149 1
316 190 1
316 217 1
317 2 1
317 52 1
317 54 1
317 88 1
317 100 1
317 125 1
317 150 1
317 153 1
317 154 1
317 189 1
317 191 1
317 200 1
317 218 1
317 263 1
317 299 1
318 2 1
318 54 1
318 62 1
318 88 1
318 100 1
318 125 1
318 153 1
318 154 1
318 189 1
318 190 1
318 191 1
318 200 1
318 237 1
318 263 1
318 299 1
318 317 1
319 8 1
319 11 1
319 57 1
319 157 1
319 158 1
319 161 1
319 266 1
319 301 1
320 192 1
320 218 1
320 304 1
321 14 1
321 15 1
321 59 1
321 89 1
321 112 1
321 193 1
321 194 1
321 225 1
321 233 1
321 269 1
322 16 1
322 19 1
322 60 1
322 89 1
322 110 1
322 111 1
322 114 1
322 162 1
322 163 1
322 196 1
322 227 1
322 270 1
322 302 1
323 20 1
323 21 1
323 22 1
323 75 1
323 116 1
323 165 1
323 228 1
323 229 1
324 18 1
324 113 1
324 118 1
324 119 1
324 163 1
324 164 1
324 199 1
324 228 1
324 231 1
324 232 1
324 233 1
324 272 1
326 91 1
326 92 1
326 93 1
326 274 1
327 91 1
327 92 1
327 93 1
327 120 1
327 274 1
327 326 1
328 62 1
328 63 1
328 94 1
328 123 1
328 125 1
328 166 1
328 170 1
328 189 1
328 200 1
328 237 1
328 263 1
328 318 1
329 25 1
329 63 1
329 94 1
329 124 1
329 167 1
329 169 1
329 170 1
329 238 1
329 276 1
330 25 1
330 63 1
330 94 1
330 124 1
330 169 1
330 170 1
330 276 1
330 329 1
331 35 1
331 37 1
331 38 1
331 65 1
331 80 1
331 95 1
331 133 1
331 202 1
331 244 1
331 283 1
332 39 1
332 40 1
332 42 1
332 66 1
332 95 1
332 131 1
332 132 1
332 135 1
332 179 1
332 180 1
332 204 1
332 246 1
332 310 1
333 43 1
333 44 1
333 45 1
333 79 1
333 96 1
333 137 1
333 247 1
333 248 1
334 66 1
334 134 1
334 139 1
334 140 1
334 180 1
334 181 1
334 207 1
334 250 1
334 251 1
334 252 1
334 286 1
335 82 1
335 83 1
335 131 1
335 288 1
335 290 1
335 291 1
336 83 1
336 288 1
336 290 1
336 291 1
336 335 1
337 68 1
337 83 1
337 97 1
337 288 1
337 289 1
337 336 1
338 49 1
338 69 1
338 141 1
338 142 1
338 184 1
338 185 1
338 208 1
338 209 1
338 213 1
338 290 1
338 294 1
339 46 1
339 47 1
339 143 1
339 144 1
339 183 1
339 211 1
339 254 1
339 312 1
340 48 1
340 49 1
340 51 1
340 146 1
340 185 1
340 257 1
340 258 1
340 293 1
340 295 1
341 48 1
341 49 1
341 84 1
341 146 1
341 185 1
341 213 1
341 255 1
341 258 1
341 293 1
341 295 1
341 340 1
342 70 1
342 72 1
342 142 1
342 145 1
342 146 1
342 147 1
342 184 1
342 185 1
342 187 1
342 188 1
342 254 1
342 258 1
342 295 1
343 85 1
343 87 1
343 261 1
343 298 1
343 314 1
343 315 1
344 88 1
344 217 1
344 316 1
345 6 1
345 8 1
345 56 1
345 101 1
345 103 1
345 157 1
345 158 1
345 219 1
346 8 1
346 73 1
346 103 1
346 158 1
346 198 1
346 230 1
346 271 1
347 75 1
347 78 1
347 109 1
347 116 1
347 117 1
347 224 1
347 234 1
347 304 1
348 14 1
348 15 1
348 59 1
348 89 1
348 112 1
348 164 1
348 165 1
348 225 1
348 269 1
348 321 1
349 20 1
349 21 1
349 22 1
349 75 1
349 90 1
349 110 1
349 116 1
349 162 1
349 224 1
349 229 1
349 323 1
350 14 1
350 59 1
350 60 1
350 61 1
350 114 1
350 118 1
350 119 1
350 164 1
350 194 1
350 199 1
350 232 1
350 233 1
350 324 1
351 307 1
352 91 1
352 274 1
352 307 1
352 326 1
352 327 1
352 351 1
353 2 1
353 54 1
353 62 1
353 94 1
353 100 1
353 125 1
353 154 1
353 189 1
353 191 1
353 200 1
353 237 1
353 263 1
353 299 1
353 317 1
353 318 1
353 328 1
354 31 1
354 79 1
354 278 1
355 37 1
355 38 1
355 65 1
355 80 1
355 95 1
355 96 1
355 133 1
355 181 1
355 244 1
355 283 1
355 331 1
356 38 1
356 43 1
356 44 1
356 45 1
356 96 1
356 132 1
356 137 1
356 179 1
356 243 1
356 248 1
356 333 1
357 37 1
357 42 1
357 65 1
357 66 1
357 67 1
357 135 1
357 140 1
357 181 1
357 204 1
357 207 1
357 251 1
357 252 1
357 334 1
358 48 1
358 50 1
358 68 1
358 71 1
358 84 1
358 186 1
358 214 1
358 255 1
358 256 1
358 294 1
359 70 1
359 72 1
359 145 1
359 147 1
359 184 1
359 187 1
359 188 1
359 211 1
359 212 1
359 254 1
359 295 1
359 342 1
360 0 1
360 216 1
360 296 1
361 1 1
361 4 1
361 9 1
361 52 1
361 99 1
361 150 1
361 151 1
361 155 1
361 217 1
361 297 1
362 99 1
362 104 1
362 149 1
362 190 1
362 217 1
362 316 1
363 9 1
363 99 1
363 104 1
363 149 1
363 156 1
363 160 1
363 262 1
363 266 1
363 316 1
363 362 1
364 3 1
364 10 1
364 11 1
364 55 1
364 152 1
364 161 1
364 262 1
364 304 1
365 7 1
365 57 1
365 102 1
365 156 1
365 157 1
365 216 1
365 220 1
365 221 1
365 264 1
366 8 1
366 56 1
366 57 1
366 101 1
366 102 1
366 103 1
366 157 1
366 158 1
366 319 1
366 345 1
367 6 1
367 8 1
367 103 1
367 158 1
367 219 1
367 345 1
367 346 1
368 5 1
368 9 1
368 11 1
368 74 1
368 106 1
368 158 1
368 159 1
368 160 1
368 161 1
368 192 1
368 220 1
368 222 1
368 268 1
368 301 1
369 12 1
369 13 1
369 76 1
369 77 1
369 89 1
369 193 1
369 225 1
369 226 1
369 269 1
370 12 1
370 15 1
370 19 1
370 60 1
370 76 1
370 89 1
370 111 1
370 114 1
370 162 1
370 196 1
370 225 1
370 226 1
370 227 1
370 322 1
371 16 1
371 17 1
371 18 1
371 78 1
371 109 1
371 110 1
371 162 1
371 163 1
371 195 1
371 224 1
371 227 1
371 234 1
371 270 1
371 273 1
371 302 1
372 16 1
372 17 1
372 18 1
372 78 1
372 110 1
372 113 1
372 162 1
372 163 1
372 195 1
372 224 1
372 227 1
372 234 1
372 270 1
372 272 1
372 273 1
372 302 1
372 371 1
373 15 1
373 112 1
373 115 1
373 118 1
373 164 1
373 165 1
373 197 1
373 228 1
373 229 1
373 230 1
373 231 1
373 232 1
373 233 1
373 271 1
373 303 1
373 324 1
374 15 1
374 20 1
374 21 1
374 90 1
374 112 1
374 164 1
374 165 1
374 197 1
374 229 1
374 303 1
374 348 1
374 373 1
375 15 1
375 20 1
375 21 1
375 76 1
375 89 1
375 90 1
375 112 1
375 164 1
375 165 1
375 225 1
375 229 1
375 303 1
375 348 1
375 349 1
375 374 1
376 73 1
376 78 1
376 109 1
376 117 1
376 198 1
376 230 1
376 234 1
376 272 1
376 273 1
376 304 1
376 347 1
377 24 1
377 27 1
377 32 1
377 123 1
377 167 1
377 171 1
377 237 1
377 239 1
377 306 1
378 122 1
378 123 1
378 125 1
378 126 1
378 166 1
378 200 1
378 236 1
378 237 1
378 328 1
379 32 1
379 122 1
379 123 1
379 126 1
379 166 1
379 172 1
379 175 1
379 236 1
379 275 1
379 280 1
379 328 1
379 378 1
380 62 1
380 125 1
380 200 1
380 237 1
380 263 1
380 306 1
380 318 1
380 328 1
380 353 1
380 377 1
380 378 1
381 30 1
381 127 1
381 172 1
381 173 1
381 240 1
381 279 1
382 31 1
382 127 1
382 173 1
383 28 1
383 32 1
383 34 1
383 128 1
383 174 1
383 175 1
383 178 1
383 240 1
383 241 1
383 282 1
383 309 1
384 35 1
384 36 1
384 80 1
384 81 1
384 95 1
384 132 1
384 201 1
384 244 1
384 245 1
384 283 1
385 35 1
385 38 1
385 42 1
385 66 1
385 80 1
385 95 1
385 132 1
385 135 1
385 179 1
385 204 1
385 245 1
385 246 1
385 332 1
385 384 1
386 39 1
386 40 1
386 41 1
386 82 1
386 131 1
386 134 1
386 179 1
386 203 1
386 243 1
386 246 1
386 253 1
386 284 1
386 310 1
387 39 1
387 40 1
387 41 1
387 82 1
387 131 1
387 134 1
387 179 1
387 180 1
387 203 1
387 243 1
387 246 1
387 253 1
387 284 1
387 287 1
387 310 1
387 386 1
388 38 1
388 133 1
388 136 1
388 139 1
388 181 1
388 205 1
388 247 1
388 248 1
388 250 1
388 251 1
388 252 1
388 285 1
388 334 1
389 38 1
389 43 1
389 44 1
389 80 1
389 95 1
389 96 1
389 133 1
389 181 1
389 205 1
389 244 1
389 248 1
389 331 1
389 355 1
389 388 1
390 38 1
390 43 1
390 44 1
390 45 1
390 80 1
390 95 1
390 96 1
390 133 1
390 181 1
390 244 1
390 248 1
390 331 1
390 355 1
390 356 1
390 388 1
390 389 1
391 82 1
391 138 1
391 141 1
391 206 1
391 249 1
391 253 1
391 287 1
391 311 1
392 288 1
392 335 1
392 336 1
393 26 1
393 288 1
393 290 1
393 335 1
393 336 1
393 392 1
394 50 1
394 68 1
394 71 1
394 83 1
394 84 1
394 97 1
394 182 1
394 186 1
394 214 1
394 255 1
394 256 1
394 288 1
394 289 1
394 337 1
394 358 1
395 68 1
395 71 1
395 97 1
395 182 1
395 186 1
395 214 1
395 255 1
395 256 1
395 257 1
395 289 1
395 313 1
395 337 1
395 358 1
395 394 1
396 68 1
396 71 1
396 97 1
396 182 1
396 214 1
396 256 1
396 289 1
396 313 1
396 358 1
396 394 1
396 395 1
397 83 1
397 141 1
397 142 1
397 186 1
397 208 1
397 288 1
397 290 1
397 291 1
397 294 1
397 335 1
397 336 1
397 337 1
397 392 1
397 393 1
397 394 1
398 71 1
398 214 1
398 215 1
398 256 1
398 313 1
398 358 1
398 396 1
399 71 1
399 215 1
399 256 1
399 257 1
399 313 1
399 398 1
400 70 1
400 72 1
400 147 1
400 187 1
400 188 1
400 342 1
400 359 1
401 3 1
401 9 1
401 55 1
401 99 1
401 104 1
401 148 1
401 149 1
401 150 1
401 152 1
401 153 1
401 160 1
401 218 1
401 262 1
401 266 1
401 362 1
401 363 1
402 1 1
402 4 1
402 52 1
402 53 1
402 100 1
402 150 1
402 151 1
402 155 1
402 217 1
402 297 1
402 361 1
403 7 1
403 56 1
403 57 1
403 74 1
403 101 1
403 102 1
403 105 1
403 106 1
403 157 1
403 159 1
403 220 1
403 221 1
403 222 1
403 264 1
403 265 1
403 365 1
403 366 1
404 7 1
404 156 1
405 7 1
405 57 1
405 102 1
405 156 1
405 220 1
405 365 1
405 403 1
405 404 1
406 7 1
406 8 1
406 11 1
406 56 1
406 57 1
406 101 1
406 102 1
406 157 1
406 158 1
406 220 1
406 266 1
406 319 1
406 365 1
406 366 1
406 403 1
407 12 1
407 15 1
407 76 1
407 77 1
407 89 1
407 90 1
407 111 1
407 114 1
407 193 1
407 225 1
407 226 1
407 269 1
407 322 1
407 369 1
407 370 1
408 15 1
408 21 1
408 60 1
408 89 1
408 90 1
408 112 1
408 115 1
408 118 1
408 164 1
408 165 1
408 197 1
408 228 1
408 229 1
408 231 1
408 232 1
408 233 1
408 271 1
408 303 1
408 348 1
408 373 1
408 374 1
408 375 1
409 22 1
409 75 1
409 109 1
409 116 1
409 304 1
409 323 1
409 347 1
409 349 1
410 18 1
410 73 1
410 115 1
410 118 1
410 198 1
410 228 1
410 230 1
410 231 1
410 232 1
410 271 1
410 272 1
410 273 1
410 324 1
410 373 1
410 376 1
411 26 1
411 32 1
411 122 1
411 123 1
411 166 1
411 167 1
411 168 1
411 169 1
411 175 1
411 238 1
411 275 1
411 280 1
411 378 1
411 379 1
412 24 1
412 27 1
412 124 1
412 167 1
412 171 1
412 237 1
412 239 1
412 277 1
412 306 1
412 377 1
413 30 1
413 127 1
413 128 1
413 173 1
413 174 1
413 240 1
413 279 1
413 381 1
413 382 1
414 30 1
414 126 1
414 127 1
414 172 1
414 240 1
414 381 1
414 413 1
415 35 1
415 38 1
415 43 1
415 80 1
415 95 1
415 96 1
415 132 1
415 133 1
415 179 1
415 244 1
415 245 1
415 283 1
415 332 1
415 356 1
415 384 1
415 385 1
415 390 1
416 37 1
416 38 1
416 66 1
416 95 1
416 133 1
416 136 1
416 139 1
416 181 1
416 205 1
416 247 1
416 248 1
416 250 1
416 251 1
416 252 1
416 331 1
416 334 1
416 355 1
416 388 1
416 389 1
416 390 1
417 45 1
417 79 1
417 137 1
417 311 1
417 333 1
417 356 1
418 136 1
418 139 1
418 206 1
418 247 1
418 249 1
418 250 1
418 251 1
418 285 1
418 286 1
418 287 1
418 334 1
418 388 1
419 46 1
419 47 1
419 143 1
419 210 1
419 312 1
420 46 1
420 47 1
420 143 1
420 144 1
420 183 1
420 210 1
420 211 1
420 254 1
420 289 1
420 312 1
420 339 1
420 419 1
421 70 1
421 72 1
421 146 1
421 147 1
421 184 1
421 187 1
421 188 1
421 258 1
421 259 1
421 295 1
421 342 1
421 359 1
421 400 1
422 4 1
422 9 1
422 99 1
422 104 1
422 149 1
422 150 1
422 151 1
422 155 1
422 156 1
422 217 1
422 297 1
422 316 1
422 361 1
422 362 1
422 363 1
422 402 1
423 9 1
423 99 1
423 104 1
423 149 1
423 150 1
423 156 1
423 217 1
423 297 1
423 316 1
423 361 1
423 362 1
423 363 1
423 401 1
423 422 1
424 4 1
424 9 1
424 52 1
424 99 1
424 104 1
424 150 1
424 151 1
424 155 1
424 156 1
424 160 1
424 217 1
424 218 1
424 220 1
424 222 1
424 297 1
424 361 1
424 362 1
424 363 1
424 401 1
424 402 1
424 422 1
424 423 1
425 1 1
425 2 1
425 3 1
425 4 1
425 52 1
425 99 1
425 100 1
425 149 1
425 150 1
425 151 1
425 153 1
425 154 1
425 189 1
425 218 1
425 317 1
425 361 1
425 363 1
425 401 1
425 422 1
425 423 1
425 424 1
426 3 1
426 9 1
426 52 1
426 99 1
426 104 1
426 150 1
426 151 1
426 152 1
426 153 1
426 160 1
426 192 1
426 218 1
426 262 1
426 317 1
426 363 1
426 401 1
426 422 1
426 423 1
426 424 1
426 425 1
427 3 1
427 148 1
427 149 1
427 152 1
427 153 1
427 218 1
427 262 1
427 401 1
428 2 1
428 54 1
428 88 1
428 99 1
428 149 1
428 153 1
428 154 1
428 190 1
428 217 1
428 316 1
428 317 1
428 318 1
428 344 1
428 362 1
428 363 1
428 423 1
428 425 1
429 2 1
429 3 1
429 153 1
429 191 1
429 218 1
429 277 1
429 317 1
429 425 1
429 426 1
430 8 1
430 56 1
430 101 1
430 103 1
430 157 1
430 158 1
430 219 1
430 319 1
430 345 1
430 366 1
430 367 1
430 406 1
431 7 1
431 9 1
431 57 1
431 102 1
431 105 1
431 156 1
431 157 1
431 159 1
431 216 1
431 220 1
431 221 1
431 222 1
431 264 1
431 365 1
431 403 1
431 405 1
431 406 1
432 7 1
432 9 1
432 104 1
432 156 1
432 220 1
432 365 1
432 404 1
432 405 1
432 431 1
433 8 1
433 56 1
433 57 1
433 101 1
433 102 1
433 157 1
433 158 1
433 219 1
433 264 1
433 319 1
433 345 1
433 366 1
433 403 1
433 406 1
433 430 1
433 431 1
434 5 1
434 7 1
434 9 1
434 74 1
434 104 1
434 105 1
434 106 1
434 155 1
434 156 1
434 159 1
434 160 1
434 220 1
434 221 1
434 222 1
434 264 1
434 265 1
434 266 1
434 365 1
434 368 1
434 403 1
434 431 1
435 3 1
435 11 1
435 106 1
435 152 1
435 159 1
435 160 1
435 161 1
435 192 1
435 222 1
435 268 1
435 301 1
435 320 1
435 364 1
435 368 1
435 401 1
435 426 1
436 12 1
436 13 1
436 14 1
436 59 1
436 89 1
436 112 1
436 193 1
436 194 1
436 225 1
436 269 1
436 321 1
436 348 1
437 12 1
437 15 1
437 19 1
437 60 1
437 76 1
437 89 1
437 90 1
437 110 1
437 111 1
437 112 1
437 114 1
437 162 1
437 163 1
437 164 1
437 196 1
437 225 1
437 226 1
437 232 1
437 233 1
437 322 1
437 370 1
437 407 1
438 16 1
438 17 1
438 18 1
438 19 1
438 60 1
438 110 1
438 111 1
438 113 1
438 114 1
438 162 1
438 163 1
438 195 1
438 196 1
438 227 1
438 270 1
438 302 1
438 322 1
438 370 1
438 371 1
438 372 1
438 437 1
439 12 1
439 14 1
439 15 1
439 19 1
439 60 1
439 76 1
439 89 1
439 90 1
439 111 1
439 112 1
439 114 1
439 118 1
439 163 1
439 164 1
439 165 1
439 194 1
439 199 1
439 225 1
439 232 1
439 233 1
439 321 1
439 348 1
439 350 1
439 370 1
439 373 1
439 407 1
439 408 1
439 436 1
439 437 1
440 20 1
440 21 1
440 22 1
440 75 1
440 109 1
440 110 1
440 116 1
440 224 1
440 228 1
440 229 1
440 230 1
440 231 1
440 234 1
440 304 1
440 323 1
440 347 1
440 349 1
440 376 1
440 409 1
441 75 1
441 78 1
441 109 1
441 116 1
441 117 1
441 198 1
441 234 1
441 273 1
441 304 1
441 320 1
441 347 1
441 376 1
441 409 1
442 18 1
442 113 1
442 118 1
442 163 1
442 195 1
442 199 1
442 230 1
442 231 1
442 232 1
442 272 1
442 324 1
442 410 1
443 16 1
443 18 1
443 78 1
443 113 1
443 117 1
443 195 1
443 198 1
443 230 1
443 231 1
443 234 1
443 272 1
443 273 1
443 324 1
443 371 1
443 372 1
443 376 1
443 410 1
443 442 1
444 23 1
444 27 1
444 171 1
444 172 1
444 235 1
444 241 1
444 305 1
444 306 1
444 377 1
444 412 1
445 27 1
445 32 1
445 123 1
445 126 1
445 166 1
445 167 1
445 171 1
445 172 1
445 237 1
445 306 1
445 328 1
445 377 1
445 378 1
445 379 1
445 380 1
445 412 1
445 444 1
446 62 1
446 122 1
446 123 1
446 125 1
446 126 1
446 166 1
446 167 1
446 172 1
446 200 1
446 237 1
446 306 1
446 328 1
446 353 1
446 377 1
446 378 1
446 379 1
446 380 1
446 411 1
446 445 1
447 27 1
447 32 1
447 123 1
447 167 1
447 169 1
447 171 1
447 172 1
447 175 1
447 237 1
447 238 1
447 240 1
447 241 1
447 306 1
447 377 1
447 378 1
447 379 1
447 411 1
447 412 1
447 444 1
447 445 1
447 446 1
448 24 1
448 25 1
448 26 1
448 27 1
448 123 1
448 124 1
448 166 1
448 167 1
448 169 1
448 170 1
448 238 1
448 329 1
448 377 1
448 379 1
448 411 1
448 445 1
448 446 1
448 447 1
449 26 1
449 32 1
449 123 1
449 124 1
449 167 1
449 168 1
449 169 1
449 175 1
449 238 1
449 275 1
449 329 1
449 379 1
449 411 1
449 445 1
449 446 1
449 447 1
449 448 1
450 26 1
450 122 1
450 123 1
450 129 1
450 166 1
450 168 1
450 236 1
450 275 1
450 379 1
450 411 1
451 25 1
451 63 1
451 94 1
451 122 1
451 123 1
451 125 1
451 166 1
451 169 1
451 170 1
451 200 1
451 236 1
451 237 1
451 328 1
451 329 1
451 330 1
451 353 1
451 378 1
451 379 1
451 380 1
451 446 1
451 448 1
452 25 1
452 26 1
452 50 1
452 68 1
452 169 1
452 238 1
452 288 1
452 329 1
452 337 1
452 358 1
452 394 1
452 448 1
453 30 1
453 32 1
453 127 1
453 172 1
453 173 1
453 174 1
453 235 1
453 240 1
453 241 1
453 279 1
453 381 1
453 413 1
453 414 1
454 30 1
454 32 1
454 126 1
454 172 1
454 235 1
454 240 1
454 381 1
454 414 1
454 453 1
455 31 1
455 127 1
455 173 1
455 279 1
455 382 1
455 413 1
455 453 1
456 28 1
456 30 1
456 32 1
456 128 1
456 171 1
456 172 1
456 174 1
456 175 1
456 235 1
456 240 1
456 241 1
456 279 1
456 381 1
456 383 1
456 413 1
456 444 1
456 453 1
457 35 1
457 36 1
457 37 1
457 65 1
457 66 1
457 95 1
457 135 1
457 201 1
457 202 1
457 244 1
457 245 1
457 252 1
457 283 1
457 331 1
457 355 1
457 357 1
458 35 1
458 38 1
458 42 1
458 66 1
458 80 1
458 95 1
458 96 1
458 132 1
458 133 1
458 135 1
458 179 1
458 180 1
458 181 1
458 204 1
458 244 1
458 245 1
458 251 1
458 332 1
458 385 1
458 415 1
459 39 1
459 40 1
459 42 1
459 131 1
459 132 1
459 134 1
459 135 1
459 179 1
459 180 1
459 203 1
459 204 1
459 243 1
459 246 1
459 284 1
459 310 1
459 332 1
459 385 1
459 386 1
459 387 1
459 458 1
460 35 1
460 37 1
460 38 1
460 42 1
460 65 1
460 66 1
460 80 1
460 95 1
460 96 1
460 132 1
460 133 1
460 135 1
460 139 1
460 181 1
460 204 1
460 207 1
460 244 1
460 251 1
460 252 1
460 331 1
460 355 1
460 357 1
460 385 1
460 388 1
460 389 1
460 390 1
460 415 1
460 416 1
460 457 1
460 458 1
461 44 1
461 45 1
461 137 1
461 243 1
461 247 1
461 248 1
461 249 1
461 253 1
461 311 1
461 333 1
461 356 1
461 391 1
461 417 1
462 82 1
462 138 1
462 141 1
462 206 1
462 208 1
462 209 1
462 243 1
462 253 1
462 287 1
462 290 1
462 311 1
462 391 1
463 39 1
463 41 1
463 134 1
463 139 1
463 180 1
463 207 1
463 247 1
463 249 1
463 250 1
463 251 1
463 286 1
463 334 1
463 418 1
464 39 1
464 41 1
464 134 1
464 138 1
464 203 1
464 206 1
464 243 1
464 249 1
464 250 1
464 253 1
464 286 1
464 287 1
464 387 1
464 391 1
464 418 1
464 463 1
465 46 1
465 68 1
465 83 1
465 97 1
465 182 1
465 288 1
465 289 1
465 337 1
465 394 1
465 395 1
465 396 1
466 50 1
466 69 1
466 70 1
466 84 1
466 141 1
466 142 1
466 145 1
466 146 1
466 184 1
466 185 1
466 186 1
466 187 1
466 208 1
466 209 1
466 213 1
466 255 1
466 290 1
466 291 1
466 294 1
466 338 1
466 397 1
467 70 1
467 83 1
467 141 1
467 142 1
467 145 1
467 147 1
467 184 1
467 185 1
467 186 1
467 187 1
467 208 1
467 212 1
467 213 1
467 290 1
467 291 1
467 294 1
467 338 1
467 342 1
467 359 1
467 397 1
467 466 1
468 70 1
468 83 1
468 142 1
468 145 1
468 184 1
468 187 1
468 208 1
468 211 1
468 212 1
468 254 1
468 288 1
468 290 1
468 291 1
468 292 1
468 336 1
468 337 1
468 359 1
468 397 1
468 466 1
468 467 1
469 46 1
469 47 1
469 83 1
469 143 1
469 145 1
469 210 1
469 211 1
469 212 1
469 254 1
469 291 1
469 292 1
469 312 1
469 339 1
469 419 1
469 420 1
469 468 1
470 70 1
470 72 1
470 142 1
470 145 1
470 146 1
470 147 1
470 184 1
470 185 1
470 187 1
470 208 1
470 211 1
470 212 1
470 213 1
470 254 1
470 258 1
470 290 1
470 291 1
470 295 1
470 338 1
470 342 1
470 359 1
470 397 1
470 421 1
470 466 1
470 467 1
470 468 1
471 48 1
471 49 1
471 50 1
471 69 1
471 84 1
471 142 1
471 146 1
471 184 1
471 185 1
471 186 1
471 187 1
471 213 1
471 214 1
471 255 1
471 293 1
471 294 1
471 295 1
471 338 1
471 340 1
471 341 1
471 358 1
471 466 1
471 470 1
472 48 1
472 49 1
472 50 1
472 71 1
472 84 1
472 186 1
472 214 1
472 215 1
472 255 1
472 256 1
472 257 1
472 293 1
472 313 1
472 340 1
472 341 1
472 358 1
472 394 1
472 395 1
472 396 1
472 398 1
472 471 1
473 51 1
473 215 1
473 256 1
473 257 1
473 258 1
473 260 1
473 293 1
473 313 1
473 399 1
474 1 1
474 2 1
474 4 1
474 52 1
474 53 1
474 99 1
474 100 1
474 150 1
474 151 1
474 153 1
474 154 1
474 189 1
474 191 1
474 200 1
474 218 1
474 299 1
474 317 1
474 318 1
474 353 1
474 401 1
474 424 1
474 425 1
474 426 1
474 429 1
475 56 1
475 57 1
475 101 1
475 102 1
475 157 1
475 219 1
475 221 1
475 264 1
475 345 1
475 365 1
475 366 1
475 403 1
475 406 1
475 430 1
475 431 1
475 433 1
475 434 1
476 73 1
476 103 1
476 115 1
476 198 1
476 228 1
476 230 1
476 271 1
476 272 1
476 346 1
476 367 1
476 376 1
476 410 1
476 443 1
477 24 1
477 25 1
477 27 1
477 123 1
477 124 1
477 167 1
477 169 1
477 170 1
477 238 1
477 239 1
477 329 1
477 330 1
477 411 1
477 447 1
477 448 1
477 449 1
477 452 1
478 127 1
478 173 1
478 279 1
478 381 1
478 382 1
478 413 1
478 453 1
478 455 1
478 456 1
479 51 1
479 144 1
479 146 1
479 183 1
479 184 1
479 187 1
479 188 1
479 257 1
479 258 1
479 259 1
479 260 1
479 293 1
479 295 1
479 340 1
479 342 1
479 400 1
479 421 1
