# minsup
1
# graph
G_portein_file\Serine-proteases\1LCY.pdb
# node ID, label
0 A
1 A
2 A
3 A
4 A
5 A
6 A
7 A
8 A
9 D
10 D
11 E
12 E
13 E
14 F
15 F
16 F
17 F
18 G
19 G
20 G
21 G
22 G
23 G
24 G
25 G
26 G
27 I
28 I
29 I
30 I
31 I
32 I
33 I
34 K
35 L
36 L
37 L
38 L
39 M
40 M
41 N
42 N
43 N
44 N
45 N
46 P
47 P
48 P
49 P
50 P
51 Q
52 Q
53 Q
54 R
55 R
56 R
57 R
58 S
59 S
60 S
61 S
62 S
63 T
64 T
65 T
66 T
67 T
68 T
69 V
70 V
71 V
72 V
73 V
74 V
75 V
76 V
77 V
78 V
79 V
80 V
81 V
82 V
83 Y
84 Y
# node ID1, node ID2, number of bounds
2 1 1
5 4 1
6 4 1
6 5 1
7 4 1
7 6 1
8 4 1
8 7 1
9 0 1
10 9 1
11 0 1
11 1 1
11 9 1
13 10 1
14 0 1
14 9 1
14 10 1
14 11 1
15 1 1
15 2 1
16 5 1
16 12 1
16 14 1
17 5 1
17 6 1
17 7 1
17 8 1
18 2 1
18 3 1
18 7 1
18 15 1
19 10 1
19 13 1
20 12 1
20 16 1
21 1 1
21 4 1
21 7 1
21 15 1
21 18 1
22 4 1
22 5 1
22 6 1
22 12 1
22 16 1
22 20 1
23 3 1
23 4 1
23 7 1
23 8 1
23 15 1
23 18 1
23 21 1
24 2 1
24 4 1
24 7 1
24 8 1
24 15 1
24 18 1
24 21 1
24 23 1
25 9 1
25 10 1
25 11 1
25 13 1
25 19 1
26 4 1
26 8 1
26 13 1
26 17 1
26 19 1
26 23 1
26 24 1
27 0 1
27 9 1
27 11 1
27 14 1
27 16 1
27 22 1
27 25 1
28 15 1
28 18 1
28 23 1
28 24 1
29 2 1
29 3 1
29 15 1
29 18 1
29 28 1
30 5 1
30 12 1
30 16 1
30 20 1
30 22 1
31 4 1
31 5 1
31 6 1
31 7 1
31 8 1
31 17 1
31 21 1
31 23 1
31 24 1
32 8 1
32 13 1
32 19 1
32 25 1
32 26 1
33 8 1
33 17 1
33 23 1
33 26 1
33 32 1
34 0 1
34 1 1
34 2 1
34 9 1
34 10 1
34 11 1
34 25 1
35 1 1
35 2 1
35 13 1
35 15 1
35 19 1
35 25 1
35 34 1
36 13 1
36 19 1
36 25 1
36 26 1
36 32 1
36 35 1
37 4 1
37 5 1
37 7 1
37 8 1
37 13 1
37 17 1
37 21 1
37 23 1
37 24 1
37 25 1
37 26 1
37 31 1
37 32 1
37 33 1
38 9 1
38 10 1
38 12 1
38 13 1
38 14 1
38 16 1
38 25 1
38 27 1
39 1 1
39 4 1
39 5 1
39 7 1
39 15 1
39 18 1
39 21 1
39 23 1
39 24 1
39 31 1
39 37 1
40 6 1
40 7 1
40 8 1
40 17 1
40 23 1
40 31 1
40 33 1
41 0 1
41 9 1
41 14 1
41 27 1
42 3 1
42 7 1
42 18 1
42 23 1
42 24 1
42 33 1
42 40 1
43 4 1
43 6 1
43 7 1
43 18 1
43 21 1
43 23 1
43 24 1
43 31 1
43 37 1
43 39 1
43 40 1
44 4 1
44 10 1
44 12 1
44 13 1
44 16 1
44 19 1
44 22 1
44 25 1
44 26 1
44 27 1
44 30 1
44 32 1
44 37 1
44 38 1
45 4 1
45 5 1
45 6 1
45 7 1
45 8 1
45 17 1
45 18 1
45 21 1
45 23 1
45 24 1
45 26 1
45 31 1
45 32 1
45 33 1
45 37 1
45 39 1
45 40 1
45 42 1
45 43 1
46 41 1
47 1 1
47 2 1
47 11 1
47 15 1
47 34 1
47 35 1
48 10 1
48 13 1
48 19 1
48 25 1
48 32 1
48 35 1
48 36 1
49 2 1
49 4 1
49 7 1
49 8 1
49 13 1
49 15 1
49 18 1
49 21 1
49 23 1
49 24 1
49 25 1
49 26 1
49 32 1
49 33 1
49 35 1
49 36 1
49 37 1
49 39 1
49 43 1
49 44 1
49 45 1
50 8 1
50 17 1
50 19 1
50 26 1
50 32 1
50 33 1
50 36 1
50 37 1
50 45 1
51 14 1
51 41 1
51 46 1
52 12 1
52 16 1
52 20 1
52 30 1
53 5 1
53 8 1
53 17 1
53 26 1
53 30 1
53 33 1
53 40 1
53 45 1
53 50 1
53 52 1
54 14 1
54 41 1
54 46 1
54 51 1
55 28 1
56 13 1
56 19 1
56 26 1
56 32 1
56 36 1
56 48 1
56 50 1
57 12 1
57 16 1
57 20 1
57 30 1
57 52 1
58 14 1
58 41 1
58 46 1
58 51 1
58 54 1
59 7 1
59 15 1
59 18 1
59 21 1
59 23 1
59 24 1
59 28 1
59 39 1
59 42 1
59 43 1
59 45 1
59 49 1
60 1 1
60 2 1
60 7 1
60 15 1
60 18 1
60 21 1
60 23 1
60 24 1
60 28 1
60 39 1
60 43 1
60 47 1
60 59 1
61 0 1
61 4 1
61 5 1
61 6 1
61 16 1
61 22 1
61 27 1
61 30 1
61 31 1
61 37 1
61 39 1
61 44 1
62 8 1
62 13 1
62 19 1
62 26 1
62 32 1
62 33 1
62 36 1
62 37 1
62 48 1
62 49 1
62 50 1
62 56 1
63 1 1
63 2 1
63 9 1
63 10 1
63 11 1
63 13 1
63 15 1
63 25 1
63 34 1
63 35 1
63 39 1
63 47 1
63 48 1
63 49 1
64 3 1
64 7 1
64 15 1
64 18 1
64 23 1
64 24 1
64 28 1
64 29 1
64 42 1
64 45 1
64 49 1
64 59 1
65 1 1
65 2 1
65 15 1
65 29 1
65 35 1
65 36 1
65 47 1
65 48 1
65 63 1
66 4 1
66 5 1
66 6 1
66 21 1
66 22 1
66 27 1
66 31 1
66 37 1
66 39 1
66 43 1
66 61 1
67 4 1
67 5 1
67 6 1
67 8 1
67 12 1
67 16 1
67 17 1
67 20 1
67 22 1
67 30 1
67 31 1
67 37 1
67 45 1
67 52 1
67 53 1
67 61 1
68 4 1
68 7 1
68 8 1
68 17 1
68 23 1
68 24 1
68 26 1
68 31 1
68 33 1
68 37 1
68 40 1
68 42 1
68 43 1
68 45 1
68 49 1
68 64 1
69 0 1
69 1 1
69 9 1
69 10 1
69 11 1
69 13 1
69 14 1
69 25 1
69 27 1
69 34 1
69 38 1
69 39 1
69 41 1
69 44 1
69 61 1
69 63 1
70 0 1
70 1 1
70 4 1
70 9 1
70 11 1
70 14 1
70 21 1
70 25 1
70 27 1
70 34 1
70 38 1
70 39 1
70 47 1
70 61 1
70 63 1
70 66 1
70 69 1
71 1 1
71 2 1
71 15 1
71 18 1
71 21 1
71 23 1
71 24 1
71 28 1
71 29 1
71 35 1
71 39 1
71 43 1
71 47 1
71 49 1
71 59 1
71 60 1
71 63 1
71 65 1
71 70 1
72 1 1
72 2 1
72 15 1
72 18 1
72 21 1
72 23 1
72 24 1
72 28 1
72 29 1
72 39 1
72 47 1
72 59 1
72 60 1
72 64 1
72 71 1
73 2 1
73 15 1
73 18 1
73 24 1
73 29 1
73 35 1
73 47 1
73 48 1
73 49 1
73 64 1
73 65 1
73 71 1
73 72 1
74 3 1
74 15 1
74 18 1
74 23 1
74 24 1
74 29 1
74 42 1
74 49 1
74 59 1
74 64 1
74 71 1
74 72 1
74 73 1
75 18 1
75 28 1
75 29 1
75 55 1
75 59 1
75 72 1
76 12 1
76 16 1
76 19 1
76 20 1
76 32 1
76 44 1
76 50 1
76 52 1
76 56 1
76 57 1
77 4 1
77 5 1
77 10 1
77 12 1
77 13 1
77 16 1
77 20 1
77 22 1
77 25 1
77 26 1
77 27 1
77 30 1
77 32 1
77 37 1
77 38 1
77 39 1
77 44 1
77 49 1
77 61 1
77 66 1
77 67 1
77 69 1
78 0 1
78 4 1
78 5 1
78 6 1
78 16 1
78 21 1
78 22 1
78 25 1
78 27 1
78 30 1
78 37 1
78 38 1
78 39 1
78 44 1
78 45 1
78 49 1
78 61 1
78 63 1
78 66 1
78 67 1
78 69 1
78 70 1
78 77 1
79 5 1
79 12 1
79 16 1
79 17 1
79 20 1
79 22 1
79 30 1
79 37 1
79 44 1
79 52 1
79 53 1
79 57 1
79 67 1
79 76 1
79 77 1
79 78 1
80 4 1
80 10 1
80 13 1
80 16 1
80 19 1
80 24 1
80 25 1
80 26 1
80 27 1
80 32 1
80 35 1
80 36 1
80 37 1
80 38 1
80 39 1
80 44 1
80 45 1
80 48 1
80 49 1
80 61 1
80 62 1
80 63 1
80 69 1
80 70 1
80 77 1
80 78 1
81 4 1
81 10 1
81 13 1
81 15 1
81 19 1
81 24 1
81 25 1
81 26 1
81 32 1
81 35 1
81 36 1
81 37 1
81 38 1
81 39 1
81 44 1
81 48 1
81 49 1
81 50 1
81 56 1
81 62 1
81 63 1
81 77 1
81 78 1
81 80 1
82 4 1
82 7 1
82 8 1
82 15 1
82 17 1
82 18 1
82 23 1
82 24 1
82 26 1
82 32 1
82 33 1
82 37 1
82 39 1
82 40 1
82 42 1
82 43 1
82 45 1
82 49 1
82 50 1
82 59 1
82 62 1
82 64 1
82 68 1
82 74 1
82 80 1
82 81 1
83 0 1
83 9 1
83 14 1
83 27 1
83 41 1
83 46 1
83 51 1
83 54 1
83 58 1
84 15 1
84 18 1
84 21 1
84 23 1
84 24 1
84 28 1
84 43 1
84 55 1
84 59 1
84 60 1
84 64 1
84 71 1
84 72 1
84 75 1
