# minsup
1
# graph
G_portein_file\Serine-proteases\1SOT.pdb
# node ID, label
0 A
1 A
2 A
3 A
4 A
5 A
6 A
7 A
8 A
9 A
10 A
11 A
12 A
13 A
14 A
15 A
16 D
17 D
18 D
19 D
20 D
21 D
22 D
23 D
24 D
25 D
26 D
27 D
28 E
29 E
30 E
31 E
32 E
33 E
34 E
35 F
36 F
37 F
38 G
39 G
40 G
41 G
42 G
43 G
44 G
45 G
46 G
47 G
48 G
49 G
50 G
51 G
52 G
53 G
54 G
55 G
56 G
57 G
58 H
59 H
60 I
61 I
62 I
63 I
64 I
65 I
66 I
67 I
68 I
69 I
70 I
71 I
72 I
73 I
74 I
75 I
76 I
77 I
78 I
79 I
80 I
81 I
82 I
83 I
84 K
85 K
86 K
87 L
88 L
89 L
90 L
91 L
92 L
93 L
94 L
95 L
96 L
97 L
98 L
99 L
100 L
101 L
102 N
103 N
104 N
105 N
106 N
107 N
108 N
109 N
110 N
111 N
112 N
113 N
114 N
115 N
116 N
117 N
118 N
119 N
120 N
121 N
122 N
123 P
124 P
125 P
126 P
127 P
128 P
129 P
130 P
131 P
132 P
133 P
134 P
135 P
136 P
137 P
138 P
139 Q
140 Q
141 Q
142 Q
143 Q
144 Q
145 Q
146 Q
147 Q
148 Q
149 Q
150 R
151 R
152 R
153 R
154 S
155 S
156 S
157 S
158 S
159 S
160 S
161 S
162 S
163 S
164 S
165 S
166 S
167 S
168 T
169 T
170 T
171 T
172 T
173 T
174 T
175 T
176 V
177 V
178 V
179 V
180 V
181 V
182 V
183 V
184 V
185 V
186 V
187 V
188 V
189 V
190 V
191 V
192 V
193 V
194 V
195 V
196 V
197 V
198 V
199 V
200 V
201 Y
202 Y
203 Y
204 Y
# node ID1, node ID2, number of bounds
1 0 1
2 0 1
2 1 1
4 3 1
7 6 1
8 6 1
8 7 1
11 10 1
12 10 1
12 11 1
14 13 1
17 0 1
17 1 1
17 2 1
19 3 1
21 6 1
21 7 1
21 8 1
23 9 1
25 10 1
25 11 1
25 12 1
27 13 1
28 18 1
30 6 1
30 7 1
32 10 1
32 11 1
33 13 1
33 14 1
34 15 1
35 16 1
36 20 1
37 24 1
39 0 1
39 1 1
39 17 1
39 28 1
40 4 1
40 28 1
40 39 1
41 4 1
41 18 1
41 28 1
41 40 1
42 3 1
42 4 1
43 0 1
43 1 1
43 2 1
43 17 1
43 39 1
44 0 1
44 1 1
44 2 1
45 29 1
46 6 1
46 7 1
46 21 1
46 30 1
47 30 1
47 46 1
48 22 1
48 30 1
48 46 1
48 47 1
49 6 1
49 7 1
49 8 1
49 21 1
49 46 1
50 6 1
50 7 1
50 8 1
50 22 1
51 31 1
52 10 1
52 11 1
52 25 1
52 32 1
53 14 1
53 32 1
53 52 1
54 14 1
54 26 1
54 32 1
54 52 1
54 53 1
55 13 1
55 14 1
55 26 1
55 54 1
56 10 1
56 11 1
56 12 1
56 25 1
56 32 1
56 52 1
57 10 1
57 11 1
57 12 1
58 29 1
59 31 1
60 38 1
61 38 1
61 60 1
62 60 1
62 61 1
63 0 1
63 1 1
63 4 1
63 17 1
63 28 1
63 39 1
63 40 1
63 41 1
63 43 1
64 3 1
64 4 1
64 18 1
64 40 1
64 41 1
64 42 1
65 0 1
65 1 1
65 2 1
65 18 1
65 44 1
65 63 1
66 3 1
66 18 1
66 41 1
66 42 1
66 64 1
66 65 1
67 3 1
67 19 1
67 42 1
67 64 1
67 66 1
68 3 1
68 4 1
68 42 1
68 64 1
68 66 1
68 67 1
69 29 1
69 45 1
70 6 1
70 7 1
70 30 1
70 46 1
70 47 1
70 48 1
70 49 1
71 6 1
71 7 1
71 8 1
71 22 1
71 30 1
71 46 1
71 50 1
71 70 1
72 9 1
72 22 1
72 48 1
72 71 1
73 9 1
73 22 1
73 72 1
74 9 1
74 72 1
74 73 1
75 10 1
75 11 1
75 34 1
75 52 1
75 53 1
75 56 1
76 10 1
76 11 1
76 14 1
76 32 1
76 52 1
76 53 1
76 54 1
76 56 1
76 75 1
77 13 1
77 14 1
77 26 1
77 53 1
77 54 1
77 55 1
77 76 1
78 10 1
78 11 1
78 12 1
78 26 1
78 57 1
78 76 1
79 13 1
79 14 1
79 26 1
79 54 1
79 55 1
79 76 1
79 77 1
79 78 1
80 13 1
80 26 1
80 55 1
80 77 1
80 79 1
81 13 1
81 14 1
81 33 1
81 55 1
81 77 1
81 79 1
81 80 1
82 27 1
83 10 1
83 34 1
83 52 1
83 56 1
83 75 1
83 82 1
84 3 1
84 19 1
84 67 1
84 68 1
85 9 1
85 23 1
85 73 1
85 74 1
86 13 1
86 27 1
86 80 1
86 81 1
88 3 1
88 18 1
88 41 1
88 42 1
88 64 1
88 65 1
88 66 1
88 67 1
89 44 1
89 65 1
90 0 1
90 2 1
90 44 1
90 65 1
90 89 1
91 29 1
91 45 1
91 58 1
91 69 1
92 29 1
92 45 1
92 58 1
92 69 1
92 91 1
93 9 1
93 22 1
93 48 1
93 71 1
93 72 1
93 73 1
94 50 1
94 72 1
94 73 1
95 6 1
95 8 1
95 23 1
95 50 1
95 71 1
95 94 1
96 31 1
96 51 1
96 59 1
97 31 1
97 51 1
97 59 1
97 96 1
98 13 1
98 26 1
98 54 1
98 55 1
98 77 1
98 78 1
98 79 1
98 80 1
99 14 1
99 33 1
99 53 1
99 54 1
99 77 1
99 81 1
100 57 1
101 10 1
101 12 1
101 57 1
101 78 1
101 82 1
101 100 1
102 87 1
103 4 1
103 18 1
103 28 1
103 40 1
103 41 1
103 63 1
103 64 1
103 88 1
104 0 1
104 1 1
104 2 1
104 17 1
104 43 1
104 44 1
104 65 1
105 18 1
105 28 1
105 41 1
105 65 1
105 66 1
105 88 1
105 103 1
106 3 1
106 19 1
106 67 1
106 84 1
107 29 1
107 45 1
107 58 1
107 91 1
107 92 1
108 29 1
108 45 1
108 58 1
108 69 1
108 91 1
108 92 1
108 107 1
109 29 1
109 45 1
109 58 1
109 91 1
109 92 1
109 107 1
109 108 1
111 22 1
111 30 1
111 47 1
111 48 1
111 70 1
112 6 1
112 7 1
112 8 1
112 21 1
112 46 1
112 49 1
112 50 1
112 71 1
113 22 1
113 30 1
113 48 1
113 71 1
113 72 1
113 93 1
113 111 1
114 9 1
114 23 1
114 73 1
114 85 1
115 31 1
115 51 1
115 59 1
115 96 1
115 97 1
116 31 1
116 51 1
116 59 1
116 96 1
116 97 1
116 115 1
117 31 1
117 51 1
117 59 1
117 96 1
117 97 1
117 115 1
117 116 1
119 26 1
119 32 1
119 53 1
119 54 1
119 76 1
119 77 1
119 98 1
120 10 1
120 11 1
120 12 1
120 25 1
120 56 1
120 57 1
120 78 1
120 101 1
121 26 1
121 32 1
121 53 1
121 54 1
121 76 1
121 77 1
121 78 1
121 79 1
121 98 1
121 119 1
122 13 1
122 27 1
122 80 1
122 82 1
122 86 1
123 60 1
123 62 1
124 0 1
124 1 1
124 17 1
124 28 1
124 39 1
124 40 1
124 43 1
124 63 1
125 0 1
125 1 1
125 2 1
125 17 1
125 39 1
125 43 1
125 44 1
125 63 1
125 65 1
125 104 1
125 124 1
126 3 1
126 19 1
126 42 1
126 64 1
126 66 1
126 67 1
126 68 1
126 84 1
126 106 1
127 5 1
127 39 1
127 43 1
128 110 1
129 36 1
130 6 1
130 7 1
130 21 1
130 30 1
130 46 1
130 49 1
130 112 1
131 6 1
131 7 1
131 8 1
131 21 1
131 46 1
131 49 1
131 50 1
131 70 1
131 71 1
131 112 1
131 130 1
132 9 1
132 23 1
132 72 1
132 73 1
132 74 1
132 85 1
132 114 1
133 118 1
134 10 1
134 11 1
134 25 1
134 32 1
134 52 1
134 56 1
135 10 1
135 11 1
135 12 1
135 25 1
135 34 1
135 52 1
135 56 1
135 57 1
135 75 1
135 76 1
135 78 1
135 83 1
135 120 1
135 134 1
136 13 1
136 27 1
136 55 1
136 79 1
136 80 1
136 81 1
136 86 1
136 122 1
137 27 1
137 57 1
137 82 1
137 86 1
137 100 1
137 101 1
137 122 1
138 15 1
138 34 1
138 52 1
138 56 1
139 0 1
139 1 1
139 2 1
139 18 1
139 28 1
139 44 1
139 65 1
139 66 1
139 88 1
139 103 1
139 105 1
140 66 1
140 67 1
140 88 1
140 89 1
140 90 1
141 0 1
141 2 1
141 19 1
141 44 1
141 65 1
141 89 1
141 90 1
141 104 1
141 125 1
142 29 1
142 45 1
142 58 1
142 69 1
142 91 1
142 92 1
142 107 1
142 108 1
142 109 1
143 9 1
143 72 1
143 73 1
143 74 1
143 93 1
143 132 1
144 6 1
144 7 1
144 8 1
144 22 1
144 30 1
144 50 1
144 70 1
144 71 1
144 111 1
144 112 1
144 113 1
145 73 1
145 94 1
145 95 1
146 31 1
146 51 1
146 59 1
146 96 1
146 97 1
146 115 1
146 116 1
146 117 1
147 10 1
147 11 1
147 12 1
147 26 1
147 32 1
147 57 1
147 76 1
147 78 1
147 98 1
147 119 1
147 121 1
148 12 1
148 27 1
148 57 1
148 82 1
148 83 1
148 100 1
148 101 1
148 137 1
149 10 1
149 34 1
149 52 1
149 56 1
149 75 1
149 83 1
149 135 1
149 138 1
150 3 1
150 4 1
150 28 1
150 40 1
150 41 1
150 42 1
150 64 1
150 68 1
150 88 1
150 103 1
151 29 1
151 45 1
151 69 1
151 91 1
151 92 1
151 108 1
152 30 1
152 47 1
152 48 1
152 70 1
152 111 1
153 14 1
153 32 1
153 53 1
153 54 1
153 76 1
153 77 1
153 98 1
153 99 1
153 119 1
153 121 1
154 16 1
154 35 1
155 0 1
155 1 1
155 17 1
155 28 1
155 39 1
155 40 1
155 43 1
155 63 1
155 65 1
155 103 1
155 104 1
155 105 1
155 124 1
155 125 1
155 139 1
156 3 1
156 19 1
156 42 1
156 64 1
156 66 1
156 67 1
156 68 1
156 84 1
156 106 1
156 126 1
157 3 1
157 4 1
157 41 1
157 42 1
157 64 1
157 68 1
157 126 1
157 150 1
159 58 1
159 91 1
159 107 1
159 108 1
159 109 1
159 142 1
160 6 1
160 7 1
160 21 1
160 30 1
160 46 1
160 47 1
160 49 1
160 70 1
160 111 1
160 112 1
160 130 1
160 131 1
160 144 1
161 9 1
161 23 1
161 72 1
161 73 1
161 74 1
161 85 1
161 93 1
161 114 1
161 132 1
161 143 1
162 31 1
162 59 1
162 96 1
162 97 1
162 115 1
162 116 1
162 117 1
162 146 1
163 24 1
163 37 1
164 10 1
164 11 1
164 25 1
164 32 1
164 52 1
164 56 1
164 76 1
164 119 1
164 134 1
165 13 1
165 27 1
165 55 1
165 77 1
165 79 1
165 80 1
165 81 1
165 86 1
165 98 1
165 122 1
165 136 1
165 137 1
166 13 1
166 14 1
166 33 1
166 54 1
166 55 1
166 77 1
166 79 1
166 81 1
166 99 1
166 136 1
166 153 1
167 82 1
167 83 1
167 148 1
167 149 1
168 44 1
168 65 1
168 89 1
168 90 1
168 140 1
168 141 1
168 156 1
169 29 1
169 45 1
169 58 1
169 69 1
169 91 1
169 92 1
169 107 1
169 108 1
169 109 1
169 142 1
169 151 1
169 159 1
170 50 1
170 72 1
170 73 1
170 94 1
170 95 1
170 145 1
170 161 1
171 31 1
171 51 1
171 59 1
171 96 1
171 97 1
171 115 1
171 116 1
171 117 1
171 146 1
171 162 1
172 13 1
172 14 1
172 27 1
172 33 1
172 54 1
172 77 1
172 79 1
172 81 1
172 86 1
172 99 1
172 136 1
172 165 1
172 166 1
173 12 1
173 57 1
173 78 1
173 82 1
173 100 1
173 101 1
173 137 1
173 148 1
173 165 1
174 10 1
174 12 1
174 75 1
174 82 1
174 83 1
174 101 1
174 120 1
174 135 1
174 137 1
174 148 1
174 149 1
174 167 1
175 15 1
175 138 1
176 38 1
176 60 1
176 61 1
176 123 1
177 62 1
177 87 1
177 102 1
178 3 1
178 4 1
178 18 1
178 28 1
178 40 1
178 41 1
178 42 1
178 63 1
178 64 1
178 66 1
178 67 1
178 88 1
178 103 1
178 105 1
178 150 1
178 157 1
179 4 1
179 18 1
179 28 1
179 40 1
179 41 1
179 42 1
179 63 1
179 64 1
179 65 1
179 66 1
179 88 1
179 103 1
179 105 1
179 139 1
179 150 1
179 155 1
179 178 1
180 0 1
180 1 1
180 17 1
180 18 1
180 28 1
180 39 1
180 40 1
180 41 1
180 43 1
180 63 1
180 65 1
180 103 1
180 105 1
180 124 1
180 125 1
180 139 1
180 155 1
180 179 1
181 0 1
181 1 1
181 18 1
181 28 1
181 40 1
181 63 1
181 65 1
181 88 1
181 103 1
181 105 1
181 124 1
181 139 1
181 155 1
181 178 1
181 179 1
181 180 1
182 3 1
182 4 1
182 19 1
182 64 1
182 66 1
182 67 1
182 68 1
182 84 1
182 106 1
182 126 1
182 156 1
183 0 1
183 2 1
183 3 1
183 19 1
183 44 1
183 65 1
183 66 1
183 67 1
183 89 1
183 90 1
183 106 1
183 140 1
183 141 1
183 156 1
183 168 1
183 182 1
184 3 1
184 19 1
184 44 1
184 65 1
184 66 1
184 67 1
184 88 1
184 89 1
184 90 1
184 106 1
184 126 1
184 140 1
184 141 1
184 156 1
184 168 1
184 182 1
184 183 1
185 18 1
185 42 1
185 44 1
185 64 1
185 65 1
185 66 1
185 67 1
185 88 1
185 89 1
185 90 1
185 139 1
185 140 1
185 156 1
185 168 1
185 178 1
185 179 1
185 182 1
185 183 1
185 184 1
186 0 1
186 1 1
186 2 1
186 43 1
186 44 1
186 65 1
186 90 1
186 104 1
186 125 1
186 141 1
186 158 1
186 168 1
186 183 1
187 22 1
187 30 1
187 46 1
187 47 1
187 48 1
187 70 1
187 71 1
187 72 1
187 93 1
187 111 1
187 113 1
187 144 1
187 152 1
188 6 1
188 7 1
188 21 1
188 30 1
188 46 1
188 47 1
188 48 1
188 49 1
188 70 1
188 71 1
188 111 1
188 112 1
188 130 1
188 131 1
188 144 1
188 160 1
188 187 1
189 7 1
189 22 1
189 30 1
189 47 1
189 48 1
189 70 1
189 71 1
189 93 1
189 111 1
189 113 1
189 144 1
189 187 1
189 188 1
190 9 1
190 23 1
190 72 1
190 73 1
190 85 1
190 95 1
190 114 1
190 132 1
190 161 1
190 170 1
191 9 1
191 23 1
191 72 1
191 73 1
191 85 1
191 93 1
191 94 1
191 95 1
191 114 1
191 132 1
191 145 1
191 161 1
191 170 1
191 190 1
192 22 1
192 50 1
192 71 1
192 72 1
192 73 1
192 93 1
192 94 1
192 95 1
192 145 1
192 161 1
192 170 1
192 190 1
192 191 1
193 14 1
193 26 1
193 32 1
193 53 1
193 54 1
193 55 1
193 76 1
193 77 1
193 79 1
193 80 1
193 98 1
193 119 1
193 121 1
193 153 1
193 166 1
194 14 1
194 26 1
194 32 1
194 52 1
194 53 1
194 54 1
194 55 1
194 76 1
194 77 1
194 78 1
194 79 1
194 98 1
194 119 1
194 121 1
194 147 1
194 153 1
194 193 1
195 10 1
195 11 1
195 25 1
195 32 1
195 52 1
195 53 1
195 54 1
195 56 1
195 75 1
195 76 1
195 78 1
195 119 1
195 120 1
195 121 1
195 134 1
195 135 1
195 147 1
195 164 1
195 194 1
196 10 1
196 11 1
196 26 1
196 32 1
196 53 1
196 54 1
196 76 1
196 78 1
196 98 1
196 119 1
196 121 1
196 147 1
196 164 1
196 193 1
196 194 1
196 195 1
197 13 1
197 27 1
197 79 1
197 80 1
197 82 1
197 86 1
197 122 1
197 136 1
197 137 1
197 148 1
197 165 1
197 172 1
197 173 1
198 27 1
198 82 1
198 83 1
198 101 1
198 137 1
198 148 1
198 149 1
198 167 1
198 174 1
199 10 1
199 12 1
199 27 1
199 57 1
199 78 1
199 79 1
199 80 1
199 82 1
199 86 1
199 100 1
199 101 1
199 122 1
199 137 1
199 148 1
199 165 1
199 173 1
199 174 1
199 197 1
199 198 1
200 10 1
200 11 1
200 12 1
200 27 1
200 57 1
200 75 1
200 78 1
200 82 1
200 83 1
200 101 1
200 120 1
200 135 1
200 137 1
200 148 1
200 149 1
200 167 1
200 173 1
200 174 1
200 197 1
200 198 1
200 199 1
201 102 1
202 110 1
202 128 1
203 118 1
203 133 1
204 15 1
204 34 1
204 52 1
204 75 1
204 83 1
204 138 1
204 149 1
204 175 1
