# minsup
1
# graph
G_portein_file\Serine-proteases\1SOZ.pdb
# node ID, label
0 A
1 A
2 A
3 A
4 A
5 A
6 A
7 A
8 A
9 A
10 A
11 A
12 A
13 A
14 A
15 A
16 A
17 A
18 A
19 A
20 A
21 A
22 A
23 A
24 A
25 A
26 A
27 A
28 A
29 A
30 A
31 A
32 A
33 D
34 D
35 D
36 D
37 D
38 D
39 D
40 D
41 D
42 D
43 D
44 D
45 D
46 D
47 D
48 D
49 D
50 D
51 D
52 D
53 D
54 D
55 D
56 D
57 E
58 E
59 E
60 E
61 E
62 E
63 E
64 E
65 E
66 E
67 E
68 E
69 E
70 F
71 F
72 F
73 F
74 F
75 F
76 G
77 G
78 G
79 G
80 G
81 G
82 G
83 G
84 G
85 G
86 G
87 G
88 G
89 G
90 G
91 G
92 G
93 G
94 G
95 G
96 G
97 G
98 G
99 G
100 G
101 G
102 G
103 G
104 G
105 G
106 G
107 G
108 G
109 G
110 G
111 G
112 G
113 G
114 G
115 G
116 G
117 G
118 G
119 G
120 G
121 G
122 G
123 G
124 G
125 G
126 G
127 H
128 H
129 H
130 H
131 I
132 I
133 I
134 I
135 I
136 I
137 I
138 I
139 I
140 I
141 I
142 I
143 I
144 I
145 I
146 I
147 I
148 I
149 I
150 I
151 I
152 I
153 I
154 I
155 I
156 I
157 I
158 I
159 I
160 I
161 I
162 I
163 I
164 I
165 I
166 I
167 I
168 I
169 I
170 I
171 I
172 I
173 I
174 I
175 I
176 I
177 I
178 I
179 I
180 K
181 K
182 K
183 K
184 K
185 K
186 L
187 L
188 L
189 L
190 L
191 L
192 L
193 L
194 L
195 L
196 L
197 L
198 L
199 L
200 L
201 L
202 L
203 L
204 L
205 L
206 L
207 L
208 L
209 M
210 M
211 M
212 M
213 M
214 N
215 N
216 N
217 N
218 N
219 N
220 N
221 N
222 N
223 N
224 N
225 N
226 N
227 N
228 N
229 N
230 N
231 N
232 N
233 N
234 N
235 N
236 N
237 N
238 N
239 N
240 N
241 N
242 N
243 N
244 N
245 N
246 N
247 P
248 P
249 P
250 P
251 P
252 P
253 P
254 P
255 P
256 P
257 P
258 P
259 P
260 P
261 P
262 P
263 P
264 P
265 P
266 P
267 P
268 P
269 Q
270 Q
271 Q
272 Q
273 Q
274 Q
275 Q
276 Q
277 Q
278 Q
279 Q
280 Q
281 Q
282 Q
283 Q
284 Q
285 Q
286 Q
287 Q
288 Q
289 Q
290 Q
291 Q
292 Q
293 R
294 R
295 R
296 R
297 R
298 R
299 R
300 R
301 R
302 R
303 R
304 R
305 R
306 R
307 R
308 S
309 S
310 S
311 S
312 S
313 S
314 S
315 S
316 S
317 S
318 S
319 S
320 S
321 S
322 S
323 S
324 S
325 S
326 S
327 S
328 S
329 T
330 T
331 T
332 T
333 T
334 T
335 T
336 T
337 T
338 T
339 T
340 T
341 T
342 T
343 T
344 T
345 T
346 T
347 T
348 T
349 T
350 T
351 V
352 V
353 V
354 V
355 V
356 V
357 V
358 V
359 V
360 V
361 V
362 V
363 V
364 V
365 V
366 V
367 V
368 V
369 V
370 V
371 V
372 V
373 V
374 V
375 V
376 V
377 V
378 V
379 V
380 V
381 V
382 V
383 V
384 V
385 V
386 V
387 V
388 V
389 V
390 V
391 V
392 V
393 V
394 V
395 Y
396 Y
397 Y
398 Y
399 Y
400 Y
401 Y
402 Y
403 Y
404 Y
405 Y
# node ID1, node ID2, number of bounds
2 1 1
3 1 1
3 2 1
4 2 1
4 3 1
6 3 1
8 6 1
9 2 1
9 3 1
9 4 1
9 6 1
11 10 1
12 10 1
12 11 1
17 16 1
19 17 1
20 16 1
20 17 1
22 21 1
23 21 1
23 22 1
25 24 1
33 4 1
33 5 1
34 27 1
35 6 1
35 7 1
35 8 1
37 36 1
38 10 1
38 11 1
40 13 1
41 14 1
43 42 1
44 8 1
44 17 1
44 18 1
44 19 1
48 24 1
49 25 1
50 15 1
51 19 1
51 29 1
55 30 1
56 31 1
57 36 1
57 37 1
57 52 1
59 14 1
59 41 1
60 14 1
60 59 1
61 43 1
62 20 1
63 36 1
63 45 1
63 46 1
65 24 1
65 25 1
65 49 1
66 26 1
68 31 1
68 56 1
69 31 1
69 32 1
70 5 1
71 7 1
71 8 1
71 35 1
72 45 1
73 52 1
74 10 1
74 14 1
74 38 1
74 41 1
75 25 1
75 49 1
75 65 1
77 4 1
77 5 1
77 9 1
77 76 1
79 5 1
79 33 1
81 7 1
81 27 1
81 34 1
82 3 1
82 6 1
82 9 1
82 76 1
82 77 1
83 6 1
83 8 1
83 34 1
83 35 1
83 44 1
83 81 1
86 76 1
86 82 1
87 9 1
87 76 1
87 77 1
87 82 1
87 86 1
88 3 1
88 4 1
88 6 1
88 9 1
88 76 1
88 77 1
88 82 1
88 86 1
88 87 1
89 1 1
89 2 1
89 3 1
89 9 1
90 6 1
90 9 1
90 71 1
90 87 1
90 88 1
91 37 1
91 57 1
92 8 1
92 35 1
92 36 1
92 71 1
92 83 1
93 8 1
93 35 1
93 36 1
93 71 1
93 92 1
94 14 1
94 41 1
94 59 1
94 60 1
94 74 1
95 10 1
95 11 1
95 38 1
95 60 1
95 74 1
95 94 1
96 10 1
96 38 1
96 58 1
96 74 1
96 95 1
97 38 1
97 58 1
97 74 1
97 95 1
97 96 1
98 10 1
98 11 1
98 12 1
98 38 1
98 95 1
98 96 1
99 10 1
99 11 1
99 12 1
100 60 1
100 94 1
101 42 1
101 43 1
101 61 1
102 8 1
102 17 1
102 19 1
102 44 1
102 51 1
102 83 1
104 103 1
105 16 1
105 20 1
105 62 1
106 17 1
106 20 1
106 62 1
107 46 1
107 63 1
108 17 1
108 19 1
108 44 1
108 45 1
108 72 1
109 49 1
109 66 1
109 75 1
110 21 1
110 22 1
110 64 1
110 75 1
110 109 1
111 64 1
111 75 1
111 110 1
112 64 1
112 75 1
112 110 1
112 111 1
113 21 1
113 22 1
113 23 1
113 110 1
113 111 1
114 21 1
114 22 1
114 23 1
115 66 1
115 109 1
116 28 1
117 29 1
117 116 1
118 19 1
118 29 1
118 35 1
118 50 1
118 51 1
118 83 1
118 102 1
119 73 1
120 119 1
121 117 1
122 28 1
122 29 1
122 116 1
122 117 1
122 121 1
123 45 1
123 53 1
124 31 1
124 56 1
124 68 1
124 69 1
125 30 1
126 69 1
126 124 1
127 7 1
127 34 1
127 81 1
128 63 1
128 76 1
128 82 1
128 86 1
128 107 1
130 67 1
131 4 1
131 9 1
131 77 1
131 78 1
131 88 1
132 4 1
132 77 1
132 78 1
132 87 1
132 131 1
133 70 1
133 78 1
133 131 1
133 132 1
134 2 1
134 3 1
134 4 1
134 9 1
134 89 1
134 131 1
134 132 1
135 7 1
135 34 1
135 81 1
135 127 1
136 2 1
136 3 1
136 4 1
136 6 1
136 8 1
136 9 1
136 77 1
136 82 1
136 87 1
136 88 1
137 3 1
137 6 1
137 8 1
137 9 1
137 18 1
137 44 1
137 82 1
137 136 1
138 6 1
138 7 1
138 8 1
138 27 1
138 34 1
138 35 1
138 81 1
138 83 1
138 118 1
138 127 1
138 135 1
139 7 1
139 8 1
139 34 1
139 35 1
139 71 1
139 81 1
139 83 1
139 93 1
139 127 1
139 135 1
139 138 1
140 7 1
140 71 1
140 84 1
141 8 1
141 35 1
141 36 1
141 71 1
141 92 1
141 93 1
142 9 1
142 71 1
142 87 1
142 90 1
143 10 1
143 11 1
143 14 1
143 38 1
143 60 1
143 74 1
143 94 1
143 95 1
143 96 1
143 98 1
144 10 1
144 11 1
144 38 1
144 58 1
144 74 1
144 95 1
144 96 1
144 97 1
144 98 1
144 143 1
145 13 1
145 39 1
146 10 1
146 11 1
146 12 1
146 38 1
146 39 1
146 99 1
147 13 1
147 39 1
147 145 1
148 13 1
148 145 1
148 147 1
149 14 1
149 40 1
149 41 1
149 59 1
149 60 1
149 94 1
149 100 1
150 40 1
150 100 1
150 149 1
151 10 1
151 14 1
151 59 1
151 60 1
151 74 1
151 94 1
151 95 1
151 100 1
151 143 1
151 149 1
151 150 1
152 43 1
152 61 1
152 101 1
153 1 1
153 18 1
153 137 1
154 16 1
154 17 1
154 19 1
154 20 1
154 51 1
155 0 1
155 17 1
155 18 1
155 19 1
155 44 1
155 83 1
155 102 1
155 137 1
155 153 1
156 103 1
157 17 1
157 20 1
157 106 1
158 20 1
158 106 1
158 157 1
159 21 1
159 22 1
159 66 1
159 75 1
159 109 1
159 110 1
159 111 1
159 113 1
160 21 1
160 22 1
160 64 1
160 75 1
160 110 1
160 111 1
160 112 1
160 113 1
160 159 1
161 24 1
161 25 1
161 47 1
162 21 1
162 22 1
162 23 1
162 47 1
162 110 1
162 113 1
162 114 1
162 160 1
163 24 1
163 25 1
163 47 1
163 161 1
163 162 1
164 24 1
164 25 1
164 48 1
164 161 1
164 163 1
165 24 1
165 25 1
165 65 1
165 161 1
165 163 1
165 164 1
166 48 1
166 49 1
166 66 1
166 109 1
166 115 1
166 159 1
167 48 1
167 115 1
167 166 1
168 21 1
168 66 1
168 109 1
168 110 1
168 115 1
168 159 1
168 166 1
168 167 1
169 28 1
169 29 1
169 116 1
169 117 1
169 122 1
170 7 1
170 29 1
170 35 1
170 81 1
170 83 1
170 117 1
170 135 1
170 138 1
170 139 1
170 169 1
171 15 1
171 29 1
171 50 1
171 51 1
171 102 1
171 118 1
171 154 1
172 119 1
172 120 1
173 31 1
173 68 1
173 69 1
173 124 1
174 30 1
174 54 1
174 125 1
175 30 1
175 54 1
175 125 1
175 174 1
176 30 1
176 125 1
176 174 1
176 175 1
177 31 1
177 55 1
177 56 1
177 68 1
177 124 1
177 126 1
177 173 1
178 55 1
178 126 1
179 31 1
179 69 1
179 124 1
179 126 1
179 177 1
179 178 1
180 36 1
180 37 1
180 57 1
180 91 1
180 141 1
181 13 1
181 40 1
181 148 1
182 45 1
182 46 1
182 63 1
182 72 1
182 107 1
182 123 1
183 24 1
183 48 1
183 164 1
183 165 1
184 52 1
184 53 1
184 57 1
184 73 1
184 123 1
185 30 1
185 55 1
185 176 1
186 3 1
186 4 1
186 5 1
186 33 1
186 70 1
186 77 1
186 79 1
186 131 1
187 77 1
187 78 1
187 80 1
187 131 1
187 132 1
187 133 1
188 4 1
188 33 1
188 78 1
188 131 1
188 133 1
188 134 1
188 186 1
189 1 1
189 2 1
189 3 1
189 6 1
189 8 1
189 9 1
189 34 1
189 35 1
189 82 1
189 83 1
189 89 1
189 136 1
189 137 1
189 138 1
189 139 1
189 155 1
190 84 1
190 140 1
191 1 1
191 2 1
191 27 1
191 89 1
192 2 1
192 9 1
192 89 1
192 90 1
192 134 1
192 189 1
192 191 1
193 13 1
193 39 1
193 145 1
193 147 1
193 148 1
194 10 1
194 11 1
194 12 1
194 99 1
194 146 1
194 150 1
195 42 1
195 43 1
195 61 1
195 101 1
195 129 1
195 152 1
196 43 1
196 61 1
196 101 1
196 129 1
196 152 1
196 195 1
197 16 1
197 17 1
197 19 1
197 20 1
197 44 1
197 102 1
197 105 1
197 154 1
197 155 1
197 171 1
198 103 1
198 156 1
199 17 1
199 19 1
199 20 1
199 62 1
199 102 1
199 105 1
199 106 1
199 154 1
199 155 1
199 157 1
199 158 1
199 197 1
200 47 1
200 161 1
200 162 1
200 163 1
200 164 1
201 24 1
201 25 1
201 49 1
201 65 1
201 75 1
201 165 1
202 23 1
202 114 1
202 162 1
202 167 1
203 67 1
203 130 1
204 67 1
204 130 1
204 203 1
205 52 1
205 73 1
205 119 1
205 120 1
205 172 1
206 29 1
207 30 1
207 54 1
207 125 1
207 174 1
207 175 1
207 176 1
208 178 1
209 4 1
209 77 1
209 78 1
209 131 1
209 132 1
209 134 1
209 188 1
209 192 1
210 6 1
210 9 1
210 34 1
210 89 1
210 90 1
210 127 1
210 139 1
210 142 1
210 189 1
210 192 1
211 13 1
211 14 1
211 41 1
211 59 1
211 74 1
211 94 1
211 143 1
211 149 1
212 24 1
212 25 1
212 49 1
212 65 1
212 75 1
212 109 1
212 111 1
212 159 1
212 160 1
212 201 1
213 30 1
213 31 1
213 56 1
213 68 1
213 174 1
214 0 1
214 1 1
214 2 1
214 3 1
214 89 1
214 137 1
214 153 1
214 155 1
214 191 1
215 76 1
216 6 1
216 76 1
216 77 1
216 82 1
216 86 1
216 87 1
216 88 1
216 128 1
216 136 1
216 137 1
217 84 1
217 85 1
217 140 1
217 190 1
218 71 1
218 84 1
218 85 1
218 140 1
218 142 1
219 1 1
219 2 1
219 6 1
219 9 1
219 27 1
219 34 1
219 83 1
219 89 1
219 90 1
219 138 1
219 139 1
219 189 1
219 191 1
219 192 1
219 210 1
220 6 1
220 9 1
220 71 1
220 77 1
220 82 1
220 87 1
220 88 1
220 90 1
220 93 1
220 136 1
220 142 1
220 210 1
221 36 1
221 37 1
221 57 1
221 91 1
221 180 1
222 39 1
222 58 1
222 96 1
222 97 1
222 144 1
222 145 1
222 193 1
223 10 1
223 11 1
223 12 1
223 38 1
223 95 1
223 98 1
223 99 1
223 143 1
223 146 1
223 194 1
224 39 1
224 58 1
224 146 1
224 193 1
224 222 1
225 13 1
225 40 1
225 148 1
225 150 1
225 181 1
226 61 1
226 101 1
226 129 1
226 195 1
226 196 1
227 61 1
227 129 1
227 195 1
227 196 1
227 226 1
228 61 1
228 101 1
228 129 1
228 195 1
228 196 1
228 226 1
228 227 1
230 103 1
230 104 1
230 156 1
230 198 1
231 0 1
231 17 1
231 20 1
231 62 1
231 102 1
231 105 1
231 106 1
231 155 1
231 197 1
231 199 1
232 45 1
232 46 1
232 63 1
232 107 1
232 182 1
233 47 1
233 64 1
233 111 1
233 112 1
233 160 1
233 161 1
233 200 1
234 21 1
234 22 1
234 23 1
234 110 1
234 113 1
234 114 1
234 162 1
235 47 1
235 64 1
235 162 1
235 200 1
235 233 1
236 24 1
236 48 1
236 163 1
236 164 1
236 167 1
236 183 1
237 27 1
237 34 1
237 81 1
237 127 1
237 135 1
237 138 1
237 139 1
237 170 1
238 67 1
238 130 1
238 203 1
238 204 1
239 67 1
239 130 1
239 203 1
239 238 1
240 67 1
240 130 1
240 203 1
240 204 1
240 238 1
240 239 1
241 119 1
241 120 1
241 172 1
241 205 1
242 119 1
242 120 1
242 172 1
243 15 1
243 29 1
243 50 1
243 118 1
243 171 1
243 206 1
244 53 1
244 123 1
244 184 1
245 54 1
245 174 1
245 207 1
246 30 1
246 55 1
246 178 1
246 185 1
247 2 1
247 3 1
247 4 1
247 33 1
247 131 1
247 134 1
247 136 1
247 186 1
247 188 1
248 2 1
248 3 1
248 4 1
248 33 1
248 78 1
248 131 1
248 134 1
248 186 1
248 188 1
248 209 1
248 247 1
249 1 1
249 2 1
249 3 1
249 4 1
249 89 1
249 131 1
249 134 1
249 191 1
249 192 1
249 209 1
249 210 1
249 248 1
250 84 1
250 85 1
250 140 1
250 190 1
250 217 1
250 218 1
251 11 1
251 38 1
251 58 1
251 95 1
251 96 1
251 97 1
251 98 1
251 144 1
251 222 1
252 10 1
252 11 1
252 12 1
252 38 1
252 95 1
252 98 1
252 99 1
252 143 1
252 144 1
252 151 1
252 223 1
253 13 1
253 40 1
253 145 1
253 147 1
253 148 1
253 181 1
253 225 1
254 14 1
254 59 1
254 60 1
254 94 1
254 100 1
254 143 1
254 149 1
254 151 1
255 40 1
255 150 1
255 194 1
255 225 1
256 60 1
256 94 1
257 103 1
257 104 1
257 156 1
257 198 1
257 230 1
258 106 1
258 157 1
258 158 1
258 199 1
259 21 1
259 22 1
259 23 1
259 110 1
259 113 1
259 159 1
259 168 1
259 234 1
260 24 1
260 25 1
260 48 1
260 65 1
260 161 1
260 163 1
260 164 1
260 165 1
260 183 1
260 236 1
261 66 1
261 109 1
261 115 1
261 159 1
261 166 1
261 168 1
262 48 1
262 114 1
262 162 1
262 167 1
262 183 1
262 202 1
262 236 1
263 26 1
263 66 1
263 109 1
264 119 1
264 120 1
264 172 1
264 205 1
264 241 1
265 30 1
265 55 1
265 125 1
265 174 1
265 175 1
265 176 1
265 185 1
265 246 1
266 31 1
266 68 1
266 69 1
266 124 1
266 126 1
266 173 1
266 177 1
266 179 1
267 55 1
267 175 1
267 178 1
267 208 1
267 246 1
268 32 1
268 69 1
268 124 1
268 173 1
269 3 1
269 4 1
269 5 1
269 33 1
269 79 1
269 186 1
269 247 1
269 248 1
270 6 1
270 8 1
270 19 1
270 35 1
270 44 1
270 83 1
270 102 1
270 136 1
270 137 1
270 138 1
270 139 1
270 155 1
270 189 1
270 219 1
271 41 1
271 85 1
271 140 1
271 142 1
271 218 1
271 250 1
272 7 1
272 8 1
272 35 1
272 71 1
272 90 1
272 92 1
272 93 1
272 135 1
272 138 1
272 139 1
272 140 1
272 141 1
272 142 1
272 170 1
272 218 1
272 220 1
273 10 1
273 11 1
273 12 1
273 38 1
273 39 1
273 98 1
273 99 1
273 144 1
273 146 1
273 147 1
273 193 1
273 222 1
273 223 1
273 224 1
273 251 1
274 14 1
274 40 1
274 41 1
274 59 1
274 94 1
274 149 1
274 211 1
275 10 1
275 12 1
275 99 1
275 150 1
275 151 1
275 194 1
275 223 1
275 255 1
276 10 1
276 14 1
276 60 1
276 94 1
276 95 1
276 100 1
276 143 1
276 149 1
276 151 1
276 252 1
276 254 1
276 256 1
277 61 1
277 101 1
277 129 1
277 152 1
277 195 1
277 196 1
277 226 1
277 227 1
277 228 1
278 17 1
278 19 1
278 44 1
278 51 1
278 102 1
278 118 1
278 154 1
278 155 1
278 171 1
278 197 1
278 199 1
278 231 1
278 270 1
279 103 1
279 104 1
279 156 1
279 158 1
279 257 1
280 18 1
280 19 1
280 44 1
280 106 1
280 108 1
280 137 1
280 153 1
280 155 1
280 156 1
280 158 1
280 258 1
281 22 1
281 23 1
281 47 1
281 114 1
281 162 1
281 200 1
281 234 1
281 235 1
282 24 1
282 25 1
282 48 1
282 49 1
282 65 1
282 109 1
282 166 1
282 201 1
282 212 1
283 21 1
283 22 1
283 23 1
283 48 1
283 114 1
283 162 1
283 167 1
283 168 1
283 202 1
283 262 1
284 21 1
284 66 1
284 109 1
284 110 1
284 115 1
284 159 1
284 166 1
284 168 1
284 259 1
284 261 1
284 263 1
285 67 1
285 130 1
285 203 1
285 204 1
285 238 1
285 239 1
285 240 1
286 8 1
286 29 1
286 35 1
286 51 1
286 81 1
286 83 1
286 92 1
286 118 1
286 138 1
286 139 1
286 169 1
286 170 1
286 171 1
286 243 1
286 270 1
286 278 1
287 56 1
287 119 1
287 120 1
287 172 1
287 241 1
287 242 1
288 31 1
288 55 1
288 56 1
288 68 1
288 124 1
288 177 1
288 213 1
289 178 1
289 179 1
289 208 1
289 267 1
290 31 1
290 69 1
290 124 1
290 126 1
290 173 1
290 177 1
290 179 1
290 266 1
290 268 1
291 38 1
291 74 1
291 85 1
291 95 1
291 96 1
291 97 1
291 143 1
291 144 1
291 211 1
291 222 1
292 25 1
292 64 1
292 75 1
292 110 1
292 111 1
292 112 1
292 160 1
292 201 1
292 212 1
292 233 1
293 1 1
293 2 1
293 3 1
293 4 1
293 89 1
293 153 1
293 191 1
293 214 1
293 247 1
294 78 1
294 131 1
294 132 1
294 133 1
294 188 1
294 209 1
295 41 1
295 85 1
295 140 1
295 211 1
295 217 1
295 218 1
295 250 1
295 271 1
295 291 1
296 14 1
296 41 1
296 59 1
296 60 1
296 74 1
296 94 1
296 143 1
296 149 1
296 151 1
296 211 1
296 254 1
296 256 1
296 274 1
296 276 1
297 58 1
297 96 1
297 97 1
297 222 1
297 291 1
298 14 1
298 59 1
298 60 1
298 94 1
298 100 1
298 149 1
298 151 1
298 254 1
298 274 1
298 276 1
298 296 1
299 42 1
299 43 1
299 61 1
299 101 1
299 152 1
299 195 1
299 196 1
300 103 1
300 104 1
300 156 1
300 198 1
300 230 1
300 257 1
300 279 1
301 64 1
301 75 1
301 111 1
301 112 1
301 233 1
301 257 1
301 292 1
302 66 1
302 109 1
302 115 1
302 166 1
302 168 1
302 261 1
302 284 1
303 28 1
303 237 1
304 119 1
304 172 1
304 205 1
304 241 1
304 242 1
304 287 1
305 56 1
305 120 1
305 172 1
305 213 1
305 241 1
305 242 1
305 287 1
305 304 1
306 31 1
306 56 1
306 68 1
306 69 1
306 124 1
306 173 1
306 177 1
306 179 1
306 266 1
306 268 1
306 288 1
306 290 1
307 31 1
307 68 1
307 69 1
307 124 1
307 126 1
307 173 1
307 177 1
307 179 1
307 266 1
307 290 1
307 306 1
308 0 1
308 1 1
308 153 1
308 155 1
308 214 1
308 231 1
309 6 1
309 8 1
309 35 1
309 44 1
309 83 1
309 92 1
309 93 1
309 136 1
309 137 1
309 141 1
309 189 1
309 270 1
310 6 1
310 9 1
310 71 1
310 76 1
310 77 1
310 82 1
310 86 1
310 87 1
310 88 1
310 128 1
310 136 1
310 216 1
310 220 1
311 1 1
311 2 1
311 27 1
311 34 1
311 89 1
311 189 1
311 191 1
311 192 1
311 214 1
311 219 1
311 270 1
311 308 1
312 36 1
312 37 1
312 180 1
312 221 1
313 38 1
313 58 1
313 95 1
313 96 1
313 97 1
313 98 1
313 144 1
313 222 1
313 251 1
313 291 1
313 297 1
314 13 1
314 40 1
314 145 1
314 147 1
314 148 1
314 181 1
314 193 1
314 225 1
314 253 1
314 255 1
315 100 1
315 149 1
315 150 1
315 151 1
315 254 1
315 255 1
315 275 1
315 276 1
315 298 1
316 129 1
316 195 1
316 226 1
316 227 1
316 228 1
316 277 1
317 6 1
317 18 1
317 19 1
317 44 1
317 102 1
317 108 1
317 136 1
317 137 1
317 153 1
317 155 1
317 189 1
317 270 1
317 280 1
318 0 1
318 62 1
318 105 1
318 197 1
318 231 1
318 278 1
318 308 1
319 44 1
319 45 1
319 72 1
319 108 1
319 182 1
319 280 1
320 45 1
320 46 1
320 63 1
320 72 1
320 107 1
320 182 1
320 232 1
321 24 1
321 48 1
321 161 1
321 163 1
321 164 1
321 165 1
321 183 1
321 200 1
321 236 1
321 260 1
321 262 1
322 24 1
322 25 1
322 65 1
322 161 1
322 164 1
322 165 1
322 201 1
322 212 1
322 260 1
323 109 1
323 115 1
323 166 1
323 167 1
323 168 1
323 261 1
323 262 1
323 284 1
323 302 1
324 27 1
324 34 1
324 81 1
324 127 1
324 135 1
324 138 1
324 139 1
324 219 1
324 237 1
324 311 1
325 130 1
325 203 1
325 238 1
325 239 1
325 240 1
325 285 1
326 52 1
326 53 1
326 73 1
326 123 1
326 184 1
326 244 1
327 30 1
327 55 1
327 125 1
327 174 1
327 175 1
327 176 1
327 185 1
327 207 1
327 246 1
327 265 1
327 267 1
328 55 1
328 124 1
328 126 1
328 177 1
328 178 1
328 179 1
328 266 1
328 289 1
328 290 1
328 307 1
329 2 1
329 3 1
329 4 1
329 78 1
329 131 1
329 132 1
329 134 1
329 188 1
329 209 1
329 247 1
329 248 1
329 249 1
329 294 1
330 3 1
330 6 1
330 18 1
330 44 1
330 82 1
330 136 1
330 137 1
330 153 1
330 189 1
330 216 1
330 280 1
330 317 1
331 6 1
331 8 1
331 18 1
331 19 1
331 35 1
331 44 1
331 82 1
331 83 1
331 102 1
331 136 1
331 137 1
331 153 1
331 155 1
331 189 1
331 270 1
331 280 1
331 309 1
331 317 1
331 330 1
332 85 1
332 190 1
332 217 1
332 250 1
332 271 1
332 291 1
332 295 1
333 6 1
333 7 1
333 8 1
333 34 1
333 35 1
333 71 1
333 81 1
333 83 1
333 92 1
333 93 1
333 135 1
333 138 1
333 139 1
333 141 1
333 170 1
333 189 1
333 220 1
333 270 1
333 272 1
333 286 1
333 309 1
334 13 1
334 14 1
334 41 1
334 74 1
334 145 1
334 181 1
334 211 1
334 253 1
334 274 1
334 314 1
335 10 1
335 12 1
335 100 1
335 143 1
335 149 1
335 150 1
335 151 1
335 194 1
335 223 1
335 252 1
335 254 1
335 255 1
335 275 1
335 276 1
335 298 1
335 315 1
336 61 1
336 101 1
336 129 1
336 152 1
336 195 1
336 196 1
336 226 1
336 227 1
336 228 1
336 277 1
336 299 1
336 316 1
337 61 1
337 101 1
337 152 1
337 299 1
338 229 1
339 17 1
339 19 1
339 44 1
339 51 1
339 102 1
339 118 1
339 154 1
339 171 1
339 197 1
339 199 1
339 278 1
340 18 1
340 153 1
340 156 1
340 158 1
340 258 1
340 280 1
340 317 1
340 330 1
341 103 1
341 104 1
341 198 1
341 230 1
341 257 1
341 279 1
341 292 1
341 300 1
342 17 1
342 18 1
342 19 1
342 44 1
342 102 1
342 108 1
342 137 1
342 153 1
342 155 1
342 197 1
342 199 1
342 270 1
342 278 1
342 280 1
342 317 1
342 319 1
342 330 1
342 331 1
342 340 1
343 24 1
343 25 1
343 48 1
343 49 1
343 65 1
343 75 1
343 161 1
343 164 1
343 165 1
343 183 1
343 201 1
343 212 1
343 260 1
343 282 1
343 321 1
343 322 1
344 21 1
344 22 1
344 23 1
344 109 1
344 115 1
344 159 1
344 166 1
344 167 1
344 168 1
344 259 1
344 261 1
344 262 1
344 283 1
344 284 1
344 302 1
344 323 1
345 130 1
345 203 1
345 238 1
345 239 1
345 240 1
345 285 1
345 325 1
347 7 1
347 8 1
347 29 1
347 35 1
347 51 1
347 81 1
347 83 1
347 92 1
347 117 1
347 118 1
347 135 1
347 138 1
347 139 1
347 141 1
347 169 1
347 170 1
347 272 1
347 286 1
347 333 1
348 119 1
348 120 1
348 172 1
348 205 1
348 241 1
348 264 1
348 287 1
348 304 1
348 305 1
349 30 1
349 31 1
349 56 1
349 125 1
349 174 1
349 185 1
349 213 1
349 265 1
349 288 1
349 327 1
350 124 1
350 126 1
350 178 1
350 179 1
350 208 1
350 266 1
350 267 1
350 289 1
350 290 1
350 307 1
350 328 1
351 1 1
351 2 1
351 3 1
351 6 1
351 89 1
351 136 1
351 137 1
351 153 1
351 189 1
351 191 1
351 214 1
351 219 1
351 247 1
351 293 1
351 308 1
351 311 1
351 317 1
351 330 1
352 2 1
352 3 1
352 4 1
352 5 1
352 9 1
352 77 1
352 82 1
352 87 1
352 88 1
352 131 1
352 132 1
352 134 1
352 136 1
352 186 1
352 209 1
352 216 1
352 247 1
352 248 1
352 269 1
352 329 1
353 3 1
353 4 1
353 5 1
353 9 1
353 33 1
353 76 1
353 77 1
353 82 1
353 87 1
353 88 1
353 131 1
353 132 1
353 136 1
353 186 1
353 216 1
353 247 1
353 269 1
353 352 1
354 5 1
354 70 1
354 76 1
354 77 1
354 82 1
354 86 1
354 87 1
354 88 1
354 132 1
354 186 1
354 187 1
354 215 1
354 216 1
354 310 1
354 352 1
354 353 1
355 2 1
355 3 1
355 4 1
355 9 1
355 77 1
355 82 1
355 87 1
355 88 1
355 131 1
355 132 1
355 134 1
355 136 1
355 186 1
355 187 1
355 192 1
355 209 1
355 247 1
355 248 1
355 329 1
355 352 1
355 353 1
355 354 1
356 5 1
356 70 1
356 76 1
356 77 1
356 131 1
356 132 1
356 133 1
356 186 1
356 187 1
356 215 1
356 352 1
356 353 1
356 354 1
356 355 1
357 5 1
357 33 1
357 70 1
357 79 1
357 133 1
357 186 1
357 269 1
357 353 1
357 354 1
357 356 1
358 77 1
358 78 1
358 80 1
358 87 1
358 131 1
358 132 1
358 187 1
358 209 1
358 355 1
359 8 1
359 27 1
359 34 1
359 35 1
359 81 1
359 83 1
359 127 1
359 135 1
359 138 1
359 139 1
359 189 1
359 191 1
359 219 1
359 237 1
359 270 1
359 286 1
359 311 1
359 324 1
359 333 1
360 1 1
360 6 1
360 8 1
360 9 1
360 27 1
360 34 1
360 35 1
360 81 1
360 83 1
360 89 1
360 90 1
360 136 1
360 138 1
360 139 1
360 189 1
360 191 1
360 192 1
360 210 1
360 219 1
360 270 1
360 311 1
360 324 1
360 331 1
360 333 1
360 359 1
361 1 1
361 2 1
361 3 1
361 6 1
361 9 1
361 34 1
361 88 1
361 89 1
361 90 1
361 134 1
361 136 1
361 138 1
361 189 1
361 191 1
361 192 1
361 210 1
361 219 1
361 220 1
361 249 1
361 270 1
361 311 1
361 351 1
361 359 1
361 360 1
362 13 1
362 39 1
362 58 1
362 97 1
362 145 1
362 147 1
362 148 1
362 193 1
362 222 1
362 224 1
362 273 1
363 38 1
363 39 1
363 58 1
363 96 1
363 97 1
363 144 1
363 145 1
363 147 1
363 193 1
363 222 1
363 224 1
363 273 1
363 297 1
363 362 1
364 38 1
364 58 1
364 96 1
364 97 1
364 144 1
364 222 1
364 251 1
364 291 1
364 297 1
364 313 1
364 363 1
365 11 1
365 38 1
365 39 1
365 58 1
365 99 1
365 144 1
365 146 1
365 193 1
365 222 1
365 224 1
365 251 1
365 273 1
365 313 1
365 362 1
365 363 1
366 13 1
366 40 1
366 147 1
366 148 1
366 150 1
366 181 1
366 211 1
366 225 1
366 253 1
366 255 1
366 274 1
366 314 1
366 334 1
367 14 1
367 40 1
367 41 1
367 59 1
367 74 1
367 94 1
367 143 1
367 149 1
367 150 1
367 151 1
367 211 1
367 254 1
367 274 1
367 276 1
367 296 1
367 298 1
367 334 1
367 366 1
368 12 1
368 40 1
368 100 1
368 149 1
368 150 1
368 151 1
368 194 1
368 254 1
368 255 1
368 275 1
368 276 1
368 315 1
368 335 1
369 13 1
369 40 1
369 99 1
369 147 1
369 148 1
369 150 1
369 181 1
369 194 1
369 225 1
369 255 1
369 275 1
369 314 1
369 366 1
369 368 1
370 13 1
370 40 1
370 99 1
370 147 1
370 148 1
370 150 1
370 181 1
370 193 1
370 194 1
370 225 1
370 253 1
370 255 1
370 275 1
370 314 1
370 366 1
370 369 1
371 13 1
371 39 1
371 99 1
371 145 1
371 147 1
371 148 1
371 193 1
371 194 1
371 255 1
371 273 1
371 314 1
371 362 1
371 366 1
371 369 1
371 370 1
372 10 1
372 11 1
372 12 1
372 99 1
372 100 1
372 143 1
372 150 1
372 151 1
372 194 1
372 223 1
372 252 1
372 255 1
372 275 1
372 276 1
372 315 1
372 335 1
372 368 1
372 369 1
373 0 1
373 19 1
373 44 1
373 102 1
373 153 1
373 155 1
373 197 1
373 199 1
373 214 1
373 231 1
373 270 1
373 278 1
373 308 1
373 317 1
373 318 1
373 342 1
374 0 1
374 17 1
374 19 1
374 20 1
374 44 1
374 62 1
374 102 1
374 105 1
374 106 1
374 154 1
374 155 1
374 197 1
374 199 1
374 231 1
374 278 1
374 308 1
374 318 1
374 339 1
374 342 1
374 373 1
375 16 1
375 17 1
375 20 1
375 62 1
375 105 1
375 106 1
375 155 1
375 157 1
375 197 1
375 199 1
375 231 1
375 278 1
375 318 1
375 373 1
375 374 1
376 25 1
376 47 1
376 64 1
376 112 1
376 160 1
376 161 1
376 163 1
376 164 1
376 200 1
376 233 1
376 235 1
376 281 1
377 47 1
377 64 1
377 110 1
377 111 1
377 112 1
377 160 1
377 161 1
377 162 1
377 163 1
377 200 1
377 233 1
377 235 1
377 281 1
377 292 1
377 376 1
378 22 1
378 47 1
378 64 1
378 160 1
378 162 1
378 200 1
378 233 1
378 235 1
378 281 1
378 376 1
378 377 1
379 24 1
379 48 1
379 161 1
379 163 1
379 164 1
379 167 1
379 183 1
379 236 1
379 260 1
379 262 1
379 282 1
379 283 1
379 321 1
379 343 1
380 48 1
380 49 1
380 65 1
380 75 1
380 109 1
380 159 1
380 166 1
380 167 1
380 168 1
380 201 1
380 212 1
380 261 1
380 282 1
380 302 1
380 343 1
380 379 1
381 48 1
381 115 1
381 166 1
381 167 1
381 168 1
381 261 1
381 262 1
381 283 1
381 284 1
381 302 1
381 323 1
381 344 1
382 21 1
382 22 1
382 23 1
382 48 1
382 114 1
382 162 1
382 163 1
382 164 1
382 167 1
382 183 1
382 202 1
382 236 1
382 262 1
382 283 1
382 321 1
382 344 1
382 379 1
382 381 1
383 21 1
383 22 1
383 23 1
383 48 1
383 114 1
383 115 1
383 159 1
383 162 1
383 167 1
383 168 1
383 202 1
383 234 1
383 259 1
383 262 1
383 283 1
383 284 1
383 323 1
383 344 1
383 379 1
383 381 1
383 382 1
384 15 1
384 50 1
384 51 1
384 118 1
384 171 1
384 243 1
384 278 1
384 286 1
385 15 1
385 29 1
385 50 1
385 51 1
385 118 1
385 169 1
385 171 1
385 206 1
385 243 1
385 286 1
385 347 1
385 384 1
386 29 1
386 122 1
386 169 1
386 206 1
386 243 1
386 286 1
386 303 1
386 384 1
386 385 1
387 30 1
387 54 1
387 125 1
387 174 1
387 175 1
387 176 1
387 207 1
387 245 1
387 327 1
388 54 1
388 174 1
388 175 1
388 207 1
388 245 1
388 387 1
389 30 1
389 55 1
389 174 1
389 175 1
389 176 1
389 178 1
389 185 1
389 213 1
389 246 1
389 265 1
389 267 1
389 288 1
389 327 1
389 349 1
390 31 1
390 55 1
390 56 1
390 68 1
390 124 1
390 177 1
390 179 1
390 213 1
390 266 1
390 288 1
390 290 1
390 306 1
390 307 1
390 328 1
390 349 1
390 389 1
391 55 1
391 126 1
391 177 1
391 178 1
391 179 1
391 208 1
391 266 1
391 267 1
391 289 1
391 290 1
391 307 1
391 328 1
391 350 1
392 55 1
392 126 1
392 178 1
392 179 1
392 208 1
392 267 1
392 289 1
392 328 1
392 350 1
392 391 1
393 58 1
393 85 1
393 96 1
393 97 1
393 190 1
393 217 1
393 222 1
393 250 1
393 291 1
393 297 1
393 332 1
393 364 1
394 25 1
394 75 1
394 111 1
394 112 1
394 201 1
394 292 1
394 301 1
395 0 1
395 1 1
395 27 1
395 89 1
395 137 1
395 153 1
395 155 1
395 189 1
395 191 1
395 214 1
395 219 1
395 270 1
395 293 1
395 308 1
395 311 1
395 351 1
395 359 1
395 360 1
395 373 1
396 76 1
396 82 1
396 86 1
396 128 1
396 216 1
396 320 1
397 10 1
397 14 1
397 59 1
397 60 1
397 74 1
397 94 1
397 95 1
397 96 1
397 98 1
397 143 1
397 144 1
397 149 1
397 151 1
397 211 1
397 252 1
397 254 1
397 256 1
397 276 1
397 291 1
397 296 1
397 298 1
397 367 1
398 14 1
398 60 1
398 74 1
398 94 1
398 95 1
398 143 1
398 151 1
398 254 1
398 256 1
398 276 1
398 296 1
398 397 1
399 0 1
399 15 1
399 50 1
399 105 1
399 171 1
399 197 1
399 231 1
399 278 1
399 318 1
399 373 1
399 374 1
399 384 1
400 21 1
400 49 1
400 66 1
400 75 1
400 109 1
400 110 1
400 113 1
400 159 1
400 160 1
400 166 1
400 168 1
400 212 1
400 259 1
400 261 1
400 263 1
400 284 1
400 302 1
400 344 1
400 380 1
401 26 1
401 66 1
401 75 1
401 109 1
401 110 1
401 159 1
401 168 1
401 261 1
401 263 1
401 284 1
401 400 1
402 15 1
402 27 1
402 34 1
402 81 1
402 127 1
402 135 1
402 138 1
402 139 1
402 170 1
402 237 1
402 243 1
402 286 1
402 324 1
402 359 1
402 384 1
402 385 1
403 31 1
403 32 1
403 69 1
403 124 1
403 173 1
403 179 1
403 266 1
403 268 1
403 290 1
403 306 1
404 74 1
404 85 1
404 96 1
404 97 1
404 144 1
404 211 1
404 222 1
404 250 1
404 291 1
404 295 1
404 297 1
404 313 1
404 332 1
404 364 1
404 393 1
405 25 1
405 75 1
405 111 1
405 112 1
405 160 1
405 161 1
405 201 1
405 212 1
405 233 1
405 292 1
405 301 1
405 322 1
405 343 1
405 376 1
405 377 1
405 394 1
