# minsup
1
# graph
G_portein_file\Serine-proteases\1TE0.pdb
# node ID, label
0 A
1 A
2 A
3 A
4 A
5 A
6 A
7 A
8 A
9 A
10 A
11 A
12 A
13 A
14 A
15 A
16 A
17 A
18 A
19 A
20 A
21 A
22 A
23 A
24 A
25 A
26 A
27 A
28 A
29 A
30 D
31 D
32 D
33 D
34 D
35 D
36 D
37 D
38 D
39 D
40 D
41 D
42 D
43 D
44 E
45 E
46 E
47 E
48 F
49 F
50 F
51 F
52 F
53 F
54 F
55 F
56 G
57 G
58 G
59 G
60 G
61 G
62 G
63 G
64 G
65 G
66 G
67 G
68 G
69 G
70 G
71 G
72 G
73 G
74 G
75 G
76 G
77 G
78 G
79 G
80 G
81 G
82 G
83 H
84 H
85 H
86 H
87 H
88 I
89 I
90 I
91 I
92 I
93 I
94 I
95 I
96 I
97 I
98 I
99 I
100 I
101 I
102 I
103 I
104 I
105 I
106 I
107 I
108 I
109 I
110 I
111 I
112 I
113 I
114 I
115 I
116 I
117 I
118 I
119 I
120 I
121 I
122 I
123 I
124 I
125 I
126 K
127 K
128 K
129 K
130 K
131 K
132 L
133 L
134 L
135 L
136 L
137 L
138 L
139 L
140 L
141 L
142 L
143 L
144 L
145 L
146 L
147 L
148 L
149 L
150 L
151 L
152 L
153 L
154 L
155 L
156 L
157 L
158 M
159 M
160 M
161 M
162 M
163 M
164 N
165 N
166 N
167 N
168 N
169 N
170 N
171 N
172 N
173 N
174 N
175 N
176 N
177 N
178 N
179 N
180 N
181 N
182 N
183 N
184 P
185 P
186 P
187 P
188 P
189 P
190 P
191 P
192 P
193 P
194 P
195 P
196 Q
197 Q
198 Q
199 Q
200 Q
201 Q
202 Q
203 Q
204 Q
205 Q
206 R
207 R
208 R
209 R
210 R
211 R
212 R
213 R
214 R
215 R
216 R
217 R
218 R
219 R
220 S
221 S
222 S
223 S
224 S
225 S
226 S
227 S
228 S
229 S
230 S
231 S
232 S
233 S
234 S
235 S
236 T
237 T
238 T
239 T
240 T
241 T
242 T
243 T
244 T
245 T
246 T
247 T
248 T
249 T
250 T
251 T
252 V
253 V
254 V
255 V
256 V
257 V
258 V
259 V
260 V
261 V
262 V
263 V
264 V
265 V
266 V
267 V
268 V
269 V
270 V
271 V
272 V
273 V
274 V
275 V
276 V
277 V
278 V
279 V
280 Y
281 Y
282 Y
283 Y
284 Y
285 Y
# node ID1, node ID2, number of bounds
2 1 1
3 1 1
3 2 1
4 2 1
4 3 1
11 9 1
12 2 1
12 3 1
12 4 1
12 9 1
13 9 1
13 12 1
14 7 1
14 13 1
17 16 1
18 16 1
18 17 1
19 17 1
19 18 1
26 24 1
27 17 1
27 18 1
27 19 1
27 24 1
28 24 1
28 27 1
29 22 1
29 28 1
30 4 1
31 7 1
32 7 1
32 31 1
34 9 1
34 11 1
35 14 1
36 35 1
37 19 1
38 22 1
39 22 1
39 38 1
41 24 1
41 25 1
41 26 1
42 29 1
43 42 1
44 5 1
44 6 1
45 1 1
45 2 1
45 8 1
45 12 1
46 20 1
46 21 1
47 16 1
47 17 1
47 23 1
47 27 1
48 5 1
48 6 1
48 44 1
49 10 1
49 13 1
50 10 1
50 11 1
50 13 1
50 34 1
50 49 1
51 8 1
51 12 1
51 13 1
51 14 1
51 45 1
51 49 1
52 20 1
52 21 1
52 46 1
53 25 1
53 28 1
54 25 1
54 26 1
54 28 1
54 41 1
54 53 1
55 23 1
55 27 1
55 28 1
55 29 1
55 47 1
55 53 1
57 4 1
57 5 1
57 7 1
57 12 1
57 56 1
58 6 1
58 30 1
59 7 1
59 31 1
59 36 1
60 10 1
60 33 1
61 9 1
61 11 1
61 33 1
61 34 1
61 60 1
62 10 1
62 13 1
62 49 1
62 50 1
62 51 1
63 9 1
63 56 1
64 7 1
64 12 1
64 13 1
64 32 1
64 56 1
64 57 1
64 63 1
65 3 1
65 4 1
65 9 1
65 12 1
65 13 1
65 56 1
65 57 1
65 63 1
65 64 1
66 1 1
66 2 1
66 3 1
66 12 1
66 45 1
67 9 1
67 12 1
67 13 1
67 14 1
67 45 1
67 49 1
67 50 1
67 51 1
67 62 1
67 65 1
68 11 1
68 13 1
68 34 1
68 49 1
68 50 1
69 31 1
69 35 1
69 36 1
69 59 1
71 19 1
71 20 1
71 22 1
71 27 1
71 70 1
72 21 1
72 37 1
73 22 1
73 38 1
73 43 1
74 25 1
74 40 1
75 24 1
75 26 1
75 40 1
75 41 1
75 74 1
76 70 1
77 22 1
77 27 1
77 28 1
77 39 1
77 70 1
77 71 1
77 76 1
78 18 1
78 19 1
78 24 1
78 27 1
78 28 1
78 70 1
78 71 1
78 76 1
78 77 1
79 16 1
79 17 1
79 18 1
79 27 1
79 47 1
80 24 1
80 27 1
80 28 1
80 29 1
80 47 1
80 53 1
80 54 1
80 55 1
80 78 1
81 26 1
81 28 1
81 41 1
81 53 1
81 54 1
82 38 1
82 42 1
82 43 1
82 73 1
83 7 1
83 31 1
83 32 1
83 56 1
83 64 1
84 10 1
84 33 1
84 60 1
85 56 1
85 63 1
85 64 1
86 22 1
86 39 1
86 70 1
86 77 1
87 25 1
87 40 1
87 74 1
88 2 1
88 4 1
88 12 1
88 30 1
88 57 1
88 58 1
88 65 1
89 4 1
89 6 1
89 7 1
89 30 1
89 57 1
89 58 1
89 88 1
90 7 1
90 12 1
90 14 1
90 57 1
90 64 1
90 65 1
90 88 1
90 89 1
91 7 1
91 56 1
91 83 1
92 6 1
92 44 1
92 48 1
92 91 1
93 5 1
93 6 1
93 44 1
93 48 1
93 91 1
93 92 1
94 6 1
94 44 1
94 48 1
94 58 1
94 88 1
94 89 1
94 90 1
95 2 1
95 3 1
95 4 1
95 12 1
95 30 1
95 45 1
95 66 1
95 88 1
95 89 1
96 2 1
96 8 1
96 30 1
96 45 1
96 51 1
96 66 1
96 95 1
97 10 1
97 33 1
97 60 1
97 84 1
98 1 1
98 2 1
98 3 1
98 9 1
98 12 1
98 57 1
98 63 1
98 64 1
98 65 1
99 3 1
99 9 1
99 11 1
99 12 1
99 63 1
99 65 1
99 98 1
100 10 1
100 11 1
100 33 1
100 34 1
100 60 1
100 61 1
100 84 1
100 97 1
101 10 1
101 11 1
101 33 1
101 34 1
101 50 1
101 60 1
101 61 1
101 62 1
101 84 1
101 97 1
101 100 1
102 9 1
102 11 1
102 13 1
102 34 1
102 50 1
102 63 1
102 64 1
102 65 1
102 68 1
102 85 1
102 98 1
102 99 1
103 9 1
103 12 1
103 13 1
103 14 1
103 49 1
103 50 1
103 51 1
103 57 1
103 64 1
103 65 1
103 67 1
103 90 1
103 98 1
104 12 1
104 13 1
104 14 1
104 32 1
104 49 1
104 50 1
104 51 1
104 62 1
104 67 1
104 103 1
105 7 1
105 14 1
105 31 1
105 35 1
105 51 1
105 90 1
106 35 1
106 36 1
106 59 1
106 69 1
106 94 1
106 105 1
107 19 1
107 27 1
107 37 1
107 71 1
107 72 1
107 78 1
108 19 1
108 21 1
108 22 1
108 37 1
108 71 1
108 72 1
108 107 1
109 22 1
109 27 1
109 29 1
109 71 1
109 72 1
109 77 1
109 78 1
109 107 1
109 108 1
110 22 1
110 70 1
110 86 1
111 21 1
111 46 1
111 52 1
111 110 1
112 20 1
112 21 1
112 46 1
112 52 1
112 110 1
112 111 1
113 21 1
113 46 1
113 52 1
113 72 1
113 107 1
113 108 1
113 109 1
114 17 1
114 18 1
114 19 1
114 27 1
114 37 1
114 47 1
114 79 1
114 107 1
115 17 1
115 23 1
115 47 1
115 55 1
115 79 1
115 114 1
116 25 1
116 40 1
116 74 1
116 87 1
117 17 1
117 18 1
117 19 1
117 24 1
117 27 1
117 71 1
117 76 1
117 77 1
117 78 1
118 18 1
118 24 1
118 26 1
118 27 1
118 76 1
118 117 1
119 24 1
119 25 1
119 26 1
119 40 1
119 41 1
119 74 1
119 75 1
119 87 1
119 116 1
120 25 1
120 26 1
120 40 1
120 41 1
120 54 1
120 74 1
120 75 1
120 87 1
120 116 1
120 119 1
121 24 1
121 26 1
121 28 1
121 41 1
121 54 1
121 76 1
121 77 1
121 78 1
121 81 1
121 117 1
121 118 1
122 24 1
122 27 1
122 28 1
122 29 1
122 53 1
122 54 1
122 55 1
122 71 1
122 77 1
122 78 1
122 80 1
122 109 1
122 117 1
123 27 1
123 28 1
123 29 1
123 39 1
123 53 1
123 54 1
123 55 1
123 80 1
123 122 1
124 22 1
124 29 1
124 38 1
124 42 1
124 55 1
125 42 1
125 43 1
125 73 1
125 82 1
125 113 1
125 124 1
126 7 1
126 31 1
126 32 1
126 59 1
126 64 1
126 83 1
126 90 1
126 91 1
127 14 1
127 35 1
127 51 1
127 105 1
128 14 1
128 35 1
128 36 1
128 59 1
128 69 1
128 105 1
128 106 1
128 127 1
129 22 1
129 38 1
129 39 1
129 73 1
129 77 1
129 86 1
129 109 1
129 110 1
130 29 1
130 42 1
130 55 1
130 124 1
131 42 1
131 43 1
131 73 1
131 82 1
131 124 1
131 125 1
131 130 1
132 1 1
132 2 1
132 66 1
133 6 1
133 44 1
133 48 1
133 59 1
133 92 1
133 93 1
133 94 1
134 6 1
134 7 1
134 59 1
134 69 1
134 89 1
134 91 1
134 92 1
134 94 1
134 133 1
135 31 1
135 32 1
135 126 1
136 7 1
136 14 1
136 31 1
136 32 1
136 59 1
136 64 1
136 83 1
136 90 1
136 91 1
136 103 1
136 104 1
136 105 1
136 126 1
136 135 1
137 6 1
137 7 1
137 44 1
137 57 1
137 58 1
137 59 1
137 88 1
137 89 1
137 90 1
137 91 1
137 92 1
137 94 1
137 106 1
137 133 1
137 134 1
138 1 1
138 2 1
138 9 1
138 11 1
138 12 1
138 61 1
138 66 1
138 98 1
138 99 1
138 100 1
138 101 1
139 10 1
139 13 1
139 49 1
139 50 1
139 51 1
139 62 1
139 67 1
139 68 1
139 97 1
139 101 1
139 103 1
139 104 1
140 2 1
140 9 1
140 11 1
140 12 1
140 13 1
140 45 1
140 50 1
140 51 1
140 64 1
140 65 1
140 66 1
140 67 1
140 98 1
140 99 1
140 101 1
140 102 1
140 103 1
140 104 1
140 138 1
141 1 1
141 2 1
141 45 1
141 66 1
141 132 1
142 2 1
142 8 1
142 12 1
142 45 1
142 51 1
142 66 1
142 67 1
142 95 1
142 96 1
142 103 1
142 138 1
142 140 1
142 141 1
143 14 1
143 49 1
143 51 1
143 62 1
143 67 1
143 103 1
143 104 1
143 105 1
143 127 1
144 7 1
144 31 1
144 35 1
144 36 1
144 59 1
144 69 1
144 105 1
144 106 1
144 127 1
144 128 1
144 137 1
145 16 1
145 17 1
145 79 1
146 21 1
146 46 1
146 52 1
146 73 1
146 108 1
146 111 1
146 112 1
146 113 1
147 21 1
147 22 1
147 73 1
147 82 1
147 108 1
147 110 1
147 111 1
147 113 1
147 146 1
148 38 1
148 39 1
148 129 1
149 22 1
149 29 1
149 38 1
149 39 1
149 73 1
149 77 1
149 86 1
149 109 1
149 110 1
149 122 1
149 123 1
149 124 1
149 129 1
149 148 1
150 21 1
150 22 1
150 46 1
150 71 1
150 72 1
150 73 1
150 107 1
150 108 1
150 109 1
150 110 1
150 111 1
150 112 1
150 113 1
150 125 1
150 146 1
150 147 1
151 16 1
151 17 1
151 24 1
151 26 1
151 27 1
151 75 1
151 79 1
151 117 1
151 118 1
151 119 1
151 120 1
152 25 1
152 28 1
152 53 1
152 54 1
152 55 1
152 80 1
152 81 1
152 116 1
152 120 1
152 122 1
152 123 1
153 17 1
153 24 1
153 26 1
153 27 1
153 28 1
153 47 1
153 54 1
153 55 1
153 78 1
153 79 1
153 80 1
153 117 1
153 118 1
153 120 1
153 121 1
153 122 1
153 123 1
153 151 1
154 16 1
154 17 1
154 47 1
154 79 1
154 145 1
155 17 1
155 23 1
155 27 1
155 47 1
155 55 1
155 79 1
155 80 1
155 114 1
155 115 1
155 122 1
155 151 1
155 153 1
155 154 1
156 29 1
156 53 1
156 55 1
156 80 1
156 122 1
156 123 1
156 124 1
156 130 1
157 22 1
157 38 1
157 42 1
157 43 1
157 73 1
157 82 1
157 124 1
157 125 1
157 130 1
157 131 1
157 149 1
158 4 1
158 30 1
158 57 1
158 58 1
158 88 1
158 89 1
158 90 1
158 94 1
158 95 1
158 96 1
158 142 1
159 8 1
159 9 1
159 12 1
159 13 1
159 14 1
159 45 1
159 51 1
159 66 1
159 67 1
159 96 1
159 101 1
159 103 1
159 104 1
159 138 1
159 139 1
159 140 1
159 142 1
160 7 1
160 14 1
160 31 1
160 35 1
160 59 1
160 69 1
160 89 1
160 90 1
160 105 1
160 106 1
160 127 1
160 128 1
160 136 1
160 137 1
160 143 1
160 144 1
160 158 1
161 19 1
161 37 1
161 71 1
161 72 1
161 107 1
161 108 1
161 109 1
161 114 1
161 115 1
162 23 1
162 24 1
162 27 1
162 28 1
162 29 1
162 47 1
162 55 1
162 79 1
162 80 1
162 87 1
162 115 1
162 120 1
162 122 1
162 123 1
162 151 1
162 152 1
162 153 1
162 155 1
163 22 1
163 29 1
163 38 1
163 42 1
163 73 1
163 82 1
163 108 1
163 109 1
163 124 1
163 125 1
163 130 1
163 131 1
163 149 1
163 150 1
163 156 1
163 157 1
163 161 1
164 0 1
164 1 1
164 2 1
164 3 1
164 66 1
164 132 1
164 141 1
165 5 1
165 56 1
165 57 1
165 63 1
165 64 1
165 65 1
165 93 1
166 56 1
166 83 1
166 91 1
166 92 1
166 93 1
167 7 1
167 31 1
167 32 1
167 56 1
167 57 1
167 64 1
167 65 1
167 83 1
167 90 1
167 91 1
167 103 1
167 126 1
167 136 1
168 7 1
168 83 1
168 91 1
168 92 1
168 126 1
168 166 1
168 167 1
169 8 1
169 45 1
169 51 1
169 66 1
169 95 1
169 96 1
169 142 1
169 159 1
170 9 1
170 11 1
170 63 1
170 64 1
170 68 1
170 85 1
170 99 1
170 102 1
171 9 1
171 12 1
171 56 1
171 57 1
171 63 1
171 64 1
171 65 1
171 85 1
171 98 1
171 99 1
171 102 1
171 103 1
171 140 1
171 170 1
172 1 1
172 2 1
172 9 1
172 12 1
172 33 1
172 45 1
172 61 1
172 66 1
172 67 1
172 100 1
172 101 1
172 138 1
172 140 1
172 141 1
172 142 1
172 159 1
173 9 1
173 12 1
173 13 1
173 32 1
173 49 1
173 50 1
173 51 1
173 57 1
173 64 1
173 65 1
173 67 1
173 68 1
173 98 1
173 102 1
173 103 1
173 104 1
173 136 1
173 139 1
173 140 1
173 159 1
173 167 1
173 170 1
173 171 1
174 15 1
174 16 1
174 17 1
174 18 1
174 79 1
174 145 1
174 154 1
175 20 1
175 70 1
175 71 1
175 76 1
175 77 1
175 78 1
175 112 1
176 70 1
176 86 1
176 110 1
176 111 1
176 112 1
177 22 1
177 38 1
177 39 1
177 70 1
177 71 1
177 77 1
177 78 1
177 86 1
177 109 1
177 110 1
177 122 1
177 129 1
177 149 1
178 22 1
178 86 1
178 110 1
178 111 1
178 129 1
178 176 1
178 177 1
179 23 1
179 47 1
179 55 1
179 79 1
179 114 1
179 115 1
179 155 1
179 162 1
180 24 1
180 26 1
180 70 1
180 76 1
180 77 1
180 81 1
180 121 1
181 24 1
181 27 1
181 70 1
181 71 1
181 76 1
181 77 1
181 78 1
181 117 1
181 118 1
181 121 1
181 122 1
181 153 1
181 180 1
182 16 1
182 17 1
182 24 1
182 27 1
182 40 1
182 47 1
182 79 1
182 80 1
182 119 1
182 120 1
182 151 1
182 153 1
182 154 1
182 155 1
182 162 1
183 24 1
183 27 1
183 28 1
183 53 1
183 54 1
183 71 1
183 77 1
183 78 1
183 80 1
183 81 1
183 117 1
183 121 1
183 122 1
183 123 1
183 149 1
183 152 1
183 153 1
183 162 1
183 177 1
183 180 1
183 181 1
184 0 1
185 2 1
185 3 1
185 4 1
185 88 1
185 95 1
186 2 1
186 3 1
186 4 1
186 30 1
186 58 1
186 88 1
186 95 1
186 158 1
186 185 1
187 1 1
187 2 1
187 3 1
187 4 1
187 8 1
187 30 1
187 45 1
187 66 1
187 88 1
187 95 1
187 96 1
187 141 1
187 142 1
187 158 1
187 159 1
187 169 1
187 186 1
188 10 1
188 33 1
188 51 1
188 60 1
188 62 1
188 67 1
188 84 1
188 97 1
188 101 1
188 139 1
188 142 1
188 159 1
188 172 1
189 13 1
189 14 1
189 49 1
189 50 1
189 51 1
189 62 1
189 67 1
189 103 1
189 104 1
189 139 1
189 140 1
189 142 1
189 143 1
189 159 1
189 173 1
189 188 1
190 15 1
191 17 1
191 18 1
191 19 1
191 107 1
191 114 1
192 17 1
192 18 1
192 19 1
192 37 1
192 72 1
192 107 1
192 114 1
192 161 1
192 191 1
193 16 1
193 17 1
193 19 1
193 23 1
193 37 1
193 47 1
193 79 1
193 107 1
193 114 1
193 115 1
193 154 1
193 155 1
193 161 1
193 162 1
193 179 1
193 192 1
194 25 1
194 40 1
194 55 1
194 74 1
194 80 1
194 87 1
194 116 1
194 120 1
194 152 1
194 155 1
194 162 1
194 182 1
195 28 1
195 29 1
195 53 1
195 54 1
195 55 1
195 80 1
195 122 1
195 123 1
195 152 1
195 153 1
195 155 1
195 156 1
195 162 1
195 183 1
195 194 1
196 6 1
196 44 1
196 91 1
196 92 1
196 93 1
196 133 1
196 134 1
196 166 1
197 9 1
197 11 1
197 34 1
197 61 1
197 98 1
197 99 1
197 100 1
197 102 1
197 138 1
197 140 1
197 172 1
198 10 1
198 11 1
198 13 1
198 34 1
198 49 1
198 50 1
198 62 1
198 67 1
198 68 1
198 97 1
198 100 1
198 101 1
198 104 1
198 139 1
198 189 1
199 8 1
199 14 1
199 51 1
199 67 1
199 104 1
199 105 1
199 127 1
199 142 1
199 143 1
199 159 1
199 160 1
199 189 1
201 37 1
201 72 1
201 107 1
201 108 1
201 161 1
201 192 1
202 21 1
202 46 1
202 110 1
202 111 1
202 112 1
202 146 1
202 147 1
202 176 1
203 24 1
203 26 1
203 41 1
203 75 1
203 117 1
203 118 1
203 119 1
203 121 1
203 151 1
203 153 1
203 182 1
204 25 1
204 26 1
204 28 1
204 41 1
204 53 1
204 54 1
204 80 1
204 81 1
204 116 1
204 119 1
204 120 1
204 123 1
204 152 1
204 183 1
204 195 1
205 23 1
205 29 1
205 55 1
205 80 1
205 123 1
205 124 1
205 130 1
205 155 1
205 156 1
205 162 1
205 195 1
206 1 1
206 2 1
206 3 1
206 4 1
206 66 1
206 132 1
206 141 1
206 164 1
206 185 1
207 1 1
207 2 1
207 3 1
207 4 1
207 45 1
207 66 1
207 95 1
207 132 1
207 141 1
207 164 1
207 185 1
207 186 1
207 187 1
207 206 1
208 8 1
208 96 1
208 169 1
208 188 1
209 8 1
209 45 1
209 84 1
209 96 1
209 142 1
209 159 1
209 169 1
209 188 1
209 208 1
210 10 1
210 49 1
210 62 1
210 104 1
210 139 1
210 143 1
210 189 1
210 199 1
211 7 1
211 31 1
211 35 1
211 36 1
211 59 1
211 69 1
211 105 1
211 106 1
211 128 1
211 144 1
211 160 1
212 211 1
213 16 1
213 17 1
213 18 1
213 79 1
213 145 1
213 154 1
213 174 1
213 191 1
214 16 1
214 17 1
214 18 1
214 19 1
214 47 1
214 79 1
214 114 1
214 145 1
214 154 1
214 174 1
214 191 1
214 192 1
214 193 1
214 213 1
215 37 1
215 72 1
215 107 1
215 108 1
215 113 1
215 161 1
215 201 1
216 23 1
216 115 1
216 179 1
216 194 1
217 23 1
217 47 1
217 87 1
217 115 1
217 155 1
217 162 1
217 179 1
217 194 1
217 216 1
218 42 1
218 43 1
218 73 1
218 82 1
218 124 1
218 125 1
218 131 1
218 157 1
218 163 1
219 22 1
219 38 1
219 42 1
219 43 1
219 73 1
219 82 1
219 124 1
219 125 1
219 131 1
219 157 1
219 163 1
219 218 1
220 0 1
220 1 1
220 132 1
220 164 1
220 184 1
221 5 1
221 12 1
221 56 1
221 57 1
221 63 1
221 64 1
221 65 1
221 85 1
221 89 1
221 90 1
221 98 1
221 165 1
221 167 1
221 171 1
221 173 1
222 7 1
222 31 1
222 32 1
222 59 1
222 69 1
222 83 1
222 90 1
222 91 1
222 105 1
222 106 1
222 126 1
222 128 1
222 134 1
222 135 1
222 136 1
222 137 1
222 144 1
222 160 1
222 167 1
222 168 1
222 211 1
223 7 1
223 31 1
223 32 1
223 83 1
223 126 1
223 135 1
223 136 1
223 167 1
223 222 1
224 10 1
224 11 1
224 33 1
224 34 1
224 50 1
224 60 1
224 61 1
224 62 1
224 68 1
224 84 1
224 97 1
224 100 1
224 101 1
224 139 1
224 198 1
225 9 1
225 11 1
225 34 1
225 50 1
225 61 1
225 63 1
225 68 1
225 85 1
225 99 1
225 102 1
225 138 1
225 170 1
225 171 1
225 173 1
225 197 1
226 9 1
226 12 1
226 13 1
226 32 1
226 50 1
226 56 1
226 57 1
226 63 1
226 64 1
226 65 1
226 83 1
226 85 1
226 98 1
226 102 1
226 103 1
226 140 1
226 167 1
226 170 1
226 171 1
226 173 1
226 221 1
226 225 1
227 1 1
227 33 1
227 45 1
227 66 1
227 132 1
227 138 1
227 141 1
227 142 1
227 164 1
227 172 1
227 197 1
227 207 1
227 220 1
228 15 1
228 16 1
228 145 1
228 174 1
228 190 1
229 20 1
229 27 1
229 70 1
229 71 1
229 76 1
229 77 1
229 78 1
229 109 1
229 117 1
229 122 1
229 175 1
229 177 1
229 181 1
229 183 1
230 22 1
230 38 1
230 39 1
230 73 1
230 82 1
230 86 1
230 109 1
230 110 1
230 124 1
230 125 1
230 129 1
230 147 1
230 148 1
230 149 1
230 150 1
230 157 1
230 163 1
230 177 1
230 178 1
230 219 1
231 22 1
231 38 1
231 39 1
231 86 1
231 129 1
231 148 1
231 149 1
231 177 1
231 230 1
232 25 1
232 26 1
232 40 1
232 41 1
232 54 1
232 74 1
232 75 1
232 81 1
232 87 1
232 116 1
232 119 1
232 120 1
232 152 1
232 204 1
233 24 1
233 26 1
233 41 1
233 54 1
233 75 1
233 81 1
233 118 1
233 121 1
233 151 1
233 180 1
233 181 1
233 183 1
233 203 1
234 24 1
234 27 1
234 28 1
234 54 1
234 70 1
234 71 1
234 76 1
234 77 1
234 78 1
234 86 1
234 117 1
234 121 1
234 122 1
234 153 1
234 177 1
234 180 1
234 181 1
234 183 1
234 229 1
234 233 1
235 16 1
235 17 1
235 40 1
235 47 1
235 79 1
235 145 1
235 151 1
235 154 1
235 155 1
235 174 1
235 182 1
235 214 1
235 228 1
236 7 1
236 12 1
236 32 1
236 56 1
236 57 1
236 64 1
236 65 1
236 83 1
236 88 1
236 89 1
236 90 1
236 91 1
236 103 1
236 126 1
236 136 1
236 137 1
236 165 1
236 167 1
236 173 1
236 221 1
236 222 1
236 226 1
237 7 1
237 13 1
237 14 1
237 31 1
237 32 1
237 49 1
237 104 1
237 105 1
237 126 1
237 135 1
237 136 1
237 143 1
237 167 1
237 222 1
237 223 1
238 2 1
238 3 1
238 4 1
238 30 1
238 58 1
238 88 1
238 89 1
238 95 1
238 96 1
238 158 1
238 185 1
238 186 1
238 187 1
238 207 1
239 9 1
239 11 1
239 34 1
239 61 1
239 98 1
239 99 1
239 102 1
239 138 1
239 140 1
239 170 1
239 171 1
239 197 1
239 225 1
240 10 1
240 49 1
240 60 1
240 62 1
240 84 1
240 97 1
240 101 1
240 139 1
240 188 1
240 189 1
240 198 1
240 210 1
240 224 1
241 9 1
241 10 1
241 11 1
241 13 1
241 33 1
241 34 1
241 49 1
241 50 1
241 60 1
241 61 1
241 68 1
241 97 1
241 100 1
241 101 1
241 102 1
241 138 1
241 139 1
241 140 1
241 173 1
241 197 1
241 198 1
241 224 1
241 225 1
241 240 1
242 12 1
242 13 1
242 32 1
242 49 1
242 50 1
242 64 1
242 65 1
242 67 1
242 68 1
242 83 1
242 85 1
242 102 1
242 103 1
242 104 1
242 136 1
242 139 1
242 140 1
242 167 1
242 170 1
242 171 1
242 173 1
242 226 1
242 236 1
242 237 1
243 14 1
243 35 1
243 51 1
243 67 1
243 90 1
243 103 1
243 104 1
243 105 1
243 127 1
243 128 1
243 143 1
243 158 1
243 160 1
243 189 1
243 199 1
244 22 1
244 27 1
244 39 1
244 70 1
244 71 1
244 77 1
244 78 1
244 86 1
244 107 1
244 108 1
244 109 1
244 110 1
244 122 1
244 129 1
244 149 1
244 150 1
244 175 1
244 177 1
244 183 1
244 229 1
244 230 1
244 234 1
245 22 1
245 28 1
245 29 1
245 38 1
245 39 1
245 53 1
245 123 1
245 124 1
245 129 1
245 148 1
245 149 1
245 156 1
245 177 1
245 230 1
245 231 1
246 17 1
246 18 1
246 19 1
246 37 1
246 72 1
246 107 1
246 108 1
246 114 1
246 115 1
246 161 1
246 191 1
246 192 1
246 193 1
246 201 1
246 214 1
247 24 1
247 26 1
247 41 1
247 75 1
247 117 1
247 118 1
247 121 1
247 151 1
247 153 1
247 180 1
247 181 1
247 203 1
247 233 1
248 25 1
248 28 1
248 53 1
248 74 1
248 87 1
248 116 1
248 120 1
248 152 1
248 162 1
248 194 1
248 195 1
248 204 1
248 232 1
249 24 1
249 25 1
249 26 1
249 28 1
249 40 1
249 41 1
249 53 1
249 54 1
249 74 1
249 75 1
249 81 1
249 116 1
249 119 1
249 120 1
249 121 1
249 151 1
249 152 1
249 153 1
249 183 1
249 203 1
249 204 1
249 232 1
249 233 1
249 248 1
250 27 1
250 28 1
250 39 1
250 53 1
250 54 1
250 77 1
250 78 1
250 80 1
250 81 1
250 86 1
250 121 1
250 122 1
250 123 1
250 129 1
250 149 1
250 152 1
250 153 1
250 177 1
250 180 1
250 181 1
250 183 1
250 234 1
250 244 1
250 245 1
251 23 1
251 29 1
251 42 1
251 55 1
251 80 1
251 109 1
251 122 1
251 123 1
251 124 1
251 130 1
251 131 1
251 156 1
251 157 1
251 161 1
251 163 1
251 195 1
251 205 1
252 1 1
252 2 1
252 3 1
252 9 1
252 66 1
252 98 1
252 99 1
252 132 1
252 138 1
252 141 1
252 164 1
252 172 1
252 185 1
252 206 1
252 207 1
252 220 1
252 227 1
253 2 1
253 3 1
253 4 1
253 5 1
253 12 1
253 57 1
253 64 1
253 65 1
253 88 1
253 89 1
253 90 1
253 95 1
253 98 1
253 158 1
253 165 1
253 185 1
253 186 1
253 221 1
253 236 1
253 238 1
254 3 1
254 4 1
254 5 1
254 12 1
254 56 1
254 57 1
254 64 1
254 65 1
254 88 1
254 89 1
254 90 1
254 98 1
254 165 1
254 185 1
254 221 1
254 236 1
254 253 1
255 5 1
255 6 1
255 44 1
255 48 1
255 56 1
255 57 1
255 64 1
255 65 1
255 89 1
255 91 1
255 92 1
255 93 1
255 137 1
255 165 1
255 166 1
255 167 1
255 221 1
255 236 1
255 253 1
255 254 1
256 2 1
256 3 1
256 4 1
256 12 1
256 30 1
256 57 1
256 64 1
256 65 1
256 88 1
256 89 1
256 90 1
256 95 1
256 98 1
256 103 1
256 137 1
256 140 1
256 142 1
256 158 1
256 165 1
256 173 1
256 185 1
256 186 1
256 221 1
256 236 1
256 238 1
256 253 1
256 254 1
256 255 1
257 7 1
257 32 1
257 56 1
257 57 1
257 64 1
257 83 1
257 85 1
257 91 1
257 92 1
257 126 1
257 136 1
257 166 1
257 167 1
257 168 1
257 221 1
257 226 1
257 236 1
257 255 1
258 5 1
258 6 1
258 44 1
258 48 1
258 56 1
258 57 1
258 89 1
258 92 1
258 93 1
258 94 1
258 137 1
258 165 1
258 166 1
258 221 1
258 254 1
258 255 1
259 6 1
259 7 1
259 36 1
259 59 1
259 69 1
259 89 1
259 94 1
259 106 1
259 133 1
259 134 1
259 137 1
259 144 1
259 160 1
259 211 1
259 222 1
260 6 1
260 7 1
260 31 1
260 35 1
260 57 1
260 59 1
260 69 1
260 88 1
260 89 1
260 90 1
260 91 1
260 94 1
260 105 1
260 106 1
260 126 1
260 133 1
260 134 1
260 136 1
260 137 1
260 144 1
260 158 1
260 160 1
260 167 1
260 222 1
260 236 1
260 256 1
260 259 1
261 8 1
261 84 1
261 97 1
261 159 1
261 169 1
261 188 1
261 208 1
261 209 1
261 240 1
262 11 1
262 33 1
262 60 1
262 61 1
262 84 1
262 97 1
262 100 1
262 101 1
262 138 1
262 141 1
262 172 1
262 188 1
262 197 1
262 224 1
262 227 1
262 241 1
263 1 1
263 9 1
263 11 1
263 12 1
263 33 1
263 34 1
263 45 1
263 60 1
263 61 1
263 66 1
263 67 1
263 98 1
263 100 1
263 101 1
263 138 1
263 140 1
263 141 1
263 142 1
263 159 1
263 172 1
263 197 1
263 227 1
263 239 1
263 241 1
263 262 1
264 1 1
264 2 1
264 3 1
264 9 1
264 12 1
264 33 1
264 45 1
264 51 1
264 65 1
264 66 1
264 67 1
264 95 1
264 96 1
264 98 1
264 103 1
264 138 1
264 140 1
264 141 1
264 142 1
264 159 1
264 172 1
264 173 1
264 187 1
264 197 1
264 227 1
264 252 1
264 262 1
264 263 1
265 31 1
265 35 1
265 36 1
265 59 1
265 69 1
265 105 1
265 106 1
265 127 1
265 128 1
265 135 1
265 144 1
265 160 1
265 211 1
265 212 1
265 222 1
265 223 1
265 237 1
266 16 1
266 17 1
266 18 1
266 24 1
266 79 1
266 117 1
266 118 1
266 145 1
266 151 1
266 154 1
266 174 1
266 182 1
266 191 1
266 213 1
266 214 1
266 228 1
266 235 1
267 17 1
267 18 1
267 19 1
267 20 1
267 27 1
267 71 1
267 77 1
267 78 1
267 107 1
267 108 1
267 109 1
267 114 1
267 117 1
267 161 1
267 175 1
267 191 1
267 192 1
267 229 1
267 246 1
268 18 1
268 19 1
268 20 1
268 27 1
268 70 1
268 71 1
268 77 1
268 78 1
268 107 1
268 108 1
268 109 1
268 117 1
268 175 1
268 191 1
268 229 1
268 244 1
268 267 1
269 20 1
269 21 1
269 46 1
269 52 1
269 70 1
269 71 1
269 77 1
269 78 1
269 108 1
269 110 1
269 111 1
269 112 1
269 150 1
269 175 1
269 176 1
269 177 1
269 229 1
269 244 1
269 267 1
269 268 1
270 17 1
270 18 1
270 19 1
270 27 1
270 37 1
270 71 1
270 72 1
270 77 1
270 78 1
270 107 1
270 108 1
270 109 1
270 114 1
270 117 1
270 122 1
270 150 1
270 155 1
270 161 1
270 175 1
270 191 1
270 192 1
270 229 1
270 244 1
270 246 1
270 267 1
270 268 1
270 269 1
271 22 1
271 39 1
271 70 1
271 71 1
271 77 1
271 86 1
271 110 1
271 111 1
271 129 1
271 149 1
271 176 1
271 177 1
271 178 1
271 229 1
271 234 1
271 244 1
271 269 1
272 20 1
272 21 1
272 46 1
272 52 1
272 70 1
272 71 1
272 108 1
272 111 1
272 112 1
272 113 1
272 150 1
272 175 1
272 176 1
272 229 1
272 268 1
272 269 1
273 21 1
273 22 1
273 43 1
273 73 1
273 82 1
273 108 1
273 113 1
273 125 1
273 146 1
273 147 1
273 150 1
273 157 1
273 163 1
273 218 1
273 219 1
273 230 1
274 21 1
274 22 1
274 38 1
274 42 1
274 71 1
274 73 1
274 82 1
274 107 1
274 108 1
274 109 1
274 110 1
274 113 1
274 124 1
274 125 1
274 129 1
274 146 1
274 147 1
274 149 1
274 150 1
274 157 1
274 161 1
274 163 1
274 177 1
274 219 1
274 230 1
274 244 1
274 270 1
274 273 1
275 23 1
275 87 1
275 162 1
275 179 1
275 194 1
275 216 1
275 217 1
275 248 1
276 26 1
276 40 1
276 74 1
276 75 1
276 87 1
276 116 1
276 119 1
276 120 1
276 151 1
276 154 1
276 182 1
276 203 1
276 232 1
276 235 1
276 249 1
277 16 1
277 24 1
277 26 1
277 27 1
277 40 1
277 41 1
277 47 1
277 74 1
277 75 1
277 79 1
277 80 1
277 117 1
277 119 1
277 120 1
277 151 1
277 153 1
277 154 1
277 155 1
277 162 1
277 182 1
277 203 1
277 235 1
277 247 1
277 249 1
277 276 1
278 16 1
278 17 1
278 18 1
278 24 1
278 27 1
278 47 1
278 55 1
278 78 1
278 79 1
278 80 1
278 114 1
278 115 1
278 117 1
278 122 1
278 151 1
278 153 1
278 154 1
278 155 1
278 162 1
278 182 1
278 193 1
278 203 1
278 214 1
278 235 1
278 266 1
278 276 1
278 277 1
279 38 1
279 42 1
279 43 1
279 73 1
279 82 1
279 124 1
279 125 1
279 130 1
279 131 1
279 148 1
279 157 1
279 163 1
279 218 1
279 219 1
279 230 1
279 231 1
280 0 1
280 1 1
280 66 1
280 132 1
280 138 1
280 141 1
280 164 1
280 172 1
280 184 1
280 197 1
280 206 1
280 220 1
280 227 1
280 252 1
280 262 1
280 263 1
281 5 1
281 6 1
281 44 1
281 56 1
281 57 1
281 91 1
281 92 1
281 93 1
281 165 1
281 166 1
281 196 1
281 221 1
281 254 1
281 255 1
281 257 1
281 258 1
282 6 1
282 30 1
282 58 1
282 88 1
282 89 1
282 90 1
282 94 1
282 106 1
282 133 1
282 134 1
282 137 1
282 158 1
282 160 1
282 238 1
282 256 1
282 259 1
282 260 1
283 15 1
283 16 1
283 79 1
283 145 1
283 151 1
283 154 1
283 174 1
283 182 1
283 190 1
283 203 1
283 213 1
283 228 1
283 235 1
283 266 1
283 276 1
283 277 1
284 20 1
284 21 1
284 46 1
284 70 1
284 110 1
284 111 1
284 112 1
284 175 1
284 176 1
284 202 1
284 229 1
284 268 1
284 269 1
284 271 1
284 272 1
285 21 1
285 37 1
285 72 1
285 107 1
285 108 1
285 109 1
285 113 1
285 125 1
285 146 1
285 147 1
285 150 1
285 161 1
285 163 1
285 201 1
285 215 1
285 246 1
285 270 1
285 273 1
285 274 1
