# minsup
1
# graph
G_portein_file\Serine-proteases\1VCW.pdb
# node ID, label
0 A
1 A
2 A
3 A
4 A
5 A
6 A
7 A
8 A
9 A
10 A
11 A
12 A
13 A
14 A
15 A
16 A
17 A
18 A
19 A
20 A
21 A
22 A
23 D
24 D
25 D
26 D
27 D
28 D
29 D
30 D
31 D
32 D
33 D
34 D
35 D
36 D
37 D
38 D
39 D
40 E
41 E
42 E
43 E
44 E
45 E
46 E
47 E
48 E
49 E
50 E
51 E
52 E
53 E
54 E
55 F
56 F
57 G
58 G
59 G
60 G
61 G
62 G
63 G
64 G
65 G
66 G
67 G
68 G
69 G
70 G
71 G
72 G
73 G
74 G
75 G
76 G
77 G
78 G
79 G
80 G
81 G
82 G
83 G
84 G
85 G
86 G
87 G
88 G
89 G
90 G
91 H
92 H
93 I
94 I
95 I
96 I
97 I
98 I
99 I
100 I
101 I
102 I
103 I
104 I
105 I
106 I
107 I
108 I
109 I
110 I
111 I
112 I
113 I
114 I
115 I
116 I
117 I
118 I
119 I
120 I
121 I
122 I
123 I
124 I
125 I
126 I
127 K
128 K
129 K
130 K
131 K
132 L
133 L
134 L
135 L
136 L
137 L
138 L
139 L
140 L
141 L
142 L
143 L
144 L
145 L
146 L
147 L
148 L
149 L
150 L
151 L
152 L
153 L
154 L
155 L
156 M
157 M
158 M
159 N
160 N
161 N
162 N
163 N
164 N
165 N
166 N
167 N
168 N
169 N
170 N
171 N
172 N
173 N
174 N
175 N
176 N
177 N
178 N
179 N
180 N
181 N
182 N
183 N
184 N
185 P
186 P
187 P
188 P
189 P
190 P
191 P
192 P
193 P
194 P
195 P
196 P
197 P
198 P
199 P
200 P
201 P
202 P
203 P
204 P
205 P
206 P
207 P
208 P
209 P
210 Q
211 Q
212 Q
213 Q
214 Q
215 Q
216 Q
217 Q
218 Q
219 Q
220 Q
221 Q
222 Q
223 Q
224 Q
225 Q
226 Q
227 Q
228 Q
229 Q
230 Q
231 R
232 R
233 R
234 R
235 R
236 R
237 R
238 R
239 R
240 R
241 R
242 R
243 R
244 S
245 S
246 S
247 S
248 S
249 S
250 S
251 S
252 S
253 S
254 S
255 S
256 S
257 S
258 S
259 S
260 S
261 S
262 S
263 T
264 T
265 T
266 T
267 T
268 T
269 T
270 T
271 T
272 T
273 T
274 T
275 T
276 T
277 T
278 T
279 T
280 T
281 T
282 V
283 V
284 V
285 V
286 V
287 V
288 V
289 V
290 V
291 V
292 V
293 V
294 V
295 V
296 V
297 V
298 V
299 V
300 V
301 V
302 V
303 V
304 V
305 V
306 V
307 V
308 V
309 V
310 V
311 V
312 V
313 V
314 V
315 V
316 Y
317 Y
318 Y
319 Y
320 Y
321 Y
322 Y
# node ID1, node ID2, number of bounds
2 1 1
3 1 1
3 2 1
5 4 1
9 8 1
10 8 1
10 9 1
12 11 1
17 16 1
18 16 1
18 17 1
20 19 1
24 1 1
24 2 1
26 4 1
27 5 1
27 6 1
29 8 1
29 9 1
31 11 1
32 12 1
32 13 1
33 15 1
35 34 1
36 16 1
36 17 1
38 19 1
39 20 1
39 21 1
40 25 1
41 4 1
41 5 1
41 27 1
42 6 1
42 27 1
43 6 1
43 7 1
45 30 1
46 11 1
46 12 1
46 32 1
47 13 1
47 32 1
48 13 1
48 14 1
49 33 1
50 35 1
51 37 1
52 19 1
52 20 1
52 39 1
53 21 1
53 39 1
54 21 1
54 22 1
55 28 1
56 34 1
57 6 1
57 27 1
57 41 1
57 42 1
59 6 1
59 27 1
59 42 1
59 43 1
60 1 1
60 2 1
60 24 1
60 40 1
60 59 1
61 5 1
61 40 1
61 60 1
62 5 1
62 25 1
62 40 1
62 61 1
63 4 1
63 5 1
63 25 1
64 1 1
64 2 1
64 3 1
64 24 1
64 43 1
64 60 1
65 1 1
65 2 1
65 3 1
66 43 1
66 59 1
67 44 1
69 13 1
69 32 1
69 46 1
69 47 1
69 68 1
71 13 1
71 32 1
71 47 1
71 48 1
72 8 1
72 9 1
72 29 1
72 45 1
72 71 1
73 12 1
73 45 1
73 72 1
74 12 1
74 30 1
74 45 1
74 73 1
75 11 1
75 12 1
75 30 1
76 8 1
76 9 1
76 10 1
76 29 1
76 48 1
76 72 1
77 8 1
77 9 1
77 10 1
78 48 1
78 71 1
79 15 1
79 33 1
79 49 1
80 21 1
80 39 1
80 52 1
80 53 1
82 35 1
82 50 1
83 21 1
83 39 1
83 53 1
83 54 1
84 16 1
84 17 1
84 36 1
84 51 1
84 83 1
85 20 1
85 51 1
85 84 1
86 20 1
86 37 1
86 51 1
86 85 1
87 19 1
87 20 1
87 37 1
88 16 1
88 17 1
88 18 1
88 36 1
88 54 1
88 84 1
89 16 1
89 17 1
89 18 1
90 54 1
90 83 1
94 1 1
94 2 1
94 6 1
94 24 1
94 43 1
94 59 1
94 60 1
94 61 1
94 64 1
95 1 1
95 2 1
95 5 1
95 24 1
95 40 1
95 60 1
95 61 1
95 62 1
95 64 1
95 94 1
96 4 1
96 5 1
96 25 1
96 61 1
96 62 1
96 63 1
97 1 1
97 2 1
97 3 1
97 25 1
97 65 1
97 95 1
98 4 1
98 5 1
98 25 1
98 62 1
98 63 1
98 96 1
98 97 1
99 4 1
99 26 1
99 63 1
99 96 1
99 98 1
100 4 1
100 5 1
100 41 1
100 63 1
100 96 1
100 98 1
100 99 1
101 6 1
101 26 1
101 27 1
101 42 1
101 43 1
101 59 1
101 66 1
101 94 1
102 26 1
102 101 1
103 1 1
103 6 1
103 43 1
103 59 1
103 60 1
103 64 1
103 66 1
103 94 1
103 101 1
103 102 1
104 32 1
104 68 1
104 69 1
105 8 1
105 9 1
105 13 1
105 29 1
105 48 1
105 71 1
105 72 1
105 73 1
105 76 1
106 8 1
106 9 1
106 12 1
106 29 1
106 45 1
106 72 1
106 73 1
106 74 1
106 76 1
106 105 1
107 11 1
107 12 1
107 30 1
107 73 1
107 74 1
107 75 1
108 8 1
108 9 1
108 10 1
108 30 1
108 77 1
108 106 1
109 11 1
109 12 1
109 30 1
109 75 1
109 107 1
109 108 1
110 11 1
110 31 1
110 75 1
110 107 1
110 109 1
111 11 1
111 12 1
111 46 1
111 75 1
111 107 1
111 109 1
111 110 1
112 13 1
112 31 1
112 32 1
112 47 1
112 48 1
112 71 1
112 78 1
113 31 1
113 112 1
114 8 1
114 13 1
114 48 1
114 71 1
114 72 1
114 76 1
114 78 1
114 105 1
114 112 1
114 113 1
115 15 1
115 49 1
115 79 1
116 39 1
116 80 1
117 16 1
117 17 1
117 21 1
117 36 1
117 54 1
117 83 1
117 84 1
117 85 1
117 88 1
118 16 1
118 17 1
118 20 1
118 36 1
118 51 1
118 84 1
118 85 1
118 86 1
118 88 1
118 117 1
119 19 1
119 20 1
119 37 1
119 85 1
119 86 1
119 87 1
120 16 1
120 17 1
120 18 1
120 37 1
120 89 1
120 118 1
121 19 1
121 20 1
121 37 1
121 87 1
121 119 1
121 120 1
122 19 1
122 38 1
122 87 1
122 119 1
122 121 1
123 19 1
123 20 1
123 52 1
123 87 1
123 119 1
123 121 1
123 122 1
124 21 1
124 38 1
124 39 1
124 53 1
124 54 1
124 83 1
124 90 1
125 38 1
125 124 1
126 16 1
126 21 1
126 54 1
126 83 1
126 84 1
126 88 1
126 90 1
126 117 1
126 124 1
126 125 1
127 4 1
127 26 1
127 99 1
127 100 1
128 28 1
128 55 1
129 11 1
129 31 1
129 110 1
129 111 1
130 34 1
130 35 1
130 50 1
130 56 1
130 82 1
131 19 1
131 38 1
131 122 1
131 123 1
132 23 1
132 93 1
133 6 1
133 27 1
133 41 1
133 42 1
133 57 1
133 59 1
134 4 1
134 25 1
134 62 1
134 63 1
134 96 1
134 97 1
134 98 1
134 99 1
135 4 1
135 5 1
135 27 1
135 41 1
135 57 1
135 61 1
135 62 1
135 96 1
135 100 1
136 65 1
136 97 1
137 3 1
137 65 1
137 97 1
137 102 1
137 136 1
138 44 1
138 67 1
138 91 1
139 44 1
139 67 1
139 91 1
139 138 1
140 13 1
140 32 1
140 46 1
140 47 1
140 69 1
140 71 1
140 104 1
141 28 1
141 55 1
141 128 1
142 11 1
142 30 1
142 74 1
142 75 1
142 107 1
142 108 1
142 109 1
142 110 1
143 11 1
143 12 1
143 32 1
143 46 1
143 69 1
143 73 1
143 74 1
143 107 1
143 111 1
144 77 1
144 108 1
145 10 1
145 77 1
145 108 1
145 113 1
145 144 1
146 15 1
146 33 1
146 49 1
146 79 1
146 92 1
146 115 1
147 15 1
147 33 1
147 49 1
147 79 1
147 92 1
147 115 1
147 146 1
148 115 1
150 21 1
150 39 1
150 52 1
150 53 1
150 80 1
150 83 1
150 116 1
151 34 1
151 56 1
152 19 1
152 37 1
152 86 1
152 87 1
152 119 1
152 120 1
152 121 1
152 122 1
153 19 1
153 20 1
153 39 1
153 52 1
153 80 1
153 85 1
153 86 1
153 119 1
153 123 1
154 89 1
154 120 1
155 18 1
155 89 1
155 120 1
155 125 1
155 154 1
156 4 1
156 5 1
156 6 1
156 27 1
156 41 1
156 42 1
156 57 1
156 59 1
156 60 1
156 61 1
156 94 1
156 95 1
156 133 1
156 135 1
157 11 1
157 12 1
157 13 1
157 32 1
157 46 1
157 47 1
157 69 1
157 71 1
157 72 1
157 73 1
157 105 1
157 106 1
157 140 1
157 143 1
158 19 1
158 20 1
158 21 1
158 39 1
158 52 1
158 53 1
158 80 1
158 83 1
158 84 1
158 85 1
158 117 1
158 118 1
158 150 1
158 153 1
159 6 1
159 27 1
159 41 1
159 42 1
159 57 1
159 58 1
159 59 1
159 133 1
159 135 1
159 156 1
160 25 1
160 40 1
160 61 1
160 62 1
160 95 1
160 96 1
160 134 1
161 1 1
161 2 1
161 3 1
161 24 1
161 64 1
161 65 1
161 97 1
162 25 1
162 40 1
162 61 1
162 62 1
162 95 1
162 97 1
162 98 1
162 134 1
162 160 1
163 4 1
163 26 1
163 99 1
163 102 1
163 127 1
164 44 1
164 67 1
164 91 1
164 138 1
164 139 1
165 44 1
165 67 1
165 91 1
165 138 1
165 139 1
165 164 1
166 44 1
166 67 1
166 91 1
166 138 1
166 139 1
166 164 1
166 165 1
167 13 1
167 32 1
167 46 1
167 47 1
167 69 1
167 70 1
167 71 1
167 104 1
167 140 1
167 143 1
167 157 1
168 68 1
168 69 1
168 70 1
168 104 1
169 28 1
169 128 1
170 30 1
170 45 1
170 73 1
170 74 1
170 106 1
170 107 1
170 142 1
171 8 1
171 9 1
171 10 1
171 29 1
171 76 1
171 77 1
171 108 1
172 30 1
172 45 1
172 73 1
172 74 1
172 106 1
172 108 1
172 109 1
172 142 1
172 170 1
173 11 1
173 31 1
173 110 1
173 113 1
173 129 1
174 15 1
174 33 1
174 49 1
174 79 1
174 115 1
174 147 1
174 148 1
175 33 1
175 49 1
175 79 1
175 92 1
175 146 1
175 147 1
176 49 1
176 79 1
176 92 1
176 146 1
176 147 1
176 175 1
177 49 1
177 79 1
177 92 1
177 146 1
177 147 1
177 175 1
177 176 1
178 148 1
178 149 1
179 21 1
179 39 1
179 52 1
179 53 1
179 80 1
179 81 1
179 83 1
179 116 1
179 150 1
179 153 1
179 158 1
180 34 1
180 35 1
180 50 1
180 82 1
180 130 1
181 37 1
181 51 1
181 85 1
181 86 1
181 118 1
181 119 1
181 152 1
182 16 1
182 17 1
182 18 1
182 36 1
182 88 1
182 89 1
182 120 1
183 37 1
183 51 1
183 85 1
183 86 1
183 118 1
183 120 1
183 121 1
183 152 1
183 181 1
184 19 1
184 38 1
184 122 1
184 125 1
184 131 1
185 23 1
185 93 1
185 132 1
186 93 1
187 6 1
187 27 1
187 57 1
187 58 1
187 133 1
187 135 1
187 156 1
187 159 1
189 1 1
189 2 1
189 24 1
189 40 1
189 60 1
189 61 1
189 64 1
189 94 1
189 95 1
190 1 1
190 2 1
190 3 1
190 24 1
190 43 1
190 60 1
190 64 1
190 65 1
190 94 1
190 95 1
190 97 1
190 103 1
190 161 1
190 189 1
191 4 1
191 26 1
191 63 1
191 96 1
191 98 1
191 99 1
191 100 1
191 127 1
191 163 1
192 6 1
192 42 1
192 43 1
192 59 1
192 66 1
192 101 1
192 103 1
193 26 1
193 102 1
193 136 1
193 137 1
193 163 1
194 7 1
194 43 1
194 59 1
194 60 1
194 64 1
195 13 1
195 32 1
195 69 1
195 70 1
195 140 1
195 143 1
195 157 1
195 167 1
195 168 1
196 28 1
196 128 1
196 169 1
197 8 1
197 9 1
197 29 1
197 45 1
197 72 1
197 73 1
197 76 1
197 105 1
197 106 1
198 8 1
198 9 1
198 10 1
198 29 1
198 48 1
198 72 1
198 76 1
198 77 1
198 105 1
198 106 1
198 108 1
198 114 1
198 171 1
198 197 1
199 11 1
199 31 1
199 75 1
199 107 1
199 109 1
199 110 1
199 111 1
199 129 1
199 173 1
200 13 1
200 47 1
200 48 1
200 71 1
200 78 1
200 112 1
200 114 1
201 31 1
201 113 1
201 144 1
201 145 1
201 173 1
202 14 1
202 48 1
202 71 1
202 76 1
203 21 1
203 39 1
203 80 1
203 81 1
203 150 1
203 153 1
203 158 1
203 179 1
204 34 1
204 35 1
204 50 1
204 56 1
204 130 1
205 16 1
205 17 1
205 36 1
205 51 1
205 84 1
205 85 1
205 88 1
205 117 1
205 118 1
206 16 1
206 17 1
206 18 1
206 36 1
206 54 1
206 84 1
206 88 1
206 89 1
206 117 1
206 118 1
206 120 1
206 126 1
206 182 1
206 205 1
207 19 1
207 38 1
207 87 1
207 119 1
207 121 1
207 122 1
207 123 1
207 131 1
207 184 1
208 38 1
208 125 1
208 154 1
208 155 1
208 184 1
209 22 1
209 54 1
209 83 1
209 88 1
210 58 1
211 1 1
211 2 1
211 3 1
211 25 1
211 40 1
211 65 1
211 95 1
211 97 1
211 134 1
211 160 1
211 162 1
212 6 1
212 26 1
212 27 1
212 41 1
212 42 1
212 57 1
212 59 1
212 101 1
212 133 1
212 135 1
212 156 1
212 159 1
213 98 1
213 99 1
213 136 1
213 137 1
214 3 1
214 26 1
214 65 1
214 97 1
214 102 1
214 103 1
214 136 1
214 137 1
214 193 1
215 1 1
215 6 1
215 43 1
215 59 1
215 60 1
215 64 1
215 66 1
215 94 1
215 101 1
215 103 1
215 190 1
215 192 1
215 194 1
216 44 1
216 67 1
216 91 1
216 138 1
216 139 1
216 164 1
216 165 1
216 166 1
218 68 1
218 70 1
218 149 1
218 168 1
219 8 1
219 9 1
219 10 1
219 30 1
219 45 1
219 77 1
219 106 1
219 108 1
219 142 1
219 170 1
219 172 1
220 13 1
220 31 1
220 32 1
220 46 1
220 47 1
220 69 1
220 71 1
220 112 1
220 140 1
220 143 1
220 157 1
220 167 1
221 109 1
221 110 1
221 144 1
221 145 1
222 8 1
222 10 1
222 31 1
222 77 1
222 108 1
222 113 1
222 114 1
222 144 1
222 145 1
222 201 1
223 8 1
223 13 1
223 48 1
223 71 1
223 72 1
223 76 1
223 78 1
223 105 1
223 112 1
223 114 1
223 198 1
223 200 1
223 202 1
224 49 1
224 79 1
224 92 1
224 115 1
224 146 1
224 147 1
224 175 1
224 176 1
224 177 1
225 81 1
226 16 1
226 17 1
226 18 1
226 37 1
226 51 1
226 89 1
226 118 1
226 120 1
226 152 1
226 181 1
226 183 1
227 21 1
227 38 1
227 39 1
227 52 1
227 53 1
227 80 1
227 83 1
227 124 1
227 150 1
227 153 1
227 158 1
227 179 1
228 121 1
228 122 1
228 154 1
228 155 1
229 18 1
229 38 1
229 89 1
229 120 1
229 125 1
229 126 1
229 154 1
229 155 1
229 208 1
230 16 1
230 21 1
230 54 1
230 83 1
230 84 1
230 88 1
230 90 1
230 117 1
230 124 1
230 126 1
230 206 1
230 209 1
231 58 1
231 187 1
231 210 1
232 5 1
232 61 1
232 62 1
232 63 1
232 96 1
232 134 1
232 135 1
232 160 1
233 6 1
233 42 1
233 43 1
233 59 1
233 66 1
233 101 1
233 103 1
233 192 1
233 215 1
234 32 1
234 46 1
234 68 1
234 69 1
234 104 1
234 140 1
234 143 1
234 167 1
234 168 1
234 195 1
234 218 1
235 28 1
235 55 1
235 68 1
235 70 1
235 141 1
235 149 1
235 168 1
235 195 1
235 218 1
236 13 1
236 32 1
236 47 1
236 48 1
236 71 1
236 105 1
236 112 1
236 114 1
236 140 1
236 167 1
236 195 1
236 200 1
236 202 1
236 220 1
236 223 1
237 12 1
237 45 1
237 73 1
237 74 1
237 75 1
237 107 1
237 142 1
237 143 1
237 170 1
238 13 1
238 47 1
238 48 1
238 71 1
238 78 1
238 112 1
238 114 1
238 200 1
238 223 1
238 236 1
239 15 1
239 33 1
239 49 1
239 79 1
239 115 1
239 146 1
239 147 1
239 148 1
239 174 1
239 175 1
239 224 1
240 15 1
240 33 1
240 49 1
240 79 1
240 115 1
240 146 1
240 147 1
240 148 1
240 174 1
240 175 1
240 176 1
240 239 1
241 39 1
241 52 1
241 80 1
241 116 1
241 150 1
241 153 1
241 179 1
241 203 1
241 225 1
242 81 1
242 151 1
242 203 1
242 225 1
243 20 1
243 51 1
243 85 1
243 86 1
243 87 1
243 119 1
243 152 1
243 153 1
243 181 1
244 188 1
245 1 1
245 2 1
245 24 1
245 40 1
245 60 1
245 61 1
245 64 1
245 95 1
245 97 1
245 160 1
245 162 1
245 189 1
245 211 1
246 4 1
246 26 1
246 63 1
246 96 1
246 98 1
246 99 1
246 100 1
246 127 1
246 134 1
246 163 1
246 191 1
246 193 1
247 4 1
247 5 1
247 41 1
247 62 1
247 63 1
247 96 1
247 100 1
247 135 1
247 156 1
247 191 1
247 232 1
248 59 1
248 66 1
248 101 1
248 102 1
248 103 1
248 192 1
248 215 1
248 233 1
249 91 1
249 138 1
249 164 1
249 165 1
249 166 1
249 216 1
250 28 1
250 55 1
250 128 1
250 141 1
250 235 1
251 28 1
251 55 1
251 128 1
251 169 1
251 196 1
252 8 1
252 9 1
252 29 1
252 45 1
252 72 1
252 73 1
252 76 1
252 106 1
252 108 1
252 170 1
252 172 1
252 197 1
252 219 1
253 11 1
253 31 1
253 75 1
253 107 1
253 109 1
253 110 1
253 111 1
253 129 1
253 142 1
253 173 1
253 199 1
253 201 1
254 11 1
254 12 1
254 46 1
254 74 1
254 75 1
254 107 1
254 111 1
254 143 1
254 157 1
254 199 1
254 237 1
255 71 1
255 78 1
255 112 1
255 113 1
255 114 1
255 200 1
255 223 1
255 238 1
256 92 1
256 146 1
256 175 1
256 176 1
256 177 1
256 224 1
257 34 1
257 56 1
257 130 1
257 151 1
257 242 1
258 34 1
258 35 1
258 56 1
258 130 1
258 180 1
258 204 1
258 257 1
259 16 1
259 17 1
259 36 1
259 51 1
259 84 1
259 85 1
259 88 1
259 118 1
259 120 1
259 181 1
259 183 1
259 205 1
259 226 1
260 19 1
260 38 1
260 87 1
260 119 1
260 121 1
260 122 1
260 123 1
260 131 1
260 152 1
260 184 1
260 207 1
260 208 1
261 19 1
261 20 1
261 52 1
261 86 1
261 87 1
261 119 1
261 123 1
261 153 1
261 158 1
261 207 1
261 243 1
262 83 1
262 90 1
262 124 1
262 125 1
262 126 1
262 230 1
263 93 1
263 132 1
263 185 1
263 186 1
264 27 1
264 57 1
264 58 1
264 133 1
264 135 1
264 156 1
264 159 1
264 187 1
264 210 1
264 231 1
265 50 1
265 188 1
266 4 1
266 5 1
266 6 1
266 26 1
266 27 1
266 41 1
266 57 1
266 96 1
266 100 1
266 127 1
266 135 1
266 156 1
266 159 1
266 191 1
266 212 1
266 246 1
266 247 1
267 26 1
267 65 1
267 97 1
267 98 1
267 99 1
267 102 1
267 136 1
267 137 1
267 193 1
267 213 1
267 214 1
267 246 1
268 1 1
268 3 1
268 66 1
268 94 1
268 102 1
268 103 1
268 161 1
268 190 1
268 192 1
268 193 1
268 214 1
268 215 1
268 248 1
269 44 1
269 67 1
269 91 1
269 138 1
269 139 1
269 164 1
269 165 1
269 166 1
269 216 1
269 249 1
270 32 1
270 69 1
270 70 1
270 140 1
270 143 1
270 157 1
270 167 1
270 168 1
270 195 1
270 218 1
270 234 1
270 235 1
271 128 1
271 169 1
271 196 1
271 251 1
271 265 1
272 11 1
272 12 1
272 13 1
272 31 1
272 32 1
272 46 1
272 107 1
272 111 1
272 129 1
272 143 1
272 157 1
272 167 1
272 199 1
272 220 1
272 253 1
272 254 1
273 77 1
273 108 1
273 109 1
273 110 1
273 113 1
273 144 1
273 145 1
273 201 1
273 221 1
273 222 1
273 253 1
274 8 1
274 10 1
274 71 1
274 78 1
274 105 1
274 113 1
274 114 1
274 171 1
274 198 1
274 200 1
274 201 1
274 222 1
274 223 1
274 255 1
275 33 1
275 49 1
275 79 1
275 92 1
275 115 1
275 146 1
275 147 1
275 175 1
275 176 1
275 177 1
275 224 1
275 239 1
275 240 1
275 256 1
276 15 1
276 49 1
276 79 1
276 115 1
276 148 1
276 174 1
276 239 1
276 240 1
277 39 1
277 80 1
277 81 1
277 150 1
277 153 1
277 158 1
277 179 1
277 203 1
277 225 1
277 241 1
277 242 1
278 34 1
278 35 1
278 50 1
278 82 1
278 130 1
278 180 1
278 204 1
278 258 1
278 265 1
278 271 1
279 19 1
279 20 1
279 21 1
279 38 1
279 39 1
279 52 1
279 119 1
279 123 1
279 131 1
279 153 1
279 158 1
279 179 1
279 207 1
279 227 1
279 260 1
279 261 1
280 38 1
280 89 1
280 120 1
280 121 1
280 122 1
280 125 1
280 154 1
280 155 1
280 208 1
280 228 1
280 229 1
280 260 1
281 16 1
281 18 1
281 83 1
281 90 1
281 117 1
281 125 1
281 126 1
281 182 1
281 206 1
281 208 1
281 229 1
281 230 1
281 262 1
282 185 1
283 4 1
283 5 1
283 25 1
283 40 1
283 61 1
283 62 1
283 63 1
283 95 1
283 96 1
283 98 1
283 99 1
283 100 1
283 134 1
283 160 1
283 162 1
283 232 1
283 247 1
284 5 1
284 25 1
284 40 1
284 61 1
284 62 1
284 63 1
284 95 1
284 96 1
284 97 1
284 98 1
284 134 1
284 160 1
284 162 1
284 211 1
284 232 1
284 245 1
284 283 1
285 1 1
285 2 1
285 24 1
285 25 1
285 40 1
285 60 1
285 61 1
285 62 1
285 94 1
285 95 1
285 97 1
285 160 1
285 162 1
285 189 1
285 211 1
285 245 1
285 283 1
285 284 1
286 1 1
286 2 1
286 24 1
286 25 1
286 40 1
286 61 1
286 95 1
286 97 1
286 160 1
286 162 1
286 189 1
286 211 1
286 245 1
286 284 1
286 285 1
287 4 1
287 5 1
287 26 1
287 41 1
287 96 1
287 98 1
287 99 1
287 100 1
287 102 1
287 127 1
287 156 1
287 163 1
287 191 1
287 193 1
287 212 1
287 246 1
287 266 1
288 6 1
288 26 1
288 27 1
288 41 1
288 42 1
288 59 1
288 60 1
288 94 1
288 101 1
288 102 1
288 103 1
288 133 1
288 156 1
288 159 1
288 192 1
288 212 1
288 215 1
288 233 1
288 266 1
288 287 1
289 26 1
289 66 1
289 101 1
289 102 1
289 103 1
289 192 1
289 193 1
289 214 1
289 215 1
289 233 1
289 248 1
289 268 1
290 3 1
290 4 1
290 26 1
290 65 1
290 97 1
290 98 1
290 99 1
290 102 1
290 127 1
290 136 1
290 137 1
290 163 1
290 193 1
290 213 1
290 214 1
290 246 1
290 267 1
290 287 1
290 289 1
291 4 1
291 26 1
291 65 1
291 97 1
291 98 1
291 99 1
291 102 1
291 127 1
291 134 1
291 136 1
291 137 1
291 163 1
291 191 1
291 193 1
291 213 1
291 214 1
291 246 1
291 267 1
291 287 1
291 290 1
292 25 1
292 63 1
292 65 1
292 96 1
292 97 1
292 98 1
292 99 1
292 134 1
292 136 1
292 137 1
292 193 1
292 211 1
292 213 1
292 246 1
292 267 1
292 284 1
292 287 1
292 290 1
292 291 1
293 1 1
293 2 1
293 3 1
293 26 1
293 65 1
293 66 1
293 94 1
293 97 1
293 102 1
293 103 1
293 137 1
293 161 1
293 190 1
293 193 1
293 214 1
293 215 1
293 248 1
293 267 1
293 268 1
293 289 1
293 290 1
294 11 1
294 12 1
294 30 1
294 45 1
294 73 1
294 74 1
294 75 1
294 106 1
294 107 1
294 109 1
294 110 1
294 111 1
294 142 1
294 170 1
294 172 1
294 237 1
294 254 1
295 12 1
295 30 1
295 45 1
295 73 1
295 74 1
295 75 1
295 106 1
295 107 1
295 108 1
295 109 1
295 142 1
295 170 1
295 172 1
295 219 1
295 237 1
295 252 1
295 294 1
296 8 1
296 9 1
296 29 1
296 30 1
296 45 1
296 72 1
296 73 1
296 74 1
296 76 1
296 105 1
296 106 1
296 108 1
296 170 1
296 172 1
296 197 1
296 219 1
296 252 1
296 294 1
296 295 1
297 8 1
297 9 1
297 29 1
297 30 1
297 45 1
297 73 1
297 106 1
297 108 1
297 170 1
297 172 1
297 197 1
297 219 1
297 252 1
297 295 1
297 296 1
298 11 1
298 12 1
298 31 1
298 46 1
298 107 1
298 109 1
298 110 1
298 111 1
298 113 1
298 129 1
298 157 1
298 173 1
298 199 1
298 201 1
298 220 1
298 253 1
298 272 1
299 13 1
299 31 1
299 32 1
299 46 1
299 47 1
299 71 1
299 105 1
299 112 1
299 113 1
299 114 1
299 140 1
299 157 1
299 167 1
299 200 1
299 220 1
299 223 1
299 236 1
299 238 1
299 272 1
299 298 1
300 31 1
300 78 1
300 112 1
300 113 1
300 114 1
300 200 1
300 201 1
300 222 1
300 223 1
300 238 1
300 255 1
300 274 1
301 8 1
301 10 1
301 11 1
301 31 1
301 77 1
301 108 1
301 109 1
301 110 1
301 113 1
301 129 1
301 144 1
301 145 1
301 173 1
301 201 1
301 221 1
301 222 1
301 253 1
301 273 1
301 298 1
301 300 1
302 11 1
302 31 1
302 77 1
302 108 1
302 109 1
302 110 1
302 113 1
302 129 1
302 142 1
302 144 1
302 145 1
302 173 1
302 199 1
302 201 1
302 221 1
302 222 1
302 253 1
302 273 1
302 298 1
302 301 1
303 30 1
303 75 1
303 77 1
303 107 1
303 108 1
303 109 1
303 110 1
303 142 1
303 144 1
303 145 1
303 201 1
303 219 1
303 221 1
303 253 1
303 273 1
303 295 1
303 298 1
303 301 1
303 302 1
304 8 1
304 9 1
304 10 1
304 31 1
304 77 1
304 78 1
304 105 1
304 108 1
304 113 1
304 114 1
304 145 1
304 171 1
304 198 1
304 201 1
304 222 1
304 223 1
304 255 1
304 273 1
304 274 1
304 300 1
304 301 1
305 19 1
305 20 1
305 37 1
305 51 1
305 85 1
305 86 1
305 87 1
305 118 1
305 119 1
305 121 1
305 122 1
305 123 1
305 152 1
305 181 1
305 183 1
305 243 1
305 261 1
306 20 1
306 37 1
306 51 1
306 85 1
306 86 1
306 87 1
306 118 1
306 119 1
306 120 1
306 121 1
306 152 1
306 181 1
306 183 1
306 226 1
306 243 1
306 259 1
306 305 1
307 16 1
307 17 1
307 36 1
307 37 1
307 51 1
307 84 1
307 85 1
307 86 1
307 88 1
307 117 1
307 118 1
307 120 1
307 181 1
307 183 1
307 205 1
307 226 1
307 259 1
307 305 1
307 306 1
308 16 1
308 17 1
308 36 1
308 37 1
308 51 1
308 85 1
308 118 1
308 120 1
308 181 1
308 183 1
308 205 1
308 226 1
308 259 1
308 306 1
308 307 1
309 19 1
309 20 1
309 38 1
309 52 1
309 119 1
309 121 1
309 122 1
309 123 1
309 125 1
309 131 1
309 158 1
309 184 1
309 207 1
309 208 1
309 227 1
309 260 1
309 279 1
310 21 1
310 38 1
310 39 1
310 52 1
310 53 1
310 83 1
310 117 1
310 124 1
310 125 1
310 126 1
310 150 1
310 158 1
310 179 1
310 227 1
310 230 1
310 279 1
310 309 1
311 38 1
311 90 1
311 124 1
311 125 1
311 126 1
311 208 1
311 229 1
311 230 1
311 262 1
311 281 1
312 16 1
312 18 1
312 19 1
312 38 1
312 89 1
312 120 1
312 121 1
312 122 1
312 125 1
312 131 1
312 154 1
312 155 1
312 184 1
312 208 1
312 228 1
312 229 1
312 260 1
312 280 1
312 309 1
312 311 1
313 19 1
313 38 1
313 89 1
313 120 1
313 121 1
313 122 1
313 125 1
313 131 1
313 152 1
313 154 1
313 155 1
313 184 1
313 207 1
313 208 1
313 228 1
313 229 1
313 260 1
313 280 1
313 309 1
313 312 1
314 19 1
314 37 1
314 87 1
314 89 1
314 119 1
314 120 1
314 121 1
314 122 1
314 152 1
314 154 1
314 155 1
314 226 1
314 228 1
314 260 1
314 280 1
314 306 1
314 309 1
314 312 1
314 313 1
315 16 1
315 17 1
315 18 1
315 38 1
315 89 1
315 90 1
315 117 1
315 120 1
315 125 1
315 126 1
315 155 1
315 182 1
315 206 1
315 208 1
315 229 1
315 230 1
315 262 1
315 280 1
315 281 1
315 311 1
315 312 1
316 1 1
316 6 1
316 42 1
316 43 1
316 59 1
316 60 1
316 64 1
316 94 1
316 95 1
316 101 1
316 103 1
316 156 1
316 159 1
316 190 1
316 192 1
316 194 1
316 212 1
316 215 1
316 233 1
316 268 1
316 288 1
317 6 1
317 7 1
317 43 1
317 59 1
317 60 1
317 64 1
317 94 1
317 103 1
317 192 1
317 194 1
317 215 1
317 316 1
318 8 1
318 13 1
318 47 1
318 48 1
318 71 1
318 72 1
318 76 1
318 105 1
318 106 1
318 112 1
318 114 1
318 157 1
318 167 1
318 198 1
318 200 1
318 202 1
318 220 1
318 223 1
318 236 1
318 238 1
318 274 1
318 299 1
319 13 1
319 14 1
319 48 1
319 71 1
319 72 1
319 76 1
319 105 1
319 114 1
319 200 1
319 202 1
319 223 1
319 236 1
319 318 1
320 128 1
320 148 1
320 149 1
320 169 1
320 178 1
320 196 1
320 251 1
321 16 1
321 21 1
321 53 1
321 54 1
321 83 1
321 84 1
321 88 1
321 117 1
321 118 1
321 124 1
321 126 1
321 158 1
321 179 1
321 206 1
321 209 1
321 227 1
321 230 1
321 281 1
321 310 1
322 21 1
322 22 1
322 54 1
322 83 1
322 84 1
322 88 1
322 117 1
322 126 1
322 209 1
322 230 1
322 321 1
