# minsup
1
# graph
G_portein_file\Serine-proteases\2PZD.pdb
# node ID, label
0 A
1 A
2 A
3 A
4 A
5 A
6 A
7 A
8 A
9 A
10 A
11 A
12 A
13 A
14 D
15 D
16 D
17 D
18 D
19 D
20 E
21 E
22 E
23 E
24 E
25 E
26 E
27 E
28 E
29 E
30 E
31 E
32 F
33 F
34 F
35 G
36 G
37 G
38 G
39 G
40 G
41 G
42 G
43 G
44 G
45 G
46 G
47 G
48 G
49 H
50 H
51 H
52 H
53 H
54 H
55 I
56 I
57 I
58 I
59 I
60 I
61 I
62 I
63 I
64 I
65 I
66 I
67 I
68 I
69 K
70 K
71 L
72 L
73 L
74 L
75 L
76 L
77 L
78 L
79 L
80 L
81 L
82 L
83 L
84 L
85 L
86 L
87 L
88 L
89 L
90 L
91 L
92 L
93 M
94 M
95 M
96 M
97 M
98 M
99 M
100 M
101 N
102 N
103 P
104 P
105 P
106 P
107 P
108 P
109 P
110 P
111 P
112 P
113 P
114 Q
115 Q
116 Q
117 Q
118 Q
119 Q
120 Q
121 Q
122 Q
123 Q
124 Q
125 Q
126 R
127 R
128 R
129 R
130 R
131 R
132 R
133 R
134 R
135 R
136 R
137 S
138 S
139 S
140 S
141 S
142 S
143 S
144 S
145 S
146 T
147 T
148 T
149 T
150 T
151 T
152 T
153 T
154 T
155 T
156 T
157 T
158 V
159 V
160 V
161 V
162 V
163 V
164 V
165 V
166 V
167 V
168 V
169 V
170 V
171 V
172 V
173 V
174 V
175 V
176 V
177 V
178 V
179 V
180 W
181 W
182 W
183 W
184 Y
185 Y
186 Y
187 Y
188 Y
189 Y
# node ID1, node ID2, number of bounds
2 1 1
5 4 1
6 3 1
6 5 1
9 8 1
12 11 1
13 10 1
13 12 1
16 3 1
16 4 1
16 5 1
17 7 1
19 10 1
19 11 1
19 12 1
20 3 1
20 6 1
21 4 1
21 5 1
21 16 1
22 4 1
22 5 1
22 16 1
22 21 1
25 7 1
26 7 1
26 25 1
27 10 1
27 13 1
28 11 1
28 12 1
28 19 1
29 11 1
29 12 1
29 19 1
29 28 1
31 8 1
32 11 1
32 28 1
33 7 1
33 17 1
33 18 1
33 26 1
34 4 1
34 21 1
35 1 1
35 24 1
36 3 1
36 4 1
36 15 1
36 16 1
37 1 1
37 2 1
37 35 1
38 1 1
38 2 1
39 15 1
40 3 1
40 5 1
40 6 1
40 20 1
41 14 1
41 15 1
41 23 1
41 39 1
42 8 1
42 31 1
43 10 1
43 11 1
43 18 1
44 8 1
44 9 1
44 42 1
45 8 1
45 9 1
46 18 1
46 33 1
47 10 1
47 12 1
47 13 1
47 27 1
48 17 1
48 18 1
48 30 1
48 33 1
48 46 1
49 3 1
49 14 1
49 36 1
50 15 1
50 34 1
50 39 1
51 1 1
51 2 1
51 35 1
51 37 1
51 38 1
52 10 1
52 17 1
52 43 1
53 18 1
53 32 1
53 46 1
54 8 1
54 9 1
54 42 1
54 44 1
54 45 1
55 1 1
55 2 1
55 24 1
55 35 1
55 37 1
55 51 1
56 0 1
56 49 1
57 1 1
57 15 1
57 34 1
57 35 1
57 36 1
57 39 1
57 50 1
58 1 1
58 35 1
58 37 1
58 42 1
58 44 1
58 51 1
58 55 1
59 3 1
59 4 1
59 15 1
59 36 1
59 39 1
59 49 1
59 57 1
60 3 1
60 5 1
60 6 1
60 16 1
60 20 1
60 40 1
60 59 1
61 3 1
61 6 1
61 15 1
61 23 1
61 36 1
61 39 1
61 41 1
61 57 1
61 59 1
61 60 1
62 8 1
62 9 1
62 31 1
62 42 1
62 44 1
62 54 1
63 7 1
63 25 1
64 8 1
64 18 1
64 32 1
64 42 1
64 43 1
64 46 1
64 53 1
65 8 1
65 35 1
65 37 1
65 42 1
65 44 1
65 54 1
65 58 1
65 62 1
66 10 1
66 11 1
66 18 1
66 43 1
66 46 1
66 52 1
66 64 1
67 10 1
67 12 1
67 13 1
67 19 1
67 27 1
67 47 1
67 66 1
68 10 1
68 13 1
68 18 1
68 30 1
68 43 1
68 46 1
68 48 1
68 64 1
68 66 1
68 67 1
69 15 1
69 34 1
69 35 1
69 39 1
69 42 1
69 44 1
69 50 1
69 57 1
69 58 1
69 65 1
70 18 1
70 32 1
70 35 1
70 37 1
70 42 1
70 46 1
70 53 1
70 54 1
70 58 1
70 64 1
70 65 1
71 4 1
71 34 1
71 36 1
71 50 1
71 56 1
71 57 1
71 69 1
72 0 1
72 4 1
72 36 1
72 49 1
72 56 1
72 59 1
72 71 1
73 0 1
73 14 1
73 36 1
73 49 1
73 56 1
73 72 1
74 4 1
74 15 1
74 36 1
74 39 1
74 49 1
74 50 1
74 57 1
74 59 1
74 61 1
74 69 1
74 71 1
74 72 1
75 1 1
75 35 1
75 37 1
75 44 1
75 51 1
75 54 1
75 58 1
75 65 1
75 69 1
75 70 1
76 1 1
76 2 1
76 15 1
76 35 1
76 38 1
76 39 1
76 51 1
76 57 1
76 58 1
76 59 1
76 61 1
76 69 1
77 3 1
77 15 1
77 36 1
77 49 1
77 59 1
77 60 1
77 61 1
77 74 1
78 2 1
78 3 1
78 5 1
78 6 1
78 40 1
78 55 1
78 60 1
79 15 1
79 23 1
79 59 1
79 61 1
79 77 1
80 1 1
80 2 1
80 6 1
80 38 1
80 60 1
80 61 1
80 76 1
80 78 1
80 79 1
81 11 1
81 32 1
81 43 1
81 53 1
81 63 1
81 64 1
81 70 1
82 7 1
82 11 1
82 43 1
82 52 1
82 63 1
82 66 1
82 81 1
83 7 1
83 17 1
83 25 1
83 33 1
83 43 1
83 52 1
83 63 1
83 82 1
84 7 1
84 25 1
84 26 1
84 33 1
84 63 1
84 82 1
84 83 1
85 7 1
85 25 1
85 26 1
85 33 1
85 63 1
85 83 1
85 84 1
86 11 1
86 18 1
86 43 1
86 46 1
86 52 1
86 53 1
86 64 1
86 66 1
86 68 1
86 70 1
86 81 1
86 82 1
86 83 1
87 8 1
87 37 1
87 42 1
87 44 1
87 51 1
87 54 1
87 58 1
87 65 1
87 69 1
87 70 1
87 75 1
88 8 1
88 9 1
88 18 1
88 42 1
88 45 1
88 46 1
88 54 1
88 62 1
88 64 1
88 65 1
88 66 1
88 68 1
88 70 1
89 10 1
89 18 1
89 43 1
89 52 1
89 66 1
89 67 1
89 68 1
89 86 1
90 9 1
90 10 1
90 12 1
90 13 1
90 47 1
90 62 1
90 67 1
91 18 1
91 30 1
91 66 1
91 68 1
91 89 1
92 8 1
92 9 1
92 13 1
92 45 1
92 67 1
92 68 1
92 88 1
92 90 1
92 91 1
93 4 1
93 34 1
93 35 1
93 50 1
93 55 1
93 57 1
93 58 1
93 69 1
93 71 1
93 74 1
94 4 1
94 21 1
94 34 1
94 35 1
94 36 1
94 50 1
94 57 1
94 59 1
94 69 1
94 71 1
94 72 1
94 74 1
94 93 1
95 3 1
95 16 1
95 20 1
95 36 1
95 40 1
95 49 1
95 59 1
95 60 1
95 77 1
96 11 1
96 32 1
96 53 1
96 64 1
96 70 1
96 81 1
96 86 1
97 11 1
97 32 1
97 42 1
97 53 1
97 62 1
97 64 1
97 65 1
97 70 1
97 81 1
97 86 1
97 96 1
98 11 1
98 18 1
98 32 1
98 42 1
98 43 1
98 53 1
98 64 1
98 66 1
98 70 1
98 81 1
98 82 1
98 86 1
98 96 1
98 97 1
99 10 1
99 19 1
99 27 1
99 43 1
99 47 1
99 52 1
99 66 1
99 67 1
99 89 1
100 4 1
100 34 1
100 50 1
100 57 1
100 69 1
100 71 1
100 74 1
100 93 1
100 94 1
101 4 1
101 16 1
101 21 1
101 36 1
101 49 1
101 59 1
101 71 1
101 72 1
101 74 1
101 77 1
101 94 1
101 95 1
102 11 1
102 19 1
102 28 1
102 43 1
102 52 1
102 66 1
102 81 1
102 82 1
102 86 1
102 89 1
102 98 1
102 99 1
103 0 1
103 49 1
103 56 1
103 72 1
103 73 1
104 14 1
104 15 1
104 23 1
104 39 1
104 41 1
104 73 1
105 1 1
105 2 1
105 24 1
105 35 1
105 37 1
105 38 1
105 51 1
105 55 1
105 58 1
105 75 1
105 76 1
106 15 1
106 39 1
106 44 1
106 50 1
106 51 1
106 57 1
106 58 1
106 69 1
106 74 1
106 76 1
106 87 1
106 93 1
106 94 1
107 1 1
107 5 1
107 24 1
107 35 1
107 55 1
107 78 1
107 105 1
108 7 1
108 25 1
108 52 1
108 63 1
108 82 1
108 83 1
108 84 1
109 7 1
109 17 1
109 25 1
109 26 1
109 33 1
109 84 1
109 85 1
110 17 1
110 18 1
110 26 1
110 30 1
110 33 1
110 46 1
110 48 1
110 83 1
110 84 1
110 109 1
111 8 1
111 9 1
111 31 1
111 42 1
111 44 1
111 45 1
111 54 1
111 62 1
111 65 1
111 87 1
111 88 1
112 18 1
112 37 1
112 46 1
112 53 1
112 54 1
112 64 1
112 65 1
112 70 1
112 75 1
112 86 1
112 88 1
112 97 1
112 98 1
113 8 1
113 12 1
113 31 1
113 42 1
113 62 1
113 90 1
113 111 1
114 14 1
114 36 1
114 49 1
114 72 1
114 73 1
114 77 1
114 103 1
114 104 1
115 3 1
115 5 1
115 6 1
115 16 1
115 20 1
115 40 1
115 60 1
115 77 1
115 95 1
116 3 1
116 4 1
116 16 1
116 21 1
116 36 1
116 49 1
116 59 1
116 72 1
116 77 1
116 95 1
116 101 1
116 114 1
116 115 1
117 5 1
117 6 1
117 22 1
117 40 1
117 60 1
117 78 1
117 107 1
118 5 1
118 6 1
118 40 1
118 60 1
118 78 1
118 107 1
118 117 1
119 3 1
119 6 1
119 15 1
119 20 1
119 40 1
119 59 1
119 60 1
119 61 1
119 77 1
119 78 1
119 79 1
119 80 1
119 95 1
119 115 1
120 7 1
120 17 1
120 25 1
120 26 1
120 33 1
120 63 1
120 83 1
120 84 1
120 85 1
120 109 1
120 110 1
121 10 1
121 12 1
121 13 1
121 19 1
121 27 1
121 47 1
121 67 1
121 89 1
121 99 1
122 10 1
122 11 1
122 19 1
122 28 1
122 43 1
122 52 1
122 66 1
122 82 1
122 89 1
122 99 1
122 102 1
122 121 1
123 12 1
123 13 1
123 29 1
123 47 1
123 90 1
123 113 1
124 12 1
124 13 1
124 31 1
124 47 1
124 67 1
124 90 1
124 113 1
124 123 1
125 10 1
125 13 1
125 18 1
125 27 1
125 47 1
125 66 1
125 67 1
125 68 1
125 89 1
125 90 1
125 91 1
125 92 1
125 99 1
125 121 1
126 1 1
126 2 1
126 37 1
126 38 1
126 51 1
126 55 1
126 58 1
126 75 1
126 76 1
126 80 1
126 105 1
127 1 1
127 2 1
127 15 1
127 38 1
127 39 1
127 44 1
127 50 1
127 51 1
127 57 1
127 58 1
127 69 1
127 74 1
127 76 1
127 87 1
127 106 1
127 126 1
128 5 1
128 16 1
128 22 1
128 107 1
128 117 1
129 3 1
129 14 1
129 15 1
129 23 1
129 36 1
129 39 1
129 41 1
129 59 1
129 61 1
129 74 1
129 77 1
129 79 1
129 104 1
129 119 1
130 15 1
130 23 1
130 39 1
130 41 1
130 59 1
130 61 1
130 76 1
130 79 1
130 104 1
130 106 1
130 127 1
130 129 1
131 7 1
131 25 1
131 26 1
131 33 1
131 83 1
131 84 1
131 85 1
131 109 1
131 120 1
132 8 1
132 9 1
132 42 1
132 44 1
132 45 1
132 54 1
132 62 1
132 65 1
132 87 1
132 88 1
132 92 1
132 111 1
133 8 1
133 9 1
133 18 1
133 37 1
133 45 1
133 46 1
133 53 1
133 54 1
133 64 1
133 65 1
133 70 1
133 75 1
133 86 1
133 88 1
133 112 1
133 132 1
134 12 1
134 19 1
134 29 1
134 113 1
134 123 1
135 10 1
135 17 1
135 18 1
135 30 1
135 33 1
135 43 1
135 46 1
135 48 1
135 66 1
135 68 1
135 86 1
135 89 1
135 91 1
135 110 1
135 125 1
136 18 1
136 30 1
136 33 1
136 46 1
136 48 1
136 66 1
136 68 1
136 88 1
136 91 1
136 110 1
136 112 1
136 133 1
136 135 1
137 0 1
137 36 1
137 49 1
137 56 1
137 71 1
137 72 1
137 73 1
137 101 1
137 103 1
137 114 1
137 116 1
138 0 1
138 56 1
138 72 1
138 73 1
138 103 1
138 137 1
139 1 1
139 2 1
139 24 1
139 35 1
139 37 1
139 38 1
139 51 1
139 55 1
139 58 1
139 65 1
139 70 1
139 75 1
139 76 1
139 87 1
139 105 1
139 107 1
139 126 1
140 5 1
140 24 1
140 78 1
140 107 1
140 117 1
140 118 1
140 128 1
141 7 1
141 25 1
141 43 1
141 52 1
141 63 1
141 81 1
141 82 1
141 83 1
141 102 1
141 108 1
141 122 1
142 7 1
142 25 1
142 63 1
142 82 1
142 83 1
142 84 1
142 108 1
142 120 1
142 141 1
143 17 1
143 26 1
143 33 1
143 48 1
143 84 1
143 85 1
143 109 1
143 110 1
143 120 1
143 131 1
144 8 1
144 9 1
144 31 1
144 42 1
144 44 1
144 45 1
144 54 1
144 58 1
144 62 1
144 65 1
144 69 1
144 75 1
144 87 1
144 88 1
144 111 1
144 113 1
144 132 1
145 12 1
145 31 1
145 90 1
145 113 1
145 123 1
145 124 1
145 134 1
146 4 1
146 21 1
146 34 1
146 36 1
146 49 1
146 56 1
146 57 1
146 59 1
146 71 1
146 72 1
146 73 1
146 74 1
146 94 1
146 100 1
146 101 1
146 103 1
146 116 1
146 137 1
147 5 1
147 22 1
147 78 1
147 107 1
147 117 1
147 118 1
147 128 1
147 140 1
148 15 1
148 23 1
148 41 1
148 59 1
148 61 1
148 77 1
148 79 1
148 119 1
148 129 1
148 130 1
149 2 1
149 3 1
149 6 1
149 38 1
149 40 1
149 59 1
149 60 1
149 61 1
149 76 1
149 77 1
149 78 1
149 79 1
149 80 1
149 119 1
149 129 1
149 148 1
150 1 1
150 2 1
150 6 1
150 24 1
150 55 1
150 78 1
150 105 1
150 107 1
150 117 1
150 118 1
150 126 1
150 139 1
150 140 1
151 32 1
151 81 1
151 96 1
151 98 1
152 11 1
152 28 1
152 32 1
152 43 1
152 52 1
152 63 1
152 64 1
152 66 1
152 81 1
152 82 1
152 83 1
152 86 1
152 96 1
152 98 1
152 102 1
152 108 1
152 122 1
152 141 1
152 151 1
153 12 1
153 29 1
153 90 1
153 113 1
153 123 1
153 124 1
153 134 1
153 145 1
154 18 1
154 30 1
154 48 1
154 66 1
154 68 1
154 89 1
154 91 1
154 125 1
154 135 1
154 136 1
155 9 1
155 10 1
155 13 1
155 45 1
155 47 1
155 66 1
155 67 1
155 68 1
155 88 1
155 89 1
155 90 1
155 91 1
155 92 1
155 125 1
155 135 1
155 154 1
156 8 1
156 9 1
156 13 1
156 31 1
156 62 1
156 90 1
156 111 1
156 113 1
156 123 1
156 124 1
156 132 1
156 144 1
156 145 1
157 34 1
157 71 1
157 94 1
157 100 1
157 146 1
158 1 1
158 34 1
158 35 1
158 50 1
158 51 1
158 55 1
158 57 1
158 58 1
158 65 1
158 69 1
158 71 1
158 74 1
158 75 1
158 76 1
158 93 1
158 94 1
158 105 1
158 106 1
158 127 1
158 139 1
159 14 1
159 36 1
159 41 1
159 49 1
159 72 1
159 73 1
159 77 1
159 104 1
159 114 1
159 129 1
160 3 1
160 4 1
160 15 1
160 16 1
160 21 1
160 36 1
160 39 1
160 49 1
160 50 1
160 57 1
160 59 1
160 61 1
160 71 1
160 72 1
160 74 1
160 77 1
160 93 1
160 94 1
160 101 1
160 116 1
160 137 1
160 146 1
161 1 1
161 35 1
161 37 1
161 39 1
161 44 1
161 50 1
161 51 1
161 55 1
161 57 1
161 58 1
161 65 1
161 69 1
161 75 1
161 76 1
161 87 1
161 93 1
161 94 1
161 105 1
161 106 1
161 127 1
161 139 1
161 144 1
161 158 1
162 3 1
162 15 1
162 36 1
162 39 1
162 41 1
162 49 1
162 50 1
162 57 1
162 59 1
162 61 1
162 71 1
162 72 1
162 74 1
162 76 1
162 77 1
162 94 1
162 104 1
162 106 1
162 119 1
162 127 1
162 129 1
162 130 1
162 146 1
162 148 1
162 159 1
162 160 1
163 3 1
163 4 1
163 5 1
163 16 1
163 20 1
163 21 1
163 36 1
163 40 1
163 49 1
163 59 1
163 60 1
163 72 1
163 77 1
163 95 1
163 101 1
163 115 1
163 116 1
163 119 1
163 146 1
163 160 1
163 162 1
164 3 1
164 4 1
164 5 1
164 16 1
164 21 1
164 22 1
164 59 1
164 60 1
164 78 1
164 94 1
164 101 1
164 116 1
164 128 1
164 160 1
164 163 1
165 5 1
165 16 1
165 21 1
165 22 1
165 24 1
165 55 1
165 60 1
165 78 1
165 107 1
165 117 1
165 118 1
165 128 1
165 140 1
165 147 1
165 150 1
165 164 1
166 1 1
166 2 1
166 3 1
166 5 1
166 6 1
166 20 1
166 40 1
166 59 1
166 60 1
166 61 1
166 76 1
166 77 1
166 78 1
166 79 1
166 80 1
166 115 1
166 118 1
166 119 1
166 149 1
166 162 1
166 163 1
166 164 1
167 1 1
167 2 1
167 6 1
167 24 1
167 38 1
167 51 1
167 55 1
167 76 1
167 78 1
167 80 1
167 105 1
167 107 1
167 117 1
167 118 1
167 126 1
167 139 1
167 140 1
167 149 1
167 150 1
167 165 1
167 166 1
168 8 1
168 11 1
168 28 1
168 32 1
168 42 1
168 62 1
168 97 1
168 98 1
168 113 1
168 134 1
169 8 1
169 32 1
169 42 1
169 53 1
169 54 1
169 58 1
169 62 1
169 64 1
169 65 1
169 70 1
169 81 1
169 86 1
169 87 1
169 88 1
169 97 1
169 98 1
169 111 1
169 112 1
169 133 1
169 144 1
169 168 1
170 17 1
170 33 1
170 43 1
170 52 1
170 82 1
170 83 1
170 89 1
170 108 1
170 110 1
170 135 1
170 141 1
171 10 1
171 11 1
171 18 1
171 19 1
171 28 1
171 43 1
171 46 1
171 52 1
171 53 1
171 64 1
171 66 1
171 68 1
171 81 1
171 82 1
171 86 1
171 89 1
171 97 1
171 98 1
171 102 1
171 122 1
171 141 1
171 152 1
172 8 1
172 37 1
172 42 1
172 44 1
172 46 1
172 53 1
172 54 1
172 58 1
172 62 1
172 64 1
172 65 1
172 70 1
172 75 1
172 87 1
172 88 1
172 97 1
172 98 1
172 111 1
172 112 1
172 133 1
172 139 1
172 144 1
172 161 1
172 169 1
173 10 1
173 18 1
173 33 1
173 43 1
173 46 1
173 48 1
173 52 1
173 53 1
173 64 1
173 66 1
173 68 1
173 81 1
173 82 1
173 86 1
173 88 1
173 89 1
173 98 1
173 110 1
173 112 1
173 125 1
173 133 1
173 135 1
173 136 1
173 152 1
173 154 1
173 170 1
173 171 1
174 10 1
174 11 1
174 12 1
174 19 1
174 27 1
174 28 1
174 43 1
174 47 1
174 52 1
174 66 1
174 67 1
174 89 1
174 99 1
174 102 1
174 121 1
174 122 1
174 125 1
174 152 1
174 171 1
174 173 1
175 10 1
175 11 1
175 12 1
175 19 1
175 28 1
175 29 1
175 66 1
175 67 1
175 90 1
175 98 1
175 102 1
175 122 1
175 134 1
175 168 1
175 171 1
175 174 1
176 12 1
176 19 1
176 28 1
176 29 1
176 31 1
176 62 1
176 67 1
176 90 1
176 113 1
176 123 1
176 124 1
176 134 1
176 145 1
176 153 1
176 156 1
176 168 1
176 175 1
177 8 1
177 9 1
177 10 1
177 12 1
177 13 1
177 27 1
177 47 1
177 66 1
177 67 1
177 68 1
177 88 1
177 89 1
177 90 1
177 91 1
177 92 1
177 121 1
177 124 1
177 125 1
177 135 1
177 155 1
177 173 1
177 174 1
177 175 1
178 8 1
178 9 1
178 13 1
178 31 1
178 45 1
178 54 1
178 62 1
178 88 1
178 90 1
178 92 1
178 111 1
178 113 1
178 123 1
178 124 1
178 132 1
178 144 1
178 145 1
178 155 1
178 156 1
178 176 1
178 177 1
179 1 1
179 4 1
179 21 1
179 34 1
179 35 1
179 55 1
179 93 1
179 94 1
179 107 1
179 128 1
179 158 1
179 161 1
179 164 1
179 165 1
180 32 1
180 63 1
180 81 1
180 96 1
180 151 1
180 152 1
181 11 1
181 32 1
181 42 1
181 53 1
181 62 1
181 64 1
181 70 1
181 81 1
181 96 1
181 97 1
181 98 1
181 168 1
181 169 1
181 172 1
182 34 1
182 56 1
182 71 1
182 100 1
182 146 1
182 157 1
183 4 1
183 34 1
183 35 1
183 50 1
183 55 1
183 57 1
183 69 1
183 71 1
183 93 1
183 94 1
183 100 1
183 158 1
183 161 1
183 179 1
184 1 1
184 24 1
184 35 1
184 55 1
184 105 1
184 107 1
184 128 1
184 139 1
184 150 1
184 158 1
184 165 1
184 179 1
184 183 1
185 4 1
185 5 1
185 16 1
185 21 1
185 22 1
185 34 1
185 55 1
185 94 1
185 101 1
185 128 1
185 147 1
185 164 1
185 165 1
185 179 1
185 183 1
185 184 1
186 1 1
186 2 1
186 6 1
186 38 1
186 40 1
186 60 1
186 76 1
186 78 1
186 80 1
186 105 1
186 107 1
186 118 1
186 119 1
186 126 1
186 149 1
186 150 1
186 166 1
186 167 1
187 8 1
187 31 1
187 42 1
187 62 1
187 111 1
187 113 1
187 134 1
187 144 1
187 156 1
187 168 1
187 169 1
187 176 1
187 181 1
188 11 1
188 12 1
188 19 1
188 28 1
188 29 1
188 32 1
188 62 1
188 102 1
188 134 1
188 153 1
188 168 1
188 175 1
188 176 1
188 181 1
188 187 1
189 8 1
189 9 1
189 13 1
189 45 1
189 47 1
189 67 1
189 88 1
189 90 1
189 92 1
189 111 1
189 113 1
189 124 1
189 125 1
189 132 1
189 155 1
189 156 1
189 177 1
189 178 1
