# minsup
1
# graph
G_portein_file\Serine-proteases\2R3Y.pdb
# node ID, label
0 A
1 A
2 A
3 A
4 A
5 A
6 A
7 A
8 A
9 A
10 A
11 A
12 A
13 A
14 A
15 D
16 D
17 D
18 D
19 D
20 D
21 D
22 D
23 D
24 D
25 D
26 D
27 D
28 D
29 D
30 E
31 E
32 E
33 E
34 E
35 E
36 E
37 E
38 E
39 F
40 F
41 F
42 G
43 G
44 G
45 G
46 G
47 G
48 G
49 G
50 G
51 G
52 G
53 G
54 G
55 G
56 G
57 G
58 G
59 G
60 G
61 G
62 G
63 G
64 G
65 G
66 G
67 I
68 I
69 I
70 I
71 I
72 I
73 I
74 I
75 I
76 I
77 I
78 I
79 I
80 I
81 I
82 I
83 I
84 I
85 I
86 I
87 I
88 I
89 I
90 I
91 I
92 I
93 I
94 I
95 K
96 K
97 K
98 K
99 L
100 L
101 L
102 L
103 L
104 L
105 L
106 L
107 L
108 L
109 M
110 M
111 M
112 N
113 N
114 N
115 N
116 N
117 N
118 N
119 N
120 N
121 N
122 N
123 N
124 N
125 N
126 N
127 N
128 N
129 P
130 P
131 P
132 P
133 P
134 P
135 P
136 P
137 P
138 P
139 P
140 P
141 P
142 P
143 P
144 P
145 P
146 P
147 P
148 P
149 P
150 Q
151 Q
152 Q
153 Q
154 Q
155 Q
156 Q
157 Q
158 Q
159 Q
160 Q
161 Q
162 Q
163 Q
164 Q
165 R
166 R
167 R
168 R
169 R
170 R
171 S
172 S
173 S
174 S
175 S
176 S
177 S
178 S
179 S
180 S
181 S
182 T
183 T
184 T
185 T
186 T
187 T
188 T
189 T
190 T
191 V
192 V
193 V
194 V
195 V
196 V
197 V
198 V
199 V
200 V
201 V
202 V
203 V
204 V
205 V
206 V
207 V
208 V
209 V
210 V
211 V
212 V
213 V
214 V
215 V
216 V
217 V
218 V
219 V
220 V
221 V
222 V
223 V
224 V
225 V
226 V
227 W
228 W
229 W
230 Y
231 Y
232 Y
233 Y
234 Y
235 Y
236 Y
237 Y
238 Y
# node ID1, node ID2, number of bounds
1 0 1
2 0 1
2 1 1
6 5 1
7 5 1
7 6 1
11 10 1
12 10 1
12 11 1
16 0 1
16 1 1
18 3 1
19 4 1
22 5 1
22 6 1
25 9 1
26 10 1
26 11 1
29 14 1
30 16 1
31 4 1
31 19 1
32 4 1
34 22 1
35 9 1
36 26 1
37 14 1
37 29 1
38 10 1
38 14 1
39 4 1
39 19 1
40 9 1
40 25 1
41 14 1
41 29 1
43 4 1
43 19 1
43 31 1
43 32 1
43 39 1
44 0 1
44 1 1
44 2 1
44 16 1
44 39 1
44 43 1
45 16 1
45 30 1
45 39 1
45 44 1
46 16 1
46 30 1
46 39 1
46 45 1
47 0 1
47 1 1
47 16 1
47 30 1
47 39 1
47 44 1
47 45 1
48 0 1
48 1 1
48 2 1
49 32 1
49 43 1
51 21 1
52 5 1
52 6 1
52 7 1
52 22 1
52 40 1
53 22 1
53 34 1
53 40 1
53 52 1
54 22 1
54 34 1
54 40 1
54 53 1
55 5 1
55 6 1
55 22 1
55 52 1
55 53 1
56 5 1
56 6 1
56 7 1
57 35 1
59 58 1
60 14 1
60 29 1
60 37 1
60 38 1
60 41 1
61 10 1
61 11 1
61 12 1
61 26 1
61 41 1
61 60 1
62 26 1
62 36 1
62 41 1
62 61 1
63 26 1
63 36 1
63 41 1
63 62 1
64 10 1
64 11 1
64 26 1
64 61 1
64 62 1
65 10 1
65 11 1
65 12 1
66 38 1
66 60 1
68 0 1
68 1 1
68 2 1
68 4 1
68 32 1
68 39 1
68 43 1
68 44 1
68 45 1
68 47 1
69 0 1
69 1 1
69 16 1
69 30 1
69 39 1
69 44 1
69 45 1
69 46 1
69 47 1
69 68 1
70 3 1
70 17 1
71 1 1
71 2 1
71 17 1
71 48 1
72 3 1
72 17 1
72 70 1
72 71 1
73 3 1
73 18 1
73 70 1
73 72 1
74 4 1
74 18 1
74 19 1
74 31 1
74 32 1
74 43 1
74 49 1
74 68 1
75 18 1
75 49 1
75 68 1
75 74 1
76 0 1
76 1 1
76 2 1
76 4 1
76 32 1
76 39 1
76 43 1
76 44 1
76 49 1
76 68 1
76 74 1
76 75 1
77 5 1
77 6 1
77 7 1
77 9 1
77 35 1
77 40 1
77 52 1
77 53 1
77 55 1
78 5 1
78 6 1
78 22 1
78 34 1
78 40 1
78 52 1
78 53 1
78 54 1
78 55 1
78 77 1
79 8 1
79 23 1
80 5 1
80 6 1
80 7 1
80 23 1
80 52 1
80 56 1
81 8 1
81 23 1
81 79 1
81 80 1
82 8 1
82 24 1
82 79 1
82 81 1
83 9 1
83 24 1
83 25 1
83 35 1
83 57 1
84 24 1
84 57 1
84 77 1
84 83 1
85 5 1
85 7 1
85 9 1
85 35 1
85 52 1
85 57 1
85 77 1
85 83 1
85 84 1
86 10 1
86 11 1
86 12 1
86 14 1
86 26 1
86 38 1
86 41 1
86 60 1
86 61 1
86 62 1
86 64 1
87 10 1
87 11 1
87 26 1
87 36 1
87 41 1
87 61 1
87 62 1
87 63 1
87 64 1
87 86 1
88 13 1
88 27 1
88 63 1
89 11 1
89 12 1
89 27 1
89 65 1
90 13 1
90 27 1
90 88 1
90 89 1
91 13 1
91 28 1
91 88 1
91 90 1
92 14 1
92 28 1
92 29 1
92 37 1
92 38 1
92 60 1
92 66 1
92 86 1
93 12 1
93 28 1
93 65 1
93 66 1
93 86 1
93 92 1
94 10 1
94 11 1
94 12 1
94 14 1
94 38 1
94 60 1
94 61 1
94 66 1
94 86 1
94 92 1
94 93 1
95 3 1
95 18 1
95 73 1
96 20 1
96 21 1
96 51 1
97 8 1
97 24 1
97 82 1
98 13 1
98 28 1
98 91 1
99 42 1
100 3 1
100 17 1
100 70 1
100 72 1
100 73 1
101 2 1
101 48 1
101 71 1
101 75 1
102 33 1
103 20 1
104 8 1
104 23 1
104 79 1
104 81 1
104 82 1
105 7 1
105 24 1
105 56 1
105 80 1
105 84 1
106 58 1
106 59 1
107 13 1
107 27 1
107 88 1
107 90 1
107 91 1
108 12 1
108 65 1
108 89 1
108 93 1
109 3 1
109 4 1
109 19 1
109 31 1
109 39 1
109 43 1
109 70 1
110 8 1
110 9 1
110 25 1
110 40 1
111 13 1
111 14 1
111 29 1
111 37 1
111 41 1
112 42 1
112 99 1
113 15 1
114 16 1
114 17 1
114 30 1
114 45 1
114 46 1
114 69 1
114 100 1
115 0 1
115 1 1
115 2 1
115 44 1
115 47 1
115 48 1
115 68 1
115 71 1
116 16 1
116 17 1
116 30 1
116 46 1
116 69 1
116 71 1
116 100 1
116 114 1
117 3 1
117 18 1
117 73 1
117 75 1
117 95 1
118 50 1
118 103 1
119 20 1
119 21 1
119 51 1
119 96 1
120 22 1
120 23 1
120 34 1
120 53 1
120 54 1
120 78 1
120 104 1
121 5 1
121 6 1
121 7 1
121 52 1
121 55 1
121 56 1
121 77 1
121 80 1
122 23 1
122 34 1
122 78 1
122 80 1
122 81 1
122 104 1
122 120 1
123 8 1
123 24 1
123 82 1
123 84 1
123 97 1
124 58 1
124 59 1
124 106 1
125 26 1
125 27 1
125 36 1
125 62 1
125 63 1
125 87 1
125 107 1
126 10 1
126 11 1
126 12 1
126 26 1
126 61 1
126 64 1
126 65 1
126 86 1
126 89 1
127 27 1
127 36 1
127 87 1
127 89 1
127 107 1
127 125 1
128 13 1
128 28 1
128 91 1
128 93 1
128 98 1
129 42 1
129 99 1
129 112 1
130 16 1
130 30 1
130 45 1
130 47 1
130 69 1
130 114 1
131 0 1
131 1 1
131 2 1
131 16 1
131 44 1
131 47 1
131 68 1
131 69 1
131 115 1
131 130 1
132 3 1
132 18 1
132 72 1
132 73 1
132 95 1
132 117 1
133 4 1
133 31 1
133 32 1
133 43 1
133 49 1
133 68 1
133 74 1
133 76 1
134 18 1
134 48 1
134 75 1
134 101 1
134 117 1
135 32 1
135 43 1
135 44 1
136 50 1
136 103 1
136 118 1
137 22 1
137 34 1
137 53 1
137 55 1
137 78 1
137 120 1
138 5 1
138 6 1
138 7 1
138 22 1
138 52 1
138 55 1
138 77 1
138 78 1
138 121 1
139 8 1
139 24 1
139 81 1
139 82 1
139 97 1
139 123 1
140 9 1
140 35 1
140 57 1
140 77 1
140 83 1
140 85 1
141 24 1
141 56 1
141 84 1
141 97 1
141 105 1
141 123 1
142 35 1
143 58 1
143 59 1
143 106 1
143 124 1
144 26 1
144 36 1
144 61 1
144 62 1
144 64 1
144 87 1
144 125 1
145 10 1
145 11 1
145 12 1
145 26 1
145 61 1
145 64 1
145 86 1
145 87 1
145 126 1
145 144 1
146 13 1
146 28 1
146 90 1
146 91 1
146 98 1
146 128 1
147 14 1
147 37 1
147 38 1
147 60 1
147 66 1
147 86 1
147 92 1
147 94 1
148 12 1
148 28 1
148 65 1
148 89 1
148 93 1
148 98 1
148 108 1
148 128 1
149 38 1
149 60 1
150 19 1
150 42 1
150 99 1
151 1 1
151 2 1
151 17 1
151 48 1
151 71 1
151 100 1
151 115 1
151 116 1
152 3 1
152 4 1
152 18 1
152 19 1
152 31 1
152 39 1
152 43 1
152 74 1
152 109 1
153 2 1
153 18 1
153 48 1
153 71 1
153 75 1
153 76 1
153 101 1
153 134 1
154 0 1
154 4 1
154 32 1
154 43 1
154 44 1
154 49 1
154 68 1
154 74 1
154 76 1
154 133 1
154 135 1
155 33 1
155 102 1
156 6 1
156 7 1
156 23 1
156 56 1
156 80 1
156 81 1
156 104 1
156 121 1
156 122 1
157 9 1
157 24 1
157 25 1
157 40 1
157 83 1
157 97 1
157 110 1
158 7 1
158 24 1
158 56 1
158 80 1
158 84 1
158 85 1
158 105 1
158 141 1
159 5 1
159 9 1
159 35 1
159 52 1
159 57 1
159 77 1
159 83 1
159 85 1
159 140 1
159 142 1
160 29 1
160 58 1
160 59 1
160 124 1
161 11 1
161 12 1
161 27 1
161 65 1
161 89 1
161 90 1
161 107 1
161 126 1
161 127 1
162 14 1
162 28 1
162 29 1
162 37 1
162 41 1
162 60 1
162 92 1
162 98 1
162 111 1
163 12 1
163 28 1
163 65 1
163 89 1
163 93 1
163 94 1
163 108 1
163 126 1
163 148 1
164 10 1
164 11 1
164 14 1
164 38 1
164 60 1
164 61 1
164 66 1
164 86 1
164 92 1
164 94 1
164 145 1
164 147 1
164 149 1
165 19 1
165 42 1
165 99 1
165 109 1
165 129 1
165 150 1
166 4 1
166 31 1
166 32 1
166 43 1
166 49 1
166 74 1
166 76 1
166 133 1
166 154 1
167 50 1
167 103 1
167 118 1
167 136 1
168 9 1
168 35 1
168 57 1
168 83 1
168 85 1
168 140 1
168 159 1
169 29 1
169 41 1
169 59 1
169 111 1
169 124 1
169 160 1
170 14 1
170 37 1
170 38 1
170 60 1
170 66 1
170 92 1
170 93 1
170 94 1
170 147 1
170 164 1
171 15 1
171 113 1
172 16 1
172 30 1
172 45 1
172 46 1
172 47 1
172 114 1
172 130 1
173 3 1
173 18 1
173 72 1
173 73 1
173 95 1
173 117 1
173 132 1
173 134 1
174 43 1
174 49 1
174 74 1
174 75 1
174 76 1
174 133 1
174 134 1
174 153 1
174 154 1
174 166 1
175 20 1
175 21 1
175 51 1
175 96 1
175 103 1
175 119 1
176 22 1
176 34 1
176 53 1
176 54 1
176 120 1
176 137 1
177 8 1
177 24 1
177 81 1
177 82 1
177 97 1
177 123 1
177 139 1
177 141 1
178 57 1
178 83 1
178 84 1
178 85 1
178 140 1
178 159 1
178 168 1
179 26 1
179 36 1
179 62 1
179 63 1
179 64 1
179 87 1
179 125 1
179 144 1
180 13 1
180 28 1
180 90 1
180 91 1
180 98 1
180 128 1
180 146 1
180 148 1
181 60 1
181 66 1
181 92 1
181 93 1
181 94 1
181 147 1
181 148 1
181 163 1
181 164 1
181 170 1
182 42 1
182 99 1
182 112 1
182 129 1
182 150 1
182 165 1
183 3 1
183 4 1
183 19 1
183 31 1
183 39 1
183 70 1
183 73 1
183 95 1
183 109 1
183 132 1
183 152 1
183 173 1
184 0 1
184 1 1
184 2 1
184 43 1
184 44 1
184 48 1
184 49 1
184 68 1
184 74 1
184 75 1
184 76 1
184 115 1
184 133 1
184 134 1
184 153 1
184 154 1
184 166 1
184 174 1
185 50 1
185 54 1
185 118 1
185 136 1
185 167 1
186 8 1
186 9 1
186 25 1
186 40 1
186 82 1
186 97 1
186 110 1
186 139 1
186 157 1
186 177 1
187 5 1
187 6 1
187 7 1
187 56 1
187 57 1
187 77 1
187 84 1
187 85 1
187 140 1
187 141 1
187 158 1
187 159 1
187 168 1
187 178 1
188 58 1
188 59 1
188 106 1
188 124 1
188 143 1
188 160 1
188 169 1
189 13 1
189 14 1
189 29 1
189 41 1
189 88 1
189 91 1
189 98 1
189 111 1
189 146 1
189 162 1
189 180 1
190 10 1
190 11 1
190 12 1
190 38 1
190 60 1
190 61 1
190 65 1
190 66 1
190 86 1
190 92 1
190 93 1
190 94 1
190 126 1
190 147 1
190 148 1
190 163 1
190 164 1
190 170 1
190 181 1
191 17 1
191 46 1
191 70 1
191 72 1
191 73 1
191 100 1
191 114 1
191 116 1
192 17 1
192 30 1
192 39 1
192 45 1
192 46 1
192 69 1
192 70 1
192 72 1
192 100 1
192 114 1
192 116 1
192 151 1
192 191 1
193 16 1
193 30 1
193 45 1
193 46 1
193 114 1
193 130 1
193 172 1
194 1 1
194 16 1
194 17 1
194 30 1
194 69 1
194 71 1
194 100 1
194 114 1
194 115 1
194 116 1
194 151 1
194 192 1
195 3 1
195 18 1
195 72 1
195 73 1
195 75 1
195 95 1
195 101 1
195 117 1
195 132 1
195 134 1
195 152 1
195 153 1
195 173 1
195 183 1
196 4 1
196 18 1
196 19 1
196 31 1
196 39 1
196 43 1
196 68 1
196 74 1
196 75 1
196 76 1
196 109 1
196 133 1
196 152 1
196 154 1
196 166 1
196 183 1
196 195 1
197 2 1
197 18 1
197 49 1
197 74 1
197 75 1
197 76 1
197 101 1
197 133 1
197 134 1
197 153 1
197 166 1
197 174 1
197 184 1
198 2 1
198 18 1
198 48 1
198 71 1
198 72 1
198 73 1
198 75 1
198 95 1
198 101 1
198 117 1
198 134 1
198 153 1
198 173 1
198 195 1
198 197 1
199 3 1
199 18 1
199 48 1
199 71 1
199 72 1
199 73 1
199 100 1
199 101 1
199 117 1
199 134 1
199 153 1
199 173 1
199 195 1
199 198 1
200 17 1
200 48 1
200 71 1
200 72 1
200 73 1
200 100 1
200 101 1
200 151 1
200 173 1
200 195 1
200 198 1
200 199 1
201 0 1
201 1 1
201 2 1
201 44 1
201 48 1
201 49 1
201 68 1
201 71 1
201 75 1
201 76 1
201 101 1
201 115 1
201 134 1
201 153 1
201 154 1
201 174 1
201 184 1
201 195 1
201 197 1
201 198 1
202 23 1
202 34 1
202 54 1
202 79 1
202 81 1
202 104 1
202 120 1
202 122 1
203 23 1
203 34 1
203 40 1
203 53 1
203 54 1
203 78 1
203 79 1
203 81 1
203 104 1
203 120 1
203 122 1
203 156 1
203 202 1
204 22 1
204 34 1
204 53 1
204 54 1
204 120 1
204 137 1
204 176 1
205 6 1
205 22 1
205 23 1
205 34 1
205 52 1
205 78 1
205 80 1
205 104 1
205 120 1
205 121 1
205 122 1
205 156 1
205 203 1
206 8 1
206 24 1
206 81 1
206 82 1
206 84 1
206 97 1
206 105 1
206 123 1
206 139 1
206 141 1
206 157 1
206 158 1
206 177 1
206 186 1
207 9 1
207 24 1
207 25 1
207 40 1
207 77 1
207 83 1
207 84 1
207 85 1
207 110 1
207 157 1
207 168 1
207 186 1
207 206 1
208 24 1
208 57 1
208 83 1
208 84 1
208 85 1
208 140 1
208 141 1
208 158 1
208 159 1
208 168 1
208 178 1
208 187 1
209 24 1
209 56 1
209 80 1
209 81 1
209 82 1
209 84 1
209 97 1
209 105 1
209 123 1
209 141 1
209 158 1
209 177 1
209 206 1
210 24 1
210 56 1
210 80 1
210 81 1
210 82 1
210 104 1
210 105 1
210 123 1
210 141 1
210 156 1
210 158 1
210 177 1
210 206 1
210 209 1
211 23 1
211 56 1
211 80 1
211 81 1
211 82 1
211 104 1
211 105 1
211 156 1
211 177 1
211 209 1
211 210 1
212 5 1
212 6 1
212 7 1
212 24 1
212 52 1
212 56 1
212 57 1
212 77 1
212 80 1
212 84 1
212 85 1
212 105 1
212 121 1
212 141 1
212 158 1
212 159 1
212 178 1
212 187 1
212 208 1
212 209 1
213 27 1
213 36 1
213 62 1
213 63 1
213 88 1
213 90 1
213 91 1
213 107 1
213 125 1
213 127 1
214 27 1
214 36 1
214 41 1
214 62 1
214 63 1
214 87 1
214 88 1
214 90 1
214 107 1
214 125 1
214 127 1
214 161 1
214 213 1
215 26 1
215 36 1
215 62 1
215 63 1
215 125 1
215 144 1
215 179 1
216 11 1
216 26 1
216 27 1
216 87 1
216 89 1
216 107 1
216 125 1
216 126 1
216 127 1
216 161 1
216 214 1
217 13 1
217 28 1
217 90 1
217 91 1
217 93 1
217 98 1
217 108 1
217 128 1
217 146 1
217 148 1
217 162 1
217 163 1
217 180 1
217 189 1
218 14 1
218 28 1
218 29 1
218 37 1
218 41 1
218 60 1
218 86 1
218 92 1
218 93 1
218 94 1
218 111 1
218 162 1
218 170 1
218 189 1
218 217 1
219 12 1
219 28 1
219 66 1
219 92 1
219 93 1
219 94 1
219 108 1
219 147 1
219 148 1
219 163 1
219 170 1
219 181 1
219 190 1
220 12 1
220 28 1
220 65 1
220 89 1
220 90 1
220 91 1
220 93 1
220 108 1
220 128 1
220 148 1
220 163 1
220 180 1
220 190 1
220 217 1
220 219 1
221 28 1
221 65 1
221 89 1
221 90 1
221 91 1
221 93 1
221 107 1
221 108 1
221 148 1
221 161 1
221 163 1
221 180 1
221 217 1
221 220 1
222 27 1
222 65 1
222 89 1
222 90 1
222 91 1
222 107 1
222 108 1
222 127 1
222 161 1
222 180 1
222 216 1
222 217 1
222 220 1
222 221 1
223 10 1
223 11 1
223 12 1
223 28 1
223 61 1
223 65 1
223 66 1
223 86 1
223 89 1
223 93 1
223 94 1
223 108 1
223 126 1
223 148 1
223 163 1
223 164 1
223 181 1
223 190 1
223 217 1
223 219 1
223 220 1
224 30 1
224 42 1
224 45 1
224 46 1
224 114 1
224 129 1
224 165 1
224 182 1
224 192 1
224 193 1
225 34 1
225 40 1
225 50 1
225 53 1
225 54 1
225 78 1
225 120 1
225 167 1
225 185 1
225 203 1
225 204 1
226 36 1
226 59 1
226 62 1
226 63 1
226 143 1
226 169 1
226 188 1
226 215 1
227 4 1
227 19 1
227 39 1
227 42 1
227 44 1
227 45 1
227 46 1
227 68 1
227 69 1
227 109 1
227 165 1
227 182 1
227 192 1
227 196 1
227 224 1
228 9 1
228 25 1
228 40 1
228 50 1
228 52 1
228 53 1
228 54 1
228 77 1
228 78 1
228 110 1
228 207 1
228 225 1
229 14 1
229 41 1
229 59 1
229 61 1
229 62 1
229 63 1
229 86 1
229 87 1
229 111 1
229 169 1
229 218 1
229 226 1
230 0 1
230 1 1
230 4 1
230 31 1
230 32 1
230 39 1
230 43 1
230 44 1
230 45 1
230 47 1
230 68 1
230 69 1
230 74 1
230 76 1
230 133 1
230 135 1
230 154 1
230 166 1
230 184 1
230 196 1
230 227 1
231 4 1
231 32 1
231 39 1
231 43 1
231 44 1
231 68 1
231 76 1
231 133 1
231 135 1
231 154 1
231 196 1
231 227 1
231 230 1
232 5 1
232 6 1
232 9 1
232 35 1
232 40 1
232 52 1
232 77 1
232 78 1
232 83 1
232 85 1
232 110 1
232 140 1
232 142 1
232 159 1
232 168 1
232 187 1
232 207 1
232 228 1
233 9 1
233 35 1
233 40 1
233 52 1
233 77 1
233 85 1
233 140 1
233 142 1
233 159 1
233 207 1
233 228 1
233 232 1
234 10 1
234 11 1
234 14 1
234 37 1
234 38 1
234 41 1
234 60 1
234 61 1
234 64 1
234 86 1
234 87 1
234 92 1
234 94 1
234 111 1
234 147 1
234 149 1
234 164 1
234 170 1
234 190 1
234 218 1
234 229 1
235 14 1
235 38 1
235 41 1
235 60 1
235 61 1
235 86 1
235 94 1
235 147 1
235 149 1
235 164 1
235 229 1
235 234 1
236 30 1
236 39 1
236 42 1
236 45 1
236 46 1
236 69 1
236 109 1
236 114 1
236 165 1
236 182 1
236 191 1
236 192 1
236 224 1
236 227 1
237 34 1
237 40 1
237 50 1
237 52 1
237 53 1
237 54 1
237 78 1
237 79 1
237 110 1
237 120 1
237 167 1
237 185 1
237 202 1
237 203 1
237 225 1
237 228 1
238 36 1
238 41 1
238 59 1
238 62 1
238 63 1
238 87 1
238 111 1
238 125 1
238 169 1
238 188 1
238 214 1
238 226 1
238 229 1
