# minsup
1
# graph
G_portein_file\Serine-proteases\2Z9I.pdb
# node ID, label
0 A
1 A
2 A
3 A
4 A
5 A
6 A
7 A
8 A
9 A
10 A
11 A
12 A
13 A
14 A
15 A
16 A
17 A
18 A
19 A
20 A
21 A
22 A
23 A
24 A
25 A
26 A
27 A
28 A
29 A
30 A
31 A
32 A
33 A
34 A
35 A
36 A
37 A
38 A
39 A
40 A
41 A
42 A
43 A
44 A
45 A
46 A
47 A
48 A
49 A
50 A
51 A
52 A
53 A
54 A
55 A
56 A
57 A
58 A
59 A
60 A
61 A
62 A
63 A
64 A
65 D
66 D
67 D
68 D
69 D
70 D
71 D
72 D
73 D
74 D
75 D
76 D
77 D
78 D
79 D
80 D
81 D
82 D
83 D
84 D
85 D
86 D
87 D
88 D
89 D
90 E
91 E
92 E
93 E
94 E
95 E
96 E
97 E
98 E
99 E
100 E
101 E
102 E
103 E
104 E
105 E
106 E
107 E
108 E
109 F
110 F
111 F
112 F
113 F
114 F
115 F
116 F
117 F
118 F
119 G
120 G
121 G
122 G
123 G
124 G
125 G
126 G
127 G
128 G
129 G
130 G
131 G
132 G
133 G
134 G
135 G
136 G
137 G
138 G
139 G
140 G
141 G
142 G
143 G
144 G
145 G
146 G
147 G
148 G
149 G
150 G
151 G
152 G
153 G
154 G
155 G
156 G
157 G
158 G
159 G
160 G
161 G
162 G
163 G
164 G
165 G
166 G
167 G
168 G
169 G
170 G
171 G
172 G
173 G
174 G
175 G
176 G
177 G
178 G
179 G
180 G
181 H
182 H
183 H
184 I
185 I
186 I
187 I
188 I
189 I
190 I
191 I
192 I
193 I
194 I
195 I
196 I
197 I
198 I
199 I
200 I
201 I
202 I
203 I
204 I
205 I
206 I
207 I
208 I
209 I
210 I
211 I
212 I
213 I
214 I
215 I
216 I
217 I
218 I
219 I
220 I
221 I
222 I
223 I
224 I
225 I
226 I
227 I
228 K
229 K
230 K
231 K
232 K
233 K
234 K
235 K
236 K
237 L
238 L
239 L
240 L
241 L
242 L
243 L
244 L
245 L
246 L
247 L
248 L
249 L
250 L
251 L
252 L
253 L
254 L
255 L
256 L
257 L
258 L
259 L
260 L
261 L
262 L
263 L
264 L
265 L
266 L
267 L
268 L
269 L
270 L
271 L
272 L
273 L
274 L
275 L
276 L
277 L
278 L
279 L
280 L
281 L
282 L
283 L
284 L
285 L
286 L
287 L
288 N
289 N
290 N
291 N
292 N
293 N
294 N
295 N
296 N
297 N
298 N
299 N
300 N
301 N
302 N
303 N
304 N
305 N
306 N
307 N
308 N
309 N
310 N
311 N
312 N
313 P
314 P
315 P
316 P
317 P
318 P
319 P
320 P
321 P
322 P
323 P
324 P
325 P
326 P
327 P
328 P
329 P
330 P
331 P
332 P
333 P
334 P
335 P
336 P
337 P
338 P
339 P
340 P
341 P
342 P
343 Q
344 Q
345 Q
346 Q
347 Q
348 Q
349 Q
350 Q
351 Q
352 Q
353 Q
354 Q
355 Q
356 Q
357 Q
358 Q
359 Q
360 Q
361 Q
362 Q
363 Q
364 R
365 R
366 R
367 R
368 R
369 R
370 R
371 R
372 R
373 R
374 R
375 R
376 R
377 R
378 S
379 S
380 S
381 S
382 S
383 S
384 S
385 S
386 S
387 S
388 S
389 S
390 S
391 S
392 S
393 S
394 S
395 S
396 S
397 S
398 S
399 S
400 S
401 S
402 S
403 S
404 S
405 S
406 S
407 S
408 S
409 S
410 S
411 S
412 S
413 S
414 S
415 S
416 S
417 S
418 S
419 S
420 S
421 S
422 S
423 S
424 S
425 S
426 T
427 T
428 T
429 T
430 T
431 T
432 T
433 T
434 T
435 T
436 T
437 T
438 T
439 T
440 T
441 T
442 T
443 T
444 T
445 T
446 T
447 T
448 T
449 T
450 T
451 T
452 T
453 T
454 T
455 T
456 T
457 T
458 T
459 T
460 T
461 T
462 T
463 T
464 T
465 T
466 V
467 V
468 V
469 V
470 V
471 V
472 V
473 V
474 V
475 V
476 V
477 V
478 V
479 V
480 V
481 V
482 V
483 V
484 V
485 V
486 V
487 V
488 V
489 V
490 V
491 V
492 V
493 V
494 V
495 V
496 V
497 V
498 V
499 V
500 V
501 V
502 V
503 V
504 V
505 V
506 V
507 V
508 V
509 V
510 V
511 V
512 V
513 V
514 V
515 V
516 V
517 V
518 V
519 V
520 V
521 V
522 V
523 V
524 V
525 V
526 V
527 V
528 V
529 V
530 V
531 V
532 V
533 V
534 V
535 V
536 V
537 V
538 V
539 V
540 V
541 V
542 V
543 V
544 V
545 V
546 V
547 V
548 V
549 V
550 V
551 V
552 V
# node ID1, node ID2, number of bounds
1 0 1
5 3 1
6 3 1
6 5 1
7 0 1
9 8 1
10 7 1
11 7 1
11 10 1
12 7 1
13 0 1
13 1 1
14 9 1
15 14 1
16 7 1
16 9 1
16 12 1
16 14 1
17 6 1
17 16 1
18 5 1
18 6 1
18 17 1
21 20 1
22 20 1
22 21 1
23 19 1
24 19 1
24 23 1
25 9 1
25 23 1
25 24 1
26 24 1
26 25 1
30 29 1
34 33 1
35 29 1
37 36 1
38 35 1
39 10 1
39 11 1
39 35 1
39 38 1
40 35 1
41 29 1
41 30 1
42 37 1
43 42 1
44 35 1
44 37 1
44 40 1
44 42 1
45 34 1
45 44 1
46 33 1
46 34 1
46 45 1
49 48 1
51 50 1
52 48 1
54 53 1
55 11 1
55 52 1
56 38 1
56 39 1
56 52 1
56 55 1
57 52 1
58 48 1
58 49 1
59 54 1
60 59 1
61 52 1
61 54 1
61 57 1
61 59 1
62 51 1
62 61 1
63 50 1
63 51 1
63 62 1
66 3 1
66 5 1
66 6 1
66 18 1
67 3 1
67 5 1
67 6 1
67 17 1
67 66 1
69 9 1
69 16 1
69 24 1
69 25 1
69 26 1
70 7 1
70 8 1
70 10 1
70 11 1
70 38 1
70 39 1
71 17 1
72 17 1
72 18 1
73 26 1
73 28 1
74 19 1
74 23 1
74 24 1
74 25 1
74 26 1
74 69 1
76 33 1
76 34 1
76 46 1
77 33 1
77 34 1
77 45 1
77 76 1
79 37 1
79 44 1
79 47 1
80 35 1
80 36 1
80 38 1
80 39 1
80 55 1
80 56 1
81 45 1
81 46 1
82 45 1
82 46 1
83 50 1
83 51 1
83 63 1
84 50 1
84 51 1
84 62 1
84 83 1
86 54 1
86 61 1
86 64 1
87 10 1
87 11 1
87 52 1
87 53 1
87 55 1
87 56 1
88 62 1
89 62 1
89 63 1
90 0 1
90 1 1
92 91 1
93 2 1
94 53 1
95 18 1
95 72 1
96 29 1
96 30 1
98 97 1
99 31 1
100 8 1
101 46 1
101 76 1
101 82 1
102 48 1
102 49 1
104 36 1
105 63 1
105 89 1
106 14 1
106 15 1
107 42 1
107 43 1
108 59 1
108 60 1
109 4 1
109 65 1
109 94 1
110 4 1
110 91 1
111 8 1
111 9 1
111 10 1
111 14 1
111 15 1
111 16 1
111 69 1
111 70 1
111 106 1
112 19 1
112 28 1
113 32 1
113 75 1
113 100 1
114 32 1
114 97 1
115 36 1
115 37 1
115 38 1
115 42 1
115 43 1
115 44 1
115 79 1
115 80 1
115 107 1
116 104 1
118 53 1
118 54 1
118 55 1
118 59 1
118 60 1
118 61 1
118 86 1
118 87 1
119 91 1
119 92 1
119 94 1
120 6 1
120 12 1
120 109 1
120 119 1
121 2 1
121 93 1
121 110 1
122 65 1
122 94 1
122 109 1
123 5 1
123 6 1
123 18 1
123 66 1
123 95 1
124 2 1
124 93 1
124 121 1
125 13 1
125 68 1
125 71 1
126 8 1
126 29 1
126 30 1
126 70 1
126 96 1
127 7 1
127 12 1
127 94 1
127 119 1
127 120 1
128 91 1
128 92 1
128 94 1
128 119 1
128 127 1
129 0 1
129 7 1
129 53 1
129 65 1
129 94 1
129 109 1
129 127 1
129 128 1
130 7 1
130 10 1
130 11 1
130 38 1
130 70 1
130 87 1
130 126 1
131 91 1
131 92 1
131 94 1
131 119 1
131 127 1
131 128 1
132 6 1
132 12 1
132 14 1
132 16 1
132 67 1
132 119 1
132 120 1
132 127 1
132 131 1
133 7 1
133 12 1
133 16 1
133 119 1
133 120 1
133 127 1
133 129 1
133 131 1
133 132 1
134 7 1
134 9 1
134 12 1
134 16 1
134 17 1
134 71 1
134 111 1
134 125 1
134 132 1
134 133 1
135 11 1
135 15 1
135 60 1
136 10 1
136 11 1
136 15 1
136 38 1
136 39 1
136 70 1
136 111 1
136 130 1
136 135 1
137 7 1
137 9 1
137 10 1
137 11 1
137 14 1
137 15 1
137 16 1
137 70 1
137 106 1
137 111 1
137 136 1
138 20 1
138 21 1
138 22 1
139 19 1
139 23 1
139 24 1
139 74 1
139 112 1
140 19 1
140 112 1
141 20 1
141 27 1
142 20 1
142 21 1
142 27 1
142 138 1
142 141 1
143 97 1
143 98 1
143 100 1
144 34 1
144 40 1
144 113 1
144 143 1
145 31 1
145 99 1
145 114 1
146 75 1
146 100 1
146 113 1
146 139 1
147 33 1
147 34 1
147 46 1
147 76 1
147 82 1
147 101 1
148 31 1
148 32 1
148 99 1
148 145 1
149 31 1
149 99 1
149 148 1
150 41 1
150 78 1
150 81 1
151 36 1
151 48 1
151 49 1
151 102 1
152 35 1
152 40 1
152 100 1
152 143 1
152 144 1
153 97 1
153 98 1
153 100 1
153 143 1
153 152 1
154 8 1
154 29 1
154 35 1
154 75 1
154 100 1
154 113 1
154 152 1
154 153 1
155 35 1
155 38 1
155 39 1
155 55 1
155 70 1
155 80 1
155 130 1
155 151 1
156 97 1
156 98 1
156 100 1
156 143 1
156 152 1
156 153 1
157 34 1
157 40 1
157 42 1
157 44 1
157 77 1
157 98 1
157 143 1
157 144 1
157 152 1
157 156 1
158 35 1
158 40 1
158 44 1
158 143 1
158 144 1
158 152 1
158 154 1
158 156 1
158 157 1
159 35 1
159 37 1
159 40 1
159 44 1
159 45 1
159 81 1
159 115 1
159 150 1
159 157 1
159 158 1
160 15 1
160 39 1
160 43 1
160 107 1
160 135 1
160 136 1
161 38 1
161 39 1
161 43 1
161 55 1
161 56 1
161 80 1
161 115 1
161 136 1
161 155 1
161 160 1
162 35 1
162 37 1
162 38 1
162 39 1
162 42 1
162 43 1
162 44 1
162 80 1
162 107 1
162 115 1
162 161 1
163 58 1
163 102 1
164 103 1
164 104 1
165 51 1
165 57 1
165 116 1
165 164 1
166 117 1
167 50 1
167 51 1
167 63 1
167 83 1
167 89 1
167 105 1
168 58 1
168 85 1
168 88 1
169 0 1
169 1 1
169 53 1
169 87 1
169 90 1
170 52 1
170 57 1
170 104 1
170 164 1
170 165 1
171 103 1
171 104 1
171 164 1
171 170 1
172 36 1
172 48 1
172 52 1
172 104 1
172 116 1
172 170 1
172 171 1
173 52 1
173 55 1
173 56 1
173 80 1
173 87 1
173 130 1
173 155 1
173 169 1
174 103 1
174 104 1
174 164 1
174 170 1
174 171 1
175 51 1
175 57 1
175 59 1
175 61 1
175 84 1
175 103 1
175 164 1
175 165 1
175 170 1
175 174 1
176 52 1
176 57 1
176 61 1
176 164 1
176 165 1
176 170 1
176 172 1
176 174 1
176 175 1
177 52 1
177 54 1
177 57 1
177 61 1
177 62 1
177 88 1
177 118 1
177 168 1
177 175 1
177 176 1
178 43 1
178 56 1
178 60 1
178 108 1
178 135 1
178 160 1
178 161 1
179 10 1
179 11 1
179 55 1
179 56 1
179 60 1
179 87 1
179 118 1
179 135 1
179 136 1
179 161 1
179 173 1
179 178 1
180 52 1
180 54 1
180 55 1
180 56 1
180 59 1
180 60 1
180 61 1
180 87 1
180 118 1
180 179 1
181 3 1
181 5 1
181 6 1
181 66 1
181 67 1
181 92 1
181 119 1
181 132 1
182 33 1
182 34 1
182 76 1
182 77 1
182 98 1
182 143 1
182 157 1
183 50 1
183 51 1
183 83 1
183 84 1
183 103 1
183 164 1
183 175 1
184 12 1
184 120 1
184 127 1
184 132 1
184 133 1
185 2 1
185 12 1
185 93 1
185 109 1
185 120 1
185 121 1
185 133 1
185 184 1
186 2 1
186 6 1
186 18 1
186 93 1
186 110 1
186 120 1
186 121 1
186 132 1
186 184 1
186 185 1
187 3 1
187 5 1
187 6 1
187 91 1
187 92 1
187 110 1
187 119 1
187 120 1
187 123 1
187 132 1
187 181 1
188 5 1
188 6 1
188 17 1
188 18 1
188 66 1
188 67 1
188 123 1
188 132 1
188 181 1
188 187 1
189 2 1
189 12 1
189 13 1
189 125 1
189 184 1
189 185 1
189 186 1
190 0 1
190 7 1
190 10 1
190 11 1
190 12 1
190 94 1
190 120 1
190 127 1
190 129 1
190 132 1
190 133 1
190 184 1
191 7 1
191 8 1
191 10 1
191 70 1
191 96 1
191 126 1
191 130 1
192 8 1
192 9 1
192 16 1
192 69 1
192 111 1
192 134 1
192 137 1
193 7 1
193 10 1
193 11 1
193 14 1
193 15 1
193 16 1
193 70 1
193 111 1
193 127 1
193 131 1
193 133 1
193 135 1
193 136 1
193 137 1
193 179 1
193 190 1
194 11 1
194 14 1
194 15 1
194 16 1
194 106 1
194 111 1
194 135 1
194 136 1
194 137 1
194 193 1
195 10 1
195 11 1
195 15 1
195 39 1
195 70 1
195 135 1
195 136 1
195 137 1
195 160 1
195 161 1
195 178 1
195 179 1
195 193 1
195 194 1
196 9 1
196 12 1
196 14 1
196 16 1
196 17 1
196 67 1
196 69 1
196 71 1
196 111 1
196 132 1
196 134 1
196 188 1
196 192 1
197 5 1
197 6 1
197 17 1
197 18 1
197 66 1
197 67 1
197 71 1
197 72 1
197 95 1
197 123 1
197 188 1
198 19 1
198 21 1
198 23 1
198 112 1
198 139 1
198 140 1
199 19 1
199 23 1
199 24 1
199 25 1
199 26 1
199 74 1
199 112 1
199 139 1
199 146 1
200 40 1
200 144 1
200 152 1
200 157 1
200 158 1
201 31 1
201 40 1
201 99 1
201 113 1
201 144 1
201 145 1
201 158 1
201 200 1
202 31 1
202 34 1
202 46 1
202 99 1
202 114 1
202 144 1
202 145 1
202 157 1
202 158 1
202 200 1
202 201 1
203 33 1
203 34 1
203 77 1
203 97 1
203 98 1
203 114 1
203 143 1
203 144 1
203 157 1
203 182 1
204 33 1
204 34 1
204 45 1
204 46 1
204 76 1
204 77 1
204 147 1
204 157 1
204 182 1
204 203 1
205 31 1
205 40 1
205 41 1
205 150 1
205 200 1
205 201 1
205 202 1
206 29 1
206 35 1
206 38 1
206 39 1
206 40 1
206 100 1
206 144 1
206 152 1
206 154 1
206 157 1
206 158 1
206 200 1
207 35 1
207 36 1
207 38 1
207 80 1
207 102 1
207 151 1
207 155 1
208 36 1
208 37 1
208 44 1
208 79 1
208 115 1
208 159 1
208 162 1
208 207 1
209 35 1
209 38 1
209 39 1
209 42 1
209 44 1
209 80 1
209 115 1
209 136 1
209 152 1
209 156 1
209 158 1
209 160 1
209 161 1
209 162 1
209 195 1
209 206 1
210 39 1
210 42 1
210 43 1
210 44 1
210 80 1
210 107 1
210 115 1
210 160 1
210 161 1
210 162 1
210 209 1
211 38 1
211 39 1
211 43 1
211 56 1
211 80 1
211 135 1
211 136 1
211 160 1
211 161 1
211 162 1
211 178 1
211 179 1
211 195 1
211 209 1
211 210 1
212 37 1
212 40 1
212 42 1
212 44 1
212 45 1
212 77 1
212 79 1
212 81 1
212 115 1
212 157 1
212 159 1
212 204 1
212 208 1
213 33 1
213 34 1
213 45 1
213 46 1
213 76 1
213 77 1
213 81 1
213 82 1
213 101 1
213 147 1
213 204 1
214 57 1
214 165 1
214 170 1
214 175 1
214 176 1
215 57 1
215 116 1
215 165 1
215 166 1
215 176 1
215 214 1
216 51 1
216 63 1
216 117 1
216 165 1
216 166 1
216 175 1
216 214 1
216 215 1
217 50 1
217 51 1
217 103 1
217 117 1
217 164 1
217 165 1
217 175 1
217 183 1
218 50 1
218 51 1
218 62 1
218 63 1
218 83 1
218 84 1
218 167 1
218 175 1
218 183 1
218 217 1
219 57 1
219 58 1
219 168 1
219 214 1
219 215 1
220 48 1
220 52 1
220 55 1
220 56 1
220 57 1
220 104 1
220 165 1
220 170 1
220 172 1
220 175 1
220 176 1
220 214 1
221 52 1
221 53 1
221 55 1
221 87 1
221 90 1
221 169 1
221 173 1
222 53 1
222 54 1
222 61 1
222 86 1
222 118 1
222 177 1
222 180 1
223 52 1
223 55 1
223 56 1
223 59 1
223 61 1
223 87 1
223 118 1
223 161 1
223 170 1
223 173 1
223 174 1
223 176 1
223 178 1
223 179 1
223 180 1
223 211 1
223 220 1
224 56 1
224 59 1
224 60 1
224 61 1
224 108 1
224 118 1
224 178 1
224 179 1
224 180 1
224 223 1
225 11 1
225 55 1
225 56 1
225 60 1
225 87 1
225 135 1
225 136 1
225 160 1
225 161 1
225 178 1
225 179 1
225 180 1
225 193 1
225 195 1
225 211 1
225 223 1
225 224 1
226 54 1
226 57 1
226 59 1
226 61 1
226 62 1
226 84 1
226 86 1
226 88 1
226 118 1
226 175 1
226 177 1
226 218 1
226 222 1
227 50 1
227 51 1
227 62 1
227 63 1
227 83 1
227 84 1
227 88 1
227 89 1
227 105 1
227 167 1
227 218 1
228 0 1
228 1 1
228 13 1
228 90 1
228 189 1
229 17 1
229 18 1
229 71 1
229 72 1
229 95 1
229 125 1
229 134 1
229 188 1
229 196 1
229 197 1
230 19 1
230 23 1
230 112 1
230 139 1
230 140 1
230 198 1
231 21 1
231 22 1
231 140 1
231 198 1
231 230 1
232 19 1
232 24 1
232 26 1
232 28 1
232 73 1
232 112 1
232 139 1
232 146 1
232 199 1
233 29 1
233 30 1
233 41 1
233 96 1
233 205 1
234 45 1
234 46 1
234 81 1
234 82 1
234 101 1
234 150 1
234 159 1
234 204 1
234 212 1
234 213 1
235 48 1
235 49 1
235 58 1
235 102 1
235 219 1
236 62 1
236 63 1
236 88 1
236 89 1
236 105 1
236 177 1
236 218 1
236 226 1
236 227 1
237 4 1
237 91 1
237 92 1
237 94 1
237 109 1
237 110 1
237 119 1
237 120 1
237 127 1
237 128 1
237 131 1
237 132 1
237 133 1
237 184 1
237 186 1
237 187 1
238 2 1
238 18 1
238 93 1
238 120 1
238 121 1
238 184 1
238 185 1
238 186 1
238 189 1
238 229 1
239 2 1
239 18 1
239 93 1
239 110 1
239 120 1
239 121 1
239 184 1
239 185 1
239 186 1
239 238 1
240 6 1
240 12 1
240 17 1
240 18 1
240 120 1
240 132 1
240 133 1
240 184 1
240 185 1
240 186 1
240 188 1
240 197 1
240 229 1
240 238 1
240 239 1
241 2 1
241 65 1
241 93 1
241 109 1
241 121 1
241 124 1
241 185 1
241 189 1
241 238 1
241 239 1
242 13 1
242 71 1
242 125 1
242 134 1
242 189 1
242 229 1
242 238 1
243 8 1
243 68 1
243 96 1
243 125 1
243 126 1
243 134 1
243 192 1
244 0 1
244 7 1
244 10 1
244 11 1
244 12 1
244 13 1
244 70 1
244 127 1
244 130 1
244 169 1
244 190 1
244 191 1
245 60 1
245 92 1
245 94 1
245 119 1
245 127 1
245 128 1
245 131 1
245 135 1
246 53 1
246 60 1
246 94 1
246 119 1
246 127 1
246 128 1
246 129 1
246 131 1
246 245 1
247 8 1
247 9 1
247 16 1
247 69 1
247 111 1
247 154 1
247 192 1
247 243 1
248 9 1
248 14 1
248 16 1
248 24 1
248 25 1
248 26 1
248 67 1
248 69 1
248 74 1
248 111 1
248 192 1
248 196 1
249 7 1
249 10 1
249 12 1
249 13 1
249 16 1
249 111 1
249 127 1
249 130 1
249 132 1
249 133 1
249 134 1
249 190 1
249 192 1
249 193 1
249 196 1
249 244 1
250 7 1
250 12 1
250 13 1
250 71 1
250 125 1
250 133 1
250 134 1
250 184 1
250 189 1
250 242 1
250 244 1
250 249 1
251 8 1
251 10 1
251 11 1
251 14 1
251 15 1
251 39 1
251 70 1
251 111 1
251 135 1
251 136 1
251 137 1
251 160 1
251 193 1
251 194 1
251 195 1
251 209 1
252 5 1
252 6 1
252 18 1
252 66 1
252 72 1
252 95 1
252 123 1
252 188 1
252 197 1
252 229 1
253 20 1
253 21 1
253 22 1
253 138 1
253 142 1
254 19 1
254 23 1
254 24 1
254 25 1
254 26 1
254 69 1
254 74 1
254 139 1
254 199 1
254 230 1
254 232 1
254 253 1
255 21 1
255 28 1
255 73 1
255 112 1
255 199 1
255 232 1
255 254 1
256 20 1
256 21 1
256 27 1
256 138 1
256 141 1
256 142 1
256 253 1
257 32 1
257 97 1
257 98 1
257 100 1
257 113 1
257 114 1
257 143 1
257 144 1
257 152 1
257 153 1
257 156 1
257 157 1
257 158 1
257 200 1
257 202 1
257 203 1
258 31 1
258 46 1
258 99 1
258 144 1
258 145 1
258 200 1
258 201 1
258 202 1
258 205 1
258 234 1
259 31 1
259 46 1
259 99 1
259 114 1
259 144 1
259 145 1
259 200 1
259 201 1
259 202 1
259 258 1
260 33 1
260 34 1
260 40 1
260 45 1
260 46 1
260 144 1
260 157 1
260 158 1
260 200 1
260 201 1
260 202 1
260 204 1
260 213 1
260 234 1
260 258 1
260 259 1
261 31 1
261 99 1
261 113 1
261 145 1
261 149 1
261 201 1
261 205 1
261 258 1
261 259 1
262 41 1
262 81 1
262 150 1
262 159 1
262 205 1
262 234 1
262 258 1
263 36 1
263 78 1
263 150 1
263 151 1
263 208 1
264 29 1
264 35 1
264 38 1
264 39 1
264 40 1
264 41 1
264 80 1
264 126 1
264 152 1
264 155 1
264 206 1
264 207 1
265 15 1
265 98 1
265 100 1
265 143 1
265 152 1
265 153 1
265 156 1
265 160 1
265 251 1
266 8 1
266 15 1
266 100 1
266 143 1
266 152 1
266 153 1
266 154 1
266 156 1
266 251 1
266 265 1
267 36 1
267 37 1
267 44 1
267 79 1
267 115 1
267 172 1
267 208 1
267 263 1
268 35 1
268 38 1
268 40 1
268 41 1
268 44 1
268 115 1
268 152 1
268 157 1
268 158 1
268 159 1
268 206 1
268 208 1
268 212 1
268 264 1
269 35 1
269 40 1
269 41 1
269 81 1
269 150 1
269 158 1
269 159 1
269 200 1
269 205 1
269 234 1
269 262 1
269 264 1
269 268 1
270 38 1
270 39 1
270 42 1
270 43 1
270 56 1
270 80 1
270 115 1
270 160 1
270 161 1
270 162 1
270 178 1
270 209 1
270 210 1
270 211 1
270 223 1
271 33 1
271 34 1
271 46 1
271 76 1
271 82 1
271 101 1
271 147 1
271 204 1
271 213 1
271 234 1
272 103 1
272 104 1
272 116 1
272 117 1
272 164 1
272 165 1
272 171 1
272 174 1
272 175 1
272 176 1
272 214 1
272 216 1
272 217 1
273 63 1
273 165 1
273 166 1
273 214 1
273 215 1
273 216 1
273 219 1
273 236 1
274 63 1
274 117 1
274 165 1
274 166 1
274 214 1
274 215 1
274 216 1
274 273 1
275 51 1
275 57 1
275 62 1
275 63 1
275 165 1
275 166 1
275 167 1
275 175 1
275 176 1
275 214 1
275 215 1
275 216 1
275 218 1
275 236 1
275 273 1
275 274 1
276 58 1
276 88 1
276 168 1
276 177 1
276 219 1
276 236 1
276 273 1
277 53 1
277 85 1
277 90 1
277 168 1
277 169 1
277 177 1
277 222 1
278 48 1
278 52 1
278 55 1
278 56 1
278 57 1
278 58 1
278 87 1
278 151 1
278 170 1
278 173 1
278 220 1
278 221 1
279 43 1
279 103 1
279 104 1
279 164 1
279 170 1
279 171 1
279 174 1
279 178 1
279 270 1
280 36 1
280 43 1
280 104 1
280 170 1
280 171 1
280 172 1
280 174 1
280 270 1
280 279 1
281 53 1
281 54 1
281 61 1
281 86 1
281 118 1
281 129 1
281 222 1
281 277 1
282 54 1
282 59 1
282 61 1
282 64 1
282 84 1
282 86 1
282 118 1
282 222 1
282 226 1
283 52 1
283 55 1
283 57 1
283 58 1
283 61 1
283 118 1
283 170 1
283 173 1
283 175 1
283 176 1
283 177 1
283 220 1
283 222 1
283 223 1
283 226 1
283 278 1
284 52 1
284 57 1
284 58 1
284 88 1
284 168 1
284 176 1
284 177 1
284 214 1
284 219 1
284 276 1
284 278 1
284 283 1
285 11 1
285 53 1
285 55 1
285 56 1
285 59 1
285 60 1
285 87 1
285 118 1
285 135 1
285 178 1
285 179 1
285 180 1
285 193 1
285 223 1
285 224 1
285 225 1
285 245 1
285 246 1
286 50 1
286 51 1
286 63 1
286 83 1
286 89 1
286 105 1
286 167 1
286 218 1
286 227 1
286 236 1
287 64 1
287 86 1
288 3 1
288 5 1
288 6 1
288 14 1
288 17 1
288 66 1
288 67 1
288 119 1
288 120 1
288 132 1
288 133 1
288 181 1
288 187 1
288 188 1
288 196 1
288 240 1
289 3 1
289 5 1
289 6 1
289 66 1
289 67 1
289 123 1
289 132 1
289 181 1
289 187 1
289 188 1
289 240 1
289 288 1
290 8 1
290 9 1
290 24 1
290 25 1
290 26 1
290 69 1
290 192 1
290 196 1
290 247 1
290 248 1
291 10 1
291 11 1
291 14 1
291 119 1
291 127 1
291 131 1
291 135 1
291 136 1
291 137 1
291 179 1
291 193 1
291 194 1
291 195 1
291 225 1
291 245 1
291 285 1
292 7 1
292 11 1
292 12 1
292 14 1
292 92 1
292 94 1
292 119 1
292 120 1
292 127 1
292 128 1
292 129 1
292 131 1
292 132 1
292 133 1
292 137 1
292 190 1
292 193 1
292 194 1
292 245 1
292 246 1
292 249 1
292 291 1
293 7 1
293 12 1
293 13 1
293 125 1
293 134 1
293 191 1
293 242 1
293 243 1
293 244 1
293 249 1
293 250 1
294 13 1
294 125 1
294 228 1
294 242 1
294 250 1
294 293 1
295 7 1
295 9 1
295 12 1
295 14 1
295 16 1
295 111 1
295 120 1
295 127 1
295 131 1
295 132 1
295 133 1
295 134 1
295 137 1
295 190 1
295 192 1
295 193 1
295 194 1
295 196 1
295 249 1
295 288 1
295 291 1
295 292 1
296 19 1
296 23 1
296 24 1
296 74 1
296 139 1
296 146 1
296 199 1
296 230 1
296 232 1
296 254 1
297 33 1
297 34 1
297 42 1
297 45 1
297 76 1
297 77 1
297 143 1
297 144 1
297 157 1
297 158 1
297 182 1
297 203 1
297 204 1
297 212 1
297 260 1
298 33 1
298 34 1
298 76 1
298 77 1
298 147 1
298 157 1
298 182 1
298 203 1
298 204 1
298 260 1
298 297 1
299 36 1
299 37 1
299 47 1
299 79 1
299 208 1
299 212 1
299 267 1
300 38 1
300 39 1
300 42 1
300 107 1
300 136 1
300 143 1
300 152 1
300 156 1
300 160 1
300 161 1
300 162 1
300 195 1
300 209 1
300 210 1
300 211 1
300 251 1
300 265 1
301 35 1
301 39 1
301 40 1
301 42 1
301 98 1
301 100 1
301 143 1
301 144 1
301 152 1
301 153 1
301 154 1
301 156 1
301 157 1
301 158 1
301 162 1
301 206 1
301 209 1
301 210 1
301 265 1
301 266 1
301 268 1
301 297 1
301 300 1
302 35 1
302 40 1
302 41 1
302 150 1
302 159 1
302 207 1
302 262 1
302 263 1
302 264 1
302 268 1
302 269 1
303 41 1
303 150 1
303 233 1
303 269 1
303 302 1
304 35 1
304 37 1
304 40 1
304 42 1
304 44 1
304 115 1
304 144 1
304 152 1
304 156 1
304 157 1
304 158 1
304 159 1
304 162 1
304 206 1
304 208 1
304 209 1
304 210 1
304 212 1
304 268 1
304 297 1
304 300 1
304 301 1
305 50 1
305 51 1
305 59 1
305 62 1
305 83 1
305 84 1
305 164 1
305 165 1
305 175 1
305 176 1
305 183 1
305 217 1
305 218 1
305 226 1
305 275 1
306 50 1
306 51 1
306 83 1
306 84 1
306 167 1
306 175 1
306 183 1
306 217 1
306 218 1
306 275 1
306 305 1
307 53 1
307 54 1
307 61 1
307 64 1
307 86 1
307 118 1
307 222 1
307 226 1
307 281 1
307 282 1
308 55 1
308 56 1
308 59 1
308 161 1
308 170 1
308 174 1
308 178 1
308 179 1
308 180 1
308 211 1
308 223 1
308 224 1
308 225 1
308 270 1
308 279 1
308 285 1
309 52 1
309 56 1
309 57 1
309 59 1
309 103 1
309 104 1
309 164 1
309 165 1
309 170 1
309 171 1
309 172 1
309 174 1
309 175 1
309 176 1
309 180 1
309 220 1
309 223 1
309 224 1
309 279 1
309 280 1
309 283 1
309 308 1
310 52 1
310 57 1
310 58 1
310 163 1
310 168 1
310 177 1
310 221 1
310 276 1
310 277 1
310 278 1
310 283 1
310 284 1
311 58 1
311 163 1
311 168 1
311 235 1
311 284 1
311 310 1
312 52 1
312 54 1
312 57 1
312 59 1
312 61 1
312 118 1
312 165 1
312 170 1
312 174 1
312 175 1
312 176 1
312 177 1
312 180 1
312 220 1
312 222 1
312 223 1
312 224 1
312 226 1
312 283 1
312 305 1
312 308 1
312 309 1
313 0 1
313 1 1
313 65 1
313 109 1
313 124 1
313 129 1
313 184 1
313 185 1
313 189 1
313 228 1
313 241 1
314 4 1
314 91 1
314 110 1
314 237 1
315 3 1
315 5 1
315 6 1
315 66 1
315 67 1
315 123 1
315 181 1
315 188 1
315 288 1
315 289 1
316 2 1
316 93 1
316 121 1
316 124 1
316 184 1
316 185 1
316 186 1
316 189 1
316 238 1
316 239 1
316 241 1
316 242 1
316 313 1
317 10 1
317 70 1
317 96 1
317 126 1
317 130 1
317 191 1
317 243 1
317 244 1
317 293 1
318 11 1
318 60 1
318 92 1
318 94 1
318 119 1
318 127 1
318 128 1
318 129 1
318 131 1
318 133 1
318 135 1
318 190 1
318 193 1
318 245 1
318 246 1
318 285 1
318 291 1
318 292 1
319 9 1
319 23 1
319 24 1
319 25 1
319 26 1
319 69 1
319 74 1
319 111 1
319 192 1
319 199 1
319 247 1
319 248 1
319 254 1
319 266 1
319 290 1
320 14 1
320 92 1
320 106 1
320 119 1
320 127 1
320 128 1
320 131 1
320 135 1
320 193 1
320 194 1
320 245 1
320 291 1
320 292 1
320 318 1
321 9 1
321 16 1
321 17 1
321 69 1
321 71 1
321 111 1
321 125 1
321 134 1
321 192 1
321 196 1
321 229 1
321 243 1
321 247 1
321 248 1
321 249 1
321 250 1
321 290 1
321 295 1
322 21 1
322 22 1
322 112 1
322 140 1
322 198 1
322 231 1
323 24 1
323 26 1
323 73 1
323 75 1
323 139 1
323 146 1
323 199 1
323 232 1
323 254 1
323 296 1
324 27 1
324 141 1
324 142 1
324 253 1
324 256 1
325 29 1
325 30 1
325 75 1
325 113 1
325 149 1
325 154 1
325 200 1
325 201 1
325 205 1
325 233 1
325 261 1
326 32 1
326 97 1
326 114 1
326 257 1
327 33 1
327 34 1
327 76 1
327 77 1
327 147 1
327 182 1
327 204 1
327 297 1
327 298 1
328 31 1
328 99 1
328 145 1
328 149 1
328 200 1
328 201 1
328 202 1
328 205 1
328 258 1
328 259 1
328 261 1
328 262 1
328 325 1
329 38 1
329 102 1
329 151 1
329 155 1
329 207 1
329 263 1
329 264 1
329 302 1
330 15 1
330 39 1
330 98 1
330 100 1
330 143 1
330 152 1
330 153 1
330 154 1
330 156 1
330 158 1
330 160 1
330 206 1
330 209 1
330 251 1
330 265 1
330 266 1
330 300 1
330 301 1
331 37 1
331 47 1
331 79 1
331 115 1
331 208 1
331 267 1
331 299 1
332 42 1
332 98 1
332 107 1
332 143 1
332 152 1
332 153 1
332 156 1
332 160 1
332 209 1
332 210 1
332 265 1
332 300 1
332 301 1
332 330 1
333 37 1
333 44 1
333 45 1
333 79 1
333 81 1
333 115 1
333 150 1
333 159 1
333 208 1
333 212 1
333 234 1
333 263 1
333 267 1
333 268 1
333 269 1
333 299 1
333 304 1
334 48 1
334 49 1
334 116 1
334 172 1
334 214 1
334 215 1
334 219 1
334 235 1
335 117 1
335 272 1
336 50 1
336 51 1
336 83 1
336 84 1
336 167 1
336 183 1
336 218 1
336 305 1
336 306 1
337 166 1
337 214 1
337 215 1
337 216 1
337 219 1
337 273 1
337 274 1
337 276 1
337 334 1
338 55 1
338 87 1
338 90 1
338 169 1
338 173 1
338 221 1
338 277 1
338 278 1
338 310 1
339 43 1
339 56 1
339 103 1
339 104 1
339 164 1
339 170 1
339 171 1
339 172 1
339 174 1
339 176 1
339 178 1
339 220 1
339 223 1
339 270 1
339 279 1
339 280 1
339 308 1
339 309 1
340 54 1
340 64 1
340 86 1
340 118 1
340 222 1
340 246 1
340 281 1
340 282 1
340 287 1
340 307 1
341 59 1
341 103 1
341 108 1
341 164 1
341 170 1
341 171 1
341 174 1
341 178 1
341 223 1
341 224 1
341 279 1
341 308 1
341 309 1
341 339 1
342 54 1
342 61 1
342 62 1
342 86 1
342 88 1
342 118 1
342 168 1
342 177 1
342 222 1
342 226 1
342 236 1
342 277 1
342 281 1
342 282 1
342 283 1
342 284 1
342 307 1
342 312 1
343 0 1
343 1 1
343 13 1
343 90 1
343 169 1
343 228 1
343 294 1
344 29 1
344 68 1
344 96 1
344 126 1
344 130 1
344 191 1
344 243 1
344 293 1
344 317 1
345 8 1
345 9 1
345 10 1
345 14 1
345 15 1
345 16 1
345 69 1
345 70 1
345 111 1
345 134 1
345 136 1
345 137 1
345 191 1
345 192 1
345 194 1
345 196 1
345 247 1
345 251 1
345 266 1
345 290 1
345 295 1
345 319 1
345 321 1
346 12 1
346 13 1
346 125 1
346 134 1
346 189 1
346 228 1
346 242 1
346 249 1
346 250 1
346 293 1
346 294 1
347 17 1
347 18 1
347 69 1
347 71 1
347 134 1
347 188 1
347 196 1
347 197 1
347 229 1
347 321 1
348 19 1
348 23 1
348 138 1
348 198 1
348 230 1
348 231 1
348 253 1
349 20 1
349 21 1
349 28 1
349 73 1
349 255 1
349 256 1
350 29 1
350 30 1
350 41 1
350 96 1
350 126 1
350 233 1
350 303 1
350 344 1
351 32 1
351 99 1
351 114 1
351 145 1
351 148 1
351 259 1
351 326 1
352 36 1
352 48 1
352 102 1
352 151 1
352 155 1
352 207 1
352 263 1
352 302 1
352 329 1
353 36 1
353 37 1
353 38 1
353 42 1
353 43 1
353 44 1
353 79 1
353 80 1
353 115 1
353 159 1
353 161 1
353 162 1
353 207 1
353 208 1
353 210 1
353 212 1
353 267 1
353 270 1
353 280 1
353 299 1
353 304 1
353 331 1
353 333 1
354 40 1
354 41 1
354 150 1
354 159 1
354 205 1
354 233 1
354 262 1
354 268 1
354 269 1
354 302 1
354 303 1
355 45 1
355 46 1
355 79 1
355 81 1
355 159 1
355 204 1
355 212 1
355 213 1
355 234 1
355 333 1
356 48 1
356 49 1
356 58 1
356 102 1
356 151 1
356 163 1
356 235 1
356 311 1
356 352 1
357 0 1
357 90 1
357 169 1
357 173 1
357 221 1
357 277 1
357 310 1
357 338 1
357 343 1
358 53 1
358 54 1
358 55 1
358 59 1
358 60 1
358 61 1
358 86 1
358 87 1
358 118 1
358 177 1
358 179 1
358 180 1
358 221 1
358 222 1
358 224 1
358 226 1
358 246 1
358 281 1
358 285 1
358 307 1
358 312 1
358 340 1
358 342 1
359 57 1
359 58 1
359 168 1
359 177 1
359 219 1
359 235 1
359 276 1
359 283 1
359 284 1
359 310 1
359 311 1
360 54 1
360 62 1
360 63 1
360 86 1
360 88 1
360 177 1
360 218 1
360 226 1
360 227 1
360 236 1
360 282 1
360 342 1
361 14 1
361 15 1
361 67 1
361 106 1
361 111 1
361 131 1
361 181 1
361 194 1
361 288 1
361 291 1
361 292 1
361 295 1
361 320 1
362 42 1
362 43 1
362 77 1
362 107 1
362 115 1
362 156 1
362 157 1
362 162 1
362 182 1
362 210 1
362 297 1
362 300 1
362 301 1
362 304 1
362 332 1
363 59 1
363 60 1
363 108 1
363 118 1
363 174 1
363 180 1
363 183 1
363 224 1
363 305 1
363 308 1
363 309 1
363 312 1
363 341 1
364 4 1
364 65 1
364 109 1
364 122 1
365 4 1
365 93 1
365 110 1
365 121 1
365 123 1
365 185 1
365 186 1
365 238 1
365 239 1
365 240 1
365 314 1
366 8 1
366 29 1
366 30 1
366 68 1
366 96 1
366 126 1
366 191 1
366 192 1
366 243 1
366 247 1
366 317 1
366 344 1
366 350 1
367 8 1
367 9 1
367 16 1
367 24 1
367 25 1
367 26 1
367 69 1
367 74 1
367 100 1
367 111 1
367 192 1
367 196 1
367 247 1
367 248 1
367 266 1
367 290 1
367 319 1
367 345 1
368 17 1
368 18 1
368 71 1
368 72 1
368 95 1
368 188 1
368 197 1
368 229 1
368 252 1
368 347 1
369 32 1
369 75 1
369 113 1
369 146 1
369 296 1
369 323 1
370 32 1
370 99 1
370 114 1
370 145 1
370 147 1
370 201 1
370 202 1
370 258 1
370 259 1
370 260 1
370 326 1
370 351 1
371 36 1
371 48 1
371 49 1
371 78 1
371 102 1
371 151 1
371 207 1
371 208 1
371 263 1
371 267 1
371 329 1
371 352 1
371 356 1
372 36 1
372 37 1
372 44 1
372 47 1
372 79 1
372 104 1
372 115 1
372 208 1
372 267 1
372 280 1
372 299 1
372 331 1
372 353 1
373 45 1
373 46 1
373 81 1
373 82 1
373 101 1
373 213 1
373 234 1
373 271 1
373 355 1
374 117 1
374 166 1
374 167 1
374 215 1
374 216 1
374 273 1
374 274 1
374 275 1
374 335 1
375 0 1
375 1 1
375 53 1
375 85 1
375 90 1
375 169 1
375 221 1
375 222 1
375 277 1
375 281 1
375 338 1
375 343 1
375 357 1
376 53 1
376 54 1
376 61 1
376 64 1
376 86 1
376 94 1
376 118 1
376 222 1
376 226 1
376 246 1
376 281 1
376 282 1
376 307 1
376 340 1
376 358 1
377 62 1
377 63 1
377 88 1
377 89 1
377 105 1
377 227 1
377 236 1
377 286 1
377 360 1
378 1 1
378 2 1
378 12 1
378 109 1
378 120 1
378 129 1
378 133 1
378 184 1
378 185 1
378 186 1
378 189 1
378 190 1
378 228 1
378 238 1
378 241 1
378 250 1
378 313 1
378 316 1
379 12 1
379 91 1
379 92 1
379 94 1
379 119 1
379 120 1
379 127 1
379 128 1
379 129 1
379 131 1
379 132 1
379 133 1
379 184 1
379 186 1
379 187 1
379 190 1
379 237 1
379 240 1
379 288 1
379 292 1
379 295 1
379 318 1
379 320 1
380 2 1
380 93 1
380 121 1
380 184 1
380 185 1
380 186 1
380 189 1
380 238 1
380 239 1
380 240 1
380 241 1
380 316 1
380 365 1
380 378 1
381 65 1
381 94 1
381 109 1
381 122 1
381 129 1
381 313 1
381 364 1
381 378 1
382 5 1
382 6 1
382 17 1
382 25 1
382 66 1
382 67 1
382 69 1
382 188 1
382 196 1
382 197 1
382 248 1
382 288 1
382 289 1
382 315 1
382 347 1
383 13 1
383 125 1
383 185 1
383 189 1
383 238 1
383 242 1
383 250 1
383 294 1
383 316 1
383 346 1
383 378 1
383 380 1
384 68 1
384 71 1
384 125 1
384 134 1
384 229 1
384 242 1
384 243 1
384 250 1
384 293 1
384 321 1
384 346 1
385 68 1
385 71 1
385 125 1
385 134 1
385 192 1
385 196 1
385 242 1
385 243 1
385 247 1
385 250 1
385 293 1
385 321 1
385 347 1
385 366 1
385 384 1
386 68 1
386 71 1
386 125 1
386 243 1
386 321 1
386 366 1
386 384 1
386 385 1
387 7 1
387 92 1
387 94 1
387 119 1
387 120 1
387 127 1
387 128 1
387 129 1
387 131 1
387 132 1
387 133 1
387 190 1
387 193 1
387 237 1
387 245 1
387 246 1
387 291 1
387 292 1
387 318 1
387 320 1
387 379 1
388 8 1
388 10 1
388 29 1
388 35 1
388 70 1
388 111 1
388 126 1
388 130 1
388 136 1
388 137 1
388 154 1
388 191 1
388 192 1
388 206 1
388 247 1
388 251 1
388 317 1
388 344 1
388 345 1
388 366 1
389 9 1
389 14 1
389 24 1
389 25 1
389 69 1
389 74 1
389 106 1
389 248 1
389 319 1
389 361 1
389 367 1
390 12 1
390 14 1
390 16 1
390 92 1
390 111 1
390 119 1
390 120 1
390 127 1
390 131 1
390 132 1
390 133 1
390 181 1
390 190 1
390 193 1
390 194 1
390 237 1
390 288 1
390 289 1
390 291 1
390 292 1
390 295 1
390 318 1
390 320 1
390 361 1
390 379 1
390 387 1
391 9 1
391 12 1
391 14 1
391 16 1
391 67 1
391 106 1
391 111 1
391 119 1
391 131 1
391 132 1
391 133 1
391 134 1
391 137 1
391 181 1
391 188 1
391 192 1
391 193 1
391 194 1
391 196 1
391 248 1
391 249 1
391 288 1
391 289 1
391 291 1
391 292 1
391 295 1
391 320 1
391 361 1
391 379 1
391 390 1
392 10 1
392 11 1
392 15 1
392 39 1
392 70 1
392 135 1
392 136 1
392 137 1
392 160 1
392 179 1
392 193 1
392 194 1
392 195 1
392 211 1
392 225 1
392 251 1
392 285 1
392 291 1
392 320 1
393 20 1
393 21 1
393 27 1
393 138 1
393 141 1
393 142 1
393 253 1
393 256 1
393 324 1
394 19 1
394 23 1
394 24 1
394 25 1
394 74 1
394 139 1
394 199 1
394 230 1
394 254 1
394 296 1
394 319 1
394 323 1
395 29 1
395 30 1
395 41 1
395 96 1
395 126 1
395 303 1
395 344 1
395 350 1
396 30 1
396 31 1
396 40 1
396 113 1
396 144 1
396 154 1
396 158 1
396 200 1
396 201 1
396 202 1
396 205 1
396 206 1
396 233 1
396 258 1
396 261 1
396 325 1
396 328 1
397 40 1
397 97 1
397 98 1
397 100 1
397 143 1
397 144 1
397 152 1
397 153 1
397 154 1
397 156 1
397 157 1
397 158 1
397 200 1
397 202 1
397 203 1
397 206 1
397 257 1
397 260 1
397 297 1
397 301 1
397 304 1
397 330 1
397 332 1
398 31 1
398 99 1
398 145 1
398 200 1
398 201 1
398 202 1
398 205 1
398 258 1
398 259 1
398 260 1
398 261 1
398 328 1
398 370 1
398 396 1
399 75 1
399 100 1
399 113 1
399 146 1
399 154 1
399 323 1
399 325 1
399 369 1
399 396 1
400 33 1
400 34 1
400 45 1
400 76 1
400 77 1
400 79 1
400 204 1
400 212 1
400 213 1
400 297 1
400 298 1
400 327 1
400 355 1
401 31 1
401 99 1
401 145 1
401 148 1
401 149 1
401 261 1
401 351 1
402 41 1
402 150 1
402 201 1
402 205 1
402 233 1
402 258 1
402 262 1
402 269 1
402 303 1
402 328 1
402 354 1
402 396 1
402 398 1
403 78 1
403 81 1
403 150 1
403 159 1
403 234 1
403 262 1
403 263 1
403 269 1
403 333 1
403 354 1
403 355 1
404 78 1
404 81 1
404 150 1
404 159 1
404 208 1
404 212 1
404 262 1
404 263 1
404 267 1
404 269 1
404 302 1
404 333 1
404 355 1
404 371 1
404 403 1
405 78 1
405 81 1
405 150 1
405 263 1
405 333 1
405 371 1
405 403 1
405 404 1
406 35 1
406 98 1
406 100 1
406 143 1
406 144 1
406 152 1
406 153 1
406 154 1
406 156 1
406 157 1
406 158 1
406 206 1
406 209 1
406 257 1
406 265 1
406 266 1
406 300 1
406 301 1
406 330 1
406 332 1
406 397 1
407 36 1
407 38 1
407 48 1
407 52 1
407 80 1
407 115 1
407 151 1
407 155 1
407 161 1
407 162 1
407 172 1
407 207 1
407 208 1
407 220 1
407 267 1
407 270 1
407 329 1
407 352 1
407 353 1
407 371 1
407 372 1
408 40 1
408 42 1
408 44 1
408 77 1
408 98 1
408 115 1
408 143 1
408 144 1
408 152 1
408 156 1
408 157 1
408 158 1
408 182 1
408 206 1
408 209 1
408 210 1
408 257 1
408 297 1
408 298 1
408 300 1
408 301 1
408 304 1
408 330 1
408 332 1
408 362 1
408 397 1
408 406 1
409 37 1
409 40 1
409 42 1
409 44 1
409 77 1
409 107 1
409 115 1
409 143 1
409 156 1
409 157 1
409 158 1
409 159 1
409 162 1
409 182 1
409 204 1
409 209 1
409 210 1
409 212 1
409 268 1
409 297 1
409 298 1
409 300 1
409 301 1
409 304 1
409 332 1
409 362 1
409 397 1
409 408 1
410 38 1
410 39 1
410 43 1
410 56 1
410 80 1
410 135 1
410 136 1
410 160 1
410 161 1
410 162 1
410 178 1
410 195 1
410 209 1
410 210 1
410 211 1
410 225 1
410 251 1
410 270 1
410 300 1
410 332 1
410 392 1
411 48 1
411 49 1
411 58 1
411 102 1
411 151 1
411 163 1
411 311 1
411 352 1
411 356 1
412 49 1
412 57 1
412 116 1
412 165 1
412 172 1
412 176 1
412 214 1
412 215 1
412 216 1
412 219 1
412 220 1
412 235 1
412 273 1
412 334 1
412 337 1
413 57 1
413 103 1
413 104 1
413 164 1
413 165 1
413 170 1
413 171 1
413 172 1
413 174 1
413 175 1
413 176 1
413 214 1
413 216 1
413 217 1
413 220 1
413 272 1
413 275 1
413 305 1
413 309 1
413 312 1
413 339 1
413 341 1
414 166 1
414 214 1
414 215 1
414 216 1
414 219 1
414 273 1
414 274 1
414 275 1
414 337 1
414 374 1
414 412 1
415 104 1
415 116 1
415 172 1
415 334 1
415 412 1
416 50 1
416 51 1
416 62 1
416 83 1
416 84 1
416 86 1
416 218 1
416 226 1
416 227 1
416 282 1
416 305 1
416 306 1
416 336 1
416 360 1
417 58 1
417 168 1
417 215 1
417 219 1
417 235 1
417 273 1
417 276 1
417 284 1
417 311 1
417 337 1
417 359 1
417 412 1
417 414 1
418 85 1
418 88 1
418 168 1
418 177 1
418 236 1
418 276 1
418 277 1
418 284 1
418 310 1
418 342 1
418 359 1
418 360 1
419 62 1
419 85 1
419 88 1
419 168 1
419 177 1
419 222 1
419 226 1
419 276 1
419 277 1
419 281 1
419 284 1
419 310 1
419 342 1
419 359 1
419 360 1
419 375 1
419 418 1
420 103 1
420 104 1
420 164 1
420 165 1
420 170 1
420 171 1
420 172 1
420 174 1
420 175 1
420 176 1
420 220 1
420 223 1
420 272 1
420 279 1
420 280 1
420 308 1
420 309 1
420 339 1
420 341 1
420 413 1
421 0 1
421 7 1
421 53 1
421 55 1
421 87 1
421 118 1
421 129 1
421 169 1
421 173 1
421 179 1
421 180 1
421 190 1
421 221 1
421 222 1
421 281 1
421 285 1
421 338 1
421 357 1
421 358 1
421 375 1
421 376 1
422 57 1
422 59 1
422 61 1
422 103 1
422 118 1
422 164 1
422 165 1
422 170 1
422 174 1
422 175 1
422 176 1
422 183 1
422 220 1
422 223 1
422 224 1
422 272 1
422 305 1
422 306 1
422 308 1
422 309 1
422 312 1
422 339 1
422 341 1
422 363 1
422 413 1
422 420 1
423 54 1
423 57 1
423 59 1
423 61 1
423 84 1
423 108 1
423 118 1
423 164 1
423 174 1
423 175 1
423 176 1
423 177 1
423 180 1
423 183 1
423 218 1
423 222 1
423 223 1
423 224 1
423 226 1
423 282 1
423 283 1
423 305 1
423 306 1
423 308 1
423 309 1
423 312 1
423 341 1
423 363 1
423 413 1
423 422 1
424 11 1
424 55 1
424 56 1
424 60 1
424 87 1
424 135 1
424 160 1
424 161 1
424 178 1
424 179 1
424 180 1
424 195 1
424 211 1
424 223 1
424 224 1
424 225 1
424 270 1
424 285 1
424 308 1
424 341 1
424 392 1
424 410 1
425 60 1
425 108 1
425 224 1
425 245 1
425 363 1
426 5 1
426 6 1
426 12 1
426 17 1
426 18 1
426 67 1
426 119 1
426 120 1
426 132 1
426 133 1
426 181 1
426 184 1
426 185 1
426 186 1
426 187 1
426 188 1
426 237 1
426 240 1
426 288 1
426 289 1
426 295 1
426 379 1
426 390 1
426 391 1
427 4 1
427 91 1
427 92 1
427 109 1
427 110 1
427 237 1
427 314 1
428 4 1
428 65 1
428 91 1
428 94 1
428 109 1
428 120 1
428 122 1
428 129 1
428 237 1
428 314 1
428 364 1
428 379 1
428 381 1
428 387 1
428 427 1
429 4 1
429 65 1
429 109 1
429 110 1
429 122 1
429 237 1
429 314 1
429 364 1
429 381 1
429 427 1
429 428 1
430 4 1
430 110 1
430 123 1
430 186 1
430 187 1
430 239 1
430 314 1
430 365 1
430 427 1
431 5 1
431 66 1
431 67 1
431 188 1
431 248 1
431 289 1
431 315 1
431 382 1
432 2 1
432 93 1
432 121 1
432 124 1
432 184 1
432 185 1
432 189 1
432 228 1
432 238 1
432 241 1
432 313 1
432 316 1
432 378 1
432 380 1
432 383 1
433 0 1
433 7 1
433 11 1
433 53 1
433 87 1
433 94 1
433 127 1
433 128 1
433 129 1
433 169 1
433 190 1
433 193 1
433 244 1
433 245 1
433 246 1
433 281 1
433 285 1
433 292 1
433 318 1
433 358 1
433 387 1
433 421 1
434 0 1
434 7 1
434 10 1
434 11 1
434 53 1
434 55 1
434 70 1
434 87 1
434 127 1
434 129 1
434 130 1
434 169 1
434 173 1
434 179 1
434 190 1
434 193 1
434 221 1
434 244 1
434 249 1
434 285 1
434 358 1
434 421 1
434 433 1
435 7 1
435 10 1
435 11 1
435 55 1
435 70 1
435 87 1
435 130 1
435 169 1
435 173 1
435 179 1
435 190 1
435 191 1
435 193 1
435 221 1
435 244 1
435 249 1
435 317 1
435 338 1
435 421 1
435 434 1
436 7 1
436 8 1
436 9 1
436 10 1
436 11 1
436 16 1
436 70 1
436 111 1
436 126 1
436 130 1
436 136 1
436 137 1
436 191 1
436 192 1
436 193 1
436 194 1
436 244 1
436 247 1
436 249 1
436 251 1
436 295 1
436 317 1
436 344 1
436 345 1
436 388 1
436 435 1
437 14 1
437 15 1
437 106 1
437 135 1
437 136 1
437 137 1
437 160 1
437 194 1
437 195 1
437 251 1
437 265 1
437 300 1
437 392 1
437 410 1
438 19 1
438 24 1
438 112 1
438 139 1
438 146 1
438 199 1
438 230 1
438 232 1
438 254 1
438 255 1
438 296 1
438 323 1
438 369 1
438 394 1
439 20 1
439 27 1
439 28 1
439 73 1
439 141 1
439 142 1
439 255 1
439 256 1
439 324 1
439 349 1
440 28 1
440 73 1
440 112 1
440 199 1
440 232 1
440 255 1
440 323 1
440 349 1
440 438 1
441 28 1
441 73 1
441 112 1
441 232 1
441 255 1
441 349 1
441 438 1
441 440 1
442 20 1
442 21 1
442 27 1
442 28 1
442 141 1
442 142 1
442 253 1
442 256 1
442 324 1
442 349 1
442 393 1
442 439 1
443 97 1
443 98 1
443 114 1
443 143 1
443 203 1
443 257 1
443 326 1
444 33 1
444 34 1
444 40 1
444 45 1
444 46 1
444 77 1
444 143 1
444 144 1
444 157 1
444 158 1
444 182 1
444 200 1
444 201 1
444 202 1
444 203 1
444 204 1
444 257 1
444 260 1
444 297 1
444 298 1
444 304 1
444 397 1
444 408 1
444 409 1
445 32 1
445 97 1
445 98 1
445 113 1
445 114 1
445 257 1
445 326 1
445 443 1
446 32 1
446 75 1
446 97 1
446 100 1
446 113 1
446 144 1
446 146 1
446 154 1
446 257 1
446 326 1
446 369 1
446 397 1
446 399 1
446 406 1
446 445 1
447 32 1
447 75 1
447 113 1
447 114 1
447 146 1
447 257 1
447 326 1
447 369 1
447 399 1
447 445 1
447 446 1
448 114 1
448 147 1
448 203 1
448 259 1
448 326 1
448 351 1
448 370 1
448 445 1
449 33 1
449 76 1
449 77 1
449 204 1
449 298 1
449 327 1
449 400 1
450 31 1
450 99 1
450 145 1
450 149 1
450 200 1
450 201 1
450 205 1
450 233 1
450 258 1
450 261 1
450 325 1
450 328 1
450 396 1
450 398 1
450 401 1
450 402 1
451 8 1
451 29 1
451 35 1
451 39 1
451 70 1
451 100 1
451 152 1
451 153 1
451 154 1
451 206 1
451 209 1
451 247 1
451 251 1
451 264 1
451 265 1
451 266 1
451 301 1
451 330 1
451 345 1
451 388 1
451 406 1
451 436 1
452 8 1
452 10 1
452 29 1
452 35 1
452 38 1
452 39 1
452 70 1
452 80 1
452 126 1
452 130 1
452 136 1
452 152 1
452 154 1
452 155 1
452 191 1
452 206 1
452 209 1
452 251 1
452 264 1
452 268 1
452 345 1
452 388 1
452 436 1
452 451 1
453 10 1
453 35 1
453 38 1
453 39 1
453 70 1
453 80 1
453 126 1
453 130 1
453 136 1
453 155 1
453 191 1
453 206 1
453 207 1
453 209 1
453 264 1
453 268 1
453 317 1
453 329 1
453 388 1
453 452 1
454 35 1
454 36 1
454 37 1
454 38 1
454 39 1
454 44 1
454 80 1
454 115 1
454 151 1
454 155 1
454 161 1
454 162 1
454 207 1
454 208 1
454 209 1
454 210 1
454 264 1
454 267 1
454 268 1
454 270 1
454 304 1
454 329 1
454 352 1
454 353 1
454 407 1
454 453 1
455 42 1
455 43 1
455 107 1
455 160 1
455 161 1
455 162 1
455 178 1
455 210 1
455 211 1
455 270 1
455 279 1
455 410 1
456 50 1
456 51 1
456 57 1
456 62 1
456 63 1
456 84 1
456 164 1
456 165 1
456 175 1
456 176 1
456 183 1
456 214 1
456 215 1
456 216 1
456 217 1
456 218 1
456 272 1
456 275 1
456 305 1
456 306 1
456 312 1
456 413 1
456 422 1
456 423 1
457 104 1
457 116 1
457 165 1
457 172 1
457 272 1
457 335 1
457 413 1
457 415 1
457 420 1
458 117 1
458 167 1
458 216 1
458 217 1
458 274 1
458 335 1
458 374 1
459 50 1
459 83 1
459 84 1
459 218 1
459 282 1
459 306 1
459 336 1
459 416 1
460 166 1
460 214 1
460 215 1
460 219 1
460 235 1
460 273 1
460 334 1
460 337 1
460 412 1
460 414 1
460 417 1
461 36 1
461 48 1
461 52 1
461 56 1
461 80 1
461 104 1
461 151 1
461 170 1
461 171 1
461 172 1
461 220 1
461 223 1
461 267 1
461 270 1
461 278 1
461 279 1
461 280 1
461 309 1
461 339 1
461 353 1
461 407 1
461 420 1
461 454 1
462 36 1
462 38 1
462 48 1
462 52 1
462 55 1
462 56 1
462 80 1
462 87 1
462 151 1
462 155 1
462 161 1
462 170 1
462 172 1
462 173 1
462 207 1
462 220 1
462 223 1
462 270 1
462 278 1
462 283 1
462 407 1
462 454 1
462 461 1
463 38 1
463 52 1
463 55 1
463 56 1
463 80 1
463 87 1
463 151 1
463 155 1
463 161 1
463 173 1
463 207 1
463 220 1
463 221 1
463 223 1
463 278 1
463 283 1
463 329 1
463 338 1
463 407 1
463 454 1
463 462 1
464 52 1
464 53 1
464 54 1
464 55 1
464 56 1
464 61 1
464 87 1
464 118 1
464 169 1
464 173 1
464 179 1
464 180 1
464 221 1
464 222 1
464 223 1
464 224 1
464 278 1
464 281 1
464 283 1
464 285 1
464 312 1
464 338 1
464 357 1
464 358 1
464 421 1
464 433 1
464 434 1
464 463 1
466 0 1
466 1 1
466 13 1
466 90 1
466 169 1
466 221 1
466 228 1
466 244 1
466 293 1
466 294 1
466 317 1
466 338 1
466 343 1
466 357 1
466 375 1
466 435 1
467 0 1
467 1 1
467 13 1
467 90 1
467 169 1
467 228 1
467 244 1
467 293 1
467 294 1
467 343 1
467 346 1
467 466 1
468 0 1
468 1 1
468 12 1
468 13 1
468 129 1
468 184 1
468 185 1
468 189 1
468 190 1
468 228 1
468 244 1
468 250 1
468 294 1
468 313 1
468 316 1
468 343 1
468 346 1
468 378 1
468 383 1
468 432 1
468 467 1
469 0 1
469 1 1
469 12 1
469 13 1
469 65 1
469 94 1
469 109 1
469 127 1
469 129 1
469 184 1
469 189 1
469 190 1
469 228 1
469 313 1
469 378 1
469 381 1
469 432 1
469 433 1
469 467 1
469 468 1
470 12 1
470 94 1
470 109 1
470 120 1
470 127 1
470 129 1
470 132 1
470 133 1
470 184 1
470 185 1
470 186 1
470 189 1
470 190 1
470 237 1
470 238 1
470 240 1
470 313 1
470 316 1
470 378 1
470 379 1
470 381 1
470 387 1
470 428 1
470 432 1
470 433 1
470 468 1
470 469 1
471 12 1
471 65 1
471 91 1
471 94 1
471 109 1
471 119 1
471 120 1
471 127 1
471 129 1
471 132 1
471 133 1
471 184 1
471 185 1
471 186 1
471 190 1
471 237 1
471 240 1
471 313 1
471 378 1
471 379 1
471 381 1
471 387 1
471 426 1
471 427 1
471 428 1
471 429 1
471 469 1
471 470 1
472 3 1
472 6 1
472 67 1
472 91 1
472 92 1
472 119 1
472 120 1
472 131 1
472 132 1
472 181 1
472 187 1
472 188 1
472 237 1
472 288 1
472 289 1
472 292 1
472 361 1
472 379 1
472 390 1
472 391 1
472 426 1
473 4 1
473 91 1
473 109 1
473 110 1
473 119 1
473 120 1
473 122 1
473 186 1
473 237 1
473 314 1
473 364 1
473 365 1
473 379 1
473 381 1
473 427 1
473 428 1
473 429 1
473 471 1
474 3 1
474 5 1
474 6 1
474 110 1
474 123 1
474 186 1
474 187 1
474 239 1
474 289 1
474 365 1
474 430 1
475 5 1
475 6 1
475 18 1
475 110 1
475 123 1
475 186 1
475 239 1
475 240 1
475 252 1
475 365 1
475 430 1
475 474 1
476 5 1
476 6 1
476 18 1
476 66 1
476 72 1
476 95 1
476 110 1
476 120 1
476 123 1
476 184 1
476 185 1
476 186 1
476 187 1
476 188 1
476 197 1
476 238 1
476 239 1
476 240 1
476 252 1
476 288 1
476 289 1
476 365 1
476 426 1
476 430 1
476 474 1
476 475 1
477 5 1
477 6 1
477 18 1
477 110 1
477 120 1
477 121 1
477 123 1
477 184 1
477 185 1
477 186 1
477 187 1
477 237 1
477 239 1
477 240 1
477 252 1
477 288 1
477 289 1
477 314 1
477 365 1
477 426 1
477 430 1
477 473 1
477 474 1
477 475 1
477 476 1
478 2 1
478 4 1
478 93 1
478 110 1
478 121 1
478 185 1
478 186 1
478 239 1
478 314 1
478 365 1
478 427 1
478 429 1
478 430 1
478 473 1
478 474 1
478 475 1
478 477 1
479 8 1
479 29 1
479 30 1
479 96 1
479 126 1
479 154 1
479 191 1
479 192 1
479 243 1
479 247 1
479 317 1
479 344 1
479 345 1
479 350 1
479 366 1
479 388 1
479 436 1
479 451 1
479 452 1
480 7 1
480 10 1
480 12 1
480 13 1
480 70 1
480 126 1
480 130 1
480 134 1
480 190 1
480 191 1
480 244 1
480 249 1
480 250 1
480 293 1
480 294 1
480 317 1
480 344 1
480 346 1
480 434 1
480 435 1
480 436 1
480 466 1
480 467 1
481 0 1
481 7 1
481 10 1
481 11 1
481 12 1
481 53 1
481 87 1
481 94 1
481 127 1
481 129 1
481 169 1
481 190 1
481 193 1
481 221 1
481 244 1
481 246 1
481 249 1
481 318 1
481 358 1
481 387 1
481 421 1
481 433 1
481 434 1
481 435 1
481 464 1
481 466 1
481 468 1
481 469 1
482 8 1
482 10 1
482 16 1
482 70 1
482 96 1
482 111 1
482 126 1
482 130 1
482 137 1
482 191 1
482 192 1
482 243 1
482 244 1
482 247 1
482 249 1
482 293 1
482 317 1
482 344 1
482 345 1
482 366 1
482 388 1
482 436 1
482 451 1
482 452 1
482 453 1
482 479 1
482 480 1
483 9 1
483 14 1
483 15 1
483 16 1
483 24 1
483 25 1
483 69 1
483 74 1
483 106 1
483 111 1
483 192 1
483 194 1
483 248 1
483 290 1
483 319 1
483 345 1
483 367 1
483 389 1
484 0 1
484 7 1
484 12 1
484 13 1
484 125 1
484 133 1
484 134 1
484 189 1
484 190 1
484 242 1
484 244 1
484 249 1
484 250 1
484 293 1
484 294 1
484 295 1
484 317 1
484 346 1
484 383 1
484 435 1
484 467 1
484 468 1
484 480 1
485 12 1
485 13 1
485 16 1
485 17 1
485 68 1
485 71 1
485 125 1
485 134 1
485 192 1
485 196 1
485 242 1
485 243 1
485 244 1
485 249 1
485 250 1
485 293 1
485 294 1
485 295 1
485 321 1
485 346 1
485 383 1
485 384 1
485 385 1
485 386 1
485 480 1
485 484 1
486 7 1
486 9 1
486 12 1
486 14 1
486 16 1
486 17 1
486 67 1
486 111 1
486 120 1
486 132 1
486 133 1
486 134 1
486 184 1
486 188 1
486 190 1
486 192 1
486 196 1
486 229 1
486 240 1
486 249 1
486 250 1
486 288 1
486 292 1
486 295 1
486 321 1
486 347 1
486 379 1
486 390 1
486 391 1
486 426 1
486 484 1
486 485 1
487 12 1
487 16 1
487 17 1
487 18 1
487 71 1
487 125 1
487 134 1
487 192 1
487 196 1
487 197 1
487 229 1
487 242 1
487 249 1
487 250 1
487 321 1
487 346 1
487 347 1
487 368 1
487 384 1
487 385 1
487 386 1
487 484 1
487 485 1
487 486 1
488 20 1
488 21 1
488 22 1
488 138 1
488 198 1
488 230 1
488 231 1
488 253 1
488 322 1
488 348 1
488 393 1
489 19 1
489 23 1
489 74 1
489 138 1
489 139 1
489 140 1
489 198 1
489 230 1
489 231 1
489 254 1
489 348 1
489 394 1
489 488 1
490 19 1
490 140 1
490 198 1
490 230 1
490 231 1
490 322 1
490 348 1
490 488 1
490 489 1
491 20 1
491 21 1
491 22 1
491 138 1
491 140 1
491 198 1
491 231 1
491 253 1
491 322 1
491 348 1
491 488 1
491 489 1
491 490 1
492 20 1
492 21 1
492 22 1
492 138 1
492 231 1
492 253 1
492 348 1
492 488 1
492 491 1
493 19 1
493 112 1
493 139 1
493 140 1
493 198 1
493 230 1
493 231 1
493 322 1
493 438 1
493 440 1
493 489 1
493 490 1
494 19 1
494 23 1
494 112 1
494 139 1
494 140 1
494 198 1
494 199 1
494 230 1
494 231 1
494 232 1
494 296 1
494 322 1
494 394 1
494 438 1
494 440 1
494 489 1
494 490 1
494 493 1
495 19 1
495 23 1
495 24 1
495 112 1
495 139 1
495 140 1
495 198 1
495 199 1
495 230 1
495 232 1
495 254 1
495 255 1
495 296 1
495 323 1
495 394 1
495 438 1
495 440 1
495 441 1
495 489 1
495 493 1
495 494 1
496 24 1
496 26 1
496 28 1
496 73 1
496 112 1
496 199 1
496 232 1
496 254 1
496 255 1
496 323 1
496 349 1
496 438 1
496 440 1
496 441 1
496 495 1
497 19 1
497 23 1
497 24 1
497 25 1
497 26 1
497 69 1
497 74 1
497 199 1
497 248 1
497 253 1
497 254 1
497 319 1
497 348 1
497 389 1
497 393 1
497 394 1
497 483 1
497 489 1
498 24 1
498 25 1
498 26 1
498 27 1
498 69 1
498 74 1
498 253 1
498 254 1
498 256 1
498 324 1
498 393 1
498 496 1
498 497 1
499 26 1
499 27 1
499 28 1
499 73 1
499 141 1
499 232 1
499 253 1
499 255 1
499 256 1
499 349 1
499 439 1
499 440 1
499 441 1
499 442 1
499 496 1
499 498 1
500 20 1
500 21 1
500 22 1
500 27 1
500 28 1
500 141 1
500 142 1
500 253 1
500 255 1
500 256 1
500 349 1
500 439 1
500 441 1
500 442 1
500 496 1
500 499 1
501 29 1
501 30 1
501 41 1
501 96 1
501 126 1
501 191 1
501 264 1
501 302 1
501 303 1
501 317 1
501 329 1
501 344 1
501 350 1
501 366 1
501 395 1
501 453 1
501 479 1
502 29 1
502 30 1
502 41 1
502 96 1
502 126 1
502 233 1
502 264 1
502 302 1
502 303 1
502 350 1
502 354 1
502 395 1
502 479 1
502 501 1
503 29 1
503 30 1
503 40 1
503 41 1
503 154 1
503 200 1
503 201 1
503 205 1
503 206 1
503 233 1
503 264 1
503 269 1
503 325 1
503 328 1
503 350 1
503 354 1
503 396 1
503 402 1
503 450 1
503 502 1
504 29 1
504 30 1
504 40 1
504 41 1
504 75 1
504 100 1
504 113 1
504 152 1
504 154 1
504 200 1
504 205 1
504 206 1
504 233 1
504 325 1
504 396 1
504 399 1
504 450 1
504 451 1
504 479 1
504 502 1
504 503 1
505 40 1
505 100 1
505 113 1
505 144 1
505 152 1
505 154 1
505 157 1
505 158 1
505 200 1
505 201 1
505 202 1
505 205 1
505 206 1
505 257 1
505 258 1
505 260 1
505 325 1
505 328 1
505 396 1
505 397 1
505 399 1
505 406 1
505 446 1
505 450 1
505 451 1
505 503 1
505 504 1
506 40 1
506 75 1
506 97 1
506 100 1
506 113 1
506 143 1
506 144 1
506 152 1
506 154 1
506 157 1
506 158 1
506 200 1
506 201 1
506 202 1
506 206 1
506 257 1
506 260 1
506 325 1
506 396 1
506 397 1
506 399 1
506 406 1
506 444 1
506 445 1
506 446 1
506 447 1
506 504 1
506 505 1
507 34 1
507 77 1
507 97 1
507 98 1
507 143 1
507 144 1
507 156 1
507 157 1
507 182 1
507 203 1
507 204 1
507 257 1
507 297 1
507 298 1
507 301 1
507 362 1
507 397 1
507 408 1
507 409 1
507 443 1
507 444 1
508 32 1
508 97 1
508 113 1
508 114 1
508 143 1
508 144 1
508 146 1
508 202 1
508 257 1
508 326 1
508 369 1
508 370 1
508 397 1
508 399 1
508 443 1
508 445 1
508 446 1
508 447 1
508 506 1
509 33 1
509 34 1
509 114 1
509 147 1
509 202 1
509 203 1
509 259 1
509 298 1
509 370 1
509 448 1
510 33 1
510 34 1
510 46 1
510 114 1
510 147 1
510 202 1
510 259 1
510 260 1
510 271 1
510 370 1
510 448 1
510 509 1
511 33 1
511 34 1
511 46 1
511 76 1
511 82 1
511 101 1
511 114 1
511 144 1
511 147 1
511 200 1
511 201 1
511 202 1
511 203 1
511 204 1
511 213 1
511 258 1
511 259 1
511 260 1
511 271 1
511 297 1
511 298 1
511 370 1
511 444 1
511 448 1
511 509 1
511 510 1
512 33 1
512 34 1
512 46 1
512 114 1
512 144 1
512 145 1
512 147 1
512 200 1
512 201 1
512 202 1
512 203 1
512 257 1
512 258 1
512 259 1
512 260 1
512 271 1
512 297 1
512 298 1
512 326 1
512 370 1
512 444 1
512 448 1
512 508 1
512 509 1
512 510 1
512 511 1
513 31 1
513 32 1
513 99 1
513 114 1
513 145 1
513 148 1
513 201 1
513 202 1
513 259 1
513 326 1
513 351 1
513 370 1
513 445 1
513 447 1
513 448 1
513 508 1
513 509 1
513 510 1
513 512 1
514 31 1
514 32 1
514 99 1
514 145 1
514 148 1
514 149 1
514 261 1
514 351 1
514 369 1
514 401 1
514 447 1
514 513 1
515 36 1
515 48 1
515 49 1
515 102 1
515 151 1
515 172 1
515 207 1
515 208 1
515 263 1
515 267 1
515 329 1
515 352 1
515 353 1
515 356 1
515 371 1
515 407 1
515 454 1
515 461 1
515 462 1
516 35 1
516 38 1
516 40 1
516 41 1
516 80 1
516 151 1
516 155 1
516 159 1
516 206 1
516 207 1
516 264 1
516 268 1
516 269 1
516 302 1
516 303 1
516 329 1
516 352 1
516 452 1
516 453 1
516 454 1
516 501 1
516 502 1
517 8 1
517 29 1
517 35 1
517 38 1
517 39 1
517 40 1
517 70 1
517 100 1
517 126 1
517 152 1
517 154 1
517 191 1
517 206 1
517 209 1
517 251 1
517 264 1
517 266 1
517 268 1
517 330 1
517 345 1
517 388 1
517 406 1
517 436 1
517 451 1
517 452 1
517 453 1
517 479 1
517 482 1
517 503 1
517 504 1
518 36 1
518 38 1
518 44 1
518 80 1
518 102 1
518 115 1
518 151 1
518 155 1
518 162 1
518 207 1
518 208 1
518 263 1
518 264 1
518 267 1
518 268 1
518 302 1
518 329 1
518 352 1
518 353 1
518 371 1
518 407 1
518 454 1
518 461 1
518 462 1
518 463 1
518 515 1
518 516 1
519 37 1
519 42 1
519 43 1
519 44 1
519 79 1
519 107 1
519 115 1
519 208 1
519 210 1
519 212 1
519 299 1
519 331 1
519 353 1
519 372 1
520 29 1
520 35 1
520 40 1
520 41 1
520 150 1
520 158 1
520 159 1
520 205 1
520 206 1
520 262 1
520 264 1
520 268 1
520 269 1
520 302 1
520 303 1
520 304 1
520 329 1
520 354 1
520 402 1
520 453 1
520 502 1
520 503 1
520 516 1
521 40 1
521 41 1
521 44 1
521 45 1
521 78 1
521 81 1
521 150 1
521 159 1
521 208 1
521 212 1
521 262 1
521 263 1
521 264 1
521 268 1
521 269 1
521 302 1
521 304 1
521 333 1
521 354 1
521 402 1
521 403 1
521 404 1
521 405 1
521 516 1
521 520 1
522 35 1
522 37 1
522 40 1
522 42 1
522 44 1
522 45 1
522 77 1
522 115 1
522 144 1
522 152 1
522 157 1
522 158 1
522 159 1
522 200 1
522 204 1
522 206 1
522 208 1
522 212 1
522 234 1
522 260 1
522 268 1
522 269 1
522 297 1
522 301 1
522 304 1
522 333 1
522 355 1
522 397 1
522 408 1
522 409 1
522 444 1
522 520 1
522 521 1
523 40 1
523 44 1
523 45 1
523 46 1
523 81 1
523 150 1
523 159 1
523 208 1
523 212 1
523 213 1
523 234 1
523 262 1
523 268 1
523 269 1
523 333 1
523 354 1
523 355 1
523 373 1
523 403 1
523 404 1
523 405 1
523 520 1
523 521 1
523 522 1
524 48 1
524 49 1
524 58 1
524 102 1
524 151 1
524 163 1
524 207 1
524 235 1
524 278 1
524 310 1
524 311 1
524 329 1
524 338 1
524 352 1
524 356 1
524 411 1
524 462 1
524 463 1
524 515 1
525 48 1
525 49 1
525 58 1
525 102 1
525 151 1
525 163 1
525 235 1
525 278 1
525 310 1
525 311 1
525 356 1
525 359 1
525 411 1
525 515 1
525 524 1
526 48 1
526 49 1
526 57 1
526 58 1
526 172 1
526 214 1
526 215 1
526 219 1
526 220 1
526 235 1
526 278 1
526 283 1
526 284 1
526 311 1
526 334 1
526 337 1
526 356 1
526 359 1
526 412 1
526 417 1
526 460 1
526 525 1
527 48 1
527 49 1
527 57 1
527 58 1
527 104 1
527 116 1
527 170 1
527 172 1
527 214 1
527 219 1
527 220 1
527 235 1
527 334 1
527 412 1
527 415 1
527 460 1
527 461 1
527 515 1
527 525 1
527 526 1
528 57 1
528 104 1
528 116 1
528 165 1
528 170 1
528 172 1
528 175 1
528 176 1
528 214 1
528 215 1
528 216 1
528 219 1
528 220 1
528 272 1
528 273 1
528 275 1
528 334 1
528 337 1
528 412 1
528 413 1
528 415 1
528 420 1
528 457 1
528 460 1
528 461 1
528 526 1
528 527 1
529 57 1
529 104 1
529 116 1
529 164 1
529 165 1
529 170 1
529 172 1
529 175 1
529 176 1
529 214 1
529 215 1
529 216 1
529 220 1
529 272 1
529 275 1
529 334 1
529 412 1
529 413 1
529 415 1
529 420 1
529 456 1
529 457 1
529 527 1
529 528 1
530 51 1
530 84 1
530 103 1
530 164 1
530 165 1
530 174 1
530 175 1
530 183 1
530 217 1
530 218 1
530 272 1
530 305 1
530 306 1
530 309 1
530 363 1
530 413 1
530 422 1
530 423 1
530 456 1
531 116 1
531 117 1
531 164 1
531 165 1
531 216 1
531 272 1
531 335 1
531 374 1
531 413 1
531 415 1
531 457 1
531 528 1
531 529 1
532 50 1
532 51 1
532 117 1
532 167 1
532 216 1
532 217 1
532 274 1
532 306 1
532 374 1
532 458 1
533 50 1
533 51 1
533 63 1
533 117 1
533 167 1
533 216 1
533 274 1
533 275 1
533 286 1
533 374 1
533 458 1
533 532 1
534 50 1
534 51 1
534 63 1
534 83 1
534 89 1
534 117 1
534 165 1
534 167 1
534 214 1
534 215 1
534 216 1
534 217 1
534 218 1
534 227 1
534 273 1
534 274 1
534 275 1
534 286 1
534 305 1
534 306 1
534 374 1
534 456 1
534 458 1
534 532 1
534 533 1
535 50 1
535 51 1
535 63 1
535 117 1
535 165 1
535 166 1
535 167 1
535 214 1
535 215 1
535 216 1
535 217 1
535 272 1
535 273 1
535 274 1
535 275 1
535 286 1
535 305 1
535 306 1
535 335 1
535 374 1
535 456 1
535 458 1
535 531 1
535 532 1
535 533 1
535 534 1
536 117 1
536 166 1
536 215 1
536 216 1
536 274 1
536 335 1
536 374 1
536 458 1
536 531 1
536 532 1
536 535 1
537 0 1
537 1 1
537 53 1
537 90 1
537 129 1
537 169 1
537 221 1
537 222 1
537 277 1
537 281 1
537 338 1
537 343 1
537 357 1
537 358 1
537 375 1
537 421 1
537 433 1
537 434 1
537 464 1
537 466 1
537 467 1
537 469 1
537 481 1
538 52 1
538 55 1
538 57 1
538 58 1
538 87 1
538 169 1
538 173 1
538 177 1
538 220 1
538 221 1
538 277 1
538 278 1
538 283 1
538 284 1
538 310 1
538 311 1
538 338 1
538 357 1
538 359 1
538 462 1
538 463 1
538 464 1
538 524 1
538 525 1
539 36 1
539 48 1
539 49 1
539 52 1
539 55 1
539 56 1
539 57 1
539 80 1
539 102 1
539 104 1
539 151 1
539 170 1
539 172 1
539 207 1
539 220 1
539 223 1
539 278 1
539 280 1
539 283 1
539 339 1
539 353 1
539 407 1
539 420 1
539 454 1
539 461 1
539 462 1
539 463 1
539 515 1
539 518 1
539 524 1
539 526 1
539 527 1
540 53 1
540 55 1
540 87 1
540 90 1
540 118 1
540 169 1
540 173 1
540 180 1
540 221 1
540 222 1
540 277 1
540 278 1
540 281 1
540 283 1
540 310 1
540 338 1
540 357 1
540 358 1
540 375 1
540 421 1
540 433 1
540 434 1
540 435 1
540 464 1
540 481 1
540 537 1
540 538 1
541 54 1
541 59 1
541 60 1
541 61 1
541 64 1
541 86 1
541 108 1
541 118 1
541 222 1
541 224 1
541 226 1
541 282 1
541 307 1
541 340 1
541 358 1
541 376 1
542 48 1
542 52 1
542 57 1
542 58 1
542 168 1
542 176 1
542 177 1
542 219 1
542 220 1
542 276 1
542 278 1
542 283 1
542 284 1
542 310 1
542 311 1
542 312 1
542 338 1
542 359 1
542 417 1
542 463 1
542 525 1
542 526 1
542 538 1
543 57 1
543 58 1
543 61 1
543 62 1
543 85 1
543 88 1
543 168 1
543 177 1
543 222 1
543 226 1
543 276 1
543 277 1
543 278 1
543 283 1
543 284 1
543 310 1
543 312 1
543 342 1
543 359 1
543 417 1
543 418 1
543 419 1
543 538 1
543 542 1
544 52 1
544 54 1
544 57 1
544 59 1
544 61 1
544 62 1
544 84 1
544 118 1
544 165 1
544 175 1
544 176 1
544 177 1
544 214 1
544 218 1
544 220 1
544 222 1
544 226 1
544 236 1
544 275 1
544 283 1
544 284 1
544 305 1
544 309 1
544 312 1
544 342 1
544 360 1
544 413 1
544 422 1
544 423 1
544 456 1
544 542 1
544 543 1
545 57 1
545 61 1
545 62 1
545 63 1
545 88 1
545 168 1
545 177 1
545 222 1
545 226 1
545 227 1
545 236 1
545 276 1
545 283 1
545 284 1
545 342 1
545 359 1
545 360 1
545 377 1
545 418 1
545 419 1
545 542 1
545 543 1
545 544 1
546 64 1
546 86 1
546 282 1
546 287 1
546 340 1
546 541 1
547 14 1
547 15 1
547 106 1
547 111 1
547 137 1
547 194 1
547 251 1
547 361 1
547 389 1
547 437 1
547 483 1
548 14 1
548 92 1
548 106 1
548 111 1
548 119 1
548 131 1
548 132 1
548 133 1
548 135 1
548 137 1
548 181 1
548 193 1
548 194 1
548 245 1
548 288 1
548 291 1
548 292 1
548 295 1
548 318 1
548 320 1
548 361 1
548 379 1
548 390 1
548 391 1
548 472 1
548 547 1
549 42 1
549 43 1
549 107 1
549 115 1
549 162 1
549 210 1
549 270 1
549 362 1
549 409 1
549 455 1
549 519 1
550 42 1
550 98 1
550 107 1
550 115 1
550 143 1
550 156 1
550 157 1
550 160 1
550 162 1
550 182 1
550 209 1
550 210 1
550 265 1
550 297 1
550 300 1
550 301 1
550 304 1
550 330 1
550 332 1
550 362 1
550 397 1
550 408 1
550 409 1
550 507 1
550 549 1
551 59 1
551 60 1
551 108 1
551 118 1
551 180 1
551 224 1
551 285 1
551 363 1
551 425 1
551 541 1
552 59 1
552 103 1
552 108 1
552 118 1
552 164 1
552 174 1
552 175 1
552 176 1
552 178 1
552 180 1
552 183 1
552 223 1
552 224 1
552 279 1
552 305 1
552 308 1
552 309 1
552 312 1
552 339 1
552 341 1
552 363 1
552 413 1
552 420 1
552 422 1
552 423 1
552 424 1
552 530 1
