# minsup
1
# graph
G_portein_file\Serine-proteases\3CS0.pdb
# node ID, label
0 A
1 A
2 A
3 A
4 A
5 A
6 A
7 A
8 A
9 A
10 A
11 A
12 A
13 A
14 A
15 A
16 D
17 D
18 D
19 D
20 D
21 E
22 E
23 E
24 E
25 F
26 F
27 F
28 F
29 F
30 G
31 G
32 G
33 G
34 G
35 G
36 G
37 G
38 G
39 G
40 G
41 G
42 G
43 G
44 G
45 G
46 G
47 G
48 G
49 G
50 G
51 H
52 I
53 I
54 I
55 I
56 I
57 I
58 I
59 I
60 I
61 I
62 I
63 I
64 I
65 I
66 I
67 I
68 I
69 I
70 I
71 I
72 K
73 K
74 K
75 K
76 K
77 L
78 L
79 L
80 L
81 L
82 L
83 L
84 L
85 L
86 L
87 L
88 L
89 L
90 N
91 N
92 N
93 N
94 N
95 N
96 N
97 N
98 N
99 N
100 N
101 N
102 N
103 P
104 P
105 P
106 P
107 P
108 P
109 Q
110 Q
111 Q
112 Q
113 Q
114 Q
115 Q
116 Q
117 Q
118 R
119 R
120 R
121 S
122 S
123 S
124 S
125 S
126 S
127 S
128 S
129 S
130 S
131 S
132 S
133 S
134 S
135 S
136 T
137 T
138 T
139 T
140 T
141 T
142 T
143 T
144 T
145 T
146 T
147 V
148 V
149 V
150 V
151 V
152 V
153 V
154 V
155 V
156 V
157 V
158 V
159 V
160 V
161 V
162 Y
163 Y
# node ID1, node ID2, number of bounds
3 1 1
5 4 1
8 6 1
9 6 1
9 8 1
10 6 1
12 6 1
12 10 1
12 11 1
14 13 1
15 13 1
15 14 1
16 4 1
16 5 1
17 4 1
17 5 1
17 16 1
18 7 1
19 6 1
19 7 1
19 8 1
19 9 1
20 13 1
22 4 1
22 10 1
22 16 1
23 13 1
23 14 1
23 15 1
23 20 1
24 13 1
24 14 1
24 20 1
24 23 1
27 7 1
27 11 1
27 12 1
28 7 1
28 8 1
28 11 1
28 12 1
28 19 1
28 27 1
29 14 1
29 20 1
29 23 1
30 26 1
31 2 1
31 10 1
31 30 1
32 1 1
32 3 1
33 25 1
34 7 1
34 18 1
35 6 1
35 10 1
35 21 1
35 26 1
35 30 1
35 31 1
36 21 1
36 26 1
36 30 1
36 35 1
37 21 1
37 26 1
37 35 1
37 36 1
38 6 1
38 8 1
38 9 1
38 18 1
38 19 1
39 7 1
39 27 1
39 28 1
40 21 1
40 26 1
40 30 1
40 35 1
40 36 1
40 37 1
41 2 1
41 10 1
41 11 1
41 12 1
41 30 1
41 31 1
41 35 1
41 40 1
42 6 1
42 10 1
42 12 1
42 21 1
42 30 1
42 31 1
42 35 1
42 40 1
42 41 1
43 4 1
43 10 1
43 22 1
44 4 1
44 6 1
44 10 1
44 12 1
44 16 1
44 22 1
44 27 1
44 28 1
44 41 1
44 42 1
45 8 1
45 9 1
45 19 1
45 38 1
46 8 1
46 9 1
46 11 1
46 12 1
46 19 1
46 27 1
46 28 1
46 45 1
47 14 1
47 23 1
47 29 1
48 13 1
48 14 1
48 15 1
48 20 1
48 23 1
48 24 1
48 29 1
48 47 1
49 14 1
49 15 1
49 23 1
49 48 1
50 14 1
50 15 1
51 2 1
51 30 1
51 41 1
52 25 1
52 30 1
52 31 1
52 35 1
52 36 1
52 40 1
52 41 1
52 42 1
53 1 1
53 3 1
53 10 1
53 31 1
53 32 1
53 42 1
54 1 1
54 3 1
54 31 1
54 32 1
54 53 1
55 2 1
55 41 1
55 51 1
56 2 1
56 31 1
56 32 1
56 53 1
57 1 1
57 25 1
57 32 1
57 53 1
57 56 1
58 1 1
58 3 1
58 4 1
58 10 1
58 22 1
58 43 1
58 53 1
58 54 1
59 6 1
59 8 1
59 9 1
59 10 1
59 21 1
59 31 1
59 35 1
59 41 1
59 42 1
60 7 1
60 8 1
60 18 1
60 19 1
60 34 1
60 38 1
61 7 1
61 12 1
61 27 1
61 28 1
61 39 1
61 44 1
61 46 1
62 6 1
62 8 1
62 9 1
62 11 1
62 19 1
62 28 1
62 35 1
62 40 1
62 42 1
62 45 1
62 46 1
62 59 1
63 4 1
63 5 1
63 10 1
63 12 1
63 16 1
63 17 1
63 22 1
63 43 1
63 44 1
63 61 1
64 6 1
64 10 1
64 11 1
64 12 1
64 27 1
64 28 1
64 31 1
64 35 1
64 41 1
64 42 1
64 44 1
64 55 1
64 59 1
64 61 1
64 63 1
65 9 1
65 11 1
65 12 1
65 19 1
65 28 1
65 45 1
65 46 1
65 62 1
66 8 1
66 9 1
66 19 1
66 45 1
66 46 1
66 62 1
66 65 1
67 7 1
67 8 1
67 9 1
67 11 1
67 19 1
67 28 1
67 45 1
67 46 1
67 62 1
67 65 1
67 66 1
68 11 1
68 12 1
68 27 1
68 28 1
68 39 1
68 41 1
68 44 1
68 55 1
68 61 1
68 63 1
68 64 1
69 20 1
69 29 1
69 47 1
70 13 1
70 14 1
70 15 1
70 20 1
70 23 1
70 29 1
70 47 1
70 48 1
70 69 1
71 14 1
71 15 1
71 48 1
71 50 1
71 70 1
73 3 1
73 4 1
73 22 1
73 43 1
73 53 1
73 54 1
73 58 1
73 63 1
74 13 1
74 14 1
74 15 1
74 23 1
74 24 1
74 48 1
74 49 1
75 13 1
75 14 1
75 15 1
75 48 1
75 50 1
75 71 1
75 74 1
76 13 1
76 15 1
76 24 1
76 48 1
76 50 1
76 74 1
76 75 1
77 0 1
77 43 1
78 0 1
78 43 1
78 59 1
78 77 1
79 21 1
79 25 1
79 31 1
79 33 1
79 37 1
79 52 1
79 53 1
80 2 1
80 31 1
80 53 1
80 54 1
80 55 1
80 56 1
81 1 1
81 3 1
81 32 1
81 53 1
81 54 1
81 79 1
82 4 1
82 5 1
82 7 1
82 16 1
82 17 1
82 18 1
82 34 1
82 61 1
82 63 1
83 21 1
83 26 1
83 35 1
83 36 1
83 37 1
83 40 1
84 7 1
84 12 1
84 17 1
84 27 1
84 28 1
84 39 1
84 61 1
84 82 1
85 6 1
85 8 1
85 10 1
85 12 1
85 22 1
85 28 1
85 35 1
85 41 1
85 42 1
85 43 1
85 44 1
85 59 1
85 61 1
85 63 1
85 64 1
85 68 1
86 18 1
86 22 1
86 43 1
86 77 1
86 78 1
87 4 1
87 6 1
87 10 1
87 16 1
87 22 1
87 43 1
87 44 1
87 54 1
87 58 1
87 63 1
87 64 1
87 73 1
87 85 1
87 86 1
88 2 1
88 55 1
88 80 1
89 13 1
89 14 1
89 15 1
89 48 1
89 50 1
89 71 1
89 74 1
89 75 1
89 76 1
90 2 1
90 11 1
90 30 1
90 31 1
90 41 1
90 42 1
90 51 1
90 55 1
90 64 1
90 68 1
90 80 1
91 21 1
91 26 1
91 30 1
91 31 1
91 35 1
91 36 1
91 37 1
91 40 1
91 41 1
91 42 1
91 52 1
91 59 1
91 62 1
91 83 1
92 9 1
92 11 1
92 26 1
92 35 1
92 40 1
92 46 1
92 62 1
92 65 1
92 66 1
92 91 1
93 6 1
93 9 1
93 10 1
93 11 1
93 21 1
93 26 1
93 30 1
93 31 1
93 35 1
93 36 1
93 40 1
93 41 1
93 42 1
93 59 1
93 62 1
93 64 1
93 90 1
93 91 1
93 92 1
94 4 1
94 6 1
94 10 1
94 18 1
94 22 1
94 43 1
94 44 1
94 60 1
94 63 1
94 82 1
94 85 1
94 86 1
94 87 1
95 4 1
95 22 1
95 43 1
95 77 1
95 78 1
95 86 1
95 87 1
95 94 1
96 6 1
96 10 1
96 11 1
96 12 1
96 27 1
96 28 1
96 31 1
96 35 1
96 41 1
96 42 1
96 44 1
96 46 1
96 59 1
96 61 1
96 62 1
96 63 1
96 64 1
96 65 1
96 68 1
96 85 1
96 90 1
96 92 1
96 93 1
97 8 1
97 9 1
97 19 1
97 45 1
97 46 1
97 62 1
97 65 1
97 66 1
97 67 1
97 92 1
98 4 1
98 16 1
98 17 1
98 44 1
98 63 1
98 68 1
98 87 1
98 88 1
99 20 1
99 24 1
100 20 1
100 23 1
100 29 1
100 47 1
100 69 1
100 70 1
101 13 1
101 20 1
101 24 1
101 48 1
101 74 1
101 75 1
101 76 1
101 99 1
102 13 1
102 15 1
102 20 1
102 24 1
102 48 1
102 74 1
102 75 1
102 76 1
102 89 1
102 101 1
103 0 1
103 77 1
104 0 1
104 43 1
104 77 1
104 78 1
104 95 1
104 103 1
105 3 1
105 21 1
105 53 1
105 58 1
105 78 1
105 79 1
105 81 1
106 9 1
106 21 1
106 26 1
106 30 1
106 35 1
106 36 1
106 37 1
106 40 1
106 42 1
106 59 1
106 62 1
106 83 1
106 91 1
106 92 1
106 93 1
107 4 1
107 12 1
107 16 1
107 17 1
107 27 1
107 28 1
107 39 1
107 44 1
107 61 1
107 63 1
107 64 1
107 68 1
107 82 1
107 84 1
107 85 1
107 87 1
107 96 1
107 98 1
108 13 1
108 14 1
108 15 1
108 23 1
108 47 1
108 48 1
108 49 1
108 50 1
108 70 1
108 71 1
108 74 1
108 89 1
109 72 1
110 25 1
110 31 1
110 33 1
110 37 1
110 52 1
110 57 1
110 79 1
111 25 1
111 32 1
111 53 1
111 54 1
111 56 1
111 57 1
111 80 1
112 7 1
112 8 1
112 11 1
112 12 1
112 19 1
112 27 1
112 28 1
112 39 1
112 45 1
112 46 1
112 60 1
112 61 1
112 65 1
112 67 1
112 68 1
112 84 1
112 96 1
112 107 1
113 88 1
115 99 1
115 114 1
116 20 1
116 24 1
116 99 1
116 101 1
116 115 1
117 14 1
117 15 1
117 23 1
117 48 1
117 49 1
117 50 1
117 70 1
117 71 1
117 74 1
117 75 1
117 89 1
117 108 1
118 25 1
118 33 1
118 79 1
118 110 1
119 5 1
119 7 1
119 17 1
119 18 1
119 34 1
119 60 1
119 61 1
119 82 1
119 84 1
120 11 1
120 26 1
120 30 1
120 35 1
120 36 1
120 40 1
120 62 1
120 65 1
120 91 1
120 92 1
120 93 1
120 97 1
120 106 1
121 0 1
121 77 1
121 78 1
121 103 1
121 104 1
122 1 1
122 3 1
122 10 1
122 31 1
122 42 1
122 53 1
122 54 1
122 58 1
122 59 1
122 73 1
122 78 1
122 79 1
122 81 1
122 105 1
123 21 1
123 30 1
123 31 1
123 35 1
123 36 1
123 37 1
123 40 1
123 41 1
123 42 1
123 52 1
123 79 1
123 83 1
123 91 1
123 93 1
123 106 1
123 110 1
124 10 1
124 21 1
124 30 1
124 31 1
124 35 1
124 36 1
124 37 1
124 40 1
124 41 1
124 42 1
124 52 1
124 59 1
124 64 1
124 90 1
124 91 1
124 93 1
124 96 1
124 106 1
124 110 1
124 120 1
124 123 1
125 4 1
125 5 1
125 16 1
125 17 1
125 22 1
125 44 1
125 61 1
125 63 1
125 68 1
125 82 1
125 87 1
125 94 1
125 98 1
125 107 1
125 119 1
126 6 1
126 8 1
126 9 1
126 19 1
126 38 1
126 59 1
126 60 1
126 62 1
126 77 1
126 85 1
126 86 1
126 94 1
127 7 1
127 8 1
127 18 1
127 19 1
127 28 1
127 34 1
127 38 1
127 45 1
127 46 1
127 60 1
127 61 1
127 67 1
127 84 1
127 112 1
127 119 1
128 10 1
128 11 1
128 12 1
128 28 1
128 30 1
128 31 1
128 35 1
128 40 1
128 41 1
128 42 1
128 51 1
128 52 1
128 59 1
128 62 1
128 64 1
128 65 1
128 90 1
128 91 1
128 92 1
128 93 1
128 96 1
128 106 1
128 120 1
128 123 1
128 124 1
129 4 1
129 10 1
129 12 1
129 16 1
129 17 1
129 22 1
129 27 1
129 44 1
129 61 1
129 63 1
129 64 1
129 68 1
129 85 1
129 87 1
129 88 1
129 98 1
129 107 1
129 125 1
130 54 1
130 80 1
130 88 1
130 113 1
131 99 1
131 114 1
131 115 1
132 99 1
132 114 1
132 115 1
132 116 1
132 131 1
133 13 1
133 14 1
133 15 1
133 20 1
133 23 1
133 24 1
133 29 1
133 47 1
133 48 1
133 69 1
133 70 1
133 89 1
133 100 1
133 101 1
133 102 1
133 108 1
133 116 1
134 13 1
134 14 1
134 20 1
134 23 1
134 24 1
134 29 1
134 47 1
134 48 1
134 69 1
134 70 1
134 100 1
134 108 1
134 133 1
135 20 1
135 23 1
135 24 1
135 29 1
135 47 1
135 69 1
135 70 1
135 100 1
135 116 1
135 133 1
135 134 1
136 47 1
136 72 1
136 100 1
136 109 1
137 2 1
137 10 1
137 30 1
137 31 1
137 41 1
137 42 1
137 51 1
137 52 1
137 53 1
137 55 1
137 56 1
137 64 1
137 80 1
137 90 1
137 96 1
137 123 1
137 124 1
137 128 1
138 1 1
138 3 1
138 32 1
138 53 1
138 54 1
138 58 1
138 73 1
138 79 1
138 81 1
138 105 1
138 122 1
139 6 1
139 8 1
139 18 1
139 19 1
139 22 1
139 34 1
139 38 1
139 43 1
139 44 1
139 60 1
139 63 1
139 85 1
139 86 1
139 87 1
139 94 1
139 95 1
139 126 1
139 127 1
140 6 1
140 9 1
140 21 1
140 26 1
140 35 1
140 36 1
140 37 1
140 40 1
140 42 1
140 59 1
140 62 1
140 83 1
140 91 1
140 93 1
140 106 1
141 6 1
141 8 1
141 9 1
141 19 1
141 35 1
141 38 1
141 59 1
141 62 1
141 85 1
141 126 1
141 139 1
141 140 1
142 6 1
142 7 1
142 8 1
142 9 1
142 12 1
142 18 1
142 19 1
142 27 1
142 28 1
142 38 1
142 45 1
142 46 1
142 60 1
142 61 1
142 62 1
142 65 1
142 67 1
142 84 1
142 85 1
142 96 1
142 112 1
142 126 1
142 127 1
142 139 1
143 10 1
143 11 1
143 12 1
143 27 1
143 28 1
143 40 1
143 41 1
143 42 1
143 44 1
143 46 1
143 51 1
143 55 1
143 61 1
143 62 1
143 64 1
143 65 1
143 68 1
143 90 1
143 92 1
143 93 1
143 96 1
143 120 1
143 128 1
143 137 1
144 2 1
144 54 1
144 55 1
144 80 1
144 88 1
144 98 1
144 113 1
144 130 1
144 137 1
145 13 1
145 14 1
145 15 1
145 23 1
145 48 1
145 49 1
145 74 1
145 75 1
145 102 1
145 108 1
145 117 1
146 13 1
146 14 1
146 15 1
146 23 1
146 48 1
146 49 1
146 70 1
146 71 1
146 74 1
146 89 1
146 108 1
146 117 1
146 133 1
146 145 1
147 0 1
147 3 1
147 10 1
147 22 1
147 43 1
147 58 1
147 59 1
147 73 1
147 78 1
147 87 1
147 95 1
147 104 1
147 105 1
147 122 1
147 138 1
148 3 1
148 10 1
148 21 1
148 31 1
148 35 1
148 41 1
148 42 1
148 52 1
148 53 1
148 54 1
148 58 1
148 59 1
148 79 1
148 91 1
148 105 1
148 110 1
148 122 1
148 123 1
148 124 1
148 138 1
148 147 1
149 10 1
149 21 1
149 30 1
149 31 1
149 33 1
149 35 1
149 37 1
149 41 1
149 42 1
149 52 1
149 53 1
149 59 1
149 79 1
149 91 1
149 105 1
149 110 1
149 122 1
149 123 1
149 124 1
149 137 1
149 148 1
150 3 1
150 10 1
150 31 1
150 35 1
150 41 1
150 42 1
150 52 1
150 53 1
150 54 1
150 56 1
150 58 1
150 59 1
150 64 1
150 80 1
150 85 1
150 87 1
150 105 1
150 122 1
150 123 1
150 124 1
150 137 1
150 138 1
150 148 1
150 149 1
151 1 1
151 2 1
151 3 1
151 31 1
151 32 1
151 41 1
151 52 1
151 53 1
151 54 1
151 56 1
151 57 1
151 80 1
151 111 1
151 122 1
151 124 1
151 137 1
151 144 1
151 148 1
151 149 1
151 150 1
152 2 1
152 10 1
152 31 1
152 32 1
152 41 1
152 42 1
152 53 1
152 54 1
152 55 1
152 56 1
152 64 1
152 80 1
152 90 1
152 111 1
152 124 1
152 137 1
152 144 1
152 148 1
152 149 1
152 150 1
152 151 1
153 25 1
153 30 1
153 31 1
153 52 1
153 56 1
153 57 1
153 79 1
153 110 1
153 111 1
153 118 1
153 123 1
153 124 1
153 149 1
153 151 1
154 7 1
154 18 1
154 34 1
154 60 1
154 61 1
154 82 1
154 84 1
154 112 1
154 119 1
154 127 1
154 142 1
155 6 1
155 8 1
155 9 1
155 10 1
155 19 1
155 38 1
155 43 1
155 59 1
155 60 1
155 77 1
155 78 1
155 85 1
155 86 1
155 87 1
155 94 1
155 126 1
155 139 1
155 141 1
155 142 1
156 6 1
156 8 1
156 9 1
156 10 1
156 21 1
156 35 1
156 37 1
156 59 1
156 62 1
156 77 1
156 78 1
156 85 1
156 91 1
156 93 1
156 106 1
156 126 1
156 140 1
156 141 1
156 155 1
157 7 1
157 8 1
157 18 1
157 19 1
157 28 1
157 34 1
157 38 1
157 46 1
157 60 1
157 61 1
157 82 1
157 84 1
157 94 1
157 112 1
157 119 1
157 127 1
157 139 1
157 142 1
157 154 1
157 155 1
158 4 1
158 6 1
158 10 1
158 22 1
158 42 1
158 43 1
158 44 1
158 58 1
158 59 1
158 63 1
158 64 1
158 73 1
158 78 1
158 85 1
158 86 1
158 87 1
158 94 1
158 95 1
158 126 1
158 129 1
158 139 1
158 147 1
158 155 1
159 13 1
159 20 1
159 24 1
159 69 1
159 99 1
159 101 1
159 115 1
159 116 1
159 133 1
159 134 1
159 135 1
160 13 1
160 20 1
160 24 1
160 48 1
160 75 1
160 76 1
160 89 1
160 101 1
160 102 1
160 133 1
160 159 1
161 13 1
161 14 1
161 15 1
161 20 1
161 23 1
161 24 1
161 48 1
161 49 1
161 74 1
161 75 1
161 76 1
161 89 1
161 101 1
161 102 1
161 108 1
161 117 1
161 133 1
161 145 1
161 146 1
161 160 1
162 1 1
162 3 1
162 31 1
162 32 1
162 53 1
162 54 1
162 56 1
162 57 1
162 80 1
162 111 1
162 144 1
162 150 1
162 151 1
162 152 1
163 8 1
163 18 1
163 34 1
163 38 1
163 60 1
163 82 1
163 86 1
163 94 1
163 119 1
163 126 1
163 127 1
163 139 1
163 142 1
163 154 1
163 155 1
163 157 1
163 158 1
