# minsup
1
# graph
G_./4aqo.pdb
# node ID, label
0 A
1 A
2 A
3 A
4 A
5 A
6 A
7 A
8 D
9 D
10 D
11 D
12 D
13 D
14 D
15 D
16 E
17 E
18 E
19 F
20 F
21 F
22 G
23 G
24 G
25 G
26 G
27 G
28 G
29 G
30 G
31 G
32 H
33 I
34 I
35 I
36 I
37 I
38 K
39 K
40 K
41 K
42 K
43 K
44 K
45 K
46 K
47 K
48 L
49 N
50 N
51 N
52 N
53 N
54 P
55 P
56 R
57 R
58 S
59 S
60 S
61 S
62 T
63 T
64 T
65 T
66 T
67 T
68 T
69 T
70 V
71 V
72 V
73 V
74 W
75 X
76 X
77 X
78 X
79 X
80 X
81 X
82 X
83 X
84 X
85 X
86 X
87 X
88 X
89 X
90 X
91 X
92 X
93 Y
94 Y
95 Y
# node ID1, node ID2, number of bounds
1 0 1
4 2 1
4 3 1
5 2 1
5 4 1
6 0 1
6 1 1
7 0 1
7 1 1
7 6 1
8 0 1
8 1 1
8 7 1
9 0 1
9 1 1
9 6 1
9 7 1
9 8 1
10 0 1
10 1 1
10 6 1
10 7 1
10 8 1
10 9 1
11 1 1
11 3 1
11 6 1
11 7 1
11 8 1
12 1 1
12 3 1
12 4 1
12 7 1
12 11 1
13 2 1
13 3 1
13 4 1
13 5 1
13 11 1
13 12 1
14 0 1
14 1 1
14 6 1
14 7 1
14 8 1
14 9 1
14 10 1
14 11 1
15 0 1
15 1 1
15 6 1
15 7 1
15 9 1
15 10 1
15 11 1
15 14 1
16 2 1
16 3 1
16 4 1
16 8 1
16 11 1
16 12 1
17 0 1
17 1 1
17 6 1
17 7 1
17 8 1
17 9 1
17 11 1
17 12 1
17 14 1
18 2 1
18 4 1
18 5 1
18 13 1
18 16 1
19 1 1
19 2 1
19 3 1
19 4 1
19 8 1
19 11 1
19 12 1
19 16 1
19 17 1
19 18 1
20 1 1
20 2 1
20 3 1
20 4 1
20 5 1
20 11 1
20 12 1
20 13 1
20 16 1
20 17 1
20 18 1
20 19 1
21 1 1
21 3 1
21 7 1
21 8 1
21 11 1
21 12 1
21 13 1
21 16 1
21 17 1
21 18 1
21 19 1
21 20 1
22 1 1
22 2 1
22 4 1
22 8 1
22 12 1
22 16 1
22 17 1
22 18 1
22 19 1
22 20 1
22 21 1
23 2 1
23 4 1
23 5 1
23 13 1
23 16 1
23 18 1
23 19 1
23 20 1
23 21 1
23 22 1
24 2 1
24 3 1
24 4 1
24 5 1
24 13 1
24 16 1
24 18 1
24 20 1
24 23 1
25 1 1
25 7 1
25 8 1
25 9 1
25 11 1
25 12 1
25 14 1
25 16 1
25 17 1
25 19 1
25 20 1
25 21 1
25 22 1
26 0 1
26 1 1
26 6 1
26 7 1
26 8 1
26 9 1
26 10 1
26 14 1
26 15 1
27 3 1
27 4 1
27 5 1
27 11 1
27 12 1
27 13 1
27 16 1
27 17 1
27 18 1
27 19 1
27 20 1
27 21 1
27 23 1
27 24 1
28 3 1
28 4 1
28 5 1
28 11 1
28 12 1
28 13 1
28 20 1
28 21 1
28 27 1
29 1 1
29 3 1
29 8 1
29 11 1
29 12 1
29 14 1
29 16 1
29 19 1
29 20 1
29 22 1
29 25 1
30 2 1
30 4 1
30 5 1
30 13 1
30 18 1
30 20 1
30 21 1
30 23 1
30 24 1
30 27 1
30 28 1
31 0 1
31 1 1
31 6 1
31 7 1
31 9 1
31 10 1
31 11 1
31 14 1
31 15 1
31 26 1
32 2 1
32 3 1
32 4 1
32 5 1
32 11 1
32 12 1
32 13 1
32 16 1
32 18 1
32 19 1
32 20 1
32 21 1
32 22 1
32 23 1
32 24 1
32 25 1
32 27 1
32 28 1
32 29 1
32 30 1
33 0 1
33 1 1
33 6 1
33 7 1
33 8 1
33 9 1
33 10 1
33 11 1
33 14 1
33 15 1
33 17 1
33 21 1
33 25 1
33 26 1
33 31 1
34 2 1
34 3 1
34 4 1
34 5 1
34 12 1
34 13 1
34 16 1
34 18 1
34 19 1
34 20 1
34 21 1
34 22 1
34 23 1
34 24 1
34 25 1
34 27 1
34 29 1
34 30 1
34 32 1
35 0 1
35 1 1
35 6 1
35 7 1
35 8 1
35 9 1
35 10 1
35 11 1
35 14 1
35 15 1
35 17 1
35 25 1
35 26 1
35 29 1
35 31 1
35 33 1
36 2 1
36 3 1
36 4 1
36 5 1
36 12 1
36 13 1
36 16 1
36 17 1
36 18 1
36 19 1
36 20 1
36 21 1
36 22 1
36 23 1
36 24 1
36 27 1
36 28 1
36 30 1
36 32 1
36 34 1
37 2 1
37 4 1
37 5 1
37 13 1
37 16 1
37 18 1
37 19 1
37 20 1
37 21 1
37 22 1
37 23 1
37 24 1
37 27 1
37 30 1
37 32 1
37 34 1
37 36 1
38 0 1
38 1 1
38 6 1
38 7 1
38 9 1
38 10 1
38 14 1
38 15 1
38 26 1
38 31 1
38 33 1
38 35 1
39 1 1
39 7 1
39 8 1
39 9 1
39 11 1
39 14 1
39 16 1
39 17 1
39 19 1
39 21 1
39 22 1
39 25 1
39 26 1
39 29 1
39 33 1
39 35 1
40 0 1
40 1 1
40 6 1
40 7 1
40 8 1
40 9 1
40 10 1
40 11 1
40 14 1
40 15 1
40 17 1
40 25 1
40 26 1
40 29 1
40 31 1
40 33 1
40 35 1
40 38 1
40 39 1
41 0 1
41 1 1
41 6 1
41 7 1
41 8 1
41 9 1
41 10 1
41 11 1
41 14 1
41 15 1
41 25 1
41 26 1
41 29 1
41 31 1
41 33 1
41 35 1
41 38 1
41 39 1
41 40 1
42 1 1
42 7 1
42 8 1
42 9 1
42 11 1
42 12 1
42 14 1
42 15 1
42 16 1
42 17 1
42 19 1
42 20 1
42 22 1
42 25 1
42 29 1
42 32 1
42 33 1
42 34 1
42 35 1
42 39 1
42 40 1
42 41 1
43 2 1
43 3 1
43 4 1
43 5 1
43 13 1
43 18 1
43 20 1
43 23 1
43 24 1
43 27 1
43 28 1
43 30 1
43 32 1
43 34 1
43 36 1
43 37 1
44 2 1
44 3 1
44 4 1
44 5 1
44 13 1
44 18 1
44 20 1
44 23 1
44 24 1
44 27 1
44 28 1
44 30 1
44 32 1
44 34 1
44 36 1
44 37 1
44 43 1
45 0 1
45 1 1
45 3 1
45 6 1
45 7 1
45 8 1
45 9 1
45 11 1
45 12 1
45 14 1
45 15 1
45 17 1
45 19 1
45 20 1
45 21 1
45 25 1
45 27 1
45 28 1
45 29 1
45 31 1
45 33 1
45 35 1
45 39 1
45 40 1
45 41 1
45 42 1
46 0 1
46 6 1
46 7 1
46 9 1
46 10 1
46 14 1
46 15 1
46 26 1
46 31 1
46 33 1
46 35 1
46 38 1
46 40 1
46 41 1
46 45 1
47 2 1
47 4 1
47 5 1
47 13 1
47 18 1
47 23 1
47 24 1
47 30 1
47 32 1
47 34 1
47 36 1
47 37 1
47 43 1
47 44 1
48 0 1
48 1 1
48 3 1
48 6 1
48 7 1
48 8 1
48 9 1
48 11 1
48 12 1
48 13 1
48 14 1
48 16 1
48 17 1
48 19 1
48 20 1
48 21 1
48 22 1
48 25 1
48 27 1
48 28 1
48 29 1
48 32 1
48 33 1
48 34 1
48 35 1
48 36 1
48 39 1
48 40 1
48 42 1
48 45 1
49 0 1
49 6 1
49 7 1
49 9 1
49 10 1
49 14 1
49 15 1
49 26 1
49 31 1
49 33 1
49 35 1
49 38 1
49 40 1
49 41 1
49 46 1
50 2 1
50 3 1
50 4 1
50 5 1
50 12 1
50 13 1
50 16 1
50 18 1
50 19 1
50 20 1
50 22 1
50 23 1
50 24 1
50 27 1
50 32 1
50 34 1
50 36 1
50 37 1
50 43 1
50 44 1
50 47 1
51 1 1
51 4 1
51 8 1
51 11 1
51 12 1
51 16 1
51 17 1
51 19 1
51 20 1
51 21 1
51 22 1
51 25 1
51 29 1
51 32 1
51 34 1
51 35 1
51 39 1
51 40 1
51 42 1
51 45 1
51 48 1
51 50 1
52 1 1
52 3 1
52 4 1
52 5 1
52 11 1
52 12 1
52 13 1
52 16 1
52 17 1
52 18 1
52 19 1
52 20 1
52 21 1
52 22 1
52 23 1
52 27 1
52 28 1
52 30 1
52 32 1
52 34 1
52 36 1
52 37 1
52 43 1
52 44 1
52 45 1
52 47 1
52 48 1
53 2 1
53 4 1
53 5 1
53 18 1
53 23 1
53 24 1
53 30 1
53 34 1
53 36 1
53 37 1
53 43 1
53 44 1
53 47 1
53 50 1
54 0 1
54 1 1
54 6 1
54 7 1
54 8 1
54 9 1
54 10 1
54 11 1
54 14 1
54 15 1
54 17 1
54 25 1
54 26 1
54 31 1
54 33 1
54 35 1
54 38 1
54 39 1
54 40 1
54 41 1
54 42 1
54 45 1
54 46 1
54 48 1
54 49 1
55 2 1
55 4 1
55 5 1
55 8 1
55 16 1
55 17 1
55 18 1
55 19 1
55 20 1
55 21 1
55 22 1
55 23 1
55 24 1
55 25 1
55 27 1
55 30 1
55 32 1
55 34 1
55 36 1
55 37 1
55 39 1
55 47 1
55 48 1
55 50 1
55 51 1
55 52 1
56 2 1
56 3 1
56 4 1
56 5 1
56 13 1
56 16 1
56 18 1
56 19 1
56 20 1
56 22 1
56 23 1
56 24 1
56 30 1
56 32 1
56 34 1
56 36 1
56 37 1
56 43 1
56 44 1
56 47 1
56 50 1
56 53 1
56 55 1
57 1 1
57 3 1
57 4 1
57 7 1
57 11 1
57 12 1
57 14 1
57 16 1
57 17 1
57 19 1
57 20 1
57 25 1
57 27 1
57 28 1
57 29 1
57 32 1
57 34 1
57 35 1
57 39 1
57 42 1
57 45 1
57 48 1
57 51 1
58 2 1
58 4 1
58 5 1
58 16 1
58 17 1
58 18 1
58 19 1
58 20 1
58 21 1
58 22 1
58 23 1
58 25 1
58 27 1
58 30 1
58 32 1
58 34 1
58 36 1
58 37 1
58 47 1
58 48 1
58 50 1
58 52 1
58 53 1
58 55 1
58 56 1
59 1 1
59 4 1
59 8 1
59 11 1
59 12 1
59 16 1
59 17 1
59 19 1
59 20 1
59 21 1
59 22 1
59 25 1
59 29 1
59 32 1
59 33 1
59 34 1
59 35 1
59 36 1
59 39 1
59 40 1
59 42 1
59 45 1
59 48 1
59 50 1
59 51 1
59 55 1
59 57 1
59 58 1
60 0 1
60 1 1
60 6 1
60 7 1
60 8 1
60 9 1
60 10 1
60 11 1
60 14 1
60 15 1
60 17 1
60 19 1
60 21 1
60 22 1
60 25 1
60 26 1
60 29 1
60 33 1
60 35 1
60 38 1
60 39 1
60 40 1
60 41 1
60 42 1
60 45 1
60 48 1
60 51 1
60 54 1
60 57 1
60 59 1
61 0 1
61 1 1
61 6 1
61 7 1
61 8 1
61 9 1
61 11 1
61 12 1
61 14 1
61 15 1
61 17 1
61 19 1
61 25 1
61 26 1
61 29 1
61 31 1
61 33 1
61 35 1
61 39 1
61 40 1
61 41 1
61 42 1
61 45 1
61 46 1
61 48 1
61 51 1
61 54 1
61 57 1
61 59 1
61 60 1
62 1 1
62 8 1
62 11 1
62 12 1
62 16 1
62 17 1
62 18 1
62 19 1
62 20 1
62 21 1
62 22 1
62 23 1
62 25 1
62 29 1
62 32 1
62 33 1
62 34 1
62 36 1
62 39 1
62 40 1
62 42 1
62 45 1
62 48 1
62 50 1
62 51 1
62 52 1
62 55 1
62 57 1
62 58 1
62 59 1
62 60 1
63 2 1
63 4 1
63 5 1
63 16 1
63 18 1
63 19 1
63 20 1
63 21 1
63 22 1
63 23 1
63 24 1
63 27 1
63 30 1
63 32 1
63 34 1
63 36 1
63 37 1
63 43 1
63 44 1
63 47 1
63 50 1
63 52 1
63 53 1
63 55 1
63 56 1
63 58 1
63 59 1
63 62 1
64 3 1
64 4 1
64 11 1
64 12 1
64 13 1
64 16 1
64 17 1
64 19 1
64 20 1
64 21 1
64 25 1
64 27 1
64 28 1
64 29 1
64 32 1
64 34 1
64 42 1
64 43 1
64 45 1
64 48 1
64 50 1
64 51 1
64 52 1
64 57 1
64 59 1
64 61 1
65 2 1
65 3 1
65 4 1
65 5 1
65 12 1
65 13 1
65 18 1
65 20 1
65 21 1
65 23 1
65 24 1
65 27 1
65 28 1
65 30 1
65 32 1
65 34 1
65 36 1
65 37 1
65 43 1
65 44 1
65 47 1
65 52 1
65 53 1
65 55 1
65 56 1
65 58 1
65 63 1
66 1 1
66 3 1
66 7 1
66 8 1
66 11 1
66 12 1
66 13 1
66 16 1
66 17 1
66 18 1
66 19 1
66 20 1
66 21 1
66 22 1
66 25 1
66 27 1
66 28 1
66 29 1
66 32 1
66 33 1
66 34 1
66 36 1
66 39 1
66 42 1
66 45 1
66 48 1
66 51 1
66 52 1
66 54 1
66 55 1
66 57 1
66 58 1
66 59 1
66 60 1
66 61 1
66 62 1
66 64 1
66 65 1
67 0 1
67 1 1
67 6 1
67 7 1
67 8 1
67 9 1
67 10 1
67 11 1
67 12 1
67 14 1
67 15 1
67 17 1
67 25 1
67 26 1
67 29 1
67 31 1
67 33 1
67 35 1
67 38 1
67 39 1
67 40 1
67 41 1
67 42 1
67 45 1
67 46 1
67 48 1
67 49 1
67 51 1
67 54 1
67 57 1
67 59 1
67 60 1
67 61 1
67 66 1
68 0 1
68 1 1
68 6 1
68 7 1
68 9 1
68 10 1
68 11 1
68 12 1
68 14 1
68 15 1
68 17 1
68 25 1
68 26 1
68 31 1
68 33 1
68 35 1
68 38 1
68 40 1
68 41 1
68 42 1
68 45 1
68 46 1
68 48 1
68 49 1
68 54 1
68 57 1
68 60 1
68 61 1
68 66 1
68 67 1
69 1 1
69 2 1
69 4 1
69 5 1
69 12 1
69 13 1
69 16 1
69 17 1
69 18 1
69 19 1
69 20 1
69 21 1
69 22 1
69 23 1
69 25 1
69 27 1
69 28 1
69 30 1
69 32 1
69 34 1
69 36 1
69 37 1
69 44 1
69 45 1
69 47 1
69 48 1
69 52 1
69 55 1
69 58 1
69 59 1
69 62 1
69 63 1
69 65 1
69 66 1
70 1 1
70 7 1
70 8 1
70 9 1
70 11 1
70 12 1
70 16 1
70 17 1
70 19 1
70 20 1
70 21 1
70 22 1
70 25 1
70 27 1
70 29 1
70 32 1
70 33 1
70 34 1
70 35 1
70 36 1
70 39 1
70 40 1
70 42 1
70 45 1
70 48 1
70 51 1
70 52 1
70 54 1
70 55 1
70 57 1
70 58 1
70 59 1
70 60 1
70 61 1
70 62 1
70 63 1
70 66 1
70 67 1
70 68 1
70 69 1
71 0 1
71 1 1
71 6 1
71 7 1
71 8 1
71 9 1
71 10 1
71 11 1
71 14 1
71 15 1
71 25 1
71 26 1
71 29 1
71 31 1
71 33 1
71 35 1
71 38 1
71 39 1
71 40 1
71 41 1
71 42 1
71 45 1
71 46 1
71 48 1
71 49 1
71 51 1
71 54 1
71 57 1
71 59 1
71 60 1
71 61 1
71 67 1
71 68 1
72 1 1
72 3 1
72 4 1
72 5 1
72 7 1
72 11 1
72 12 1
72 13 1
72 16 1
72 17 1
72 18 1
72 19 1
72 20 1
72 21 1
72 22 1
72 23 1
72 25 1
72 27 1
72 28 1
72 29 1
72 30 1
72 32 1
72 34 1
72 36 1
72 37 1
72 42 1
72 43 1
72 44 1
72 45 1
72 48 1
72 50 1
72 51 1
72 52 1
72 55 1
72 57 1
72 58 1
72 59 1
72 62 1
72 63 1
72 64 1
72 65 1
72 66 1
72 69 1
72 70 1
73 0 1
73 1 1
73 6 1
73 7 1
73 8 1
73 9 1
73 10 1
73 11 1
73 12 1
73 14 1
73 15 1
73 17 1
73 19 1
73 20 1
73 21 1
73 25 1
73 26 1
73 29 1
73 31 1
73 33 1
73 35 1
73 38 1
73 39 1
73 40 1
73 41 1
73 42 1
73 45 1
73 46 1
73 48 1
73 49 1
73 51 1
73 54 1
73 57 1
73 59 1
73 60 1
73 61 1
73 62 1
73 64 1
73 66 1
73 67 1
73 68 1
73 70 1
73 71 1
73 72 1
74 1 1
74 3 1
74 4 1
74 7 1
74 8 1
74 11 1
74 12 1
74 13 1
74 16 1
74 17 1
74 19 1
74 20 1
74 21 1
74 22 1
74 25 1
74 27 1
74 28 1
74 29 1
74 32 1
74 33 1
74 34 1
74 35 1
74 36 1
74 39 1
74 42 1
74 45 1
74 48 1
74 50 1
74 51 1
74 52 1
74 55 1
74 57 1
74 59 1
74 60 1
74 61 1
74 62 1
74 64 1
74 66 1
74 67 1
74 68 1
74 69 1
74 70 1
74 71 1
74 72 1
74 73 1
75 0 1
75 1 1
75 7 1
75 8 1
75 9 1
75 11 1
75 12 1
75 14 1
75 16 1
75 17 1
75 19 1
75 20 1
75 21 1
75 22 1
75 25 1
75 29 1
75 33 1
75 35 1
75 36 1
75 39 1
75 40 1
75 41 1
75 42 1
75 45 1
75 48 1
75 51 1
75 52 1
75 54 1
75 55 1
75 57 1
75 58 1
75 59 1
75 60 1
75 61 1
75 62 1
75 66 1
75 67 1
75 68 1
75 69 1
75 70 1
75 71 1
75 72 1
75 73 1
75 74 1
76 0 1
76 1 1
76 7 1
76 8 1
76 9 1
76 11 1
76 12 1
76 14 1
76 16 1
76 17 1
76 19 1
76 20 1
76 21 1
76 22 1
76 25 1
76 29 1
76 33 1
76 35 1
76 36 1
76 39 1
76 40 1
76 41 1
76 42 1
76 45 1
76 48 1
76 51 1
76 52 1
76 54 1
76 55 1
76 57 1
76 58 1
76 59 1
76 60 1
76 61 1
76 62 1
76 66 1
76 67 1
76 68 1
76 69 1
76 70 1
76 71 1
76 72 1
76 73 1
76 74 1
76 75 1
77 2 1
77 4 1
77 5 1
77 13 1
77 16 1
77 18 1
77 20 1
77 23 1
77 24 1
77 27 1
77 30 1
77 32 1
77 34 1
77 36 1
77 37 1
77 43 1
77 44 1
77 47 1
77 50 1
77 53 1
77 55 1
77 56 1
77 58 1
77 63 1
77 65 1
78 2 1
78 4 1
78 5 1
78 13 1
78 16 1
78 18 1
78 20 1
78 23 1
78 24 1
78 27 1
78 30 1
78 32 1
78 34 1
78 36 1
78 37 1
78 43 1
78 44 1
78 47 1
78 50 1
78 53 1
78 55 1
78 56 1
78 58 1
78 63 1
78 65 1
78 77 1
79 2 1
79 4 1
79 5 1
79 13 1
79 16 1
79 18 1
79 20 1
79 23 1
79 24 1
79 27 1
79 30 1
79 32 1
79 34 1
79 36 1
79 37 1
79 43 1
79 44 1
79 47 1
79 50 1
79 53 1
79 55 1
79 56 1
79 58 1
79 63 1
79 65 1
79 77 1
79 78 1
80 0 1
80 1 1
80 6 1
80 7 1
80 8 1
80 9 1
80 10 1
80 14 1
80 15 1
80 26 1
80 31 1
80 33 1
80 35 1
80 38 1
80 39 1
80 40 1
80 41 1
80 46 1
80 49 1
80 54 1
80 60 1
80 67 1
80 68 1
80 71 1
80 73 1
80 75 1
80 76 1
81 0 1
81 1 1
81 6 1
81 7 1
81 8 1
81 9 1
81 10 1
81 14 1
81 15 1
81 26 1
81 31 1
81 33 1
81 35 1
81 38 1
81 39 1
81 40 1
81 41 1
81 46 1
81 49 1
81 54 1
81 60 1
81 67 1
81 68 1
81 71 1
81 73 1
81 75 1
81 76 1
81 80 1
82 3 1
82 4 1
82 11 1
82 12 1
82 13 1
82 16 1
82 17 1
82 19 1
82 20 1
82 25 1
82 27 1
82 28 1
82 29 1
82 32 1
82 34 1
82 39 1
82 42 1
82 45 1
82 48 1
82 50 1
82 51 1
82 52 1
82 57 1
82 59 1
82 61 1
82 64 1
82 66 1
82 67 1
82 70 1
82 71 1
82 72 1
82 73 1
82 74 1
83 3 1
83 4 1
83 11 1
83 12 1
83 13 1
83 16 1
83 19 1
83 20 1
83 25 1
83 27 1
83 28 1
83 29 1
83 32 1
83 34 1
83 39 1
83 42 1
83 45 1
83 48 1
83 50 1
83 51 1
83 52 1
83 57 1
83 59 1
83 61 1
83 64 1
83 66 1
83 67 1
83 70 1
83 71 1
83 72 1
83 73 1
83 74 1
83 82 1
84 1 1
84 3 1
84 4 1
84 8 1
84 11 1
84 12 1
84 13 1
84 16 1
84 17 1
84 19 1
84 20 1
84 21 1
84 22 1
84 23 1
84 25 1
84 27 1
84 28 1
84 29 1
84 32 1
84 34 1
84 36 1
84 39 1
84 42 1
84 45 1
84 48 1
84 50 1
84 51 1
84 55 1
84 56 1
84 57 1
84 58 1
84 59 1
84 60 1
84 61 1
84 62 1
84 64 1
84 66 1
84 70 1
84 71 1
84 72 1
84 73 1
84 74 1
84 75 1
84 76 1
84 82 1
84 83 1
85 1 1
85 3 1
85 4 1
85 8 1
85 11 1
85 12 1
85 13 1
85 16 1
85 17 1
85 19 1
85 20 1
85 21 1
85 22 1
85 23 1
85 25 1
85 27 1
85 28 1
85 29 1
85 32 1
85 34 1
85 36 1
85 39 1
85 42 1
85 45 1
85 48 1
85 50 1
85 51 1
85 55 1
85 56 1
85 57 1
85 58 1
85 59 1
85 60 1
85 61 1
85 62 1
85 64 1
85 66 1
85 70 1
85 71 1
85 72 1
85 73 1
85 74 1
85 75 1
85 76 1
85 82 1
85 83 1
85 84 1
86 1 1
86 3 1
86 4 1
86 8 1
86 11 1
86 12 1
86 13 1
86 16 1
86 19 1
86 20 1
86 21 1
86 22 1
86 23 1
86 25 1
86 27 1
86 28 1
86 29 1
86 32 1
86 34 1
86 36 1
86 39 1
86 42 1
86 45 1
86 48 1
86 50 1
86 51 1
86 55 1
86 56 1
86 57 1
86 58 1
86 59 1
86 60 1
86 61 1
86 62 1
86 64 1
86 66 1
86 70 1
86 71 1
86 72 1
86 73 1
86 74 1
86 75 1
86 76 1
86 82 1
86 83 1
86 84 1
86 85 1
87 2 1
87 3 1
87 4 1
87 11 1
87 12 1
87 13 1
87 16 1
87 19 1
87 20 1
87 21 1
87 22 1
87 23 1
87 24 1
87 25 1
87 27 1
87 28 1
87 29 1
87 32 1
87 34 1
87 36 1
87 37 1
87 39 1
87 42 1
87 43 1
87 48 1
87 50 1
87 51 1
87 52 1
87 55 1
87 56 1
87 57 1
87 58 1
87 59 1
87 62 1
87 63 1
87 64 1
87 66 1
87 70 1
87 72 1
87 74 1
87 77 1
87 78 1
87 79 1
87 82 1
87 83 1
87 84 1
87 85 1
87 86 1
88 2 1
88 3 1
88 4 1
88 11 1
88 12 1
88 13 1
88 16 1
88 19 1
88 20 1
88 21 1
88 22 1
88 23 1
88 24 1
88 25 1
88 27 1
88 28 1
88 29 1
88 32 1
88 34 1
88 36 1
88 37 1
88 39 1
88 42 1
88 43 1
88 48 1
88 50 1
88 51 1
88 52 1
88 55 1
88 56 1
88 57 1
88 58 1
88 59 1
88 62 1
88 63 1
88 64 1
88 66 1
88 70 1
88 72 1
88 74 1
88 77 1
88 78 1
88 79 1
88 82 1
88 83 1
88 84 1
88 85 1
88 86 1
88 87 1
89 0 1
89 1 1
89 6 1
89 7 1
89 8 1
89 9 1
89 11 1
89 12 1
89 14 1
89 17 1
89 19 1
89 20 1
89 21 1
89 25 1
89 27 1
89 29 1
89 31 1
89 33 1
89 35 1
89 38 1
89 39 1
89 40 1
89 42 1
89 45 1
89 48 1
89 52 1
89 54 1
89 57 1
89 59 1
89 60 1
89 61 1
89 62 1
89 64 1
89 66 1
89 67 1
89 68 1
89 69 1
89 70 1
89 71 1
89 72 1
89 73 1
89 74 1
89 75 1
89 76 1
89 82 1
89 83 1
90 0 1
90 1 1
90 6 1
90 7 1
90 8 1
90 9 1
90 11 1
90 12 1
90 14 1
90 17 1
90 19 1
90 20 1
90 21 1
90 25 1
90 27 1
90 29 1
90 31 1
90 33 1
90 35 1
90 38 1
90 39 1
90 40 1
90 42 1
90 45 1
90 48 1
90 52 1
90 54 1
90 57 1
90 59 1
90 60 1
90 61 1
90 62 1
90 64 1
90 66 1
90 67 1
90 68 1
90 69 1
90 70 1
90 71 1
90 72 1
90 73 1
90 74 1
90 75 1
90 76 1
90 82 1
90 83 1
90 89 1
91 1 1
91 3 1
91 7 1
91 8 1
91 11 1
91 12 1
91 13 1
91 17 1
91 18 1
91 19 1
91 20 1
91 21 1
91 22 1
91 25 1
91 27 1
91 28 1
91 33 1
91 36 1
91 45 1
91 48 1
91 52 1
91 54 1
91 55 1
91 58 1
91 59 1
91 60 1
91 62 1
91 63 1
91 64 1
91 65 1
91 66 1
91 68 1
91 69 1
91 70 1
91 72 1
91 73 1
91 74 1
91 75 1
91 76 1
91 89 1
91 90 1
92 1 1
92 3 1
92 7 1
92 8 1
92 11 1
92 12 1
92 13 1
92 17 1
92 18 1
92 19 1
92 20 1
92 21 1
92 22 1
92 25 1
92 27 1
92 28 1
92 33 1
92 36 1
92 45 1
92 48 1
92 52 1
92 54 1
92 55 1
92 58 1
92 59 1
92 60 1
92 62 1
92 63 1
92 64 1
92 65 1
92 66 1
92 68 1
92 69 1
92 70 1
92 72 1
92 73 1
92 74 1
92 75 1
92 76 1
92 89 1
92 90 1
92 91 1
93 0 1
93 1 1
93 3 1
93 6 1
93 7 1
93 8 1
93 9 1
93 11 1
93 12 1
93 14 1
93 15 1
93 16 1
93 17 1
93 19 1
93 20 1
93 21 1
93 22 1
93 25 1
93 26 1
93 29 1
93 31 1
93 32 1
93 33 1
93 35 1
93 39 1
93 40 1
93 41 1
93 42 1
93 45 1
93 46 1
93 48 1
93 51 1
93 54 1
93 57 1
93 59 1
93 60 1
93 61 1
93 62 1
93 64 1
93 66 1
93 67 1
93 68 1
93 70 1
93 71 1
93 72 1
93 73 1
93 74 1
93 75 1
93 76 1
93 82 1
93 83 1
93 84 1
93 85 1
93 86 1
93 87 1
93 88 1
93 89 1
93 90 1
93 91 1
93 92 1
94 2 1
94 3 1
94 4 1
94 5 1
94 12 1
94 13 1
94 16 1
94 18 1
94 19 1
94 20 1
94 21 1
94 22 1
94 23 1
94 24 1
94 27 1
94 28 1
94 30 1
94 32 1
94 34 1
94 36 1
94 37 1
94 43 1
94 44 1
94 47 1
94 50 1
94 52 1
94 53 1
94 55 1
94 56 1
94 58 1
94 63 1
94 64 1
94 65 1
94 66 1
94 69 1
94 72 1
94 74 1
94 77 1
94 78 1
94 79 1
94 82 1
94 83 1
94 84 1
94 85 1
94 86 1
94 87 1
94 88 1
95 2 1
95 3 1
95 4 1
95 5 1
95 12 1
95 13 1
95 16 1
95 17 1
95 18 1
95 19 1
95 20 1
95 21 1
95 22 1
95 23 1
95 24 1
95 27 1
95 28 1
95 30 1
95 32 1
95 34 1
95 36 1
95 37 1
95 43 1
95 44 1
95 47 1
95 48 1
95 50 1
95 52 1
95 53 1
95 55 1
95 56 1
95 58 1
95 63 1
95 64 1
95 65 1
95 66 1
95 69 1
95 70 1
95 72 1
95 74 1
95 77 1
95 78 1
95 79 1
95 87 1
95 88 1
95 91 1
95 92 1
95 94 1
