# minsup
1
# graph
G_./4jrw.pdb
# node ID, label
0 A
1 A
2 A
3 A
4 A
5 A
6 A
7 A
8 A
9 A
10 A
11 A
12 A
13 A
14 A
15 A
16 D
17 D
18 D
19 D
20 D
21 D
22 D
23 D
24 D
25 D
26 D
27 D
28 D
29 D
30 D
31 D
32 E
33 E
34 E
35 E
36 E
37 E
38 E
39 E
40 E
41 E
42 F
43 F
44 F
45 F
46 F
47 F
48 G
49 G
50 G
51 G
52 G
53 G
54 G
55 G
56 G
57 G
58 G
59 G
60 G
61 G
62 G
63 G
64 G
65 G
66 G
67 G
68 G
69 G
70 H
71 H
72 I
73 I
74 I
75 I
76 I
77 I
78 I
79 I
80 I
81 I
82 K
83 K
84 K
85 K
86 K
87 K
88 K
89 K
90 K
91 K
92 K
93 K
94 K
95 K
96 K
97 K
98 K
99 K
100 K
101 K
102 L
103 L
104 N
105 N
106 N
107 N
108 N
109 N
110 N
111 N
112 P
113 P
114 P
115 P
116 R
117 R
118 R
119 R
120 S
121 S
122 S
123 S
124 S
125 S
126 S
127 S
128 S
129 S
130 S
131 S
132 S
133 S
134 S
135 S
136 T
137 T
138 T
139 T
140 T
141 T
142 T
143 T
144 T
145 T
146 T
147 T
148 T
149 T
150 T
151 T
152 T
153 T
154 V
155 V
156 V
157 V
158 V
159 V
160 V
161 V
162 V
163 V
164 V
165 V
166 W
167 W
168 Y
169 Y
170 Y
171 Y
172 Y
173 Y
# node ID1, node ID2, number of bounds
1 0 1
4 2 1
4 3 1
5 2 1
5 4 1
6 0 1
6 1 1
7 0 1
7 1 1
7 6 1
9 2 1
9 8 1
10 1 1
12 10 1
12 11 1
13 10 1
13 12 1
14 8 1
14 9 1
15 8 1
15 9 1
15 14 1
16 0 1
16 1 1
16 7 1
16 10 1
16 12 1
17 0 1
17 1 1
17 6 1
17 7 1
17 10 1
17 16 1
18 0 1
18 1 1
18 6 1
18 7 1
18 17 1
19 1 1
19 3 1
19 6 1
19 7 1
19 16 1
20 1 1
20 3 1
20 4 1
20 7 1
20 19 1
21 2 1
21 3 1
21 4 1
21 5 1
21 19 1
21 20 1
22 0 1
22 1 1
22 6 1
22 7 1
22 16 1
22 17 1
22 18 1
22 19 1
23 0 1
23 1 1
23 6 1
23 7 1
23 17 1
23 18 1
23 19 1
23 22 1
24 2 1
24 4 1
24 8 1
24 9 1
24 15 1
25 2 1
25 8 1
25 9 1
25 14 1
25 15 1
25 24 1
26 8 1
26 9 1
26 14 1
26 15 1
26 25 1
27 9 1
27 11 1
27 14 1
27 15 1
27 24 1
28 9 1
28 11 1
28 12 1
28 15 1
28 27 1
29 10 1
29 11 1
29 12 1
29 13 1
29 27 1
29 28 1
30 8 1
30 9 1
30 14 1
30 15 1
30 24 1
30 25 1
30 26 1
30 27 1
31 8 1
31 9 1
31 14 1
31 15 1
31 25 1
31 26 1
31 27 1
31 30 1
32 2 1
32 3 1
32 4 1
32 16 1
32 19 1
32 20 1
32 24 1
33 0 1
33 1 1
33 6 1
33 7 1
33 16 1
33 17 1
33 18 1
33 22 1
33 23 1
34 0 1
34 1 1
34 6 1
34 7 1
34 10 1
34 16 1
34 17 1
34 19 1
34 20 1
34 22 1
35 2 1
35 4 1
35 5 1
35 9 1
35 21 1
35 24 1
35 32 1
36 2 1
36 4 1
36 5 1
36 8 1
36 9 1
36 15 1
36 24 1
36 25 1
36 26 1
36 35 1
37 10 1
37 11 1
37 12 1
37 16 1
37 24 1
37 27 1
37 28 1
38 2 1
38 8 1
38 9 1
38 14 1
38 15 1
38 24 1
38 25 1
38 26 1
38 30 1
38 31 1
38 36 1
39 2 1
39 8 1
39 9 1
39 14 1
39 15 1
39 24 1
39 25 1
39 27 1
39 28 1
39 30 1
39 35 1
39 36 1
40 1 1
40 10 1
40 12 1
40 13 1
40 16 1
40 29 1
40 34 1
40 37 1
41 0 1
41 1 1
41 7 1
41 10 1
41 12 1
41 13 1
41 16 1
41 17 1
41 33 1
41 40 1
42 1 1
42 2 1
42 3 1
42 4 1
42 16 1
42 19 1
42 20 1
42 21 1
42 24 1
42 32 1
42 34 1
42 35 1
42 37 1
43 2 1
43 3 1
43 4 1
43 5 1
43 19 1
43 20 1
43 21 1
43 32 1
43 34 1
43 35 1
43 42 1
44 1 1
44 3 1
44 7 1
44 16 1
44 19 1
44 20 1
44 21 1
44 32 1
44 34 1
44 35 1
44 40 1
44 42 1
44 43 1
45 9 1
45 10 1
45 11 1
45 12 1
45 16 1
45 24 1
45 27 1
45 28 1
45 29 1
45 32 1
45 37 1
45 39 1
45 40 1
45 42 1
45 44 1
46 9 1
46 10 1
46 11 1
46 12 1
46 13 1
46 27 1
46 28 1
46 29 1
46 37 1
46 39 1
46 40 1
46 45 1
47 9 1
47 11 1
47 15 1
47 24 1
47 27 1
47 28 1
47 29 1
47 35 1
47 37 1
47 39 1
47 40 1
47 42 1
47 44 1
47 45 1
47 46 1
48 0 1
48 1 1
48 6 1
48 7 1
48 10 1
48 17 1
48 18 1
48 22 1
48 23 1
48 33 1
48 41 1
49 1 1
49 2 1
49 4 1
49 9 1
49 16 1
49 19 1
49 20 1
49 24 1
49 32 1
49 34 1
49 35 1
49 37 1
49 39 1
49 40 1
49 42 1
49 43 1
49 44 1
49 45 1
49 47 1
50 2 1
50 4 1
50 5 1
50 9 1
50 15 1
50 21 1
50 24 1
50 25 1
50 32 1
50 35 1
50 36 1
50 39 1
50 42 1
50 43 1
50 44 1
50 47 1
50 49 1
51 2 1
51 3 1
51 4 1
51 5 1
51 21 1
51 32 1
51 35 1
51 36 1
51 43 1
51 50 1
52 1 1
52 7 1
52 16 1
52 17 1
52 19 1
52 20 1
52 22 1
52 32 1
52 34 1
52 37 1
52 42 1
52 43 1
52 44 1
52 45 1
52 49 1
53 0 1
53 1 1
53 6 1
53 7 1
53 16 1
53 17 1
53 18 1
53 22 1
53 23 1
53 33 1
53 48 1
54 3 1
54 4 1
54 5 1
54 19 1
54 20 1
54 21 1
54 32 1
54 34 1
54 35 1
54 42 1
54 43 1
54 44 1
54 49 1
54 50 1
55 3 1
55 4 1
55 5 1
55 19 1
55 20 1
55 21 1
55 43 1
55 54 1
56 1 1
56 3 1
56 7 1
56 16 1
56 19 1
56 20 1
56 22 1
56 32 1
56 34 1
56 42 1
56 43 1
56 49 1
56 52 1
57 2 1
57 3 1
57 4 1
57 5 1
57 21 1
57 35 1
57 36 1
57 43 1
57 44 1
57 50 1
57 51 1
57 54 1
57 55 1
58 0 1
58 1 1
58 6 1
58 7 1
58 17 1
58 18 1
58 19 1
58 22 1
58 23 1
58 33 1
58 48 1
58 53 1
59 2 1
59 8 1
59 9 1
59 14 1
59 15 1
59 25 1
59 26 1
59 30 1
59 31 1
59 36 1
59 38 1
60 1 1
60 9 1
60 10 1
60 12 1
60 16 1
60 24 1
60 28 1
60 32 1
60 34 1
60 35 1
60 37 1
60 39 1
60 40 1
60 42 1
60 44 1
60 45 1
60 46 1
60 47 1
60 49 1
60 50 1
60 52 1
61 1 1
61 7 1
61 10 1
61 12 1
61 13 1
61 16 1
61 17 1
61 29 1
61 34 1
61 37 1
61 40 1
61 41 1
61 44 1
61 45 1
61 46 1
61 47 1
61 49 1
61 52 1
61 60 1
62 10 1
62 11 1
62 12 1
62 13 1
62 16 1
62 29 1
62 37 1
62 40 1
62 41 1
62 46 1
62 61 1
63 9 1
63 15 1
63 24 1
63 25 1
63 27 1
63 28 1
63 30 1
63 32 1
63 37 1
63 39 1
63 42 1
63 45 1
63 46 1
63 47 1
63 49 1
63 50 1
63 60 1
64 8 1
64 9 1
64 14 1
64 15 1
64 24 1
64 25 1
64 26 1
64 30 1
64 31 1
64 38 1
64 59 1
65 11 1
65 12 1
65 13 1
65 27 1
65 28 1
65 29 1
65 37 1
65 39 1
65 40 1
65 45 1
65 46 1
65 47 1
65 60 1
65 61 1
65 62 1
66 11 1
66 12 1
66 13 1
66 27 1
66 28 1
66 29 1
66 46 1
66 65 1
67 9 1
67 11 1
67 24 1
67 27 1
67 28 1
67 30 1
67 37 1
67 45 1
67 46 1
67 60 1
67 63 1
68 10 1
68 11 1
68 12 1
68 13 1
68 29 1
68 40 1
68 41 1
68 46 1
68 47 1
68 61 1
68 62 1
68 65 1
68 66 1
69 8 1
69 9 1
69 14 1
69 15 1
69 25 1
69 26 1
69 27 1
69 30 1
69 31 1
69 38 1
69 59 1
69 64 1
70 2 1
70 3 1
70 4 1
70 5 1
70 19 1
70 20 1
70 21 1
70 32 1
70 35 1
70 42 1
70 43 1
70 44 1
70 49 1
70 50 1
70 51 1
70 52 1
70 54 1
70 55 1
70 56 1
70 57 1
71 10 1
71 11 1
71 12 1
71 13 1
71 16 1
71 27 1
71 28 1
71 29 1
71 37 1
71 40 1
71 45 1
71 46 1
71 47 1
71 60 1
71 61 1
71 62 1
71 63 1
71 65 1
71 66 1
71 67 1
71 68 1
72 0 1
72 1 1
72 6 1
72 7 1
72 10 1
72 16 1
72 17 1
72 18 1
72 19 1
72 22 1
72 23 1
72 33 1
72 34 1
72 40 1
72 41 1
72 44 1
72 48 1
72 52 1
72 53 1
72 58 1
72 61 1
73 2 1
73 3 1
73 4 1
73 5 1
73 9 1
73 20 1
73 21 1
73 24 1
73 32 1
73 35 1
73 36 1
73 42 1
73 43 1
73 44 1
73 49 1
73 50 1
73 51 1
73 52 1
73 54 1
73 56 1
73 57 1
73 60 1
73 63 1
73 70 1
74 0 1
74 1 1
74 6 1
74 7 1
74 16 1
74 17 1
74 18 1
74 19 1
74 22 1
74 23 1
74 33 1
74 34 1
74 48 1
74 52 1
74 53 1
74 56 1
74 58 1
74 72 1
75 2 1
75 3 1
75 4 1
75 5 1
75 9 1
75 20 1
75 21 1
75 24 1
75 32 1
75 34 1
75 35 1
75 36 1
75 39 1
75 40 1
75 42 1
75 43 1
75 44 1
75 47 1
75 49 1
75 50 1
75 51 1
75 54 1
75 55 1
75 57 1
75 60 1
75 70 1
75 73 1
76 2 1
76 4 1
76 5 1
76 9 1
76 21 1
76 24 1
76 32 1
76 35 1
76 36 1
76 39 1
76 42 1
76 43 1
76 44 1
76 47 1
76 49 1
76 50 1
76 51 1
76 54 1
76 57 1
76 70 1
76 73 1
76 75 1
77 2 1
77 8 1
77 9 1
77 14 1
77 15 1
77 24 1
77 25 1
77 26 1
77 27 1
77 30 1
77 31 1
77 35 1
77 36 1
77 38 1
77 39 1
77 47 1
77 50 1
77 59 1
77 63 1
77 64 1
77 69 1
77 73 1
77 76 1
78 1 1
78 10 1
78 11 1
78 12 1
78 13 1
78 16 1
78 28 1
78 29 1
78 37 1
78 40 1
78 41 1
78 45 1
78 46 1
78 47 1
78 49 1
78 52 1
78 60 1
78 61 1
78 62 1
78 63 1
78 65 1
78 67 1
78 68 1
78 71 1
79 8 1
79 9 1
79 14 1
79 15 1
79 24 1
79 25 1
79 26 1
79 27 1
79 30 1
79 31 1
79 38 1
79 39 1
79 59 1
79 63 1
79 64 1
79 67 1
79 69 1
79 77 1
80 1 1
80 10 1
80 11 1
80 12 1
80 13 1
80 16 1
80 28 1
80 29 1
80 34 1
80 35 1
80 37 1
80 39 1
80 40 1
80 44 1
80 45 1
80 46 1
80 47 1
80 49 1
80 60 1
80 61 1
80 62 1
80 65 1
80 66 1
80 68 1
80 71 1
80 75 1
80 78 1
81 1 1
81 10 1
81 12 1
81 13 1
81 16 1
81 29 1
81 34 1
81 37 1
81 40 1
81 41 1
81 44 1
81 45 1
81 46 1
81 47 1
81 60 1
81 61 1
81 62 1
81 65 1
81 68 1
81 71 1
81 72 1
81 78 1
81 80 1
82 0 1
82 1 1
82 7 1
82 10 1
82 16 1
82 17 1
82 19 1
82 20 1
82 22 1
82 32 1
82 33 1
82 34 1
82 37 1
82 40 1
82 41 1
82 42 1
82 43 1
82 44 1
82 45 1
82 47 1
82 49 1
82 52 1
82 56 1
82 60 1
82 61 1
82 72 1
82 74 1
82 75 1
82 78 1
82 80 1
82 81 1
83 1 1
83 7 1
83 16 1
83 17 1
83 19 1
83 22 1
83 32 1
83 33 1
83 34 1
83 37 1
83 42 1
83 44 1
83 45 1
83 49 1
83 52 1
83 56 1
83 60 1
83 61 1
83 72 1
83 74 1
83 78 1
83 82 1
84 0 1
84 1 1
84 6 1
84 7 1
84 10 1
84 16 1
84 17 1
84 18 1
84 19 1
84 22 1
84 23 1
84 33 1
84 34 1
84 41 1
84 48 1
84 52 1
84 53 1
84 56 1
84 58 1
84 61 1
84 72 1
84 74 1
84 78 1
84 82 1
84 83 1
85 0 1
85 1 1
85 6 1
85 7 1
85 16 1
85 17 1
85 18 1
85 22 1
85 23 1
85 33 1
85 48 1
85 52 1
85 53 1
85 56 1
85 58 1
85 72 1
85 74 1
85 82 1
85 83 1
85 84 1
86 1 1
86 7 1
86 16 1
86 17 1
86 19 1
86 20 1
86 22 1
86 23 1
86 32 1
86 34 1
86 42 1
86 43 1
86 49 1
86 52 1
86 56 1
86 60 1
86 70 1
86 72 1
86 73 1
86 74 1
86 82 1
86 83 1
86 84 1
86 85 1
87 2 1
87 3 1
87 4 1
87 5 1
87 21 1
87 35 1
87 36 1
87 43 1
87 50 1
87 51 1
87 54 1
87 55 1
87 57 1
87 70 1
87 73 1
87 75 1
87 76 1
88 2 1
88 3 1
88 4 1
88 5 1
88 21 1
88 35 1
88 36 1
88 43 1
88 50 1
88 51 1
88 54 1
88 55 1
88 57 1
88 70 1
88 73 1
88 75 1
88 76 1
88 87 1
89 0 1
89 1 1
89 3 1
89 6 1
89 7 1
89 16 1
89 17 1
89 19 1
89 20 1
89 22 1
89 23 1
89 34 1
89 42 1
89 43 1
89 44 1
89 52 1
89 54 1
89 56 1
89 58 1
89 72 1
89 74 1
89 82 1
89 83 1
89 84 1
89 85 1
89 86 1
90 0 1
90 6 1
90 7 1
90 17 1
90 18 1
90 22 1
90 23 1
90 33 1
90 48 1
90 53 1
90 58 1
90 72 1
90 74 1
90 84 1
90 85 1
90 89 1
91 2 1
91 4 1
91 5 1
91 9 1
91 21 1
91 35 1
91 36 1
91 39 1
91 50 1
91 51 1
91 57 1
91 59 1
91 70 1
91 73 1
91 75 1
91 76 1
91 77 1
91 87 1
91 88 1
92 2 1
92 8 1
92 9 1
92 15 1
92 24 1
92 25 1
92 27 1
92 28 1
92 30 1
92 32 1
92 35 1
92 36 1
92 37 1
92 38 1
92 39 1
92 42 1
92 45 1
92 46 1
92 47 1
92 49 1
92 50 1
92 60 1
92 63 1
92 67 1
92 73 1
92 75 1
92 76 1
92 77 1
92 79 1
92 80 1
92 91 1
93 9 1
93 15 1
93 24 1
93 25 1
93 27 1
93 30 1
93 32 1
93 37 1
93 38 1
93 39 1
93 42 1
93 45 1
93 47 1
93 49 1
93 50 1
93 60 1
93 63 1
93 67 1
93 73 1
93 77 1
93 79 1
93 92 1
94 2 1
94 8 1
94 9 1
94 14 1
94 15 1
94 24 1
94 25 1
94 26 1
94 27 1
94 30 1
94 31 1
94 36 1
94 38 1
94 39 1
94 50 1
94 59 1
94 63 1
94 64 1
94 67 1
94 69 1
94 73 1
94 77 1
94 79 1
94 91 1
94 92 1
94 93 1
95 8 1
95 9 1
95 14 1
95 15 1
95 24 1
95 25 1
95 26 1
95 27 1
95 30 1
95 31 1
95 38 1
95 59 1
95 63 1
95 64 1
95 67 1
95 69 1
95 77 1
95 79 1
95 92 1
95 93 1
95 94 1
96 9 1
96 15 1
96 24 1
96 25 1
96 27 1
96 28 1
96 30 1
96 37 1
96 39 1
96 45 1
96 46 1
96 60 1
96 63 1
96 67 1
96 71 1
96 77 1
96 78 1
96 79 1
96 92 1
96 93 1
96 94 1
96 95 1
97 10 1
97 11 1
97 12 1
97 13 1
97 28 1
97 29 1
97 40 1
97 41 1
97 46 1
97 61 1
97 62 1
97 65 1
97 66 1
97 68 1
97 71 1
97 78 1
97 80 1
97 81 1
98 10 1
98 11 1
98 12 1
98 13 1
98 29 1
98 40 1
98 41 1
98 46 1
98 61 1
98 62 1
98 65 1
98 66 1
98 68 1
98 71 1
98 78 1
98 80 1
98 81 1
98 97 1
99 8 1
99 9 1
99 11 1
99 14 1
99 15 1
99 24 1
99 25 1
99 27 1
99 28 1
99 30 1
99 31 1
99 39 1
99 45 1
99 46 1
99 47 1
99 63 1
99 64 1
99 65 1
99 66 1
99 67 1
99 69 1
99 77 1
99 79 1
99 92 1
99 93 1
99 94 1
99 95 1
99 96 1
100 8 1
100 14 1
100 15 1
100 25 1
100 26 1
100 30 1
100 31 1
100 38 1
100 59 1
100 64 1
100 69 1
100 77 1
100 79 1
100 94 1
100 95 1
100 99 1
101 1 1
101 10 1
101 12 1
101 13 1
101 16 1
101 29 1
101 34 1
101 40 1
101 41 1
101 61 1
101 62 1
101 68 1
101 71 1
101 72 1
101 78 1
101 80 1
101 81 1
101 82 1
101 97 1
101 98 1
102 0 1
102 1 1
102 3 1
102 6 1
102 7 1
102 16 1
102 17 1
102 19 1
102 20 1
102 21 1
102 22 1
102 32 1
102 34 1
102 42 1
102 43 1
102 44 1
102 49 1
102 52 1
102 54 1
102 55 1
102 56 1
102 60 1
102 70 1
102 72 1
102 73 1
102 74 1
102 75 1
102 82 1
102 83 1
102 84 1
102 86 1
102 89 1
103 8 1
103 9 1
103 11 1
103 14 1
103 15 1
103 24 1
103 25 1
103 27 1
103 28 1
103 29 1
103 30 1
103 37 1
103 39 1
103 45 1
103 46 1
103 47 1
103 49 1
103 50 1
103 60 1
103 63 1
103 65 1
103 66 1
103 67 1
103 71 1
103 77 1
103 78 1
103 79 1
103 80 1
103 92 1
103 93 1
103 94 1
103 96 1
103 99 1
104 2 1
104 3 1
104 4 1
104 5 1
104 20 1
104 21 1
104 24 1
104 32 1
104 35 1
104 36 1
104 42 1
104 43 1
104 49 1
104 50 1
104 51 1
104 54 1
104 70 1
104 73 1
104 75 1
104 76 1
104 87 1
104 88 1
104 91 1
104 92 1
104 93 1
104 94 1
105 1 1
105 3 1
105 4 1
105 16 1
105 19 1
105 20 1
105 32 1
105 34 1
105 42 1
105 43 1
105 44 1
105 49 1
105 52 1
105 56 1
105 60 1
105 70 1
105 73 1
105 74 1
105 82 1
105 83 1
105 84 1
105 86 1
105 89 1
105 102 1
105 104 1
106 1 1
106 3 1
106 4 1
106 5 1
106 19 1
106 20 1
106 21 1
106 32 1
106 34 1
106 35 1
106 42 1
106 43 1
106 44 1
106 47 1
106 49 1
106 50 1
106 52 1
106 54 1
106 55 1
106 57 1
106 70 1
106 73 1
106 75 1
106 76 1
106 80 1
106 82 1
106 87 1
106 88 1
106 89 1
106 91 1
106 102 1
107 2 1
107 4 1
107 5 1
107 8 1
107 9 1
107 35 1
107 36 1
107 38 1
107 50 1
107 51 1
107 57 1
107 59 1
107 73 1
107 75 1
107 76 1
107 77 1
107 87 1
107 88 1
107 91 1
107 92 1
107 94 1
107 104 1
108 10 1
108 11 1
108 12 1
108 13 1
108 16 1
108 29 1
108 37 1
108 40 1
108 41 1
108 45 1
108 46 1
108 60 1
108 61 1
108 62 1
108 65 1
108 71 1
108 78 1
108 80 1
108 81 1
108 82 1
108 83 1
108 84 1
108 97 1
108 98 1
108 101 1
109 9 1
109 11 1
109 12 1
109 24 1
109 27 1
109 28 1
109 37 1
109 39 1
109 45 1
109 46 1
109 47 1
109 49 1
109 60 1
109 63 1
109 67 1
109 71 1
109 78 1
109 79 1
109 92 1
109 93 1
109 94 1
109 96 1
109 99 1
109 103 1
109 108 1
110 9 1
110 11 1
110 12 1
110 13 1
110 27 1
110 28 1
110 29 1
110 37 1
110 39 1
110 40 1
110 44 1
110 45 1
110 46 1
110 47 1
110 60 1
110 61 1
110 63 1
110 65 1
110 66 1
110 68 1
110 71 1
110 75 1
110 78 1
110 80 1
110 81 1
110 92 1
110 97 1
110 98 1
110 99 1
110 101 1
110 103 1
111 1 1
111 10 1
111 12 1
111 13 1
111 40 1
111 41 1
111 48 1
111 61 1
111 62 1
111 68 1
111 72 1
111 78 1
111 80 1
111 81 1
111 82 1
111 84 1
111 97 1
111 98 1
111 101 1
111 108 1
112 0 1
112 1 1
112 6 1
112 7 1
112 10 1
112 16 1
112 17 1
112 18 1
112 19 1
112 22 1
112 23 1
112 33 1
112 34 1
112 41 1
112 48 1
112 52 1
112 53 1
112 58 1
112 61 1
112 72 1
112 74 1
112 82 1
112 83 1
112 84 1
112 85 1
112 86 1
112 89 1
112 90 1
112 102 1
113 2 1
113 4 1
113 5 1
113 9 1
113 16 1
113 24 1
113 32 1
113 35 1
113 37 1
113 39 1
113 40 1
113 42 1
113 43 1
113 44 1
113 45 1
113 47 1
113 49 1
113 50 1
113 51 1
113 52 1
113 54 1
113 57 1
113 60 1
113 63 1
113 70 1
113 73 1
113 75 1
113 76 1
113 77 1
113 78 1
113 80 1
113 82 1
113 83 1
113 91 1
113 92 1
113 93 1
113 94 1
113 96 1
113 99 1
113 102 1
113 103 1
113 104 1
113 105 1
113 106 1
113 109 1
113 110 1
114 2 1
114 8 1
114 9 1
114 14 1
114 15 1
114 24 1
114 25 1
114 26 1
114 27 1
114 30 1
114 31 1
114 36 1
114 38 1
114 39 1
114 50 1
114 59 1
114 63 1
114 64 1
114 69 1
114 77 1
114 79 1
114 91 1
114 92 1
114 93 1
114 94 1
114 95 1
114 96 1
114 99 1
114 100 1
114 103 1
114 107 1
115 1 1
115 10 1
115 12 1
115 13 1
115 16 1
115 24 1
115 32 1
115 34 1
115 35 1
115 37 1
115 40 1
115 42 1
115 44 1
115 45 1
115 46 1
115 47 1
115 49 1
115 52 1
115 60 1
115 61 1
115 62 1
115 63 1
115 65 1
115 68 1
115 71 1
115 72 1
115 73 1
115 75 1
115 78 1
115 80 1
115 81 1
115 82 1
115 83 1
115 84 1
115 86 1
115 89 1
115 92 1
115 93 1
115 101 1
115 102 1
115 103 1
115 105 1
115 106 1
115 108 1
115 109 1
115 110 1
115 113 1
116 2 1
116 3 1
116 4 1
116 5 1
116 21 1
116 24 1
116 32 1
116 35 1
116 36 1
116 42 1
116 43 1
116 49 1
116 50 1
116 51 1
116 57 1
116 70 1
116 73 1
116 75 1
116 76 1
116 77 1
116 87 1
116 88 1
116 91 1
116 92 1
116 94 1
116 104 1
116 107 1
116 113 1
117 1 1
117 3 1
117 4 1
117 7 1
117 19 1
117 20 1
117 22 1
117 32 1
117 34 1
117 42 1
117 43 1
117 49 1
117 52 1
117 54 1
117 55 1
117 56 1
117 70 1
117 73 1
117 74 1
117 82 1
117 83 1
117 86 1
117 89 1
117 102 1
117 105 1
118 10 1
118 12 1
118 13 1
118 16 1
118 29 1
118 37 1
118 40 1
118 41 1
118 45 1
118 46 1
118 60 1
118 61 1
118 62 1
118 68 1
118 71 1
118 72 1
118 78 1
118 80 1
118 81 1
118 82 1
118 83 1
118 84 1
118 97 1
118 98 1
118 101 1
118 108 1
118 111 1
118 115 1
119 9 1
119 11 1
119 15 1
119 27 1
119 28 1
119 30 1
119 37 1
119 39 1
119 45 1
119 46 1
119 63 1
119 65 1
119 66 1
119 67 1
119 71 1
119 78 1
119 79 1
119 92 1
119 93 1
119 96 1
119 99 1
119 103 1
119 109 1
120 0 1
120 1 1
120 6 1
120 7 1
120 17 1
120 18 1
120 22 1
120 23 1
120 33 1
120 41 1
120 48 1
120 53 1
120 58 1
120 72 1
120 74 1
120 84 1
120 85 1
120 90 1
120 112 1
121 2 1
121 4 1
121 5 1
121 9 1
121 15 1
121 24 1
121 32 1
121 35 1
121 36 1
121 37 1
121 39 1
121 40 1
121 42 1
121 43 1
121 44 1
121 45 1
121 46 1
121 47 1
121 49 1
121 50 1
121 54 1
121 57 1
121 60 1
121 63 1
121 70 1
121 73 1
121 75 1
121 76 1
121 77 1
121 80 1
121 82 1
121 91 1
121 92 1
121 93 1
121 94 1
121 99 1
121 103 1
121 104 1
121 106 1
121 107 1
121 110 1
121 113 1
121 115 1
121 116 1
122 1 1
122 4 1
122 7 1
122 16 1
122 19 1
122 20 1
122 24 1
122 32 1
122 34 1
122 37 1
122 42 1
122 43 1
122 44 1
122 45 1
122 49 1
122 52 1
122 56 1
122 60 1
122 61 1
122 70 1
122 72 1
122 73 1
122 74 1
122 75 1
122 78 1
122 82 1
122 83 1
122 84 1
122 86 1
122 89 1
122 102 1
122 104 1
122 105 1
122 106 1
122 113 1
122 115 1
122 117 1
122 121 1
123 0 1
123 1 1
123 6 1
123 7 1
123 10 1
123 16 1
123 17 1
123 18 1
123 19 1
123 22 1
123 23 1
123 33 1
123 34 1
123 37 1
123 40 1
123 41 1
123 42 1
123 44 1
123 48 1
123 49 1
123 52 1
123 53 1
123 56 1
123 60 1
123 61 1
123 72 1
123 74 1
123 78 1
123 81 1
123 82 1
123 83 1
123 84 1
123 85 1
123 86 1
123 89 1
123 101 1
123 102 1
123 105 1
123 108 1
123 112 1
123 115 1
123 117 1
123 118 1
123 120 1
123 122 1
124 0 1
124 1 1
124 6 1
124 7 1
124 16 1
124 17 1
124 19 1
124 20 1
124 22 1
124 23 1
124 34 1
124 42 1
124 52 1
124 53 1
124 56 1
124 58 1
124 72 1
124 74 1
124 82 1
124 83 1
124 84 1
124 85 1
124 86 1
124 89 1
124 90 1
124 102 1
124 105 1
124 112 1
124 117 1
124 122 1
124 123 1
125 3 1
125 4 1
125 19 1
125 20 1
125 21 1
125 32 1
125 42 1
125 43 1
125 49 1
125 52 1
125 54 1
125 55 1
125 56 1
125 70 1
125 73 1
125 86 1
125 89 1
125 102 1
125 104 1
125 105 1
125 106 1
125 117 1
125 122 1
125 124 1
126 1 1
126 3 1
126 4 1
126 16 1
126 19 1
126 20 1
126 21 1
126 32 1
126 34 1
126 42 1
126 43 1
126 44 1
126 49 1
126 50 1
126 52 1
126 54 1
126 55 1
126 56 1
126 60 1
126 70 1
126 73 1
126 75 1
126 82 1
126 83 1
126 86 1
126 89 1
126 102 1
126 104 1
126 105 1
126 106 1
126 113 1
126 115 1
126 116 1
126 117 1
126 122 1
126 123 1
126 124 1
126 125 1
127 1 1
127 3 1
127 7 1
127 16 1
127 19 1
127 20 1
127 21 1
127 32 1
127 34 1
127 35 1
127 40 1
127 42 1
127 43 1
127 44 1
127 47 1
127 49 1
127 52 1
127 54 1
127 55 1
127 60 1
127 61 1
127 72 1
127 75 1
127 80 1
127 81 1
127 82 1
127 83 1
127 86 1
127 89 1
127 101 1
127 102 1
127 105 1
127 106 1
127 112 1
127 113 1
127 115 1
127 117 1
127 121 1
127 122 1
127 123 1
127 125 1
127 126 1
128 8 1
128 9 1
128 14 1
128 15 1
128 25 1
128 26 1
128 30 1
128 31 1
128 36 1
128 38 1
128 59 1
128 64 1
128 69 1
128 77 1
128 79 1
128 94 1
128 95 1
128 99 1
128 100 1
128 114 1
129 1 1
129 7 1
129 10 1
129 12 1
129 13 1
129 16 1
129 32 1
129 34 1
129 35 1
129 37 1
129 39 1
129 40 1
129 42 1
129 43 1
129 44 1
129 45 1
129 46 1
129 47 1
129 49 1
129 52 1
129 60 1
129 61 1
129 65 1
129 68 1
129 71 1
129 72 1
129 75 1
129 78 1
129 80 1
129 81 1
129 82 1
129 83 1
129 84 1
129 89 1
129 92 1
129 101 1
129 102 1
129 106 1
129 108 1
129 110 1
129 111 1
129 113 1
129 115 1
129 118 1
129 121 1
129 122 1
129 123 1
129 127 1
130 9 1
130 12 1
130 16 1
130 24 1
130 27 1
130 28 1
130 32 1
130 37 1
130 39 1
130 42 1
130 45 1
130 46 1
130 47 1
130 49 1
130 50 1
130 60 1
130 63 1
130 67 1
130 71 1
130 73 1
130 77 1
130 78 1
130 79 1
130 80 1
130 83 1
130 92 1
130 93 1
130 94 1
130 96 1
130 99 1
130 103 1
130 108 1
130 109 1
130 110 1
130 113 1
130 115 1
130 119 1
130 121 1
130 122 1
130 129 1
131 2 1
131 8 1
131 9 1
131 14 1
131 15 1
131 24 1
131 25 1
131 26 1
131 27 1
131 30 1
131 31 1
131 32 1
131 35 1
131 36 1
131 38 1
131 39 1
131 45 1
131 47 1
131 49 1
131 50 1
131 59 1
131 60 1
131 63 1
131 64 1
131 67 1
131 73 1
131 76 1
131 77 1
131 79 1
131 91 1
131 92 1
131 93 1
131 94 1
131 95 1
131 96 1
131 99 1
131 103 1
131 104 1
131 109 1
131 113 1
131 114 1
131 116 1
131 119 1
131 121 1
131 128 1
131 130 1
132 8 1
132 9 1
132 14 1
132 15 1
132 24 1
132 25 1
132 26 1
132 27 1
132 28 1
132 30 1
132 31 1
132 39 1
132 45 1
132 63 1
132 64 1
132 67 1
132 69 1
132 77 1
132 79 1
132 92 1
132 93 1
132 94 1
132 95 1
132 96 1
132 99 1
132 100 1
132 103 1
132 109 1
132 114 1
132 119 1
132 130 1
132 131 1
133 11 1
133 12 1
133 27 1
133 28 1
133 29 1
133 37 1
133 45 1
133 46 1
133 63 1
133 65 1
133 66 1
133 67 1
133 71 1
133 78 1
133 93 1
133 96 1
133 99 1
133 103 1
133 108 1
133 109 1
133 110 1
133 119 1
133 130 1
133 132 1
134 9 1
134 11 1
134 12 1
134 24 1
134 27 1
134 28 1
134 29 1
134 37 1
134 39 1
134 45 1
134 46 1
134 47 1
134 49 1
134 60 1
134 63 1
134 65 1
134 66 1
134 67 1
134 71 1
134 78 1
134 80 1
134 92 1
134 93 1
134 96 1
134 99 1
134 103 1
134 108 1
134 109 1
134 110 1
134 113 1
134 115 1
134 118 1
134 119 1
134 130 1
134 131 1
134 132 1
134 133 1
135 9 1
135 11 1
135 15 1
135 24 1
135 27 1
135 28 1
135 29 1
135 35 1
135 37 1
135 39 1
135 40 1
135 44 1
135 45 1
135 46 1
135 47 1
135 49 1
135 50 1
135 60 1
135 63 1
135 65 1
135 66 1
135 75 1
135 76 1
135 77 1
135 80 1
135 91 1
135 92 1
135 93 1
135 96 1
135 99 1
135 103 1
135 109 1
135 110 1
135 113 1
135 114 1
135 115 1
135 121 1
135 129 1
135 130 1
135 131 1
135 133 1
135 134 1
136 1 1
136 10 1
136 16 1
136 19 1
136 20 1
136 24 1
136 32 1
136 34 1
136 35 1
136 37 1
136 40 1
136 42 1
136 43 1
136 44 1
136 45 1
136 47 1
136 49 1
136 50 1
136 52 1
136 56 1
136 60 1
136 61 1
136 63 1
136 70 1
136 72 1
136 73 1
136 75 1
136 78 1
136 80 1
136 81 1
136 82 1
136 83 1
136 84 1
136 86 1
136 89 1
136 92 1
136 93 1
136 102 1
136 104 1
136 105 1
136 106 1
136 108 1
136 109 1
136 113 1
136 115 1
136 117 1
136 121 1
136 122 1
136 123 1
136 126 1
136 127 1
136 129 1
136 130 1
136 134 1
136 135 1
137 2 1
137 4 1
137 5 1
137 9 1
137 15 1
137 24 1
137 25 1
137 32 1
137 35 1
137 36 1
137 39 1
137 42 1
137 43 1
137 44 1
137 45 1
137 47 1
137 49 1
137 50 1
137 51 1
137 54 1
137 57 1
137 60 1
137 63 1
137 70 1
137 73 1
137 75 1
137 76 1
137 77 1
137 80 1
137 87 1
137 88 1
137 91 1
137 92 1
137 93 1
137 94 1
137 99 1
137 103 1
137 104 1
137 106 1
137 107 1
137 110 1
137 113 1
137 114 1
137 115 1
137 116 1
137 121 1
137 122 1
137 127 1
137 129 1
137 130 1
137 131 1
137 135 1
137 136 1
138 3 1
138 4 1
138 19 1
138 20 1
138 21 1
138 32 1
138 34 1
138 42 1
138 43 1
138 44 1
138 52 1
138 54 1
138 55 1
138 56 1
138 70 1
138 73 1
138 86 1
138 87 1
138 89 1
138 102 1
138 104 1
138 105 1
138 106 1
138 117 1
138 122 1
138 124 1
138 125 1
138 126 1
138 127 1
139 2 1
139 3 1
139 4 1
139 5 1
139 20 1
139 21 1
139 35 1
139 36 1
139 43 1
139 44 1
139 47 1
139 49 1
139 50 1
139 51 1
139 54 1
139 55 1
139 57 1
139 70 1
139 73 1
139 75 1
139 76 1
139 87 1
139 88 1
139 91 1
139 106 1
139 107 1
139 113 1
139 116 1
139 121 1
139 127 1
139 129 1
139 135 1
139 137 1
140 1 1
140 3 1
140 7 1
140 16 1
140 19 1
140 20 1
140 21 1
140 32 1
140 34 1
140 35 1
140 42 1
140 43 1
140 44 1
140 49 1
140 52 1
140 54 1
140 55 1
140 56 1
140 60 1
140 70 1
140 72 1
140 73 1
140 75 1
140 82 1
140 83 1
140 86 1
140 89 1
140 102 1
140 105 1
140 106 1
140 113 1
140 115 1
140 117 1
140 121 1
140 122 1
140 123 1
140 124 1
140 125 1
140 126 1
140 127 1
140 129 1
140 136 1
140 138 1
140 139 1
141 0 1
141 1 1
141 6 1
141 7 1
141 16 1
141 17 1
141 18 1
141 19 1
141 20 1
141 22 1
141 23 1
141 33 1
141 34 1
141 48 1
141 52 1
141 53 1
141 56 1
141 58 1
141 72 1
141 74 1
141 82 1
141 83 1
141 84 1
141 85 1
141 86 1
141 89 1
141 90 1
141 102 1
141 105 1
141 112 1
141 117 1
141 120 1
141 122 1
141 123 1
141 124 1
141 125 1
141 140 1
142 0 1
142 1 1
142 6 1
142 7 1
142 16 1
142 17 1
142 18 1
142 19 1
142 22 1
142 23 1
142 33 1
142 34 1
142 48 1
142 52 1
142 53 1
142 56 1
142 58 1
142 72 1
142 74 1
142 82 1
142 84 1
142 85 1
142 86 1
142 89 1
142 90 1
142 102 1
142 112 1
142 117 1
142 120 1
142 123 1
142 124 1
142 127 1
142 140 1
142 141 1
143 0 1
143 1 1
143 6 1
143 7 1
143 16 1
143 17 1
143 19 1
143 20 1
143 22 1
143 34 1
143 40 1
143 42 1
143 43 1
143 44 1
143 52 1
143 54 1
143 56 1
143 58 1
143 61 1
143 72 1
143 74 1
143 82 1
143 83 1
143 84 1
143 86 1
143 89 1
143 102 1
143 106 1
143 112 1
143 115 1
143 117 1
143 120 1
143 122 1
143 123 1
143 124 1
143 125 1
143 127 1
143 129 1
143 136 1
143 138 1
143 140 1
143 141 1
143 142 1
144 1 1
144 2 1
144 3 1
144 4 1
144 5 1
144 20 1
144 21 1
144 32 1
144 34 1
144 35 1
144 39 1
144 40 1
144 42 1
144 43 1
144 44 1
144 47 1
144 49 1
144 50 1
144 52 1
144 54 1
144 55 1
144 57 1
144 60 1
144 70 1
144 73 1
144 75 1
144 76 1
144 80 1
144 82 1
144 91 1
144 92 1
144 102 1
144 106 1
144 110 1
144 113 1
144 115 1
144 121 1
144 122 1
144 127 1
144 129 1
144 135 1
144 136 1
144 137 1
144 139 1
144 140 1
144 143 1
145 2 1
145 9 1
145 16 1
145 24 1
145 27 1
145 28 1
145 32 1
145 35 1
145 37 1
145 39 1
145 40 1
145 42 1
145 44 1
145 45 1
145 46 1
145 47 1
145 49 1
145 50 1
145 52 1
145 60 1
145 61 1
145 63 1
145 67 1
145 71 1
145 73 1
145 75 1
145 76 1
145 77 1
145 78 1
145 80 1
145 82 1
145 83 1
145 92 1
145 93 1
145 94 1
145 96 1
145 99 1
145 103 1
145 104 1
145 105 1
145 108 1
145 109 1
145 110 1
145 113 1
145 115 1
145 121 1
145 122 1
145 126 1
145 127 1
145 129 1
145 130 1
145 131 1
145 134 1
145 135 1
145 136 1
145 137 1
145 144 1
146 1 1
146 7 1
146 10 1
146 12 1
146 13 1
146 16 1
146 34 1
146 37 1
146 40 1
146 41 1
146 42 1
146 44 1
146 45 1
146 46 1
146 47 1
146 49 1
146 52 1
146 60 1
146 61 1
146 62 1
146 65 1
146 68 1
146 71 1
146 72 1
146 75 1
146 78 1
146 80 1
146 81 1
146 82 1
146 83 1
146 84 1
146 89 1
146 97 1
146 98 1
146 101 1
146 102 1
146 106 1
146 108 1
146 110 1
146 111 1
146 112 1
146 113 1
146 115 1
146 118 1
146 121 1
146 122 1
146 123 1
146 127 1
146 129 1
146 135 1
146 136 1
146 140 1
146 143 1
146 144 1
146 145 1
147 11 1
147 12 1
147 27 1
147 28 1
147 29 1
147 37 1
147 39 1
147 45 1
147 46 1
147 47 1
147 63 1
147 65 1
147 66 1
147 67 1
147 71 1
147 78 1
147 96 1
147 97 1
147 99 1
147 103 1
147 108 1
147 109 1
147 110 1
147 119 1
147 130 1
147 132 1
147 133 1
147 134 1
147 135 1
148 10 1
148 11 1
148 12 1
148 13 1
148 28 1
148 29 1
148 40 1
148 44 1
148 46 1
148 47 1
148 60 1
148 61 1
148 62 1
148 65 1
148 66 1
148 68 1
148 71 1
148 78 1
148 80 1
148 81 1
148 97 1
148 98 1
148 101 1
148 110 1
148 111 1
148 115 1
148 118 1
148 121 1
148 127 1
148 129 1
148 135 1
148 144 1
148 146 1
149 9 1
149 11 1
149 15 1
149 24 1
149 27 1
149 28 1
149 29 1
149 37 1
149 39 1
149 40 1
149 45 1
149 46 1
149 47 1
149 49 1
149 60 1
149 63 1
149 65 1
149 66 1
149 67 1
149 71 1
149 77 1
149 78 1
149 80 1
149 92 1
149 93 1
149 96 1
149 99 1
149 103 1
149 109 1
149 110 1
149 113 1
149 114 1
149 115 1
149 119 1
149 121 1
149 129 1
149 130 1
149 131 1
149 132 1
149 133 1
149 134 1
149 135 1
149 137 1
149 145 1
149 147 1
149 148 1
150 8 1
150 9 1
150 14 1
150 15 1
150 24 1
150 25 1
150 26 1
150 27 1
150 28 1
150 30 1
150 31 1
150 38 1
150 39 1
150 59 1
150 63 1
150 64 1
150 67 1
150 69 1
150 77 1
150 79 1
150 92 1
150 93 1
150 94 1
150 95 1
150 96 1
150 99 1
150 100 1
150 103 1
150 109 1
150 114 1
150 119 1
150 128 1
150 131 1
150 132 1
150 133 1
150 149 1
151 8 1
151 9 1
151 14 1
151 15 1
151 25 1
151 26 1
151 27 1
151 28 1
151 30 1
151 31 1
151 38 1
151 39 1
151 59 1
151 63 1
151 64 1
151 69 1
151 77 1
151 79 1
151 92 1
151 94 1
151 95 1
151 96 1
151 99 1
151 100 1
151 103 1
151 114 1
151 119 1
151 128 1
151 131 1
151 132 1
151 135 1
151 149 1
151 150 1
152 8 1
152 9 1
152 14 1
152 15 1
152 24 1
152 25 1
152 27 1
152 28 1
152 30 1
152 35 1
152 39 1
152 45 1
152 46 1
152 47 1
152 50 1
152 59 1
152 63 1
152 65 1
152 67 1
152 69 1
152 77 1
152 79 1
152 92 1
152 93 1
152 94 1
152 96 1
152 99 1
152 103 1
152 110 1
152 113 1
152 114 1
152 119 1
152 121 1
152 128 1
152 130 1
152 131 1
152 132 1
152 133 1
152 135 1
152 137 1
152 145 1
152 147 1
152 149 1
152 150 1
152 151 1
153 9 1
153 10 1
153 12 1
153 13 1
153 28 1
153 29 1
153 34 1
153 35 1
153 37 1
153 39 1
153 40 1
153 44 1
153 45 1
153 46 1
153 47 1
153 49 1
153 50 1
153 60 1
153 61 1
153 63 1
153 65 1
153 66 1
153 68 1
153 71 1
153 75 1
153 78 1
153 80 1
153 81 1
153 82 1
153 92 1
153 101 1
153 103 1
153 106 1
153 110 1
153 113 1
153 115 1
153 121 1
153 127 1
153 129 1
153 130 1
153 135 1
153 136 1
153 137 1
153 139 1
153 144 1
153 145 1
153 146 1
153 148 1
153 149 1
153 152 1
154 1 1
154 7 1
154 10 1
154 16 1
154 17 1
154 19 1
154 20 1
154 32 1
154 34 1
154 37 1
154 40 1
154 42 1
154 43 1
154 44 1
154 45 1
154 47 1
154 49 1
154 52 1
154 54 1
154 56 1
154 60 1
154 61 1
154 70 1
154 72 1
154 73 1
154 74 1
154 75 1
154 78 1
154 80 1
154 81 1
154 82 1
154 83 1
154 84 1
154 86 1
154 89 1
154 101 1
154 102 1
154 105 1
154 106 1
154 112 1
154 113 1
154 115 1
154 117 1
154 121 1
154 122 1
154 123 1
154 124 1
154 125 1
154 126 1
154 127 1
154 129 1
154 130 1
154 136 1
154 137 1
154 138 1
154 140 1
154 141 1
154 142 1
154 143 1
154 144 1
154 145 1
154 146 1
154 153 1
155 2 1
155 3 1
155 4 1
155 5 1
155 21 1
155 24 1
155 32 1
155 35 1
155 36 1
155 43 1
155 50 1
155 51 1
155 54 1
155 57 1
155 70 1
155 73 1
155 75 1
155 76 1
155 77 1
155 87 1
155 88 1
155 91 1
155 92 1
155 104 1
155 107 1
155 113 1
155 116 1
155 121 1
155 137 1
155 139 1
156 0 1
156 1 1
156 6 1
156 7 1
156 16 1
156 17 1
156 18 1
156 19 1
156 22 1
156 23 1
156 33 1
156 52 1
156 53 1
156 56 1
156 58 1
156 72 1
156 74 1
156 82 1
156 83 1
156 84 1
156 85 1
156 86 1
156 89 1
156 90 1
156 102 1
156 105 1
156 112 1
156 117 1
156 120 1
156 122 1
156 123 1
156 124 1
156 125 1
156 141 1
156 142 1
156 143 1
157 2 1
157 3 1
157 4 1
157 19 1
157 20 1
157 21 1
157 24 1
157 32 1
157 42 1
157 43 1
157 44 1
157 49 1
157 50 1
157 51 1
157 52 1
157 54 1
157 55 1
157 56 1
157 70 1
157 73 1
157 75 1
157 76 1
157 83 1
157 86 1
157 87 1
157 102 1
157 104 1
157 105 1
157 106 1
157 113 1
157 116 1
157 117 1
157 121 1
157 122 1
157 125 1
157 126 1
157 136 1
157 137 1
157 138 1
157 140 1
157 144 1
157 145 1
157 154 1
157 155 1
158 1 1
158 3 1
158 4 1
158 5 1
158 7 1
158 19 1
158 20 1
158 21 1
158 32 1
158 34 1
158 35 1
158 42 1
158 43 1
158 44 1
158 47 1
158 49 1
158 50 1
158 52 1
158 54 1
158 55 1
158 56 1
158 57 1
158 60 1
158 70 1
158 73 1
158 75 1
158 76 1
158 80 1
158 82 1
158 86 1
158 87 1
158 89 1
158 102 1
158 104 1
158 105 1
158 106 1
158 113 1
158 115 1
158 117 1
158 121 1
158 122 1
158 125 1
158 126 1
158 127 1
158 129 1
158 136 1
158 137 1
158 138 1
158 139 1
158 140 1
158 143 1
158 144 1
158 145 1
158 146 1
158 153 1
158 154 1
158 157 1
159 0 1
159 1 1
159 6 1
159 7 1
159 16 1
159 17 1
159 18 1
159 19 1
159 20 1
159 22 1
159 23 1
159 33 1
159 34 1
159 42 1
159 43 1
159 44 1
159 52 1
159 53 1
159 56 1
159 58 1
159 72 1
159 74 1
159 82 1
159 83 1
159 84 1
159 85 1
159 86 1
159 89 1
159 90 1
159 102 1
159 105 1
159 112 1
159 117 1
159 120 1
159 122 1
159 123 1
159 124 1
159 125 1
159 126 1
159 127 1
159 136 1
159 138 1
159 140 1
159 141 1
159 142 1
159 143 1
159 154 1
159 156 1
159 158 1
160 2 1
160 9 1
160 15 1
160 24 1
160 25 1
160 27 1
160 28 1
160 32 1
160 35 1
160 37 1
160 39 1
160 40 1
160 42 1
160 44 1
160 45 1
160 46 1
160 47 1
160 49 1
160 50 1
160 60 1
160 63 1
160 65 1
160 67 1
160 71 1
160 73 1
160 75 1
160 76 1
160 77 1
160 78 1
160 79 1
160 80 1
160 91 1
160 92 1
160 93 1
160 94 1
160 96 1
160 99 1
160 103 1
160 109 1
160 110 1
160 113 1
160 114 1
160 115 1
160 119 1
160 121 1
160 122 1
160 129 1
160 130 1
160 131 1
160 132 1
160 133 1
160 134 1
160 135 1
160 136 1
160 137 1
160 144 1
160 145 1
160 146 1
160 147 1
160 149 1
160 150 1
160 151 1
160 152 1
160 153 1
160 154 1
161 10 1
161 11 1
161 12 1
161 13 1
161 16 1
161 29 1
161 37 1
161 40 1
161 41 1
161 46 1
161 61 1
161 62 1
161 65 1
161 68 1
161 71 1
161 72 1
161 78 1
161 80 1
161 81 1
161 82 1
161 97 1
161 98 1
161 101 1
161 108 1
161 111 1
161 115 1
161 118 1
161 129 1
161 146 1
161 148 1
162 8 1
162 9 1
162 14 1
162 15 1
162 24 1
162 25 1
162 26 1
162 27 1
162 30 1
162 31 1
162 38 1
162 63 1
162 64 1
162 67 1
162 69 1
162 77 1
162 79 1
162 92 1
162 93 1
162 94 1
162 95 1
162 96 1
162 99 1
162 100 1
162 103 1
162 109 1
162 114 1
162 119 1
162 128 1
162 131 1
162 132 1
162 133 1
162 150 1
162 151 1
162 152 1
163 10 1
163 11 1
163 12 1
163 16 1
163 27 1
163 28 1
163 29 1
163 37 1
163 45 1
163 46 1
163 47 1
163 60 1
163 61 1
163 62 1
163 63 1
163 65 1
163 66 1
163 67 1
163 71 1
163 78 1
163 80 1
163 81 1
163 93 1
163 96 1
163 97 1
163 103 1
163 108 1
163 109 1
163 110 1
163 115 1
163 118 1
163 119 1
163 129 1
163 130 1
163 133 1
163 134 1
163 136 1
163 145 1
163 146 1
163 147 1
163 149 1
163 160 1
163 161 1
164 9 1
164 11 1
164 12 1
164 13 1
164 15 1
164 27 1
164 28 1
164 29 1
164 37 1
164 39 1
164 40 1
164 44 1
164 45 1
164 46 1
164 47 1
164 49 1
164 60 1
164 61 1
164 63 1
164 65 1
164 66 1
164 67 1
164 68 1
164 71 1
164 75 1
164 78 1
164 80 1
164 81 1
164 92 1
164 96 1
164 97 1
164 98 1
164 99 1
164 103 1
164 108 1
164 109 1
164 110 1
164 113 1
164 115 1
164 119 1
164 121 1
164 129 1
164 130 1
164 131 1
164 133 1
164 134 1
164 135 1
164 136 1
164 137 1
164 144 1
164 145 1
164 146 1
164 147 1
164 148 1
164 149 1
164 152 1
164 153 1
164 160 1
164 163 1
165 8 1
165 9 1
165 14 1
165 15 1
165 24 1
165 25 1
165 26 1
165 27 1
165 28 1
165 30 1
165 31 1
165 38 1
165 39 1
165 45 1
165 46 1
165 47 1
165 59 1
165 63 1
165 64 1
165 67 1
165 69 1
165 77 1
165 79 1
165 92 1
165 93 1
165 94 1
165 95 1
165 96 1
165 99 1
165 100 1
165 103 1
165 109 1
165 114 1
165 119 1
165 128 1
165 130 1
165 131 1
165 132 1
165 133 1
165 134 1
165 135 1
165 137 1
165 145 1
165 147 1
165 149 1
165 150 1
165 151 1
165 152 1
165 160 1
165 162 1
165 164 1
166 1 1
166 3 1
166 4 1
166 7 1
166 16 1
166 19 1
166 20 1
166 21 1
166 32 1
166 34 1
166 42 1
166 43 1
166 44 1
166 49 1
166 52 1
166 54 1
166 55 1
166 56 1
166 70 1
166 72 1
166 73 1
166 74 1
166 75 1
166 82 1
166 83 1
166 86 1
166 89 1
166 102 1
166 104 1
166 105 1
166 106 1
166 115 1
166 117 1
166 122 1
166 123 1
166 124 1
166 125 1
166 126 1
166 127 1
166 129 1
166 136 1
166 138 1
166 140 1
166 141 1
166 142 1
166 143 1
166 144 1
166 154 1
166 156 1
166 157 1
166 158 1
166 159 1
167 9 1
167 11 1
167 12 1
167 15 1
167 24 1
167 27 1
167 28 1
167 29 1
167 37 1
167 39 1
167 45 1
167 46 1
167 47 1
167 60 1
167 63 1
167 65 1
167 66 1
167 67 1
167 71 1
167 77 1
167 78 1
167 79 1
167 80 1
167 92 1
167 93 1
167 96 1
167 99 1
167 103 1
167 108 1
167 109 1
167 110 1
167 113 1
167 119 1
167 121 1
167 130 1
167 131 1
167 132 1
167 133 1
167 134 1
167 135 1
167 145 1
167 147 1
167 149 1
167 150 1
167 151 1
167 152 1
167 153 1
167 160 1
167 162 1
167 163 1
167 164 1
167 165 1
168 0 1
168 1 1
168 3 1
168 6 1
168 7 1
168 16 1
168 17 1
168 19 1
168 20 1
168 22 1
168 23 1
168 32 1
168 34 1
168 42 1
168 43 1
168 44 1
168 49 1
168 52 1
168 53 1
168 56 1
168 58 1
168 70 1
168 72 1
168 74 1
168 82 1
168 83 1
168 84 1
168 85 1
168 86 1
168 89 1
168 90 1
168 102 1
168 105 1
168 112 1
168 117 1
168 122 1
168 123 1
168 124 1
168 125 1
168 126 1
168 127 1
168 136 1
168 138 1
168 140 1
168 141 1
168 142 1
168 143 1
168 154 1
168 156 1
168 157 1
168 158 1
168 159 1
168 166 1
169 2 1
169 3 1
169 4 1
169 5 1
169 20 1
169 21 1
169 32 1
169 35 1
169 36 1
169 42 1
169 43 1
169 44 1
169 49 1
169 50 1
169 51 1
169 54 1
169 55 1
169 57 1
169 70 1
169 73 1
169 75 1
169 76 1
169 87 1
169 88 1
169 91 1
169 104 1
169 106 1
169 107 1
169 113 1
169 116 1
169 121 1
169 125 1
169 126 1
169 137 1
169 138 1
169 139 1
169 140 1
169 144 1
169 155 1
169 157 1
169 158 1
169 166 1
170 2 1
170 3 1
170 4 1
170 5 1
170 20 1
170 21 1
170 32 1
170 34 1
170 35 1
170 42 1
170 43 1
170 44 1
170 47 1
170 49 1
170 50 1
170 51 1
170 54 1
170 55 1
170 57 1
170 70 1
170 73 1
170 75 1
170 76 1
170 87 1
170 88 1
170 91 1
170 102 1
170 104 1
170 106 1
170 107 1
170 113 1
170 116 1
170 121 1
170 127 1
170 129 1
170 136 1
170 137 1
170 138 1
170 139 1
170 140 1
170 144 1
170 153 1
170 154 1
170 155 1
170 157 1
170 158 1
170 166 1
170 169 1
171 8 1
171 9 1
171 11 1
171 14 1
171 15 1
171 24 1
171 25 1
171 27 1
171 28 1
171 30 1
171 31 1
171 37 1
171 39 1
171 45 1
171 46 1
171 47 1
171 63 1
171 64 1
171 67 1
171 69 1
171 71 1
171 77 1
171 79 1
171 92 1
171 93 1
171 94 1
171 95 1
171 96 1
171 99 1
171 100 1
171 103 1
171 109 1
171 114 1
171 119 1
171 130 1
171 131 1
171 132 1
171 133 1
171 134 1
171 135 1
171 145 1
171 147 1
171 149 1
171 150 1
171 151 1
171 152 1
171 160 1
171 162 1
171 163 1
171 164 1
171 165 1
171 167 1
172 10 1
172 11 1
172 12 1
172 13 1
172 28 1
172 29 1
172 37 1
172 40 1
172 41 1
172 45 1
172 46 1
172 47 1
172 60 1
172 61 1
172 62 1
172 65 1
172 66 1
172 68 1
172 71 1
172 78 1
172 80 1
172 81 1
172 97 1
172 98 1
172 101 1
172 108 1
172 110 1
172 111 1
172 115 1
172 118 1
172 129 1
172 133 1
172 134 1
172 146 1
172 147 1
172 148 1
172 149 1
172 153 1
172 161 1
172 163 1
172 164 1
172 167 1
173 10 1
173 11 1
173 12 1
173 13 1
173 28 1
173 29 1
173 37 1
173 39 1
173 40 1
173 44 1
173 45 1
173 46 1
173 47 1
173 60 1
173 61 1
173 62 1
173 65 1
173 66 1
173 68 1
173 71 1
173 78 1
173 80 1
173 81 1
173 97 1
173 98 1
173 101 1
173 103 1
173 108 1
173 110 1
173 111 1
173 115 1
173 118 1
173 121 1
173 129 1
173 135 1
173 144 1
173 145 1
173 146 1
173 147 1
173 148 1
173 149 1
173 153 1
173 160 1
173 161 1
173 163 1
173 164 1
173 167 1
173 172 1
