# minsup
1
# graph
G_./4n47.pdb
# node ID, label
0 A
1 A
2 A
3 A
4 A
5 A
6 A
7 A
8 A
9 A
10 A
11 A
12 A
13 A
14 A
15 A
16 A
17 A
18 A
19 A
20 A
21 A
22 A
23 A
24 A
25 A
26 A
27 A
28 A
29 A
30 A
31 A
32 A
33 A
34 A
35 A
36 A
37 A
38 A
39 A
40 A
41 A
42 C
43 C
44 D
45 D
46 D
47 D
48 D
49 D
50 D
51 D
52 D
53 D
54 D
55 E
56 E
57 E
58 E
59 E
60 E
61 E
62 E
63 E
64 E
65 E
66 E
67 E
68 E
69 E
70 E
71 E
72 E
73 E
74 E
75 E
76 E
77 E
78 E
79 E
80 E
81 E
82 E
83 F
84 F
85 F
86 F
87 F
88 F
89 F
90 F
91 F
92 F
93 F
94 F
95 F
96 G
97 G
98 G
99 G
100 G
101 G
102 G
103 G
104 G
105 G
106 G
107 G
108 G
109 G
110 G
111 G
112 G
113 G
114 G
115 G
116 G
117 G
118 G
119 G
120 G
121 G
122 G
123 G
124 G
125 H
126 H
127 H
128 H
129 H
130 H
131 H
132 H
133 H
134 H
135 I
136 I
137 I
138 I
139 I
140 K
141 K
142 K
143 K
144 K
145 K
146 K
147 K
148 K
149 K
150 K
151 K
152 L
153 L
154 L
155 L
156 L
157 L
158 L
159 L
160 L
161 L
162 L
163 L
164 L
165 L
166 L
167 L
168 L
169 L
170 L
171 L
172 L
173 L
174 L
175 L
176 L
177 L
178 L
179 L
180 L
181 L
182 L
183 L
184 L
185 L
186 L
187 L
188 L
189 L
190 L
191 L
192 L
193 L
194 L
195 L
196 L
197 L
198 L
199 L
200 L
201 L
202 L
203 L
204 L
205 L
206 L
207 L
208 L
209 L
210 L
211 L
212 L
213 L
214 L
215 L
216 L
217 L
218 L
219 L
220 L
221 L
222 L
223 L
224 L
225 L
226 L
227 L
228 L
229 L
230 L
231 M
232 M
233 M
234 N
235 N
236 N
237 N
238 N
239 P
240 P
241 P
242 P
243 P
244 P
245 P
246 P
247 P
248 P
249 P
250 P
251 P
252 P
253 P
254 P
255 P
256 P
257 P
258 P
259 P
260 P
261 Q
262 Q
263 Q
264 Q
265 R
266 R
267 R
268 R
269 R
270 R
271 R
272 R
273 R
274 R
275 R
276 R
277 R
278 R
279 R
280 R
281 R
282 R
283 R
284 R
285 R
286 R
287 R
288 R
289 R
290 R
291 R
292 R
293 R
294 R
295 R
296 R
297 R
298 R
299 R
300 R
301 R
302 R
303 R
304 R
305 R
306 R
307 R
308 R
309 R
310 R
311 R
312 R
313 R
314 R
315 S
316 S
317 S
318 S
319 S
320 S
321 S
322 S
323 S
324 S
325 S
326 S
327 S
328 T
329 T
330 T
331 T
332 T
333 T
334 T
335 T
336 T
337 T
338 T
339 V
340 V
341 V
342 V
343 V
344 V
345 V
346 V
347 V
348 V
349 V
350 V
351 V
352 V
353 V
354 V
355 V
356 V
357 V
358 V
359 V
360 V
361 V
362 V
363 V
364 V
365 V
366 V
367 V
368 V
369 V
370 V
371 V
372 V
373 W
374 W
375 W
376 W
377 W
378 W
379 W
380 W
381 W
382 W
383 W
384 W
385 Y
386 Y
387 Y
388 Y
389 Y
390 Y
391 Y
392 Y
393 Y
# node ID1, node ID2, number of bounds
2 1 1
3 1 1
3 2 1
4 1 1
4 2 1
4 3 1
5 1 1
5 2 1
5 3 1
6 1 1
6 2 1
6 4 1
7 0 1
7 2 1
7 4 1
7 6 1
8 7 1
10 8 1
11 0 1
11 6 1
11 7 1
12 8 1
12 9 1
12 10 1
14 13 1
15 13 1
15 14 1
16 0 1
16 8 1
16 10 1
16 12 1
17 0 1
17 11 1
17 16 1
18 0 1
18 17 1
20 19 1
22 19 1
22 20 1
22 21 1
23 19 1
23 20 1
23 22 1
25 21 1
26 25 1
27 19 1
27 20 1
27 21 1
27 22 1
27 23 1
27 25 1
28 19 1
28 20 1
28 21 1
28 23 1
28 25 1
28 27 1
29 21 1
29 23 1
29 25 1
29 27 1
29 28 1
30 19 1
30 20 1
30 28 1
31 30 1
33 31 1
33 32 1
34 31 1
34 32 1
34 33 1
35 31 1
37 31 1
38 19 1
38 20 1
38 25 1
38 27 1
38 28 1
38 29 1
38 30 1
39 19 1
39 20 1
39 27 1
39 36 1
39 38 1
40 28 1
40 30 1
40 31 1
40 33 1
40 34 1
40 37 1
40 38 1
40 39 1
41 31 1
41 32 1
41 33 1
41 34 1
41 38 1
41 40 1
42 9 1
42 13 1
42 14 1
43 28 1
43 31 1
43 32 1
43 33 1
43 34 1
43 38 1
43 40 1
43 41 1
44 0 1
44 6 1
44 7 1
44 8 1
44 10 1
44 11 1
44 12 1
44 16 1
44 17 1
45 8 1
45 10 1
45 12 1
45 16 1
45 17 1
45 44 1
46 14 1
48 19 1
48 20 1
48 22 1
48 23 1
48 27 1
48 28 1
48 30 1
48 38 1
48 39 1
49 31 1
49 32 1
49 33 1
49 34 1
49 40 1
49 41 1
49 43 1
50 31 1
50 32 1
50 33 1
50 34 1
50 40 1
50 41 1
50 43 1
50 49 1
51 36 1
51 37 1
51 39 1
52 18 1
52 37 1
53 36 1
53 39 1
53 51 1
54 32 1
54 33 1
54 34 1
54 38 1
54 40 1
54 41 1
54 43 1
54 49 1
54 50 1
55 4 1
55 7 1
55 11 1
56 4 1
56 6 1
56 7 1
56 11 1
56 55 1
57 1 1
57 2 1
57 3 1
57 4 1
57 5 1
58 1 1
59 2 1
59 3 1
59 4 1
60 2 1
60 3 1
60 5 1
60 57 1
60 59 1
61 4 1
61 6 1
61 7 1
61 11 1
61 55 1
61 56 1
62 2 1
62 3 1
62 6 1
62 7 1
62 8 1
62 44 1
63 8 1
63 10 1
63 12 1
63 42 1
63 44 1
63 45 1
63 62 1
64 8 1
64 9 1
64 10 1
64 12 1
64 42 1
64 63 1
65 0 1
65 6 1
65 7 1
65 8 1
65 10 1
65 11 1
65 12 1
65 16 1
65 17 1
65 18 1
65 44 1
65 45 1
66 9 1
66 13 1
66 14 1
66 42 1
66 63 1
66 64 1
67 15 1
68 12 1
68 36 1
68 45 1
68 53 1
69 10 1
69 12 1
69 16 1
69 45 1
69 53 1
69 68 1
70 0 1
70 10 1
70 12 1
70 16 1
70 17 1
70 45 1
70 65 1
70 68 1
70 69 1
71 0 1
71 11 1
71 16 1
71 17 1
71 18 1
71 44 1
71 65 1
71 70 1
72 21 1
72 25 1
72 29 1
73 21 1
73 25 1
73 29 1
73 72 1
74 22 1
74 27 1
75 22 1
75 27 1
75 74 1
76 19 1
76 22 1
76 27 1
76 74 1
76 75 1
77 19 1
77 20 1
77 22 1
77 23 1
77 27 1
77 28 1
77 38 1
77 39 1
77 48 1
77 74 1
77 75 1
77 76 1
78 32 1
78 33 1
80 79 1
81 18 1
81 37 1
81 52 1
82 25 1
82 26 1
82 29 1
82 72 1
83 0 1
83 16 1
83 17 1
83 18 1
83 36 1
83 45 1
83 51 1
83 65 1
83 68 1
83 69 1
83 70 1
83 71 1
84 0 1
84 7 1
84 10 1
84 11 1
84 16 1
84 17 1
84 18 1
84 44 1
84 45 1
84 65 1
84 70 1
84 71 1
84 83 1
85 0 1
85 6 1
85 7 1
85 11 1
85 16 1
85 17 1
85 44 1
85 55 1
85 56 1
85 61 1
85 65 1
85 71 1
85 84 1
86 19 1
86 20 1
86 22 1
86 23 1
86 28 1
86 29 1
86 30 1
86 38 1
86 48 1
86 77 1
87 19 1
87 22 1
87 23 1
87 27 1
87 74 1
87 75 1
87 76 1
87 77 1
88 31 1
88 32 1
88 33 1
88 34 1
88 40 1
88 41 1
88 43 1
88 49 1
88 50 1
88 54 1
89 32 1
89 33 1
89 34 1
89 49 1
89 50 1
89 79 1
89 88 1
90 18 1
90 37 1
90 50 1
90 51 1
90 52 1
90 81 1
90 83 1
91 36 1
91 39 1
91 51 1
91 53 1
91 68 1
91 69 1
92 30 1
92 31 1
92 36 1
92 37 1
92 39 1
92 40 1
92 50 1
92 51 1
92 90 1
93 19 1
93 20 1
93 27 1
93 28 1
93 38 1
93 39 1
93 40 1
93 48 1
93 53 1
93 76 1
93 77 1
93 91 1
94 19 1
94 20 1
94 30 1
94 36 1
94 38 1
94 39 1
94 40 1
94 48 1
94 51 1
94 53 1
94 91 1
94 92 1
94 93 1
95 25 1
95 26 1
95 27 1
95 28 1
95 29 1
95 33 1
95 34 1
95 38 1
95 40 1
95 41 1
95 43 1
95 49 1
95 54 1
95 82 1
96 1 1
96 2 1
96 3 1
96 4 1
96 6 1
96 7 1
96 59 1
96 60 1
96 62 1
97 1 1
97 2 1
97 3 1
97 4 1
97 6 1
97 7 1
97 55 1
97 56 1
97 59 1
97 60 1
97 62 1
97 96 1
98 1 1
98 2 1
98 4 1
98 6 1
98 57 1
98 58 1
98 61 1
99 1 1
99 2 1
99 3 1
99 4 1
99 5 1
99 6 1
99 57 1
99 60 1
99 61 1
99 96 1
99 98 1
100 1 1
100 2 1
100 3 1
100 5 1
100 57 1
100 59 1
100 60 1
100 96 1
100 97 1
101 4 1
101 55 1
101 56 1
101 57 1
101 59 1
101 99 1
102 4 1
102 6 1
102 7 1
102 61 1
102 98 1
102 99 1
103 8 1
103 63 1
103 64 1
104 9 1
104 13 1
104 42 1
104 64 1
104 66 1
105 8 1
105 9 1
105 10 1
105 12 1
105 16 1
105 42 1
105 45 1
105 63 1
105 64 1
105 69 1
105 70 1
105 103 1
106 8 1
106 9 1
106 10 1
106 12 1
106 16 1
106 44 1
106 45 1
106 63 1
106 64 1
106 65 1
106 69 1
106 70 1
106 103 1
106 105 1
107 13 1
107 42 1
107 104 1
109 108 1
110 13 1
110 14 1
110 15 1
110 67 1
111 13 1
111 14 1
111 15 1
111 42 1
111 46 1
111 66 1
111 67 1
111 104 1
111 110 1
112 0 1
112 7 1
112 8 1
112 10 1
112 11 1
112 16 1
112 17 1
112 44 1
112 45 1
112 62 1
112 65 1
112 70 1
112 71 1
112 84 1
112 85 1
112 106 1
113 0 1
113 7 1
113 11 1
113 16 1
113 55 1
113 56 1
113 62 1
113 71 1
113 84 1
113 85 1
113 112 1
114 19 1
114 20 1
114 23 1
114 28 1
114 30 1
114 38 1
114 48 1
114 86 1
115 24 1
115 26 1
116 19 1
116 20 1
116 21 1
116 22 1
116 23 1
116 25 1
116 27 1
116 28 1
116 29 1
116 38 1
116 39 1
116 40 1
116 48 1
116 77 1
116 86 1
116 93 1
116 94 1
116 95 1
117 31 1
117 32 1
117 33 1
117 34 1
117 37 1
117 40 1
117 41 1
117 43 1
117 49 1
117 50 1
117 54 1
117 88 1
117 89 1
117 92 1
118 32 1
118 33 1
118 34 1
118 41 1
118 43 1
118 49 1
118 50 1
118 54 1
118 78 1
118 88 1
118 89 1
118 117 1
119 35 1
120 79 1
120 80 1
121 36 1
121 51 1
121 53 1
121 68 1
121 69 1
121 83 1
122 36 1
122 37 1
122 39 1
122 51 1
122 53 1
122 90 1
122 92 1
122 94 1
123 12 1
123 36 1
123 39 1
123 45 1
123 51 1
123 53 1
123 68 1
123 69 1
123 91 1
124 19 1
124 20 1
124 22 1
124 23 1
124 27 1
124 28 1
124 30 1
124 38 1
124 39 1
124 40 1
124 48 1
124 76 1
124 77 1
124 86 1
124 93 1
124 94 1
124 114 1
124 116 1
125 9 1
125 10 1
125 12 1
125 42 1
125 64 1
125 66 1
125 69 1
125 104 1
125 105 1
125 106 1
126 13 1
126 42 1
126 66 1
126 104 1
126 107 1
127 14 1
127 15 1
127 46 1
127 108 1
127 109 1
127 110 1
127 111 1
128 14 1
128 15 1
128 46 1
128 67 1
128 110 1
128 111 1
128 127 1
129 19 1
129 20 1
129 22 1
129 27 1
129 38 1
129 39 1
129 48 1
129 74 1
129 75 1
129 76 1
129 77 1
129 87 1
129 93 1
129 94 1
129 116 1
129 124 1
130 36 1
130 39 1
130 51 1
130 53 1
130 68 1
130 91 1
130 92 1
130 93 1
130 94 1
130 121 1
130 122 1
130 123 1
131 31 1
131 36 1
131 37 1
131 40 1
131 51 1
131 90 1
131 92 1
131 122 1
132 30 1
132 31 1
132 36 1
132 37 1
132 39 1
132 40 1
132 51 1
132 92 1
132 94 1
132 117 1
132 122 1
132 130 1
132 131 1
133 28 1
133 31 1
133 32 1
133 33 1
133 34 1
133 38 1
133 39 1
133 40 1
133 41 1
133 43 1
133 49 1
133 50 1
133 54 1
133 88 1
133 92 1
133 94 1
133 95 1
133 116 1
133 117 1
133 124 1
133 132 1
134 26 1
134 33 1
134 78 1
134 82 1
134 95 1
134 118 1
135 8 1
135 9 1
135 10 1
135 12 1
135 42 1
135 63 1
135 64 1
135 66 1
135 104 1
135 105 1
135 106 1
135 125 1
136 0 1
136 8 1
136 10 1
136 12 1
136 16 1
136 17 1
136 44 1
136 45 1
136 64 1
136 65 1
136 68 1
136 69 1
136 70 1
136 71 1
136 84 1
136 103 1
136 105 1
136 106 1
136 112 1
136 113 1
137 21 1
137 25 1
137 26 1
137 27 1
137 28 1
137 29 1
137 38 1
137 76 1
137 77 1
137 95 1
137 116 1
137 129 1
138 31 1
138 79 1
138 80 1
138 89 1
138 119 1
138 120 1
139 30 1
139 31 1
139 37 1
139 40 1
139 43 1
139 50 1
139 51 1
139 88 1
139 90 1
139 92 1
139 94 1
139 117 1
139 122 1
139 131 1
139 132 1
139 133 1
140 4 1
140 57 1
140 59 1
140 98 1
140 99 1
140 101 1
141 15 1
141 42 1
141 47 1
141 126 1
141 128 1
142 47 1
142 141 1
143 15 1
143 47 1
143 128 1
143 142 1
144 19 1
144 20 1
144 23 1
144 27 1
144 28 1
144 30 1
144 38 1
144 39 1
144 40 1
144 48 1
144 77 1
144 86 1
144 93 1
144 94 1
144 114 1
144 116 1
144 124 1
144 129 1
144 130 1
144 132 1
145 21 1
145 25 1
145 26 1
145 29 1
145 82 1
145 95 1
145 115 1
145 116 1
145 134 1
145 137 1
146 21 1
146 25 1
146 26 1
146 27 1
146 28 1
146 29 1
146 38 1
146 41 1
146 43 1
146 77 1
146 82 1
146 86 1
146 95 1
146 116 1
146 124 1
146 137 1
146 145 1
147 31 1
147 35 1
147 119 1
148 37 1
148 40 1
148 49 1
148 50 1
148 54 1
148 90 1
148 92 1
148 117 1
148 130 1
148 133 1
148 139 1
149 18 1
149 37 1
149 50 1
149 51 1
149 52 1
149 81 1
149 90 1
149 92 1
149 122 1
149 131 1
149 139 1
149 148 1
150 26 1
150 32 1
150 33 1
150 34 1
150 41 1
150 43 1
150 49 1
150 50 1
150 54 1
150 88 1
150 95 1
150 117 1
150 118 1
150 133 1
150 145 1
151 26 1
151 33 1
151 82 1
151 95 1
151 134 1
152 0 1
152 16 1
152 17 1
152 18 1
152 44 1
152 45 1
152 65 1
152 68 1
152 69 1
152 70 1
152 71 1
152 81 1
152 83 1
152 84 1
152 90 1
152 136 1
152 149 1
153 0 1
153 7 1
153 11 1
153 16 1
153 17 1
153 44 1
153 56 1
153 65 1
153 71 1
153 84 1
153 85 1
153 112 1
153 113 1
153 136 1
153 152 1
154 0 1
154 6 1
154 7 1
154 11 1
154 55 1
154 56 1
154 61 1
154 84 1
154 85 1
154 112 1
154 113 1
154 153 1
155 4 1
155 6 1
155 7 1
155 11 1
155 55 1
155 56 1
155 61 1
155 85 1
155 101 1
155 102 1
155 154 1
156 1 1
156 2 1
156 3 1
156 4 1
156 57 1
156 59 1
156 60 1
156 96 1
156 97 1
156 98 1
156 99 1
156 100 1
156 101 1
156 140 1
157 1 1
157 2 1
157 3 1
157 5 1
157 57 1
157 58 1
157 60 1
157 98 1
157 99 1
157 100 1
157 156 1
158 1 1
158 2 1
158 3 1
158 4 1
158 5 1
158 57 1
158 58 1
158 60 1
158 96 1
158 98 1
158 99 1
158 100 1
158 156 1
158 157 1
159 1 1
159 2 1
159 3 1
159 4 1
159 5 1
159 6 1
159 57 1
159 58 1
159 60 1
159 96 1
159 97 1
159 98 1
159 99 1
159 100 1
159 156 1
159 157 1
159 158 1
160 1 1
160 2 1
160 3 1
160 4 1
160 6 1
160 7 1
160 56 1
160 57 1
160 59 1
160 60 1
160 61 1
160 96 1
160 97 1
160 98 1
160 99 1
160 100 1
160 101 1
160 102 1
160 140 1
160 155 1
160 156 1
160 157 1
160 158 1
160 159 1
161 1 1
161 2 1
161 3 1
161 4 1
161 57 1
161 59 1
161 60 1
161 62 1
161 96 1
161 97 1
161 99 1
161 100 1
161 101 1
161 140 1
161 156 1
161 159 1
161 160 1
162 1 1
162 2 1
162 3 1
162 4 1
162 5 1
162 57 1
162 59 1
162 60 1
162 96 1
162 97 1
162 99 1
162 100 1
162 101 1
162 140 1
162 156 1
162 157 1
162 159 1
162 160 1
162 161 1
163 1 1
163 2 1
163 3 1
163 5 1
163 60 1
163 96 1
163 100 1
163 157 1
163 158 1
163 159 1
163 162 1
164 1 1
164 2 1
164 3 1
164 4 1
164 5 1
164 57 1
164 59 1
164 60 1
164 96 1
164 97 1
164 98 1
164 99 1
164 100 1
164 101 1
164 140 1
164 156 1
164 157 1
164 158 1
164 159 1
164 160 1
164 161 1
164 162 1
164 163 1
165 2 1
165 4 1
165 6 1
165 7 1
165 11 1
165 44 1
165 55 1
165 56 1
165 61 1
165 85 1
165 97 1
165 98 1
165 99 1
165 102 1
165 153 1
165 154 1
165 155 1
165 156 1
165 160 1
166 1 1
166 2 1
166 3 1
166 4 1
166 6 1
166 7 1
166 11 1
166 44 1
166 55 1
166 56 1
166 61 1
166 62 1
166 85 1
166 96 1
166 97 1
166 98 1
166 99 1
166 102 1
166 154 1
166 155 1
166 156 1
166 159 1
166 160 1
166 161 1
166 165 1
167 2 1
167 3 1
167 4 1
167 6 1
167 7 1
167 8 1
167 11 1
167 44 1
167 55 1
167 56 1
167 62 1
167 63 1
167 65 1
167 85 1
167 96 1
167 97 1
167 112 1
167 113 1
167 153 1
167 154 1
167 155 1
167 160 1
167 161 1
167 165 1
167 166 1
168 0 1
168 6 1
168 7 1
168 8 1
168 10 1
168 11 1
168 16 1
168 44 1
168 45 1
168 56 1
168 62 1
168 63 1
168 65 1
168 84 1
168 85 1
168 96 1
168 97 1
168 112 1
168 113 1
168 136 1
168 153 1
168 154 1
168 165 1
168 166 1
168 167 1
169 7 1
169 8 1
169 10 1
169 16 1
169 44 1
169 62 1
169 63 1
169 65 1
169 96 1
169 97 1
169 103 1
169 106 1
169 112 1
169 113 1
169 136 1
169 166 1
169 167 1
169 168 1
170 6 1
170 7 1
170 8 1
170 10 1
170 12 1
170 16 1
170 44 1
170 45 1
170 62 1
170 63 1
170 65 1
170 105 1
170 106 1
170 112 1
170 136 1
170 166 1
170 167 1
170 168 1
170 169 1
171 8 1
171 9 1
171 10 1
171 12 1
171 42 1
171 45 1
171 63 1
171 64 1
171 66 1
171 103 1
171 104 1
171 105 1
171 106 1
171 125 1
171 135 1
171 136 1
171 170 1
172 0 1
172 6 1
172 7 1
172 8 1
172 10 1
172 12 1
172 16 1
172 17 1
172 44 1
172 45 1
172 62 1
172 63 1
172 65 1
172 70 1
172 84 1
172 85 1
172 105 1
172 106 1
172 112 1
172 136 1
172 152 1
172 153 1
172 166 1
172 167 1
172 168 1
172 169 1
172 170 1
173 0 1
173 6 1
173 7 1
173 8 1
173 10 1
173 11 1
173 16 1
173 17 1
173 44 1
173 45 1
173 56 1
173 62 1
173 65 1
173 71 1
173 84 1
173 85 1
173 112 1
173 113 1
173 136 1
173 152 1
173 153 1
173 154 1
173 165 1
173 166 1
173 167 1
173 168 1
173 169 1
173 170 1
173 172 1
174 0 1
174 6 1
174 7 1
174 11 1
174 16 1
174 17 1
174 18 1
174 44 1
174 45 1
174 56 1
174 65 1
174 71 1
174 83 1
174 84 1
174 85 1
174 112 1
174 113 1
174 136 1
174 152 1
174 153 1
174 154 1
174 165 1
174 166 1
174 167 1
174 168 1
174 170 1
174 172 1
174 173 1
175 0 1
175 6 1
175 7 1
175 8 1
175 10 1
175 11 1
175 16 1
175 17 1
175 44 1
175 45 1
175 65 1
175 70 1
175 71 1
175 83 1
175 84 1
175 85 1
175 112 1
175 113 1
175 136 1
175 152 1
175 153 1
175 154 1
175 165 1
175 166 1
175 167 1
175 168 1
175 169 1
175 170 1
175 172 1
175 173 1
175 174 1
176 8 1
176 9 1
176 10 1
176 12 1
176 13 1
176 14 1
176 42 1
176 63 1
176 64 1
176 66 1
176 104 1
176 105 1
176 106 1
176 125 1
176 126 1
176 135 1
176 171 1
177 13 1
177 14 1
177 15 1
177 42 1
177 46 1
177 66 1
177 104 1
177 107 1
177 110 1
177 111 1
177 126 1
177 128 1
177 141 1
177 176 1
178 13 1
178 15 1
178 42 1
178 66 1
178 67 1
178 104 1
178 107 1
178 110 1
178 111 1
178 126 1
178 128 1
178 141 1
178 177 1
179 14 1
179 15 1
179 47 1
179 110 1
179 111 1
179 126 1
179 128 1
179 141 1
179 142 1
179 143 1
179 177 1
179 178 1
180 15 1
180 47 1
180 67 1
180 128 1
180 141 1
180 142 1
180 143 1
180 177 1
180 178 1
180 179 1
181 13 1
181 14 1
181 15 1
181 46 1
181 67 1
181 110 1
181 111 1
181 127 1
181 128 1
181 177 1
181 178 1
181 179 1
181 180 1
182 13 1
182 14 1
182 15 1
182 42 1
182 46 1
182 66 1
182 110 1
182 111 1
182 127 1
182 128 1
182 177 1
182 178 1
182 179 1
182 181 1
183 13 1
183 14 1
183 15 1
183 42 1
183 46 1
183 66 1
183 104 1
183 110 1
183 111 1
183 126 1
183 127 1
183 128 1
183 141 1
183 176 1
183 177 1
183 178 1
183 179 1
183 180 1
183 181 1
183 182 1
184 9 1
184 13 1
184 14 1
184 42 1
184 66 1
184 104 1
184 107 1
184 126 1
184 135 1
184 141 1
184 171 1
184 176 1
184 177 1
184 178 1
184 179 1
184 183 1
185 9 1
185 12 1
185 42 1
185 104 1
185 105 1
185 125 1
185 126 1
185 135 1
185 141 1
185 171 1
185 176 1
185 184 1
186 9 1
186 10 1
186 12 1
186 45 1
186 53 1
186 68 1
186 69 1
186 70 1
186 91 1
186 105 1
186 106 1
186 123 1
186 125 1
186 130 1
186 171 1
187 0 1
187 7 1
187 8 1
187 11 1
187 16 1
187 44 1
187 62 1
187 65 1
187 70 1
187 71 1
187 84 1
187 85 1
187 103 1
187 112 1
187 113 1
187 136 1
187 153 1
187 154 1
187 166 1
187 167 1
187 168 1
187 169 1
187 170 1
187 172 1
187 173 1
187 174 1
187 175 1
188 36 1
188 37 1
188 51 1
188 90 1
188 92 1
188 122 1
188 130 1
188 131 1
188 132 1
188 139 1
189 19 1
189 20 1
189 30 1
189 38 1
189 39 1
189 40 1
189 48 1
189 86 1
189 92 1
189 93 1
189 94 1
189 114 1
189 122 1
189 124 1
189 131 1
189 132 1
189 139 1
189 144 1
189 188 1
190 19 1
190 20 1
190 22 1
190 23 1
190 27 1
190 28 1
190 29 1
190 30 1
190 38 1
190 48 1
190 74 1
190 77 1
190 86 1
190 87 1
190 93 1
190 114 1
190 116 1
190 124 1
190 129 1
190 144 1
190 189 1
191 21 1
191 22 1
191 23 1
191 25 1
191 27 1
191 28 1
191 29 1
191 72 1
191 73 1
191 116 1
191 137 1
191 146 1
192 21 1
192 22 1
192 25 1
192 27 1
192 29 1
192 73 1
192 87 1
192 116 1
192 137 1
192 145 1
192 146 1
192 191 1
193 19 1
193 20 1
193 21 1
193 22 1
193 23 1
193 25 1
193 27 1
193 28 1
193 29 1
193 48 1
193 74 1
193 77 1
193 86 1
193 87 1
193 114 1
193 116 1
193 129 1
193 146 1
193 190 1
193 191 1
193 192 1
194 19 1
194 20 1
194 21 1
194 22 1
194 23 1
194 48 1
194 77 1
194 86 1
194 87 1
194 190 1
194 191 1
194 192 1
194 193 1
195 21 1
195 22 1
195 23 1
195 25 1
195 28 1
195 29 1
195 73 1
195 86 1
195 190 1
195 191 1
195 192 1
195 193 1
195 194 1
196 21 1
196 22 1
196 23 1
196 25 1
196 29 1
196 72 1
196 73 1
196 87 1
196 191 1
196 192 1
196 193 1
196 194 1
196 195 1
197 24 1
197 115 1
198 21 1
198 22 1
198 25 1
198 26 1
198 27 1
198 28 1
198 29 1
198 38 1
198 77 1
198 87 1
198 95 1
198 116 1
198 137 1
198 145 1
198 146 1
198 191 1
198 192 1
198 193 1
198 195 1
198 196 1
199 21 1
199 25 1
199 27 1
199 74 1
199 76 1
199 77 1
199 87 1
199 116 1
199 137 1
199 145 1
199 191 1
199 192 1
199 196 1
199 198 1
200 25 1
200 26 1
200 95 1
200 115 1
200 137 1
200 145 1
200 192 1
200 197 1
200 198 1
200 199 1
201 24 1
201 25 1
201 26 1
201 82 1
201 95 1
201 115 1
201 134 1
201 137 1
201 145 1
201 151 1
201 197 1
201 198 1
201 200 1
202 21 1
202 24 1
202 25 1
202 26 1
202 29 1
202 72 1
202 82 1
202 95 1
202 115 1
202 134 1
202 137 1
202 145 1
202 146 1
202 151 1
202 191 1
202 192 1
202 197 1
202 198 1
202 199 1
202 200 1
202 201 1
203 21 1
203 25 1
203 26 1
203 28 1
203 29 1
203 72 1
203 82 1
203 95 1
203 115 1
203 134 1
203 137 1
203 145 1
203 146 1
203 151 1
203 191 1
203 192 1
203 198 1
203 200 1
203 201 1
203 202 1
204 21 1
204 25 1
204 27 1
204 28 1
204 38 1
204 74 1
204 75 1
204 76 1
204 77 1
204 87 1
204 95 1
204 116 1
204 129 1
204 137 1
204 145 1
204 146 1
204 191 1
204 192 1
204 198 1
204 199 1
204 200 1
205 27 1
205 74 1
205 75 1
205 76 1
205 77 1
205 87 1
205 129 1
205 137 1
205 192 1
205 198 1
205 199 1
205 204 1
206 19 1
206 20 1
206 21 1
206 22 1
206 23 1
206 25 1
206 27 1
206 28 1
206 29 1
206 38 1
206 48 1
206 74 1
206 75 1
206 76 1
206 77 1
206 86 1
206 87 1
206 93 1
206 95 1
206 116 1
206 124 1
206 129 1
206 137 1
206 144 1
206 146 1
206 190 1
206 191 1
206 192 1
206 193 1
206 194 1
206 195 1
206 196 1
206 198 1
206 199 1
206 204 1
206 205 1
207 19 1
207 20 1
207 21 1
207 22 1
207 23 1
207 25 1
207 27 1
207 28 1
207 29 1
207 30 1
207 38 1
207 39 1
207 48 1
207 76 1
207 77 1
207 86 1
207 87 1
207 93 1
207 94 1
207 95 1
207 114 1
207 116 1
207 124 1
207 129 1
207 137 1
207 144 1
207 146 1
207 190 1
207 191 1
207 192 1
207 193 1
207 194 1
207 195 1
207 198 1
207 204 1
207 206 1
208 19 1
208 20 1
208 21 1
208 22 1
208 23 1
208 25 1
208 27 1
208 28 1
208 29 1
208 38 1
208 77 1
208 86 1
208 95 1
208 116 1
208 124 1
208 129 1
208 137 1
208 145 1
208 146 1
208 190 1
208 191 1
208 192 1
208 193 1
208 194 1
208 195 1
208 196 1
208 198 1
208 199 1
208 202 1
208 203 1
208 204 1
208 206 1
208 207 1
209 19 1
209 20 1
209 21 1
209 22 1
209 23 1
209 25 1
209 27 1
209 28 1
209 29 1
209 30 1
209 38 1
209 48 1
209 77 1
209 86 1
209 95 1
209 114 1
209 116 1
209 124 1
209 137 1
209 146 1
209 190 1
209 191 1
209 192 1
209 193 1
209 194 1
209 195 1
209 196 1
209 198 1
209 204 1
209 206 1
209 207 1
209 208 1
210 31 1
210 35 1
210 80 1
210 119 1
210 120 1
210 138 1
210 147 1
211 31 1
211 32 1
211 33 1
211 34 1
211 37 1
211 40 1
211 41 1
211 43 1
211 49 1
211 50 1
211 79 1
211 88 1
211 89 1
211 92 1
211 117 1
211 131 1
211 132 1
211 133 1
211 138 1
211 139 1
211 210 1
212 31 1
212 32 1
212 33 1
212 34 1
212 37 1
212 40 1
212 41 1
212 43 1
212 49 1
212 50 1
212 54 1
212 88 1
212 89 1
212 90 1
212 92 1
212 117 1
212 131 1
212 132 1
212 133 1
212 139 1
212 148 1
212 149 1
212 211 1
213 79 1
213 80 1
213 88 1
213 89 1
213 120 1
213 138 1
213 211 1
214 31 1
214 79 1
214 80 1
214 88 1
214 89 1
214 117 1
214 120 1
214 138 1
214 211 1
214 212 1
214 213 1
215 18 1
215 36 1
215 51 1
215 53 1
215 68 1
215 69 1
215 83 1
215 91 1
215 121 1
215 122 1
215 123 1
215 130 1
215 152 1
215 186 1
215 188 1
216 18 1
216 36 1
216 37 1
216 51 1
216 83 1
216 90 1
216 92 1
216 121 1
216 122 1
216 130 1
216 131 1
216 132 1
216 139 1
216 149 1
216 152 1
216 188 1
216 215 1
217 18 1
217 36 1
217 37 1
217 50 1
217 51 1
217 52 1
217 81 1
217 83 1
217 90 1
217 92 1
217 122 1
217 130 1
217 131 1
217 132 1
217 139 1
217 148 1
217 149 1
217 152 1
217 188 1
217 216 1
218 18 1
218 36 1
218 37 1
218 40 1
218 50 1
218 51 1
218 52 1
218 81 1
218 83 1
218 90 1
218 92 1
218 94 1
218 122 1
218 130 1
218 131 1
218 132 1
218 139 1
218 148 1
218 149 1
218 152 1
218 188 1
218 212 1
218 215 1
218 216 1
218 217 1
219 18 1
219 36 1
219 37 1
219 39 1
219 51 1
219 53 1
219 83 1
219 90 1
219 92 1
219 94 1
219 122 1
219 123 1
219 130 1
219 131 1
219 132 1
219 139 1
219 148 1
219 149 1
219 152 1
219 188 1
219 215 1
219 216 1
219 217 1
219 218 1
220 36 1
220 37 1
220 40 1
220 50 1
220 51 1
220 90 1
220 92 1
220 94 1
220 122 1
220 130 1
220 131 1
220 132 1
220 133 1
220 139 1
220 148 1
220 149 1
220 152 1
220 188 1
220 212 1
220 216 1
220 217 1
220 218 1
220 219 1
221 37 1
221 50 1
221 52 1
221 81 1
221 88 1
221 90 1
221 92 1
221 117 1
221 122 1
221 131 1
221 132 1
221 139 1
221 148 1
221 149 1
221 211 1
221 212 1
221 216 1
221 217 1
221 218 1
221 219 1
221 220 1
222 31 1
222 37 1
222 40 1
222 52 1
222 81 1
222 90 1
222 92 1
222 117 1
222 122 1
222 131 1
222 132 1
222 139 1
222 149 1
222 188 1
222 211 1
222 212 1
222 216 1
222 217 1
222 218 1
222 219 1
222 220 1
222 221 1
223 30 1
223 31 1
223 37 1
223 38 1
223 39 1
223 40 1
223 41 1
223 43 1
223 50 1
223 51 1
223 88 1
223 92 1
223 94 1
223 117 1
223 122 1
223 124 1
223 131 1
223 132 1
223 133 1
223 139 1
223 144 1
223 188 1
223 189 1
223 211 1
223 212 1
223 216 1
223 218 1
223 219 1
223 220 1
223 221 1
223 222 1
224 19 1
224 20 1
224 28 1
224 30 1
224 31 1
224 37 1
224 38 1
224 39 1
224 40 1
224 41 1
224 43 1
224 48 1
224 86 1
224 92 1
224 93 1
224 94 1
224 114 1
224 116 1
224 117 1
224 122 1
224 124 1
224 131 1
224 132 1
224 133 1
224 139 1
224 144 1
224 146 1
224 189 1
224 207 1
224 209 1
224 212 1
224 223 1
225 31 1
225 34 1
225 37 1
225 38 1
225 39 1
225 40 1
225 41 1
225 43 1
225 49 1
225 50 1
225 51 1
225 54 1
225 88 1
225 90 1
225 92 1
225 94 1
225 117 1
225 122 1
225 124 1
225 130 1
225 131 1
225 132 1
225 133 1
225 139 1
225 148 1
225 149 1
225 211 1
225 212 1
225 216 1
225 217 1
225 218 1
225 219 1
225 220 1
225 221 1
225 222 1
225 223 1
225 224 1
226 31 1
226 32 1
226 33 1
226 34 1
226 37 1
226 38 1
226 40 1
226 41 1
226 43 1
226 49 1
226 50 1
226 54 1
226 88 1
226 92 1
226 94 1
226 95 1
226 117 1
226 118 1
226 132 1
226 133 1
226 139 1
226 148 1
226 149 1
226 150 1
226 211 1
226 212 1
226 220 1
226 221 1
226 223 1
226 224 1
226 225 1
227 28 1
227 31 1
227 32 1
227 33 1
227 34 1
227 38 1
227 39 1
227 40 1
227 41 1
227 43 1
227 49 1
227 50 1
227 54 1
227 88 1
227 94 1
227 95 1
227 116 1
227 117 1
227 124 1
227 133 1
227 139 1
227 146 1
227 150 1
227 207 1
227 211 1
227 212 1
227 223 1
227 224 1
227 225 1
227 226 1
228 26 1
228 28 1
228 32 1
228 33 1
228 34 1
228 38 1
228 40 1
228 41 1
228 43 1
228 49 1
228 50 1
228 54 1
228 88 1
228 95 1
228 116 1
228 117 1
228 118 1
228 133 1
228 134 1
228 145 1
228 146 1
228 150 1
228 151 1
228 203 1
228 225 1
228 226 1
228 227 1
229 26 1
229 33 1
229 34 1
229 82 1
229 95 1
229 118 1
229 134 1
229 145 1
229 150 1
229 151 1
229 201 1
229 202 1
229 203 1
229 228 1
230 25 1
230 26 1
230 27 1
230 28 1
230 29 1
230 33 1
230 34 1
230 38 1
230 40 1
230 41 1
230 43 1
230 54 1
230 82 1
230 95 1
230 116 1
230 117 1
230 133 1
230 137 1
230 145 1
230 146 1
230 150 1
230 151 1
230 191 1
230 198 1
230 202 1
230 203 1
230 206 1
230 207 1
230 208 1
230 209 1
230 224 1
230 226 1
230 227 1
230 228 1
230 229 1
231 1 1
231 2 1
231 3 1
231 4 1
231 6 1
231 7 1
231 56 1
231 57 1
231 61 1
231 97 1
231 98 1
231 99 1
231 101 1
231 102 1
231 140 1
231 155 1
231 156 1
231 158 1
231 159 1
231 160 1
231 164 1
231 165 1
231 166 1
232 13 1
232 14 1
232 42 1
232 66 1
232 104 1
232 107 1
232 110 1
232 111 1
232 126 1
232 135 1
232 176 1
232 177 1
232 178 1
232 181 1
232 182 1
232 183 1
232 184 1
233 19 1
233 20 1
233 23 1
233 30 1
233 48 1
233 86 1
233 93 1
233 94 1
233 114 1
233 124 1
233 132 1
233 144 1
233 189 1
233 190 1
233 207 1
233 223 1
233 224 1
234 0 1
234 10 1
234 12 1
234 16 1
234 17 1
234 18 1
234 44 1
234 45 1
234 65 1
234 68 1
234 69 1
234 70 1
234 71 1
234 83 1
234 84 1
234 85 1
234 106 1
234 112 1
234 136 1
234 149 1
234 152 1
234 153 1
234 172 1
234 173 1
234 174 1
234 175 1
234 186 1
234 215 1
234 217 1
234 218 1
234 219 1
234 220 1
235 13 1
235 14 1
235 15 1
235 42 1
235 46 1
235 66 1
235 110 1
235 111 1
235 127 1
235 128 1
235 141 1
235 176 1
235 177 1
235 179 1
235 180 1
235 181 1
235 182 1
235 183 1
235 184 1
235 232 1
236 26 1
236 95 1
236 137 1
236 145 1
236 150 1
236 198 1
236 200 1
236 201 1
236 202 1
236 203 1
236 204 1
236 228 1
236 229 1
237 27 1
237 74 1
237 75 1
237 76 1
237 77 1
237 116 1
237 129 1
237 137 1
237 145 1
237 192 1
237 198 1
237 199 1
237 200 1
237 204 1
237 205 1
237 206 1
237 208 1
238 19 1
238 20 1
238 22 1
238 23 1
238 27 1
238 28 1
238 29 1
238 38 1
238 39 1
238 48 1
238 74 1
238 75 1
238 76 1
238 77 1
238 86 1
238 87 1
238 93 1
238 94 1
238 95 1
238 116 1
238 124 1
238 129 1
238 137 1
238 144 1
238 146 1
238 190 1
238 193 1
238 198 1
238 199 1
238 204 1
238 205 1
238 206 1
238 207 1
238 208 1
238 209 1
238 224 1
238 230 1
238 237 1
239 0 1
239 7 1
239 11 1
239 17 1
239 55 1
239 56 1
239 71 1
239 84 1
239 85 1
239 112 1
239 113 1
239 153 1
239 154 1
239 155 1
239 165 1
239 166 1
239 167 1
239 173 1
239 174 1
239 175 1
239 187 1
240 2 1
240 4 1
240 6 1
240 7 1
240 55 1
240 56 1
240 57 1
240 59 1
240 61 1
240 96 1
240 97 1
240 98 1
240 99 1
240 101 1
240 102 1
240 140 1
240 154 1
240 155 1
240 156 1
240 160 1
240 161 1
240 165 1
240 166 1
240 167 1
240 231 1
241 1 1
241 2 1
241 3 1
241 5 1
241 6 1
241 58 1
241 98 1
241 99 1
241 157 1
241 158 1
241 159 1
241 160 1
241 163 1
241 231 1
242 2 1
242 3 1
242 4 1
242 55 1
242 56 1
242 57 1
242 59 1
242 60 1
242 62 1
242 96 1
242 97 1
242 101 1
242 140 1
242 155 1
242 156 1
242 160 1
242 161 1
242 162 1
242 164 1
242 166 1
242 167 1
242 240 1
243 2 1
243 3 1
243 4 1
243 55 1
243 56 1
243 57 1
243 59 1
243 60 1
243 96 1
243 97 1
243 99 1
243 100 1
243 101 1
243 140 1
243 156 1
243 160 1
243 161 1
243 162 1
243 164 1
243 240 1
243 242 1
244 2 1
244 3 1
244 4 1
244 57 1
244 59 1
244 60 1
244 96 1
244 97 1
244 98 1
244 99 1
244 101 1
244 140 1
244 156 1
244 157 1
244 160 1
244 161 1
244 162 1
244 164 1
244 231 1
244 240 1
244 242 1
244 243 1
245 9 1
245 13 1
245 42 1
245 64 1
245 66 1
245 104 1
245 107 1
245 125 1
245 126 1
245 135 1
245 171 1
245 176 1
245 177 1
245 178 1
245 184 1
245 185 1
245 232 1
246 8 1
246 10 1
246 12 1
246 16 1
246 44 1
246 45 1
246 63 1
246 64 1
246 65 1
246 68 1
246 69 1
246 70 1
246 84 1
246 105 1
246 106 1
246 123 1
246 125 1
246 135 1
246 136 1
246 152 1
246 170 1
246 171 1
246 172 1
246 173 1
246 175 1
246 186 1
246 234 1
247 13 1
247 14 1
247 15 1
247 42 1
247 66 1
247 104 1
247 107 1
247 111 1
247 126 1
247 128 1
247 135 1
247 141 1
247 176 1
247 177 1
247 178 1
247 179 1
247 180 1
247 181 1
247 182 1
247 183 1
247 184 1
247 185 1
247 232 1
247 235 1
247 245 1
248 13 1
248 14 1
248 15 1
248 42 1
248 46 1
248 66 1
248 104 1
248 107 1
248 110 1
248 111 1
248 126 1
248 128 1
248 135 1
248 141 1
248 176 1
248 177 1
248 178 1
248 179 1
248 180 1
248 181 1
248 182 1
248 183 1
248 184 1
248 185 1
248 232 1
248 235 1
248 245 1
248 247 1
249 0 1
249 11 1
249 16 1
249 17 1
249 44 1
249 45 1
249 65 1
249 70 1
249 71 1
249 83 1
249 84 1
249 85 1
249 112 1
249 113 1
249 136 1
249 152 1
249 153 1
249 154 1
249 168 1
249 172 1
249 173 1
249 174 1
249 175 1
249 187 1
249 234 1
249 239 1
250 30 1
250 36 1
250 37 1
250 39 1
250 40 1
250 51 1
250 92 1
250 94 1
250 114 1
250 122 1
250 124 1
250 130 1
250 131 1
250 132 1
250 139 1
250 144 1
250 188 1
250 189 1
250 216 1
250 218 1
250 219 1
250 222 1
250 223 1
250 224 1
250 225 1
250 233 1
251 19 1
251 20 1
251 22 1
251 23 1
251 27 1
251 28 1
251 30 1
251 38 1
251 39 1
251 40 1
251 48 1
251 77 1
251 86 1
251 93 1
251 94 1
251 114 1
251 116 1
251 124 1
251 129 1
251 132 1
251 144 1
251 146 1
251 189 1
251 190 1
251 193 1
251 206 1
251 207 1
251 208 1
251 209 1
251 223 1
251 224 1
251 233 1
251 238 1
251 250 1
252 27 1
252 137 1
252 145 1
252 198 1
252 199 1
252 200 1
252 204 1
252 205 1
252 236 1
252 237 1
253 21 1
253 25 1
253 26 1
253 27 1
253 28 1
253 29 1
253 38 1
253 72 1
253 82 1
253 95 1
253 116 1
253 137 1
253 145 1
253 146 1
253 151 1
253 191 1
253 192 1
253 198 1
253 199 1
253 200 1
253 201 1
253 202 1
253 203 1
253 204 1
253 206 1
253 207 1
253 208 1
253 209 1
253 228 1
253 229 1
253 230 1
253 236 1
254 31 1
254 35 1
254 80 1
254 119 1
254 120 1
254 138 1
254 147 1
254 210 1
254 211 1
254 214 1
255 17 1
255 18 1
255 36 1
255 51 1
255 53 1
255 68 1
255 69 1
255 83 1
255 121 1
255 122 1
255 123 1
255 130 1
255 152 1
255 188 1
255 215 1
255 216 1
255 217 1
255 218 1
255 219 1
255 234 1
256 12 1
256 36 1
256 39 1
256 45 1
256 51 1
256 53 1
256 68 1
256 69 1
256 83 1
256 91 1
256 92 1
256 94 1
256 122 1
256 123 1
256 130 1
256 148 1
256 149 1
256 152 1
256 186 1
256 215 1
256 216 1
256 217 1
256 218 1
256 219 1
256 220 1
256 225 1
256 234 1
256 246 1
256 255 1
257 18 1
257 36 1
257 37 1
257 45 1
257 50 1
257 51 1
257 83 1
257 90 1
257 92 1
257 94 1
257 122 1
257 123 1
257 130 1
257 131 1
257 139 1
257 148 1
257 149 1
257 152 1
257 188 1
257 215 1
257 216 1
257 217 1
257 218 1
257 219 1
257 220 1
257 221 1
257 225 1
257 234 1
257 255 1
257 256 1
258 19 1
258 38 1
258 39 1
258 40 1
258 41 1
258 50 1
258 51 1
258 54 1
258 92 1
258 93 1
258 94 1
258 116 1
258 117 1
258 122 1
258 124 1
258 130 1
258 132 1
258 133 1
258 139 1
258 144 1
258 148 1
258 189 1
258 218 1
258 219 1
258 220 1
258 223 1
258 224 1
258 225 1
258 226 1
258 227 1
258 238 1
258 250 1
258 251 1
258 256 1
258 257 1
259 30 1
259 31 1
259 34 1
259 37 1
259 38 1
259 39 1
259 40 1
259 41 1
259 43 1
259 49 1
259 50 1
259 51 1
259 54 1
259 88 1
259 92 1
259 94 1
259 117 1
259 122 1
259 124 1
259 130 1
259 131 1
259 132 1
259 133 1
259 139 1
259 148 1
259 149 1
259 189 1
259 211 1
259 212 1
259 216 1
259 217 1
259 218 1
259 219 1
259 220 1
259 221 1
259 222 1
259 223 1
259 224 1
259 225 1
259 226 1
259 227 1
259 228 1
259 250 1
259 257 1
259 258 1
260 28 1
260 30 1
260 31 1
260 32 1
260 33 1
260 34 1
260 37 1
260 38 1
260 40 1
260 41 1
260 43 1
260 49 1
260 50 1
260 54 1
260 88 1
260 92 1
260 94 1
260 95 1
260 117 1
260 132 1
260 133 1
260 139 1
260 148 1
260 150 1
260 211 1
260 212 1
260 221 1
260 222 1
260 223 1
260 224 1
260 225 1
260 226 1
260 227 1
260 228 1
260 230 1
260 258 1
260 259 1
261 1 1
261 2 1
261 3 1
261 4 1
261 5 1
261 6 1
261 57 1
261 58 1
261 60 1
261 96 1
261 97 1
261 98 1
261 99 1
261 100 1
261 156 1
261 157 1
261 158 1
261 159 1
261 160 1
261 161 1
261 162 1
261 163 1
261 164 1
261 166 1
261 231 1
261 241 1
262 2 1
262 3 1
262 6 1
262 7 1
262 8 1
262 10 1
262 44 1
262 62 1
262 63 1
262 65 1
262 85 1
262 96 1
262 97 1
262 112 1
262 113 1
262 165 1
262 166 1
262 167 1
262 168 1
262 169 1
262 170 1
262 172 1
262 173 1
262 174 1
262 175 1
262 187 1
263 21 1
263 25 1
263 26 1
263 27 1
263 28 1
263 29 1
263 38 1
263 77 1
263 95 1
263 116 1
263 137 1
263 145 1
263 146 1
263 191 1
263 192 1
263 193 1
263 196 1
263 198 1
263 199 1
263 200 1
263 201 1
263 202 1
263 203 1
263 204 1
263 205 1
263 206 1
263 207 1
263 208 1
263 209 1
263 228 1
263 230 1
263 236 1
263 237 1
263 238 1
263 252 1
263 253 1
264 30 1
264 31 1
264 37 1
264 40 1
264 51 1
264 90 1
264 92 1
264 94 1
264 117 1
264 122 1
264 131 1
264 132 1
264 139 1
264 188 1
264 189 1
264 211 1
264 212 1
264 216 1
264 217 1
264 218 1
264 219 1
264 220 1
264 221 1
264 222 1
264 223 1
264 224 1
264 225 1
264 226 1
264 250 1
264 258 1
264 259 1
264 260 1
265 0 1
265 7 1
265 10 1
265 11 1
265 16 1
265 17 1
265 18 1
265 44 1
265 45 1
265 65 1
265 70 1
265 71 1
265 83 1
265 84 1
265 85 1
265 112 1
265 136 1
265 152 1
265 153 1
265 168 1
265 172 1
265 173 1
265 174 1
265 175 1
265 217 1
265 234 1
265 246 1
265 249 1
265 255 1
265 257 1
266 0 1
266 7 1
266 11 1
266 16 1
266 17 1
266 55 1
266 56 1
266 65 1
266 71 1
266 84 1
266 85 1
266 112 1
266 113 1
266 153 1
266 154 1
266 155 1
266 165 1
266 167 1
266 168 1
266 173 1
266 174 1
266 175 1
266 187 1
266 239 1
266 249 1
266 265 1
267 1 1
267 2 1
267 3 1
267 4 1
267 6 1
267 55 1
267 56 1
267 57 1
267 59 1
267 61 1
267 96 1
267 97 1
267 98 1
267 99 1
267 101 1
267 102 1
267 140 1
267 155 1
267 156 1
267 159 1
267 160 1
267 161 1
267 162 1
267 164 1
267 165 1
267 166 1
267 231 1
267 240 1
267 242 1
267 243 1
267 244 1
268 1 1
268 58 1
268 98 1
268 99 1
268 157 1
268 158 1
268 159 1
268 241 1
269 1 1
269 2 1
269 3 1
269 4 1
269 5 1
269 6 1
269 7 1
269 60 1
269 62 1
269 96 1
269 97 1
269 99 1
269 100 1
269 156 1
269 157 1
269 158 1
269 159 1
269 160 1
269 161 1
269 162 1
269 163 1
269 164 1
269 166 1
269 167 1
269 168 1
269 231 1
269 241 1
269 242 1
269 243 1
269 261 1
269 262 1
270 1 1
270 2 1
270 3 1
270 4 1
270 5 1
270 57 1
270 59 1
270 60 1
270 62 1
270 96 1
270 97 1
270 99 1
270 100 1
270 156 1
270 157 1
270 158 1
270 159 1
270 160 1
270 161 1
270 162 1
270 163 1
270 164 1
270 241 1
270 242 1
270 243 1
270 261 1
270 262 1
270 269 1
271 1 1
271 2 1
271 3 1
271 4 1
271 6 1
271 7 1
271 57 1
271 61 1
271 96 1
271 97 1
271 98 1
271 99 1
271 102 1
271 140 1
271 156 1
271 157 1
271 158 1
271 159 1
271 160 1
271 161 1
271 162 1
271 164 1
271 165 1
271 166 1
271 167 1
271 231 1
271 240 1
271 241 1
271 243 1
271 244 1
271 261 1
271 267 1
271 269 1
271 270 1
272 4 1
272 55 1
272 56 1
272 57 1
272 61 1
272 98 1
272 99 1
272 101 1
272 102 1
272 140 1
272 154 1
272 155 1
272 156 1
272 160 1
272 165 1
272 166 1
272 231 1
272 240 1
272 242 1
272 243 1
272 244 1
272 267 1
272 271 1
273 4 1
273 6 1
273 7 1
273 11 1
273 56 1
273 61 1
273 85 1
273 98 1
273 102 1
273 154 1
273 155 1
273 160 1
273 165 1
273 166 1
273 167 1
273 173 1
273 174 1
273 231 1
273 239 1
273 240 1
273 267 1
273 271 1
273 272 1
274 0 1
274 1 1
274 2 1
274 4 1
274 6 1
274 7 1
274 8 1
274 11 1
274 44 1
274 56 1
274 61 1
274 62 1
274 63 1
274 65 1
274 84 1
274 85 1
274 96 1
274 97 1
274 112 1
274 113 1
274 153 1
274 154 1
274 155 1
274 160 1
274 165 1
274 166 1
274 167 1
274 168 1
274 169 1
274 170 1
274 172 1
274 173 1
274 174 1
274 175 1
274 187 1
274 231 1
274 240 1
274 262 1
274 265 1
274 269 1
274 271 1
274 273 1
275 1 1
275 2 1
275 3 1
275 4 1
275 6 1
275 7 1
275 8 1
275 44 1
275 56 1
275 62 1
275 63 1
275 65 1
275 85 1
275 96 1
275 97 1
275 113 1
275 154 1
275 155 1
275 159 1
275 160 1
275 161 1
275 165 1
275 166 1
275 167 1
275 168 1
275 169 1
275 170 1
275 172 1
275 173 1
275 174 1
275 175 1
275 187 1
275 231 1
275 240 1
275 242 1
275 261 1
275 262 1
275 269 1
275 270 1
275 271 1
275 273 1
275 274 1
276 6 1
276 7 1
276 8 1
276 16 1
276 44 1
276 62 1
276 63 1
276 85 1
276 96 1
276 97 1
276 103 1
276 112 1
276 113 1
276 136 1
276 166 1
276 167 1
276 168 1
276 169 1
276 170 1
276 172 1
276 173 1
276 175 1
276 187 1
276 262 1
276 274 1
276 275 1
277 8 1
277 9 1
277 10 1
277 12 1
277 16 1
277 45 1
277 63 1
277 64 1
277 70 1
277 103 1
277 105 1
277 106 1
277 112 1
277 125 1
277 135 1
277 136 1
277 169 1
277 170 1
277 171 1
277 172 1
277 176 1
277 246 1
278 8 1
278 9 1
278 10 1
278 12 1
278 45 1
278 63 1
278 64 1
278 69 1
278 70 1
278 103 1
278 105 1
278 106 1
278 125 1
278 135 1
278 136 1
278 171 1
278 176 1
278 246 1
278 277 1
279 9 1
279 42 1
279 64 1
279 66 1
279 104 1
279 105 1
279 125 1
279 126 1
279 135 1
279 171 1
279 176 1
279 184 1
279 185 1
279 232 1
279 245 1
279 277 1
279 278 1
280 9 1
280 12 1
280 13 1
280 42 1
280 63 1
280 64 1
280 66 1
280 104 1
280 105 1
280 106 1
280 125 1
280 126 1
280 135 1
280 171 1
280 176 1
280 184 1
280 185 1
280 232 1
280 245 1
280 248 1
280 277 1
280 278 1
280 279 1
281 8 1
281 9 1
281 10 1
281 12 1
281 42 1
281 45 1
281 63 1
281 64 1
281 66 1
281 104 1
281 105 1
281 106 1
281 125 1
281 135 1
281 170 1
281 171 1
281 172 1
281 176 1
281 184 1
281 185 1
281 186 1
281 246 1
281 248 1
281 277 1
281 278 1
281 279 1
281 280 1
282 14 1
282 15 1
282 42 1
282 46 1
282 47 1
282 126 1
282 128 1
282 135 1
282 141 1
282 142 1
282 176 1
282 177 1
282 178 1
282 179 1
282 180 1
282 181 1
282 182 1
282 183 1
282 184 1
282 185 1
282 232 1
282 235 1
282 247 1
282 248 1
283 13 1
283 14 1
283 15 1
283 42 1
283 46 1
283 66 1
283 110 1
283 111 1
283 127 1
283 128 1
283 135 1
283 141 1
283 142 1
283 176 1
283 177 1
283 178 1
283 179 1
283 180 1
283 181 1
283 182 1
283 183 1
283 184 1
283 232 1
283 235 1
283 247 1
283 248 1
283 282 1
284 47 1
284 142 1
284 143 1
284 179 1
284 180 1
285 10 1
285 12 1
285 16 1
285 17 1
285 45 1
285 53 1
285 65 1
285 68 1
285 69 1
285 70 1
285 83 1
285 84 1
285 91 1
285 105 1
285 106 1
285 123 1
285 125 1
285 130 1
285 136 1
285 152 1
285 172 1
285 186 1
285 215 1
285 234 1
285 246 1
285 255 1
285 256 1
285 257 1
285 265 1
285 277 1
285 278 1
286 10 1
286 12 1
286 16 1
286 17 1
286 36 1
286 45 1
286 53 1
286 65 1
286 68 1
286 69 1
286 70 1
286 71 1
286 83 1
286 84 1
286 105 1
286 106 1
286 121 1
286 123 1
286 136 1
286 152 1
286 172 1
286 175 1
286 186 1
286 215 1
286 234 1
286 246 1
286 249 1
286 255 1
286 256 1
286 257 1
286 265 1
286 285 1
287 10 1
287 12 1
287 16 1
287 17 1
287 45 1
287 65 1
287 68 1
287 69 1
287 70 1
287 71 1
287 83 1
287 84 1
287 105 1
287 106 1
287 121 1
287 123 1
287 136 1
287 152 1
287 186 1
287 215 1
287 234 1
287 246 1
287 249 1
287 255 1
287 256 1
287 265 1
287 277 1
287 285 1
287 286 1
288 8 1
288 10 1
288 12 1
288 16 1
288 17 1
288 45 1
288 64 1
288 65 1
288 68 1
288 69 1
288 70 1
288 71 1
288 83 1
288 84 1
288 105 1
288 106 1
288 112 1
288 123 1
288 125 1
288 136 1
288 152 1
288 171 1
288 172 1
288 175 1
288 186 1
288 234 1
288 246 1
288 249 1
288 255 1
288 265 1
288 277 1
288 278 1
288 285 1
288 286 1
288 287 1
289 0 1
289 10 1
289 12 1
289 16 1
289 17 1
289 44 1
289 45 1
289 65 1
289 68 1
289 69 1
289 70 1
289 71 1
289 83 1
289 84 1
289 105 1
289 106 1
289 112 1
289 136 1
289 152 1
289 153 1
289 172 1
289 174 1
289 175 1
289 186 1
289 234 1
289 246 1
289 249 1
289 255 1
289 265 1
289 277 1
289 285 1
289 286 1
289 287 1
289 288 1
290 0 1
290 17 1
290 18 1
290 65 1
290 71 1
290 81 1
290 83 1
290 84 1
290 90 1
290 152 1
290 153 1
290 174 1
290 175 1
290 216 1
290 217 1
290 234 1
290 249 1
290 255 1
290 265 1
290 286 1
290 289 1
291 18 1
291 36 1
291 37 1
291 51 1
291 83 1
291 90 1
291 92 1
291 121 1
291 122 1
291 130 1
291 131 1
291 132 1
291 139 1
291 188 1
291 215 1
291 216 1
291 217 1
291 218 1
291 219 1
291 222 1
291 250 1
291 255 1
291 257 1
291 264 1
292 21 1
292 25 1
292 27 1
292 137 1
292 145 1
292 191 1
292 192 1
292 196 1
292 198 1
292 199 1
292 200 1
292 202 1
292 204 1
292 205 1
292 208 1
292 237 1
292 252 1
292 263 1
293 21 1
293 22 1
293 23 1
293 25 1
293 27 1
293 74 1
293 77 1
293 87 1
293 190 1
293 191 1
293 192 1
293 193 1
293 194 1
293 195 1
293 196 1
293 198 1
293 199 1
293 204 1
293 205 1
293 206 1
293 207 1
293 208 1
293 209 1
293 238 1
293 292 1
294 19 1
294 20 1
294 21 1
294 22 1
294 23 1
294 27 1
294 48 1
294 74 1
294 75 1
294 77 1
294 87 1
294 190 1
294 191 1
294 192 1
294 193 1
294 194 1
294 195 1
294 196 1
294 198 1
294 206 1
294 207 1
294 208 1
294 209 1
294 293 1
295 21 1
295 22 1
295 23 1
295 25 1
295 29 1
295 72 1
295 73 1
295 191 1
295 192 1
295 193 1
295 194 1
295 195 1
295 196 1
295 198 1
295 206 1
295 208 1
295 209 1
295 293 1
295 294 1
296 26 1
296 95 1
296 137 1
296 145 1
296 150 1
296 198 1
296 199 1
296 200 1
296 201 1
296 202 1
296 203 1
296 204 1
296 236 1
296 237 1
296 252 1
296 253 1
296 263 1
296 292 1
297 22 1
297 27 1
297 74 1
297 75 1
297 76 1
297 77 1
297 87 1
297 129 1
297 199 1
297 204 1
297 205 1
297 206 1
297 237 1
297 238 1
297 293 1
297 294 1
298 19 1
298 20 1
298 22 1
298 27 1
298 38 1
298 39 1
298 48 1
298 74 1
298 75 1
298 76 1
298 77 1
298 87 1
298 93 1
298 116 1
298 124 1
298 129 1
298 144 1
298 190 1
298 193 1
298 204 1
298 205 1
298 206 1
298 207 1
298 237 1
298 238 1
298 251 1
298 293 1
298 294 1
298 297 1
299 19 1
299 22 1
299 27 1
299 38 1
299 39 1
299 48 1
299 74 1
299 75 1
299 76 1
299 77 1
299 87 1
299 93 1
299 116 1
299 124 1
299 129 1
299 137 1
299 190 1
299 193 1
299 198 1
299 199 1
299 204 1
299 205 1
299 206 1
299 207 1
299 208 1
299 209 1
299 237 1
299 238 1
299 251 1
299 252 1
299 263 1
299 297 1
299 298 1
300 31 1
300 35 1
300 80 1
300 119 1
300 120 1
300 138 1
300 147 1
300 210 1
300 254 1
301 35 1
301 119 1
301 147 1
301 210 1
301 254 1
301 300 1
302 31 1
302 35 1
302 80 1
302 119 1
302 120 1
302 138 1
302 147 1
302 210 1
302 254 1
302 300 1
302 301 1
303 31 1
303 35 1
303 79 1
303 80 1
303 117 1
303 120 1
303 138 1
303 139 1
303 210 1
303 211 1
303 212 1
303 214 1
303 222 1
303 254 1
303 264 1
303 300 1
303 302 1
304 31 1
304 32 1
304 33 1
304 34 1
304 37 1
304 40 1
304 41 1
304 43 1
304 49 1
304 50 1
304 54 1
304 88 1
304 89 1
304 92 1
304 117 1
304 118 1
304 133 1
304 139 1
304 148 1
304 149 1
304 211 1
304 212 1
304 214 1
304 220 1
304 221 1
304 222 1
304 223 1
304 225 1
304 226 1
304 227 1
304 228 1
304 259 1
304 260 1
304 264 1
305 79 1
305 80 1
305 89 1
305 120 1
305 138 1
305 210 1
305 213 1
305 214 1
305 254 1
305 303 1
306 32 1
306 37 1
306 40 1
306 41 1
306 49 1
306 50 1
306 54 1
306 88 1
306 90 1
306 92 1
306 117 1
306 133 1
306 139 1
306 148 1
306 149 1
306 211 1
306 212 1
306 217 1
306 218 1
306 219 1
306 220 1
306 221 1
306 222 1
306 225 1
306 226 1
306 256 1
306 257 1
306 258 1
306 259 1
306 260 1
306 304 1
307 10 1
307 12 1
307 16 1
307 17 1
307 18 1
307 36 1
307 44 1
307 45 1
307 51 1
307 65 1
307 68 1
307 69 1
307 83 1
307 84 1
307 90 1
307 122 1
307 123 1
307 130 1
307 148 1
307 149 1
307 152 1
307 172 1
307 174 1
307 175 1
307 186 1
307 215 1
307 216 1
307 217 1
307 218 1
307 219 1
307 220 1
307 221 1
307 234 1
307 246 1
307 255 1
307 256 1
307 257 1
307 265 1
307 285 1
307 286 1
307 287 1
307 288 1
307 289 1
307 290 1
307 306 1
308 36 1
308 39 1
308 51 1
308 53 1
308 68 1
308 69 1
308 91 1
308 93 1
308 94 1
308 121 1
308 122 1
308 123 1
308 124 1
308 130 1
308 144 1
308 186 1
308 215 1
308 216 1
308 219 1
308 255 1
308 256 1
308 257 1
308 258 1
308 285 1
308 307 1
309 36 1
309 39 1
309 51 1
309 53 1
309 68 1
309 69 1
309 91 1
309 93 1
309 94 1
309 123 1
309 130 1
309 186 1
309 215 1
309 219 1
309 256 1
309 257 1
309 258 1
309 285 1
309 286 1
309 307 1
309 308 1
310 12 1
310 36 1
310 45 1
310 51 1
310 53 1
310 65 1
310 68 1
310 69 1
310 83 1
310 90 1
310 91 1
310 92 1
310 94 1
310 122 1
310 123 1
310 130 1
310 148 1
310 149 1
310 152 1
310 186 1
310 215 1
310 216 1
310 217 1
310 218 1
310 219 1
310 220 1
310 221 1
310 225 1
310 234 1
310 246 1
310 255 1
310 256 1
310 257 1
310 258 1
310 259 1
310 265 1
310 285 1
310 286 1
310 306 1
310 307 1
310 308 1
310 309 1
311 19 1
311 20 1
311 28 1
311 30 1
311 31 1
311 37 1
311 38 1
311 39 1
311 40 1
311 48 1
311 51 1
311 92 1
311 93 1
311 94 1
311 114 1
311 117 1
311 122 1
311 124 1
311 130 1
311 131 1
311 132 1
311 133 1
311 139 1
311 144 1
311 188 1
311 189 1
311 207 1
311 216 1
311 218 1
311 219 1
311 222 1
311 223 1
311 224 1
311 225 1
311 226 1
311 227 1
311 233 1
311 250 1
311 251 1
311 258 1
311 259 1
311 260 1
311 264 1
311 308 1
312 36 1
312 37 1
312 38 1
312 39 1
312 40 1
312 41 1
312 50 1
312 51 1
312 53 1
312 54 1
312 92 1
312 93 1
312 94 1
312 117 1
312 122 1
312 123 1
312 124 1
312 130 1
312 131 1
312 132 1
312 133 1
312 139 1
312 144 1
312 148 1
312 149 1
312 212 1
312 216 1
312 217 1
312 218 1
312 219 1
312 220 1
312 221 1
312 223 1
312 224 1
312 225 1
312 226 1
312 227 1
312 250 1
312 256 1
312 257 1
312 258 1
312 259 1
312 260 1
312 264 1
312 304 1
312 306 1
312 307 1
312 308 1
312 309 1
312 310 1
312 311 1
313 28 1
313 32 1
313 33 1
313 34 1
313 38 1
313 40 1
313 41 1
313 43 1
313 49 1
313 50 1
313 54 1
313 88 1
313 94 1
313 95 1
313 116 1
313 117 1
313 118 1
313 133 1
313 145 1
313 146 1
313 150 1
313 224 1
313 225 1
313 226 1
313 227 1
313 228 1
313 230 1
313 236 1
313 253 1
313 258 1
313 259 1
313 260 1
313 263 1
313 304 1
313 312 1
314 26 1
314 32 1
314 33 1
314 34 1
314 41 1
314 49 1
314 78 1
314 82 1
314 95 1
314 118 1
314 134 1
314 145 1
314 150 1
314 151 1
314 201 1
314 203 1
314 228 1
314 229 1
314 236 1
314 313 1
315 1 1
315 2 1
315 3 1
315 4 1
315 6 1
315 7 1
315 55 1
315 56 1
315 57 1
315 59 1
315 61 1
315 62 1
315 96 1
315 97 1
315 98 1
315 99 1
315 101 1
315 140 1
315 154 1
315 155 1
315 156 1
315 159 1
315 160 1
315 161 1
315 162 1
315 164 1
315 165 1
315 166 1
315 167 1
315 168 1
315 231 1
315 240 1
315 242 1
315 243 1
315 244 1
315 261 1
315 262 1
315 267 1
315 269 1
315 270 1
315 271 1
315 272 1
315 273 1
315 274 1
315 275 1
315 276 1
316 2 1
316 3 1
316 4 1
316 6 1
316 7 1
316 55 1
316 56 1
316 59 1
316 62 1
316 96 1
316 97 1
316 101 1
316 140 1
316 154 1
316 155 1
316 156 1
316 160 1
316 161 1
316 162 1
316 164 1
316 165 1
316 166 1
316 167 1
316 168 1
316 231 1
316 240 1
316 242 1
316 243 1
316 244 1
316 262 1
316 267 1
316 269 1
316 270 1
316 271 1
316 272 1
316 274 1
316 275 1
316 276 1
316 315 1
317 1 1
317 4 1
317 6 1
317 7 1
317 11 1
317 44 1
317 56 1
317 61 1
317 85 1
317 98 1
317 99 1
317 102 1
317 154 1
317 155 1
317 160 1
317 165 1
317 166 1
317 167 1
317 173 1
317 174 1
317 231 1
317 240 1
317 271 1
317 272 1
317 273 1
317 274 1
317 275 1
317 315 1
318 0 1
318 1 1
318 4 1
318 6 1
318 7 1
318 11 1
318 44 1
318 55 1
318 56 1
318 61 1
318 62 1
318 65 1
318 84 1
318 85 1
318 98 1
318 102 1
318 153 1
318 154 1
318 155 1
318 160 1
318 165 1
318 166 1
318 167 1
318 168 1
318 170 1
318 172 1
318 173 1
318 174 1
318 175 1
318 231 1
318 239 1
318 240 1
318 262 1
318 265 1
318 266 1
318 271 1
318 273 1
318 274 1
318 275 1
318 315 1
318 317 1
319 0 1
319 6 1
319 7 1
319 11 1
319 17 1
319 44 1
319 56 1
319 61 1
319 65 1
319 71 1
319 81 1
319 84 1
319 85 1
319 102 1
319 152 1
319 153 1
319 154 1
319 155 1
319 165 1
319 166 1
319 173 1
319 174 1
319 175 1
319 239 1
319 249 1
319 265 1
319 266 1
319 273 1
319 274 1
319 317 1
319 318 1
320 13 1
320 14 1
320 15 1
320 42 1
320 46 1
320 66 1
320 104 1
320 107 1
320 110 1
320 111 1
320 126 1
320 128 1
320 135 1
320 141 1
320 176 1
320 177 1
320 178 1
320 179 1
320 181 1
320 182 1
320 183 1
320 184 1
320 232 1
320 235 1
320 245 1
320 247 1
320 248 1
320 280 1
320 282 1
320 283 1
321 0 1
321 10 1
321 16 1
321 17 1
321 44 1
321 45 1
321 65 1
321 70 1
321 71 1
321 84 1
321 85 1
321 106 1
321 112 1
321 113 1
321 136 1
321 152 1
321 153 1
321 168 1
321 169 1
321 172 1
321 173 1
321 174 1
321 175 1
321 187 1
321 234 1
321 246 1
321 249 1
321 265 1
321 266 1
321 277 1
321 285 1
321 286 1
321 287 1
321 288 1
321 289 1
322 19 1
322 20 1
322 30 1
322 38 1
322 39 1
322 48 1
322 51 1
322 86 1
322 93 1
322 94 1
322 114 1
322 122 1
322 124 1
322 130 1
322 132 1
322 144 1
322 189 1
322 190 1
322 207 1
322 223 1
322 224 1
322 233 1
322 250 1
322 251 1
322 258 1
322 308 1
322 311 1
323 21 1
323 25 1
323 26 1
323 27 1
323 28 1
323 29 1
323 38 1
323 82 1
323 95 1
323 116 1
323 137 1
323 145 1
323 146 1
323 191 1
323 192 1
323 196 1
323 198 1
323 199 1
323 200 1
323 201 1
323 202 1
323 203 1
323 204 1
323 206 1
323 207 1
323 208 1
323 209 1
323 228 1
323 229 1
323 230 1
323 236 1
323 237 1
323 238 1
323 253 1
323 263 1
323 292 1
323 296 1
323 313 1
324 31 1
324 35 1
324 80 1
324 119 1
324 120 1
324 138 1
324 210 1
324 211 1
324 214 1
324 254 1
324 300 1
324 302 1
324 303 1
324 305 1
325 31 1
325 32 1
325 34 1
325 37 1
325 40 1
325 41 1
325 49 1
325 50 1
325 52 1
325 54 1
325 88 1
325 89 1
325 90 1
325 92 1
325 117 1
325 133 1
325 139 1
325 148 1
325 149 1
325 211 1
325 212 1
325 214 1
325 217 1
325 218 1
325 220 1
325 221 1
325 222 1
325 223 1
325 225 1
325 226 1
325 257 1
325 259 1
325 260 1
325 264 1
325 304 1
325 306 1
325 312 1
326 44 1
326 45 1
326 50 1
326 65 1
326 90 1
326 148 1
326 149 1
326 152 1
326 217 1
326 218 1
326 219 1
326 220 1
326 221 1
326 225 1
326 234 1
326 256 1
326 257 1
326 265 1
326 304 1
326 306 1
326 307 1
326 310 1
326 312 1
326 325 1
327 19 1
327 20 1
327 27 1
327 28 1
327 30 1
327 38 1
327 39 1
327 40 1
327 48 1
327 54 1
327 77 1
327 93 1
327 94 1
327 95 1
327 116 1
327 124 1
327 129 1
327 130 1
327 133 1
327 137 1
327 144 1
327 146 1
327 189 1
327 190 1
327 204 1
327 206 1
327 207 1
327 208 1
327 209 1
327 223 1
327 224 1
327 225 1
327 226 1
327 227 1
327 230 1
327 238 1
327 251 1
327 258 1
327 259 1
327 260 1
327 263 1
327 298 1
327 299 1
327 311 1
327 312 1
327 313 1
327 322 1
328 1 1
328 2 1
328 3 1
328 4 1
328 6 1
328 7 1
328 55 1
328 56 1
328 57 1
328 59 1
328 60 1
328 61 1
328 62 1
328 96 1
328 97 1
328 98 1
328 99 1
328 101 1
328 140 1
328 155 1
328 156 1
328 158 1
328 159 1
328 160 1
328 161 1
328 162 1
328 164 1
328 165 1
328 166 1
328 167 1
328 168 1
328 173 1
328 231 1
328 240 1
328 241 1
328 242 1
328 243 1
328 244 1
328 261 1
328 262 1
328 267 1
328 269 1
328 270 1
328 271 1
328 272 1
328 273 1
328 274 1
328 275 1
328 276 1
328 315 1
328 316 1
328 317 1
328 318 1
329 1 1
329 2 1
329 3 1
329 5 1
329 60 1
329 96 1
329 100 1
329 157 1
329 158 1
329 159 1
329 161 1
329 162 1
329 163 1
329 164 1
329 241 1
329 261 1
329 269 1
329 270 1
330 5 1
330 60 1
330 100 1
330 157 1
330 158 1
330 159 1
330 163 1
330 241 1
330 261 1
330 270 1
330 329 1
331 14 1
331 15 1
331 42 1
331 46 1
331 47 1
331 111 1
331 128 1
331 141 1
331 142 1
331 177 1
331 179 1
331 180 1
331 181 1
331 182 1
331 183 1
331 184 1
331 235 1
331 247 1
331 248 1
331 282 1
331 283 1
331 320 1
332 13 1
332 14 1
332 15 1
332 42 1
332 46 1
332 66 1
332 67 1
332 107 1
332 110 1
332 111 1
332 126 1
332 127 1
332 128 1
332 141 1
332 177 1
332 178 1
332 179 1
332 180 1
332 181 1
332 182 1
332 183 1
332 232 1
332 235 1
332 247 1
332 248 1
332 282 1
332 283 1
332 320 1
332 331 1
333 9 1
333 12 1
333 42 1
333 66 1
333 104 1
333 126 1
333 135 1
333 141 1
333 171 1
333 176 1
333 177 1
333 179 1
333 184 1
333 185 1
333 232 1
333 247 1
333 248 1
333 279 1
333 280 1
333 281 1
333 282 1
333 283 1
333 331 1
334 0 1
334 8 1
334 10 1
334 12 1
334 16 1
334 17 1
334 44 1
334 45 1
334 65 1
334 68 1
334 69 1
334 70 1
334 71 1
334 83 1
334 84 1
334 105 1
334 106 1
334 112 1
334 123 1
334 136 1
334 152 1
334 170 1
334 172 1
334 173 1
334 174 1
334 175 1
334 186 1
334 234 1
334 246 1
334 249 1
334 255 1
334 256 1
334 265 1
334 277 1
334 278 1
334 285 1
334 286 1
334 287 1
334 288 1
334 289 1
334 290 1
334 307 1
334 310 1
334 321 1
335 31 1
335 32 1
335 33 1
335 34 1
335 40 1
335 41 1
335 43 1
335 49 1
335 54 1
335 82 1
335 88 1
335 95 1
335 117 1
335 118 1
335 133 1
335 134 1
335 146 1
335 147 1
335 150 1
335 151 1
335 211 1
335 212 1
335 226 1
335 227 1
335 228 1
335 229 1
335 230 1
335 260 1
335 300 1
335 301 1
335 304 1
335 313 1
335 314 1
336 36 1
336 37 1
336 39 1
336 40 1
336 51 1
336 53 1
336 90 1
336 92 1
336 94 1
336 122 1
336 123 1
336 130 1
336 131 1
336 132 1
336 133 1
336 139 1
336 148 1
336 149 1
336 188 1
336 215 1
336 216 1
336 217 1
336 218 1
336 219 1
336 220 1
336 221 1
336 222 1
336 223 1
336 224 1
336 225 1
336 226 1
336 250 1
336 255 1
336 256 1
336 257 1
336 258 1
336 259 1
336 260 1
336 264 1
336 291 1
336 306 1
336 307 1
336 308 1
336 309 1
336 310 1
336 311 1
336 312 1
336 326 1
337 10 1
337 12 1
337 36 1
337 45 1
337 51 1
337 53 1
337 68 1
337 69 1
337 83 1
337 91 1
337 121 1
337 122 1
337 123 1
337 130 1
337 148 1
337 152 1
337 186 1
337 215 1
337 216 1
337 218 1
337 219 1
337 220 1
337 234 1
337 246 1
337 255 1
337 256 1
337 257 1
337 285 1
337 286 1
337 287 1
337 288 1
337 289 1
337 307 1
337 308 1
337 309 1
337 310 1
337 312 1
337 326 1
337 334 1
337 336 1
338 30 1
338 31 1
338 36 1
338 37 1
338 38 1
338 39 1
338 40 1
338 41 1
338 43 1
338 50 1
338 51 1
338 54 1
338 92 1
338 93 1
338 94 1
338 117 1
338 122 1
338 124 1
338 130 1
338 131 1
338 132 1
338 133 1
338 139 1
338 144 1
338 148 1
338 149 1
338 188 1
338 189 1
338 211 1
338 212 1
338 216 1
338 217 1
338 218 1
338 219 1
338 220 1
338 221 1
338 222 1
338 223 1
338 224 1
338 225 1
338 226 1
338 227 1
338 233 1
338 250 1
338 251 1
338 256 1
338 257 1
338 258 1
338 259 1
338 260 1
338 264 1
338 304 1
338 306 1
338 308 1
338 310 1
338 311 1
338 312 1
338 322 1
338 327 1
338 336 1
339 0 1
339 17 1
339 18 1
339 36 1
339 51 1
339 68 1
339 71 1
339 83 1
339 84 1
339 90 1
339 121 1
339 122 1
339 152 1
339 188 1
339 215 1
339 216 1
339 217 1
339 218 1
339 219 1
339 234 1
339 255 1
339 256 1
339 257 1
339 265 1
339 285 1
339 286 1
339 287 1
339 289 1
339 290 1
339 291 1
339 307 1
339 310 1
339 334 1
339 337 1
340 1 1
340 2 1
340 3 1
340 4 1
340 5 1
340 57 1
340 60 1
340 96 1
340 98 1
340 99 1
340 100 1
340 101 1
340 140 1
340 156 1
340 157 1
340 158 1
340 159 1
340 160 1
340 161 1
340 162 1
340 163 1
340 164 1
340 231 1
340 241 1
340 243 1
340 244 1
340 261 1
340 267 1
340 268 1
340 269 1
340 270 1
340 271 1
340 315 1
340 328 1
340 329 1
341 1 1
341 2 1
341 3 1
341 4 1
341 5 1
341 6 1
341 57 1
341 60 1
341 96 1
341 97 1
341 98 1
341 99 1
341 100 1
341 156 1
341 157 1
341 158 1
341 159 1
341 160 1
341 161 1
341 162 1
341 163 1
341 164 1
341 166 1
341 231 1
341 241 1
341 243 1
341 244 1
341 261 1
341 267 1
341 269 1
341 270 1
341 271 1
341 275 1
341 315 1
341 316 1
341 328 1
341 329 1
341 330 1
341 340 1
342 1 1
342 2 1
342 3 1
342 4 1
342 6 1
342 7 1
342 55 1
342 56 1
342 59 1
342 62 1
342 96 1
342 97 1
342 99 1
342 154 1
342 155 1
342 156 1
342 159 1
342 160 1
342 161 1
342 162 1
342 164 1
342 165 1
342 166 1
342 167 1
342 168 1
342 169 1
342 170 1
342 173 1
342 187 1
342 231 1
342 240 1
342 242 1
342 243 1
342 244 1
342 261 1
342 262 1
342 267 1
342 269 1
342 270 1
342 271 1
342 274 1
342 275 1
342 276 1
342 315 1
342 316 1
342 317 1
342 318 1
342 328 1
342 341 1
343 1 1
343 2 1
343 3 1
343 4 1
343 6 1
343 7 1
343 56 1
343 57 1
343 61 1
343 62 1
343 96 1
343 97 1
343 98 1
343 99 1
343 102 1
343 140 1
343 155 1
343 156 1
343 158 1
343 159 1
343 160 1
343 161 1
343 162 1
343 164 1
343 165 1
343 166 1
343 167 1
343 168 1
343 173 1
343 231 1
343 240 1
343 241 1
343 242 1
343 243 1
343 244 1
343 261 1
343 262 1
343 267 1
343 269 1
343 270 1
343 271 1
343 272 1
343 273 1
343 274 1
343 275 1
343 315 1
343 316 1
343 317 1
343 318 1
343 328 1
343 340 1
343 341 1
343 342 1
344 2 1
344 3 1
344 4 1
344 59 1
344 60 1
344 62 1
344 96 1
344 97 1
344 100 1
344 156 1
344 160 1
344 161 1
344 162 1
344 164 1
344 240 1
344 242 1
344 243 1
344 244 1
344 267 1
344 269 1
344 270 1
344 315 1
344 316 1
344 328 1
344 341 1
344 342 1
344 343 1
345 1 1
345 2 1
345 3 1
345 4 1
345 5 1
345 57 1
345 59 1
345 60 1
345 96 1
345 97 1
345 99 1
345 100 1
345 156 1
345 157 1
345 159 1
345 160 1
345 161 1
345 162 1
345 163 1
345 164 1
345 242 1
345 243 1
345 244 1
345 261 1
345 267 1
345 269 1
345 270 1
345 271 1
345 315 1
345 316 1
345 328 1
345 329 1
345 340 1
345 341 1
345 342 1
345 343 1
345 344 1
346 1 1
346 2 1
346 4 1
346 6 1
346 7 1
346 11 1
346 44 1
346 55 1
346 56 1
346 61 1
346 85 1
346 98 1
346 99 1
346 102 1
346 154 1
346 155 1
346 156 1
346 159 1
346 160 1
346 165 1
346 166 1
346 167 1
346 168 1
346 173 1
346 174 1
346 231 1
346 240 1
346 267 1
346 271 1
346 272 1
346 273 1
346 274 1
346 275 1
346 315 1
346 316 1
346 317 1
346 318 1
346 319 1
346 328 1
346 342 1
346 343 1
347 8 1
347 10 1
347 12 1
347 16 1
347 62 1
347 63 1
347 64 1
347 70 1
347 103 1
347 105 1
347 106 1
347 112 1
347 125 1
347 136 1
347 168 1
347 169 1
347 170 1
347 171 1
347 172 1
347 176 1
347 187 1
347 246 1
347 262 1
347 276 1
347 277 1
347 278 1
347 280 1
347 281 1
348 8 1
348 10 1
348 12 1
348 42 1
348 44 1
348 45 1
348 62 1
348 63 1
348 64 1
348 103 1
348 105 1
348 106 1
348 135 1
348 136 1
348 167 1
348 168 1
348 169 1
348 170 1
348 171 1
348 172 1
348 176 1
348 187 1
348 246 1
348 262 1
348 274 1
348 275 1
348 276 1
348 277 1
348 278 1
348 280 1
348 281 1
348 347 1
349 8 1
349 10 1
349 12 1
349 16 1
349 44 1
349 45 1
349 62 1
349 63 1
349 64 1
349 65 1
349 70 1
349 103 1
349 105 1
349 106 1
349 112 1
349 125 1
349 135 1
349 136 1
349 167 1
349 168 1
349 169 1
349 170 1
349 171 1
349 172 1
349 173 1
349 175 1
349 176 1
349 187 1
349 246 1
349 262 1
349 274 1
349 275 1
349 276 1
349 277 1
349 278 1
349 280 1
349 281 1
349 288 1
349 289 1
349 321 1
349 334 1
349 347 1
349 348 1
350 8 1
350 9 1
350 10 1
350 12 1
350 42 1
350 63 1
350 64 1
350 66 1
350 104 1
350 105 1
350 106 1
350 125 1
350 135 1
350 171 1
350 176 1
350 184 1
350 185 1
350 186 1
350 232 1
350 245 1
350 246 1
350 248 1
350 277 1
350 278 1
350 279 1
350 280 1
350 281 1
350 333 1
350 347 1
350 348 1
350 349 1
351 8 1
351 10 1
351 12 1
351 16 1
351 44 1
351 45 1
351 62 1
351 63 1
351 65 1
351 70 1
351 84 1
351 105 1
351 106 1
351 112 1
351 135 1
351 136 1
351 152 1
351 168 1
351 169 1
351 170 1
351 171 1
351 172 1
351 173 1
351 174 1
351 175 1
351 186 1
351 234 1
351 246 1
351 262 1
351 265 1
351 274 1
351 275 1
351 276 1
351 277 1
351 278 1
351 281 1
351 285 1
351 286 1
351 288 1
351 289 1
351 307 1
351 321 1
351 326 1
351 334 1
351 347 1
351 348 1
351 349 1
351 350 1
352 0 1
352 6 1
352 7 1
352 11 1
352 44 1
352 55 1
352 56 1
352 61 1
352 65 1
352 71 1
352 84 1
352 85 1
352 102 1
352 153 1
352 154 1
352 155 1
352 165 1
352 166 1
352 167 1
352 168 1
352 172 1
352 173 1
352 174 1
352 175 1
352 239 1
352 240 1
352 249 1
352 262 1
352 265 1
352 266 1
352 273 1
352 274 1
352 275 1
352 317 1
352 318 1
352 319 1
352 343 1
352 346 1
353 0 1
353 7 1
353 8 1
353 10 1
353 12 1
353 16 1
353 17 1
353 44 1
353 45 1
353 63 1
353 65 1
353 68 1
353 69 1
353 70 1
353 71 1
353 83 1
353 84 1
353 85 1
353 105 1
353 106 1
353 112 1
353 136 1
353 152 1
353 153 1
353 168 1
353 169 1
353 170 1
353 172 1
353 173 1
353 174 1
353 175 1
353 186 1
353 187 1
353 234 1
353 246 1
353 249 1
353 262 1
353 265 1
353 274 1
353 277 1
353 285 1
353 286 1
353 287 1
353 288 1
353 289 1
353 290 1
353 307 1
353 310 1
353 321 1
353 326 1
353 334 1
353 337 1
353 348 1
353 349 1
353 351 1
353 352 1
354 13 1
354 14 1
354 15 1
354 42 1
354 46 1
354 66 1
354 104 1
354 110 1
354 111 1
354 126 1
354 128 1
354 135 1
354 141 1
354 142 1
354 176 1
354 177 1
354 178 1
354 179 1
354 180 1
354 181 1
354 182 1
354 183 1
354 184 1
354 185 1
354 232 1
354 235 1
354 247 1
354 248 1
354 282 1
354 283 1
354 320 1
354 331 1
354 332 1
354 333 1
355 13 1
355 14 1
355 15 1
355 67 1
355 110 1
355 111 1
355 127 1
355 128 1
355 177 1
355 178 1
355 179 1
355 180 1
355 181 1
355 182 1
355 183 1
355 235 1
355 248 1
355 283 1
355 320 1
355 332 1
355 354 1
356 13 1
356 14 1
356 15 1
356 42 1
356 46 1
356 66 1
356 104 1
356 110 1
356 111 1
356 126 1
356 128 1
356 135 1
356 141 1
356 176 1
356 177 1
356 178 1
356 179 1
356 180 1
356 181 1
356 182 1
356 183 1
356 184 1
356 232 1
356 235 1
356 245 1
356 247 1
356 248 1
356 280 1
356 282 1
356 283 1
356 320 1
356 331 1
356 332 1
356 333 1
356 354 1
356 355 1
357 13 1
357 14 1
357 15 1
357 42 1
357 46 1
357 66 1
357 104 1
357 111 1
357 126 1
357 135 1
357 141 1
357 176 1
357 177 1
357 178 1
357 179 1
357 180 1
357 182 1
357 183 1
357 184 1
357 185 1
357 232 1
357 235 1
357 247 1
357 248 1
357 280 1
357 281 1
357 282 1
357 283 1
357 320 1
357 331 1
357 332 1
357 333 1
357 350 1
357 354 1
357 356 1
358 0 1
358 11 1
358 16 1
358 17 1
358 18 1
358 44 1
358 45 1
358 65 1
358 71 1
358 81 1
358 83 1
358 84 1
358 85 1
358 112 1
358 152 1
358 153 1
358 173 1
358 174 1
358 175 1
358 217 1
358 234 1
358 239 1
358 249 1
358 255 1
358 265 1
358 266 1
358 286 1
358 289 1
358 290 1
358 307 1
358 319 1
358 321 1
358 334 1
358 339 1
358 352 1
358 353 1
359 19 1
359 20 1
359 23 1
359 30 1
359 39 1
359 48 1
359 86 1
359 93 1
359 94 1
359 114 1
359 124 1
359 132 1
359 144 1
359 189 1
359 190 1
359 207 1
359 224 1
359 233 1
359 250 1
359 251 1
359 311 1
359 322 1
359 327 1
359 338 1
360 21 1
360 25 1
360 26 1
360 27 1
360 28 1
360 29 1
360 72 1
360 73 1
360 95 1
360 116 1
360 137 1
360 145 1
360 146 1
360 191 1
360 192 1
360 193 1
360 195 1
360 196 1
360 198 1
360 199 1
360 200 1
360 201 1
360 202 1
360 203 1
360 204 1
360 206 1
360 207 1
360 208 1
360 209 1
360 230 1
360 237 1
360 238 1
360 253 1
360 263 1
360 292 1
360 293 1
360 295 1
360 296 1
360 323 1
361 21 1
361 25 1
361 26 1
361 27 1
361 28 1
361 29 1
361 77 1
361 95 1
361 116 1
361 137 1
361 145 1
361 146 1
361 191 1
361 192 1
361 196 1
361 198 1
361 199 1
361 200 1
361 201 1
361 202 1
361 203 1
361 204 1
361 205 1
361 206 1
361 207 1
361 208 1
361 209 1
361 236 1
361 237 1
361 238 1
361 252 1
361 253 1
361 263 1
361 292 1
361 293 1
361 296 1
361 299 1
361 323 1
361 360 1
362 27 1
362 74 1
362 75 1
362 76 1
362 77 1
362 87 1
362 129 1
362 137 1
362 192 1
362 198 1
362 199 1
362 204 1
362 205 1
362 206 1
362 237 1
362 238 1
362 252 1
362 263 1
362 292 1
362 296 1
362 297 1
362 298 1
362 299 1
362 361 1
363 19 1
363 20 1
363 22 1
363 23 1
363 27 1
363 28 1
363 29 1
363 30 1
363 38 1
363 40 1
363 48 1
363 77 1
363 86 1
363 93 1
363 94 1
363 114 1
363 116 1
363 124 1
363 144 1
363 146 1
363 189 1
363 190 1
363 193 1
363 194 1
363 195 1
363 206 1
363 207 1
363 208 1
363 209 1
363 223 1
363 224 1
363 230 1
363 233 1
363 238 1
363 251 1
363 311 1
363 322 1
363 327 1
363 359 1
364 19 1
364 20 1
364 23 1
364 28 1
364 29 1
364 30 1
364 38 1
364 39 1
364 40 1
364 48 1
364 77 1
364 86 1
364 93 1
364 94 1
364 114 1
364 116 1
364 124 1
364 132 1
364 144 1
364 146 1
364 189 1
364 190 1
364 206 1
364 207 1
364 208 1
364 209 1
364 223 1
364 224 1
364 230 1
364 233 1
364 238 1
364 250 1
364 251 1
364 258 1
364 260 1
364 311 1
364 322 1
364 327 1
364 338 1
364 359 1
364 363 1
365 31 1
365 32 1
365 33 1
365 34 1
365 40 1
365 41 1
365 43 1
365 49 1
365 50 1
365 54 1
365 88 1
365 89 1
365 92 1
365 117 1
365 132 1
365 133 1
365 138 1
365 139 1
365 210 1
365 211 1
365 212 1
365 214 1
365 222 1
365 223 1
365 224 1
365 225 1
365 226 1
365 227 1
365 228 1
365 230 1
365 254 1
365 259 1
365 260 1
365 264 1
365 300 1
365 303 1
365 304 1
365 313 1
365 324 1
365 325 1
365 335 1
365 338 1
366 31 1
366 34 1
366 35 1
366 37 1
366 43 1
366 79 1
366 80 1
366 88 1
366 89 1
366 117 1
366 120 1
366 131 1
366 138 1
366 139 1
366 210 1
366 211 1
366 212 1
366 214 1
366 222 1
366 223 1
366 226 1
366 254 1
366 259 1
366 260 1
366 264 1
366 300 1
366 302 1
366 303 1
366 304 1
366 305 1
366 324 1
366 325 1
366 365 1
367 31 1
367 34 1
367 37 1
367 40 1
367 43 1
367 49 1
367 50 1
367 52 1
367 81 1
367 88 1
367 89 1
367 90 1
367 92 1
367 117 1
367 131 1
367 132 1
367 133 1
367 139 1
367 148 1
367 149 1
367 211 1
367 212 1
367 214 1
367 217 1
367 218 1
367 220 1
367 221 1
367 222 1
367 223 1
367 225 1
367 226 1
367 259 1
367 260 1
367 264 1
367 303 1
367 304 1
367 306 1
367 325 1
367 338 1
367 365 1
367 366 1
368 31 1
368 32 1
368 34 1
368 37 1
368 40 1
368 41 1
368 43 1
368 49 1
368 50 1
368 54 1
368 88 1
368 89 1
368 90 1
368 92 1
368 117 1
368 131 1
368 132 1
368 133 1
368 139 1
368 148 1
368 149 1
368 211 1
368 212 1
368 217 1
368 218 1
368 219 1
368 220 1
368 221 1
368 222 1
368 223 1
368 225 1
368 226 1
368 227 1
368 257 1
368 258 1
368 259 1
368 260 1
368 264 1
368 304 1
368 306 1
368 310 1
368 312 1
368 325 1
368 326 1
368 336 1
368 338 1
368 365 1
368 367 1
369 17 1
369 18 1
369 36 1
369 45 1
369 51 1
369 53 1
369 65 1
369 68 1
369 69 1
369 71 1
369 83 1
369 84 1
369 90 1
369 121 1
369 122 1
369 123 1
369 130 1
369 148 1
369 149 1
369 152 1
369 175 1
369 186 1
369 215 1
369 216 1
369 217 1
369 218 1
369 219 1
369 220 1
369 221 1
369 234 1
369 246 1
369 255 1
369 256 1
369 257 1
369 265 1
369 285 1
369 286 1
369 287 1
369 288 1
369 289 1
369 290 1
369 291 1
369 307 1
369 308 1
369 309 1
369 310 1
369 326 1
369 334 1
369 336 1
369 337 1
369 339 1
369 353 1
369 358 1
370 18 1
370 36 1
370 37 1
370 51 1
370 52 1
370 81 1
370 83 1
370 90 1
370 92 1
370 122 1
370 131 1
370 139 1
370 148 1
370 149 1
370 152 1
370 188 1
370 215 1
370 216 1
370 217 1
370 218 1
370 219 1
370 220 1
370 221 1
370 222 1
370 234 1
370 255 1
370 256 1
370 257 1
370 264 1
370 265 1
370 290 1
370 291 1
370 306 1
370 307 1
370 310 1
370 326 1
370 336 1
370 339 1
370 358 1
370 368 1
370 369 1
371 36 1
371 37 1
371 39 1
371 40 1
371 51 1
371 53 1
371 91 1
371 92 1
371 93 1
371 94 1
371 122 1
371 123 1
371 124 1
371 130 1
371 131 1
371 132 1
371 133 1
371 139 1
371 144 1
371 148 1
371 149 1
371 188 1
371 215 1
371 216 1
371 217 1
371 218 1
371 219 1
371 220 1
371 221 1
371 223 1
371 224 1
371 225 1
371 250 1
371 255 1
371 256 1
371 257 1
371 258 1
371 259 1
371 264 1
371 291 1
371 306 1
371 307 1
371 308 1
371 309 1
371 310 1
371 311 1
371 312 1
371 322 1
371 326 1
371 327 1
371 336 1
371 337 1
371 338 1
371 368 1
371 369 1
371 370 1
372 26 1
372 32 1
372 33 1
372 34 1
372 40 1
372 41 1
372 43 1
372 49 1
372 50 1
372 54 1
372 88 1
372 95 1
372 117 1
372 118 1
372 133 1
372 134 1
372 150 1
372 226 1
372 227 1
372 228 1
372 229 1
372 230 1
372 236 1
372 260 1
372 304 1
372 313 1
372 314 1
372 335 1
372 365 1
373 2 1
373 3 1
373 4 1
373 6 1
373 7 1
373 55 1
373 56 1
373 57 1
373 59 1
373 61 1
373 96 1
373 97 1
373 98 1
373 99 1
373 101 1
373 140 1
373 155 1
373 156 1
373 160 1
373 161 1
373 162 1
373 164 1
373 165 1
373 166 1
373 167 1
373 231 1
373 240 1
373 242 1
373 243 1
373 244 1
373 267 1
373 271 1
373 272 1
373 275 1
373 315 1
373 316 1
373 328 1
373 340 1
373 342 1
373 343 1
373 344 1
373 345 1
373 346 1
374 2 1
374 3 1
374 4 1
374 6 1
374 7 1
374 55 1
374 56 1
374 57 1
374 59 1
374 61 1
374 62 1
374 85 1
374 96 1
374 97 1
374 99 1
374 101 1
374 113 1
374 140 1
374 154 1
374 155 1
374 156 1
374 160 1
374 161 1
374 162 1
374 164 1
374 165 1
374 166 1
374 167 1
374 168 1
374 231 1
374 240 1
374 242 1
374 243 1
374 244 1
374 262 1
374 267 1
374 269 1
374 271 1
374 272 1
374 273 1
374 274 1
374 275 1
374 276 1
374 315 1
374 316 1
374 317 1
374 318 1
374 328 1
374 342 1
374 343 1
374 344 1
374 345 1
374 346 1
374 352 1
374 373 1
375 8 1
375 9 1
375 10 1
375 12 1
375 42 1
375 62 1
375 63 1
375 64 1
375 66 1
375 103 1
375 105 1
375 106 1
375 125 1
375 135 1
375 136 1
375 168 1
375 169 1
375 170 1
375 171 1
375 172 1
375 176 1
375 246 1
375 262 1
375 276 1
375 277 1
375 278 1
375 279 1
375 280 1
375 281 1
375 347 1
375 348 1
375 349 1
375 350 1
375 351 1
376 9 1
376 13 1
376 42 1
376 64 1
376 66 1
376 104 1
376 105 1
376 107 1
376 125 1
376 126 1
376 135 1
376 171 1
376 176 1
376 177 1
376 178 1
376 183 1
376 184 1
376 185 1
376 232 1
376 245 1
376 247 1
376 248 1
376 278 1
376 279 1
376 280 1
376 281 1
376 320 1
376 333 1
376 350 1
376 354 1
376 356 1
376 357 1
376 375 1
377 0 1
377 6 1
377 7 1
377 11 1
377 16 1
377 17 1
377 44 1
377 45 1
377 56 1
377 61 1
377 62 1
377 65 1
377 71 1
377 84 1
377 85 1
377 102 1
377 112 1
377 113 1
377 153 1
377 154 1
377 155 1
377 165 1
377 166 1
377 167 1
377 168 1
377 170 1
377 172 1
377 173 1
377 174 1
377 175 1
377 187 1
377 234 1
377 239 1
377 249 1
377 262 1
377 265 1
377 266 1
377 273 1
377 274 1
377 275 1
377 276 1
377 317 1
377 318 1
377 319 1
377 328 1
377 342 1
377 343 1
377 346 1
377 351 1
377 352 1
377 353 1
377 358 1
377 374 1
378 13 1
378 14 1
378 15 1
378 42 1
378 66 1
378 104 1
378 107 1
378 110 1
378 111 1
378 126 1
378 135 1
378 141 1
378 176 1
378 177 1
378 178 1
378 179 1
378 181 1
378 182 1
378 183 1
378 184 1
378 232 1
378 235 1
378 245 1
378 247 1
378 248 1
378 279 1
378 280 1
378 282 1
378 283 1
378 320 1
378 332 1
378 333 1
378 354 1
378 355 1
378 356 1
378 357 1
378 376 1
379 14 1
379 15 1
379 46 1
379 47 1
379 111 1
379 128 1
379 141 1
379 142 1
379 143 1
379 177 1
379 179 1
379 180 1
379 181 1
379 182 1
379 183 1
379 184 1
379 235 1
379 247 1
379 248 1
379 282 1
379 283 1
379 284 1
379 320 1
379 331 1
379 332 1
379 333 1
379 354 1
379 355 1
379 356 1
379 357 1
380 10 1
380 12 1
380 36 1
380 45 1
380 51 1
380 53 1
380 68 1
380 69 1
380 70 1
380 83 1
380 91 1
380 121 1
380 123 1
380 130 1
380 152 1
380 186 1
380 215 1
380 219 1
380 234 1
380 246 1
380 255 1
380 256 1
380 257 1
380 285 1
380 286 1
380 287 1
380 288 1
380 289 1
380 307 1
380 308 1
380 309 1
380 310 1
380 334 1
380 337 1
380 339 1
380 353 1
380 369 1
380 371 1
381 0 1
381 8 1
381 10 1
381 16 1
381 17 1
381 44 1
381 45 1
381 65 1
381 70 1
381 71 1
381 84 1
381 103 1
381 105 1
381 106 1
381 112 1
381 113 1
381 136 1
381 153 1
381 168 1
381 169 1
381 170 1
381 172 1
381 173 1
381 174 1
381 175 1
381 187 1
381 234 1
381 246 1
381 249 1
381 265 1
381 276 1
381 277 1
381 278 1
381 286 1
381 287 1
381 288 1
381 289 1
381 321 1
381 334 1
381 347 1
381 348 1
381 349 1
381 351 1
381 353 1
381 375 1
382 21 1
382 22 1
382 25 1
382 27 1
382 74 1
382 77 1
382 87 1
382 137 1
382 191 1
382 192 1
382 193 1
382 194 1
382 195 1
382 196 1
382 198 1
382 199 1
382 204 1
382 205 1
382 206 1
382 208 1
382 237 1
382 263 1
382 292 1
382 293 1
382 294 1
382 295 1
382 297 1
382 360 1
382 361 1
382 362 1
383 26 1
383 137 1
383 145 1
383 150 1
383 200 1
383 201 1
383 204 1
383 236 1
383 237 1
383 252 1
383 263 1
383 296 1
383 361 1
384 19 1
384 20 1
384 22 1
384 23 1
384 27 1
384 28 1
384 38 1
384 48 1
384 74 1
384 75 1
384 76 1
384 77 1
384 87 1
384 93 1
384 116 1
384 124 1
384 129 1
384 137 1
384 146 1
384 190 1
384 192 1
384 193 1
384 194 1
384 198 1
384 199 1
384 204 1
384 205 1
384 206 1
384 207 1
384 208 1
384 209 1
384 237 1
384 238 1
384 251 1
384 252 1
384 263 1
384 292 1
384 293 1
384 294 1
384 297 1
384 298 1
384 299 1
384 323 1
384 327 1
384 360 1
384 361 1
384 362 1
384 382 1
385 1 1
385 2 1
385 3 1
385 5 1
385 60 1
385 100 1
385 157 1
385 158 1
385 159 1
385 162 1
385 163 1
385 164 1
385 241 1
385 261 1
385 269 1
385 270 1
385 329 1
385 330 1
385 340 1
385 341 1
385 345 1
386 1 1
386 2 1
386 3 1
386 5 1
386 57 1
386 60 1
386 96 1
386 99 1
386 100 1
386 156 1
386 157 1
386 158 1
386 159 1
386 160 1
386 161 1
386 162 1
386 163 1
386 164 1
386 241 1
386 243 1
386 244 1
386 261 1
386 269 1
386 270 1
386 271 1
386 328 1
386 329 1
386 330 1
386 340 1
386 341 1
386 345 1
386 385 1
387 2 1
387 3 1
387 4 1
387 5 1
387 57 1
387 59 1
387 60 1
387 96 1
387 98 1
387 99 1
387 100 1
387 101 1
387 140 1
387 156 1
387 157 1
387 159 1
387 160 1
387 161 1
387 162 1
387 164 1
387 231 1
387 240 1
387 242 1
387 243 1
387 244 1
387 267 1
387 270 1
387 271 1
387 272 1
387 315 1
387 316 1
387 328 1
387 340 1
387 341 1
387 343 1
387 344 1
387 345 1
387 373 1
387 386 1
388 8 1
388 9 1
388 10 1
388 12 1
388 16 1
388 42 1
388 44 1
388 45 1
388 63 1
388 64 1
388 70 1
388 103 1
388 105 1
388 106 1
388 125 1
388 135 1
388 136 1
388 168 1
388 169 1
388 170 1
388 171 1
388 172 1
388 176 1
388 246 1
388 262 1
388 276 1
388 277 1
388 278 1
388 279 1
388 280 1
388 281 1
388 285 1
388 288 1
388 289 1
388 321 1
388 334 1
388 347 1
388 348 1
388 349 1
388 350 1
388 351 1
388 353 1
388 375 1
388 381 1
389 8 1
389 9 1
389 10 1
389 12 1
389 42 1
389 45 1
389 63 1
389 64 1
389 69 1
389 105 1
389 106 1
389 123 1
389 125 1
389 135 1
389 136 1
389 170 1
389 171 1
389 172 1
389 176 1
389 184 1
389 185 1
389 186 1
389 246 1
389 277 1
389 278 1
389 279 1
389 280 1
389 281 1
389 285 1
389 288 1
389 333 1
389 334 1
389 337 1
389 347 1
389 348 1
389 349 1
389 350 1
389 351 1
389 353 1
389 375 1
389 376 1
389 388 1
390 18 1
390 36 1
390 37 1
390 51 1
390 81 1
390 83 1
390 90 1
390 92 1
390 121 1
390 122 1
390 131 1
390 132 1
390 139 1
390 152 1
390 188 1
390 215 1
390 216 1
390 217 1
390 218 1
390 219 1
390 220 1
390 222 1
390 250 1
390 255 1
390 257 1
390 264 1
390 290 1
390 291 1
390 336 1
390 339 1
390 369 1
390 370 1
390 371 1
391 16 1
391 17 1
391 18 1
391 36 1
391 45 1
391 51 1
391 53 1
391 65 1
391 68 1
391 69 1
391 70 1
391 71 1
391 83 1
391 84 1
391 121 1
391 122 1
391 123 1
391 130 1
391 152 1
391 186 1
391 215 1
391 216 1
391 217 1
391 218 1
391 219 1
391 220 1
391 234 1
391 246 1
391 255 1
391 256 1
391 257 1
391 265 1
391 285 1
391 286 1
391 287 1
391 288 1
391 289 1
391 290 1
391 291 1
391 307 1
391 308 1
391 309 1
391 310 1
391 334 1
391 336 1
391 337 1
391 339 1
391 353 1
391 358 1
391 369 1
391 370 1
391 371 1
391 380 1
391 390 1
392 18 1
392 36 1
392 37 1
392 51 1
392 52 1
392 81 1
392 83 1
392 90 1
392 92 1
392 122 1
392 130 1
392 131 1
392 132 1
392 139 1
392 148 1
392 149 1
392 152 1
392 188 1
392 215 1
392 216 1
392 217 1
392 218 1
392 219 1
392 220 1
392 221 1
392 222 1
392 223 1
392 225 1
392 250 1
392 255 1
392 256 1
392 257 1
392 259 1
392 264 1
392 290 1
392 291 1
392 306 1
392 307 1
392 310 1
392 312 1
392 336 1
392 338 1
392 339 1
392 367 1
392 368 1
392 369 1
392 370 1
392 371 1
392 390 1
392 391 1
393 19 1
393 20 1
393 27 1
393 28 1
393 30 1
393 31 1
393 34 1
393 38 1
393 39 1
393 40 1
393 41 1
393 43 1
393 48 1
393 54 1
393 77 1
393 86 1
393 92 1
393 93 1
393 94 1
393 95 1
393 114 1
393 116 1
393 117 1
393 124 1
393 132 1
393 133 1
393 139 1
393 144 1
393 146 1
393 189 1
393 206 1
393 207 1
393 208 1
393 209 1
393 223 1
393 224 1
393 225 1
393 226 1
393 227 1
393 228 1
393 230 1
393 233 1
393 238 1
393 250 1
393 251 1
393 258 1
393 259 1
393 260 1
393 264 1
393 311 1
393 312 1
393 313 1
393 322 1
393 327 1
393 336 1
393 338 1
393 359 1
393 363 1
393 364 1
393 365 1
393 371 1
