# minsup
1
# graph
G_./5g5t.pdb
# node ID, label
0 A
1 A
2 A
3 A
4 D
5 D
6 D
7 D
8 D
9 D
10 D
11 D
12 D
13 D
14 D
15 D
16 D
17 D
18 D
19 E
20 E
21 E
22 E
23 E
24 E
25 E
26 E
27 E
28 E
29 E
30 E
31 E
32 E
33 E
34 E
35 E
36 E
37 E
38 E
39 F
40 F
41 F
42 F
43 F
44 F
45 F
46 F
47 F
48 G
49 G
50 G
51 G
52 G
53 G
54 G
55 G
56 G
57 H
58 H
59 I
60 I
61 I
62 I
63 I
64 I
65 I
66 I
67 I
68 I
69 I
70 I
71 I
72 I
73 I
74 I
75 I
76 I
77 I
78 I
79 I
80 I
81 I
82 K
83 K
84 K
85 K
86 K
87 K
88 K
89 K
90 K
91 K
92 K
93 K
94 K
95 K
96 K
97 K
98 K
99 K
100 K
101 K
102 K
103 K
104 K
105 K
106 K
107 K
108 K
109 K
110 K
111 L
112 L
113 L
114 L
115 L
116 L
117 L
118 L
119 L
120 L
121 L
122 L
123 L
124 M
125 M
126 M
127 M
128 M
129 N
130 N
131 N
132 N
133 N
134 N
135 N
136 N
137 N
138 N
139 N
140 N
141 N
142 N
143 N
144 N
145 N
146 N
147 P
148 P
149 P
150 P
151 P
152 Q
153 Q
154 Q
155 Q
156 R
157 R
158 R
159 R
160 R
161 R
162 R
163 R
164 R
165 R
166 S
167 S
168 S
169 S
170 S
171 S
172 S
173 S
174 S
175 S
176 T
177 T
178 T
179 T
180 T
181 T
182 V
183 V
184 V
185 V
186 V
187 V
188 V
189 V
190 W
191 W
192 W
193 W
194 W
195 Y
196 Y
197 Y
198 Y
199 Y
200 Y
201 Y
202 Y
203 Y
204 Y
205 Y
206 Y
207 Y
# node ID1, node ID2, number of bounds
6 4 1
6 5 1
9 8 1
10 1 1
11 1 1
11 10 1
12 1 1
12 3 1
12 11 1
13 10 1
14 10 1
14 13 1
16 1 1
16 12 1
17 16 1
19 4 1
19 5 1
19 6 1
21 7 1
22 8 1
22 9 1
23 8 1
23 9 1
23 22 1
25 1 1
25 10 1
25 11 1
25 13 1
25 14 1
26 1 1
26 10 1
26 11 1
26 13 1
26 14 1
26 25 1
27 1 1
27 10 1
27 11 1
27 12 1
27 25 1
27 26 1
28 2 1
28 24 1
29 10 1
29 14 1
30 15 1
30 24 1
31 9 1
31 10 1
31 13 1
31 14 1
31 25 1
31 26 1
32 13 1
32 14 1
32 31 1
33 1 1
33 10 1
33 11 1
33 12 1
33 16 1
33 17 1
33 25 1
33 26 1
33 27 1
33 31 1
35 34 1
36 18 1
37 18 1
37 36 1
38 18 1
38 37 1
39 4 1
39 5 1
39 6 1
39 19 1
39 20 1
40 4 1
41 40 1
42 4 1
42 6 1
42 19 1
42 39 1
42 40 1
42 41 1
43 10 1
43 11 1
43 13 1
43 14 1
43 25 1
43 26 1
43 27 1
43 29 1
43 31 1
44 15 1
44 29 1
44 30 1
45 18 1
45 36 1
48 39 1
48 40 1
48 41 1
48 42 1
49 19 1
49 39 1
49 40 1
49 41 1
49 42 1
49 48 1
50 10 1
50 13 1
50 14 1
50 25 1
50 29 1
50 43 1
51 1 1
51 10 1
51 11 1
51 13 1
51 14 1
51 25 1
51 26 1
51 27 1
51 31 1
51 32 1
51 33 1
51 43 1
51 50 1
52 1 1
52 12 1
52 16 1
52 17 1
52 33 1
53 34 1
53 35 1
53 45 1
54 34 1
54 35 1
54 53 1
55 18 1
55 36 1
55 37 1
55 38 1
56 32 1
56 34 1
56 53 1
56 54 1
57 5 1
57 19 1
57 20 1
57 39 1
57 42 1
57 48 1
57 49 1
58 34 1
58 35 1
58 53 1
58 54 1
58 56 1
59 4 1
59 6 1
59 19 1
59 39 1
59 40 1
59 42 1
59 49 1
59 57 1
60 4 1
60 19 1
60 39 1
60 40 1
60 41 1
60 42 1
60 48 1
60 49 1
60 57 1
60 59 1
61 4 1
61 19 1
61 36 1
61 39 1
61 40 1
61 42 1
61 48 1
61 49 1
61 57 1
61 59 1
61 60 1
62 4 1
62 5 1
62 6 1
62 19 1
62 40 1
62 41 1
62 42 1
62 49 1
62 59 1
63 4 1
63 5 1
63 6 1
63 19 1
63 39 1
63 40 1
63 42 1
63 49 1
63 57 1
63 59 1
63 60 1
63 61 1
63 62 1
64 4 1
64 5 1
64 6 1
64 19 1
64 39 1
64 42 1
64 49 1
64 57 1
64 59 1
64 60 1
64 61 1
64 63 1
65 17 1
65 52 1
66 2 1
66 65 1
67 15 1
67 24 1
67 28 1
67 30 1
68 2 1
68 15 1
68 24 1
68 28 1
68 30 1
68 67 1
69 1 1
69 3 1
69 10 1
69 12 1
69 25 1
69 26 1
69 27 1
69 29 1
69 43 1
69 51 1
70 1 1
70 3 1
70 10 1
70 11 1
70 12 1
70 13 1
70 14 1
70 25 1
70 26 1
70 27 1
70 29 1
70 31 1
70 33 1
70 43 1
70 50 1
70 51 1
70 69 1
71 1 1
71 10 1
71 11 1
71 12 1
71 13 1
71 14 1
71 25 1
71 26 1
71 27 1
71 31 1
71 33 1
71 43 1
71 51 1
71 69 1
71 70 1
72 1 1
72 3 1
72 10 1
72 11 1
72 12 1
72 16 1
72 25 1
72 26 1
72 27 1
72 33 1
72 43 1
72 51 1
72 52 1
72 69 1
72 70 1
72 71 1
73 2 1
73 28 1
73 65 1
73 66 1
74 10 1
74 13 1
74 14 1
74 25 1
74 26 1
74 29 1
74 31 1
74 32 1
74 43 1
74 50 1
74 51 1
74 70 1
75 10 1
75 13 1
75 14 1
75 25 1
75 26 1
75 29 1
75 32 1
75 43 1
75 50 1
75 51 1
75 69 1
75 70 1
75 74 1
76 10 1
76 13 1
76 14 1
76 25 1
76 29 1
76 32 1
76 43 1
76 44 1
76 50 1
76 69 1
76 70 1
76 74 1
76 75 1
77 14 1
77 15 1
77 29 1
77 30 1
77 43 1
77 44 1
77 50 1
77 69 1
77 70 1
77 74 1
77 75 1
77 76 1
78 15 1
78 24 1
78 30 1
78 44 1
78 67 1
78 68 1
78 77 1
79 13 1
79 14 1
79 31 1
79 32 1
79 43 1
79 50 1
79 51 1
79 56 1
79 74 1
79 75 1
79 76 1
79 77 1
81 18 1
81 36 1
81 45 1
81 61 1
82 4 1
82 6 1
82 19 1
82 39 1
82 42 1
82 59 1
82 60 1
82 61 1
82 62 1
82 63 1
82 64 1
83 4 1
83 19 1
83 39 1
83 40 1
83 42 1
83 59 1
83 60 1
83 61 1
83 63 1
83 64 1
83 82 1
84 4 1
84 19 1
84 42 1
84 59 1
84 60 1
84 61 1
84 63 1
84 64 1
84 82 1
84 83 1
85 4 1
85 6 1
85 19 1
85 39 1
85 40 1
85 42 1
85 49 1
85 57 1
85 59 1
85 60 1
85 61 1
85 62 1
85 63 1
85 64 1
85 82 1
85 83 1
85 84 1
86 5 1
86 6 1
86 19 1
86 39 1
86 42 1
86 49 1
86 57 1
86 59 1
86 62 1
86 63 1
86 64 1
86 82 1
86 85 1
87 5 1
87 6 1
87 40 1
87 41 1
87 48 1
87 49 1
87 59 1
87 62 1
87 63 1
87 82 1
87 86 1
88 5 1
88 19 1
88 39 1
88 42 1
88 49 1
88 57 1
88 59 1
88 60 1
88 61 1
88 63 1
88 64 1
88 82 1
88 85 1
88 86 1
89 20 1
89 39 1
89 57 1
89 64 1
89 88 1
90 7 1
90 21 1
91 8 1
91 9 1
91 22 1
91 23 1
91 47 1
92 65 1
92 66 1
92 73 1
93 2 1
93 15 1
93 24 1
93 28 1
93 30 1
93 67 1
93 68 1
93 73 1
93 78 1
94 1 1
94 10 1
94 11 1
94 12 1
94 14 1
94 25 1
94 26 1
94 27 1
94 31 1
94 33 1
94 43 1
94 51 1
94 69 1
94 70 1
94 71 1
94 72 1
95 1 1
95 3 1
95 10 1
95 11 1
95 12 1
95 25 1
95 26 1
95 27 1
95 33 1
95 51 1
95 69 1
95 70 1
95 71 1
95 72 1
95 94 1
96 1 1
96 3 1
96 10 1
96 11 1
96 12 1
96 16 1
96 25 1
96 27 1
96 33 1
96 51 1
96 69 1
96 70 1
96 71 1
96 72 1
96 94 1
96 95 1
97 2 1
97 28 1
97 65 1
97 66 1
97 73 1
97 92 1
98 2 1
98 28 1
98 66 1
98 73 1
98 92 1
98 93 1
98 97 1
99 3 1
99 10 1
99 11 1
99 14 1
99 25 1
99 26 1
99 27 1
99 29 1
99 43 1
99 50 1
99 51 1
99 69 1
99 70 1
99 71 1
99 72 1
99 74 1
99 75 1
99 76 1
99 77 1
99 94 1
99 95 1
99 96 1
100 13 1
100 14 1
100 29 1
100 43 1
100 44 1
100 50 1
100 74 1
100 75 1
100 76 1
100 77 1
100 79 1
100 99 1
101 15 1
101 29 1
101 30 1
101 43 1
101 44 1
101 50 1
101 74 1
101 75 1
101 76 1
101 77 1
101 78 1
101 99 1
101 100 1
102 1 1
102 10 1
102 11 1
102 13 1
102 14 1
102 25 1
102 26 1
102 27 1
102 31 1
102 32 1
102 33 1
102 43 1
102 51 1
102 69 1
102 70 1
102 71 1
102 72 1
102 74 1
102 94 1
102 99 1
103 10 1
103 13 1
103 14 1
103 29 1
103 31 1
103 32 1
103 43 1
103 50 1
103 51 1
103 56 1
103 69 1
103 70 1
103 74 1
103 75 1
103 76 1
103 77 1
103 78 1
103 79 1
103 100 1
103 101 1
104 32 1
104 50 1
104 56 1
104 74 1
104 75 1
104 76 1
104 77 1
104 78 1
104 79 1
104 100 1
104 101 1
104 103 1
105 1 1
105 12 1
105 16 1
105 17 1
105 27 1
105 31 1
105 33 1
105 51 1
105 52 1
105 71 1
105 72 1
105 102 1
106 16 1
106 17 1
106 52 1
106 65 1
106 105 1
107 18 1
107 36 1
107 37 1
107 38 1
107 55 1
107 81 1
108 45 1
108 46 1
109 32 1
109 53 1
109 54 1
109 56 1
109 58 1
109 79 1
109 103 1
109 104 1
110 32 1
110 34 1
110 56 1
110 58 1
110 78 1
110 79 1
110 101 1
110 103 1
110 104 1
110 109 1
111 5 1
111 6 1
111 19 1
111 40 1
111 41 1
111 42 1
111 48 1
111 49 1
111 59 1
111 62 1
111 63 1
111 82 1
111 86 1
111 87 1
112 20 1
112 39 1
112 42 1
112 49 1
112 57 1
112 64 1
112 88 1
112 89 1
113 20 1
113 39 1
113 42 1
113 48 1
113 49 1
113 57 1
113 88 1
113 89 1
113 112 1
114 8 1
114 9 1
114 22 1
114 23 1
114 91 1
115 8 1
115 9 1
115 22 1
115 23 1
115 47 1
115 91 1
115 114 1
116 3 1
116 15 1
116 30 1
116 44 1
116 67 1
116 68 1
116 69 1
116 77 1
116 78 1
116 93 1
116 99 1
116 101 1
117 1 1
117 3 1
117 10 1
117 11 1
117 12 1
117 13 1
117 14 1
117 25 1
117 26 1
117 27 1
117 29 1
117 31 1
117 43 1
117 50 1
117 51 1
117 69 1
117 70 1
117 71 1
117 72 1
117 74 1
117 75 1
117 76 1
117 77 1
117 79 1
117 94 1
117 95 1
117 96 1
117 99 1
117 100 1
117 101 1
117 102 1
117 103 1
117 104 1
117 116 1
118 1 1
118 3 1
118 10 1
118 11 1
118 12 1
118 25 1
118 26 1
118 27 1
118 33 1
118 43 1
118 51 1
118 69 1
118 70 1
118 71 1
118 72 1
118 94 1
118 95 1
118 96 1
118 99 1
118 102 1
118 117 1
119 10 1
119 13 1
119 14 1
119 29 1
119 31 1
119 32 1
119 43 1
119 50 1
119 51 1
119 69 1
119 70 1
119 74 1
119 75 1
119 76 1
119 77 1
119 79 1
119 99 1
119 100 1
119 101 1
119 102 1
119 103 1
119 104 1
119 109 1
119 110 1
119 117 1
120 14 1
120 15 1
120 29 1
120 30 1
120 32 1
120 43 1
120 44 1
120 50 1
120 69 1
120 70 1
120 74 1
120 75 1
120 76 1
120 77 1
120 78 1
120 79 1
120 99 1
120 100 1
120 101 1
120 103 1
120 104 1
120 109 1
120 110 1
120 116 1
120 117 1
120 119 1
121 1 1
121 10 1
121 11 1
121 13 1
121 16 1
121 17 1
121 25 1
121 26 1
121 27 1
121 31 1
121 32 1
121 33 1
121 43 1
121 51 1
121 52 1
121 69 1
121 70 1
121 71 1
121 72 1
121 94 1
121 96 1
121 102 1
121 103 1
121 105 1
121 117 1
121 118 1
121 119 1
122 18 1
122 34 1
122 35 1
122 36 1
122 45 1
122 53 1
122 54 1
122 58 1
122 81 1
123 46 1
123 80 1
125 4 1
125 39 1
125 40 1
125 41 1
125 42 1
125 48 1
125 49 1
125 57 1
125 59 1
125 60 1
125 61 1
125 63 1
125 64 1
125 83 1
125 85 1
125 88 1
125 112 1
125 113 1
126 7 1
126 21 1
126 90 1
127 8 1
127 9 1
127 22 1
127 23 1
127 91 1
127 114 1
127 115 1
128 16 1
128 17 1
128 33 1
128 52 1
128 72 1
128 105 1
128 106 1
128 121 1
129 39 1
129 40 1
129 41 1
129 42 1
129 48 1
129 49 1
129 59 1
129 60 1
129 61 1
129 62 1
129 85 1
129 87 1
129 111 1
129 125 1
130 4 1
130 19 1
130 36 1
130 39 1
130 40 1
130 42 1
130 49 1
130 59 1
130 60 1
130 61 1
130 63 1
130 64 1
130 82 1
130 83 1
130 84 1
130 85 1
130 125 1
130 129 1
131 5 1
131 6 1
131 19 1
131 39 1
131 57 1
131 59 1
131 62 1
131 63 1
131 64 1
131 82 1
131 86 1
131 87 1
131 111 1
132 0 1
133 2 1
133 28 1
133 66 1
133 73 1
133 92 1
133 97 1
133 98 1
134 2 1
134 24 1
134 28 1
134 30 1
134 67 1
134 68 1
134 73 1
134 78 1
134 93 1
134 97 1
134 98 1
134 116 1
135 2 1
135 3 1
135 15 1
135 24 1
135 28 1
135 30 1
135 67 1
135 68 1
135 73 1
135 78 1
135 93 1
135 97 1
135 98 1
135 116 1
135 134 1
136 2 1
136 28 1
136 65 1
136 66 1
136 73 1
136 93 1
136 97 1
136 98 1
136 134 1
136 135 1
137 2 1
137 28 1
137 66 1
137 68 1
137 73 1
137 93 1
137 97 1
137 98 1
137 133 1
137 134 1
137 135 1
137 136 1
138 2 1
138 3 1
138 30 1
138 68 1
138 69 1
138 78 1
138 93 1
138 96 1
138 99 1
138 116 1
138 117 1
138 134 1
138 135 1
138 136 1
138 137 1
139 3 1
139 12 1
139 69 1
139 70 1
139 72 1
139 77 1
139 95 1
139 96 1
139 99 1
139 116 1
139 117 1
139 118 1
139 138 1
140 15 1
140 29 1
140 30 1
140 44 1
140 69 1
140 76 1
140 77 1
140 78 1
140 100 1
140 101 1
140 116 1
140 120 1
140 135 1
140 138 1
141 1 1
141 10 1
141 16 1
141 17 1
141 27 1
141 31 1
141 33 1
141 51 1
141 52 1
141 70 1
141 71 1
141 72 1
141 102 1
141 105 1
141 106 1
141 121 1
141 128 1
142 34 1
142 35 1
142 53 1
142 54 1
142 56 1
142 58 1
142 109 1
142 110 1
142 122 1
143 18 1
143 36 1
143 37 1
143 45 1
143 60 1
143 61 1
143 81 1
143 83 1
143 107 1
143 125 1
143 130 1
144 18 1
144 36 1
144 37 1
144 38 1
144 55 1
144 81 1
144 107 1
144 143 1
145 18 1
145 36 1
145 37 1
145 38 1
145 55 1
145 107 1
145 143 1
145 144 1
146 32 1
146 53 1
146 54 1
146 56 1
146 58 1
146 79 1
146 103 1
146 104 1
146 109 1
146 110 1
146 119 1
146 120 1
146 142 1
147 5 1
147 6 1
147 19 1
147 41 1
147 59 1
147 62 1
147 63 1
147 82 1
147 86 1
147 87 1
147 111 1
147 131 1
148 0 1
148 132 1
149 0 1
149 132 1
149 148 1
150 34 1
150 35 1
150 53 1
150 54 1
150 58 1
150 122 1
150 142 1
151 47 1
152 0 1
152 132 1
152 148 1
152 149 1
153 8 1
153 9 1
153 22 1
153 23 1
153 47 1
153 91 1
153 114 1
153 115 1
153 127 1
153 151 1
154 13 1
154 14 1
154 29 1
154 32 1
154 43 1
154 50 1
154 56 1
154 74 1
154 75 1
154 76 1
154 77 1
154 78 1
154 79 1
154 100 1
154 101 1
154 103 1
154 104 1
154 109 1
154 110 1
154 117 1
154 119 1
154 120 1
154 140 1
154 146 1
155 18 1
155 36 1
155 45 1
155 60 1
155 61 1
155 81 1
155 83 1
155 107 1
155 122 1
155 125 1
155 130 1
155 143 1
155 144 1
156 4 1
156 5 1
156 6 1
156 19 1
156 39 1
156 40 1
156 42 1
156 48 1
156 49 1
156 57 1
156 59 1
156 60 1
156 61 1
156 62 1
156 63 1
156 64 1
156 82 1
156 83 1
156 84 1
156 85 1
156 86 1
156 88 1
156 111 1
156 125 1
156 129 1
156 130 1
156 131 1
156 147 1
157 4 1
157 6 1
157 40 1
157 41 1
157 42 1
157 48 1
157 49 1
157 59 1
157 60 1
157 61 1
157 62 1
157 63 1
157 82 1
157 83 1
157 84 1
157 85 1
157 87 1
157 111 1
157 125 1
157 129 1
157 130 1
157 147 1
157 156 1
158 2 1
158 24 1
158 28 1
158 30 1
158 67 1
158 68 1
158 73 1
158 78 1
158 93 1
158 98 1
158 116 1
158 134 1
158 135 1
158 136 1
158 137 1
159 2 1
159 3 1
159 12 1
159 52 1
159 65 1
159 72 1
159 73 1
159 96 1
159 97 1
159 98 1
159 135 1
159 136 1
159 137 1
159 138 1
160 3 1
160 10 1
160 12 1
160 29 1
160 43 1
160 44 1
160 69 1
160 70 1
160 72 1
160 75 1
160 76 1
160 77 1
160 94 1
160 95 1
160 96 1
160 99 1
160 101 1
160 116 1
160 117 1
160 118 1
160 135 1
160 138 1
160 139 1
160 140 1
161 10 1
161 13 1
161 14 1
161 25 1
161 29 1
161 32 1
161 43 1
161 50 1
161 70 1
161 74 1
161 75 1
161 76 1
161 77 1
161 79 1
161 99 1
161 100 1
161 101 1
161 103 1
161 104 1
161 117 1
161 119 1
161 120 1
161 154 1
162 1 1
162 10 1
162 11 1
162 12 1
162 16 1
162 17 1
162 26 1
162 27 1
162 31 1
162 33 1
162 51 1
162 52 1
162 70 1
162 71 1
162 72 1
162 94 1
162 95 1
162 96 1
162 102 1
162 105 1
162 106 1
162 118 1
162 121 1
162 128 1
162 141 1
163 34 1
163 35 1
163 53 1
163 54 1
163 56 1
163 58 1
163 109 1
163 110 1
163 122 1
163 142 1
163 146 1
163 150 1
164 34 1
164 35 1
164 36 1
164 45 1
164 53 1
164 54 1
164 58 1
164 81 1
164 122 1
164 142 1
164 150 1
164 155 1
164 163 1
165 18 1
165 36 1
165 37 1
165 38 1
165 45 1
165 55 1
165 81 1
165 107 1
165 143 1
165 144 1
165 145 1
165 155 1
166 4 1
166 6 1
166 19 1
166 42 1
166 59 1
166 62 1
166 63 1
166 64 1
166 82 1
166 83 1
166 84 1
166 85 1
166 86 1
166 87 1
166 111 1
166 130 1
166 131 1
166 147 1
166 156 1
166 157 1
167 4 1
167 6 1
167 19 1
167 39 1
167 40 1
167 42 1
167 48 1
167 49 1
167 57 1
167 59 1
167 60 1
167 61 1
167 62 1
167 63 1
167 64 1
167 82 1
167 83 1
167 84 1
167 85 1
167 86 1
167 88 1
167 112 1
167 125 1
167 129 1
167 130 1
167 143 1
167 156 1
167 157 1
167 166 1
168 5 1
168 19 1
168 20 1
168 39 1
168 42 1
168 49 1
168 57 1
168 63 1
168 64 1
168 86 1
168 88 1
168 89 1
168 112 1
168 113 1
168 125 1
168 156 1
168 167 1
169 7 1
169 21 1
169 90 1
169 126 1
170 7 1
170 21 1
170 90 1
170 126 1
170 169 1
171 8 1
171 9 1
171 22 1
171 23 1
171 31 1
171 91 1
171 114 1
171 115 1
171 127 1
171 153 1
172 23 1
172 47 1
172 91 1
172 115 1
172 127 1
172 151 1
172 153 1
172 171 1
173 10 1
173 11 1
173 13 1
173 14 1
173 25 1
173 26 1
173 29 1
173 31 1
173 32 1
173 43 1
173 50 1
173 51 1
173 69 1
173 70 1
173 71 1
173 74 1
173 75 1
173 76 1
173 77 1
173 79 1
173 94 1
173 99 1
173 100 1
173 102 1
173 103 1
173 117 1
173 118 1
173 119 1
173 120 1
173 121 1
173 154 1
173 161 1
174 15 1
174 29 1
174 30 1
174 44 1
174 50 1
174 75 1
174 76 1
174 77 1
174 99 1
174 100 1
174 101 1
174 120 1
174 140 1
174 154 1
174 160 1
174 161 1
175 18 1
175 36 1
175 37 1
175 45 1
175 60 1
175 61 1
175 81 1
175 83 1
175 84 1
175 107 1
175 122 1
175 130 1
175 143 1
175 144 1
175 155 1
175 164 1
175 165 1
176 17 1
176 52 1
176 65 1
176 66 1
176 73 1
176 92 1
176 106 1
176 128 1
177 2 1
177 16 1
177 17 1
177 52 1
177 65 1
177 66 1
177 73 1
177 92 1
177 97 1
177 106 1
177 128 1
177 136 1
177 159 1
177 176 1
178 2 1
178 24 1
178 28 1
178 66 1
178 67 1
178 68 1
178 73 1
178 93 1
178 97 1
178 98 1
178 133 1
178 134 1
178 135 1
178 136 1
178 137 1
178 158 1
178 159 1
179 10 1
179 13 1
179 14 1
179 25 1
179 26 1
179 31 1
179 32 1
179 33 1
179 43 1
179 50 1
179 51 1
179 70 1
179 71 1
179 74 1
179 75 1
179 76 1
179 79 1
179 94 1
179 99 1
179 100 1
179 102 1
179 103 1
179 104 1
179 117 1
179 119 1
179 120 1
179 121 1
179 154 1
179 161 1
179 173 1
180 34 1
180 35 1
180 53 1
180 54 1
180 58 1
180 122 1
180 142 1
180 150 1
180 163 1
180 164 1
181 46 1
181 80 1
181 108 1
181 123 1
182 4 1
182 6 1
182 39 1
182 40 1
182 41 1
182 42 1
182 48 1
182 49 1
182 59 1
182 60 1
182 61 1
182 62 1
182 63 1
182 82 1
182 85 1
182 86 1
182 87 1
182 111 1
182 125 1
182 129 1
182 130 1
182 147 1
182 156 1
182 157 1
182 166 1
182 167 1
183 4 1
183 5 1
183 6 1
183 19 1
183 20 1
183 39 1
183 40 1
183 41 1
183 42 1
183 48 1
183 49 1
183 57 1
183 59 1
183 60 1
183 61 1
183 63 1
183 64 1
183 82 1
183 83 1
183 85 1
183 86 1
183 88 1
183 89 1
183 111 1
183 112 1
183 113 1
183 125 1
183 129 1
183 130 1
183 156 1
183 157 1
183 167 1
183 168 1
183 182 1
184 5 1
184 6 1
184 19 1
184 39 1
184 41 1
184 42 1
184 48 1
184 49 1
184 57 1
184 59 1
184 62 1
184 63 1
184 64 1
184 82 1
184 86 1
184 87 1
184 88 1
184 111 1
184 112 1
184 125 1
184 129 1
184 131 1
184 147 1
184 156 1
184 167 1
184 168 1
184 182 1
184 183 1
185 5 1
185 6 1
185 19 1
185 39 1
185 41 1
185 42 1
185 49 1
185 57 1
185 59 1
185 62 1
185 63 1
185 64 1
185 82 1
185 85 1
185 86 1
185 87 1
185 111 1
185 131 1
185 147 1
185 156 1
185 166 1
185 167 1
185 182 1
185 183 1
185 184 1
186 20 1
186 39 1
186 42 1
186 49 1
186 57 1
186 60 1
186 61 1
186 64 1
186 88 1
186 89 1
186 112 1
186 113 1
186 125 1
186 168 1
186 183 1
187 7 1
187 21 1
187 90 1
187 126 1
187 169 1
187 170 1
188 2 1
188 28 1
188 65 1
188 66 1
188 73 1
188 92 1
188 97 1
188 98 1
188 133 1
188 136 1
188 137 1
188 176 1
188 177 1
188 178 1
189 34 1
189 35 1
189 53 1
189 54 1
189 56 1
189 58 1
189 109 1
189 110 1
189 122 1
189 142 1
189 146 1
189 150 1
189 163 1
189 164 1
189 180 1
190 2 1
190 52 1
190 65 1
190 66 1
190 73 1
190 92 1
190 97 1
190 98 1
190 106 1
190 128 1
190 136 1
190 137 1
190 159 1
190 176 1
190 177 1
190 178 1
190 188 1
191 1 1
191 3 1
191 10 1
191 11 1
191 12 1
191 25 1
191 26 1
191 27 1
191 29 1
191 43 1
191 51 1
191 69 1
191 70 1
191 71 1
191 72 1
191 75 1
191 76 1
191 77 1
191 94 1
191 95 1
191 96 1
191 99 1
191 116 1
191 117 1
191 118 1
191 138 1
191 139 1
191 160 1
191 173 1
192 1 1
192 10 1
192 11 1
192 12 1
192 16 1
192 17 1
192 25 1
192 26 1
192 27 1
192 31 1
192 33 1
192 43 1
192 51 1
192 52 1
192 69 1
192 70 1
192 71 1
192 72 1
192 94 1
192 95 1
192 96 1
192 102 1
192 105 1
192 117 1
192 118 1
192 121 1
192 128 1
192 141 1
192 162 1
192 173 1
192 179 1
193 1 1
193 10 1
193 12 1
193 16 1
193 17 1
193 27 1
193 31 1
193 33 1
193 51 1
193 52 1
193 69 1
193 70 1
193 71 1
193 72 1
193 94 1
193 95 1
193 96 1
193 102 1
193 105 1
193 106 1
193 117 1
193 118 1
193 121 1
193 128 1
193 141 1
193 162 1
193 192 1
194 32 1
194 53 1
194 54 1
194 56 1
194 58 1
194 76 1
194 79 1
194 103 1
194 104 1
194 109 1
194 110 1
194 119 1
194 120 1
194 142 1
194 146 1
194 154 1
194 163 1
194 189 1
195 4 1
195 5 1
195 6 1
195 19 1
195 39 1
195 40 1
195 42 1
195 48 1
195 49 1
195 57 1
195 59 1
195 60 1
195 61 1
195 62 1
195 63 1
195 64 1
195 82 1
195 83 1
195 84 1
195 85 1
195 86 1
195 88 1
195 89 1
195 111 1
195 112 1
195 125 1
195 129 1
195 130 1
195 131 1
195 156 1
195 166 1
195 167 1
195 168 1
195 182 1
195 183 1
195 184 1
195 185 1
195 186 1
196 5 1
196 6 1
196 39 1
196 40 1
196 41 1
196 42 1
196 48 1
196 49 1
196 57 1
196 59 1
196 60 1
196 62 1
196 63 1
196 85 1
196 86 1
196 87 1
196 111 1
196 125 1
196 129 1
196 131 1
196 147 1
196 156 1
196 157 1
196 167 1
196 182 1
196 183 1
196 184 1
196 185 1
196 195 1
197 4 1
197 5 1
197 6 1
197 19 1
197 39 1
197 42 1
197 49 1
197 57 1
197 59 1
197 60 1
197 61 1
197 62 1
197 63 1
197 64 1
197 82 1
197 85 1
197 86 1
197 88 1
197 111 1
197 112 1
197 125 1
197 131 1
197 156 1
197 166 1
197 167 1
197 168 1
197 183 1
197 184 1
197 185 1
197 195 1
198 20 1
198 39 1
198 57 1
198 88 1
198 89 1
198 112 1
198 113 1
198 168 1
198 183 1
198 186 1
199 8 1
199 9 1
199 22 1
199 114 1
199 115 1
199 127 1
199 153 1
199 171 1
200 8 1
200 9 1
200 22 1
200 23 1
200 91 1
200 114 1
200 115 1
200 127 1
200 153 1
200 171 1
200 172 1
201 66 1
201 92 1
201 123 1
201 176 1
201 177 1
201 181 1
202 2 1
202 28 1
202 65 1
202 66 1
202 73 1
202 92 1
202 97 1
202 98 1
202 133 1
202 136 1
202 137 1
202 176 1
202 177 1
202 178 1
202 188 1
202 190 1
202 201 1
203 3 1
203 10 1
203 15 1
203 29 1
203 30 1
203 43 1
203 44 1
203 51 1
203 69 1
203 70 1
203 72 1
203 75 1
203 76 1
203 77 1
203 78 1
203 96 1
203 99 1
203 100 1
203 101 1
203 103 1
203 116 1
203 117 1
203 118 1
203 119 1
203 120 1
203 135 1
203 138 1
203 139 1
203 140 1
203 154 1
203 160 1
203 174 1
203 191 1
204 3 1
204 12 1
204 69 1
204 70 1
204 72 1
204 77 1
204 78 1
204 93 1
204 96 1
204 99 1
204 116 1
204 117 1
204 118 1
204 135 1
204 136 1
204 138 1
204 139 1
204 140 1
204 159 1
204 160 1
204 191 1
204 203 1
205 3 1
205 10 1
205 11 1
205 13 1
205 14 1
205 25 1
205 26 1
205 27 1
205 29 1
205 31 1
205 43 1
205 50 1
205 51 1
205 69 1
205 70 1
205 71 1
205 72 1
205 74 1
205 75 1
205 76 1
205 77 1
205 94 1
205 95 1
205 96 1
205 99 1
205 100 1
205 101 1
205 102 1
205 117 1
205 118 1
205 119 1
205 120 1
205 121 1
205 139 1
205 160 1
205 161 1
205 173 1
205 179 1
205 191 1
205 192 1
205 203 1
205 204 1
206 8 1
206 10 1
206 13 1
206 14 1
206 31 1
206 32 1
206 43 1
206 50 1
206 51 1
206 70 1
206 74 1
206 75 1
206 76 1
206 79 1
206 102 1
206 103 1
206 104 1
206 109 1
206 117 1
206 119 1
206 120 1
206 121 1
206 146 1
206 154 1
206 161 1
206 173 1
206 179 1
206 192 1
206 194 1
207 16 1
207 17 1
207 33 1
207 52 1
207 65 1
207 105 1
207 106 1
207 121 1
207 128 1
207 141 1
207 162 1
207 176 1
207 177 1
207 190 1
207 192 1
207 193 1
