# minsup
1
# graph
G_./5ux0.pdb
# node ID, label
0 A
1 A
2 A
3 A
4 A
5 A
6 A
7 A
8 A
9 A
10 A
11 A
12 A
13 A
14 A
15 A
16 A
17 A
18 A
19 A
20 D
21 D
22 D
23 D
24 D
25 D
26 D
27 D
28 D
29 D
30 D
31 D
32 D
33 D
34 D
35 D
36 D
37 D
38 D
39 D
40 D
41 D
42 D
43 D
44 D
45 D
46 D
47 D
48 E
49 E
50 E
51 E
52 E
53 E
54 E
55 E
56 E
57 E
58 E
59 E
60 E
61 E
62 E
63 E
64 E
65 E
66 E
67 E
68 E
69 E
70 E
71 E
72 E
73 E
74 E
75 E
76 E
77 E
78 E
79 E
80 E
81 E
82 E
83 E
84 E
85 E
86 E
87 E
88 E
89 E
90 E
91 E
92 E
93 E
94 E
95 E
96 F
97 F
98 F
99 F
100 F
101 F
102 F
103 F
104 F
105 F
106 F
107 F
108 F
109 F
110 F
111 F
112 F
113 F
114 F
115 F
116 F
117 F
118 F
119 F
120 F
121 F
122 F
123 F
124 F
125 F
126 F
127 F
128 F
129 F
130 F
131 F
132 G
133 G
134 G
135 G
136 G
137 G
138 G
139 G
140 G
141 G
142 G
143 G
144 G
145 H
146 H
147 H
148 H
149 H
150 H
151 H
152 H
153 H
154 H
155 H
156 H
157 H
158 I
159 I
160 I
161 I
162 I
163 I
164 I
165 I
166 I
167 I
168 I
169 I
170 I
171 I
172 I
173 I
174 I
175 I
176 I
177 I
178 I
179 I
180 I
181 I
182 I
183 I
184 I
185 I
186 I
187 I
188 I
189 I
190 I
191 I
192 I
193 I
194 I
195 I
196 I
197 I
198 I
199 I
200 I
201 I
202 I
203 I
204 I
205 I
206 I
207 I
208 I
209 I
210 I
211 I
212 I
213 I
214 I
215 I
216 I
217 I
218 K
219 K
220 K
221 K
222 K
223 K
224 K
225 K
226 K
227 K
228 K
229 K
230 K
231 K
232 K
233 K
234 K
235 K
236 K
237 K
238 K
239 K
240 K
241 K
242 K
243 K
244 K
245 K
246 K
247 K
248 K
249 K
250 K
251 K
252 K
253 K
254 K
255 K
256 K
257 K
258 K
259 K
260 K
261 K
262 K
263 K
264 K
265 K
266 K
267 K
268 K
269 K
270 K
271 K
272 K
273 K
274 K
275 K
276 K
277 K
278 K
279 K
280 K
281 K
282 K
283 K
284 K
285 K
286 K
287 K
288 K
289 K
290 K
291 K
292 K
293 K
294 K
295 L
296 L
297 L
298 L
299 L
300 L
301 L
302 L
303 L
304 L
305 L
306 L
307 L
308 L
309 L
310 L
311 L
312 L
313 L
314 L
315 L
316 L
317 L
318 L
319 L
320 L
321 L
322 L
323 L
324 L
325 L
326 L
327 L
328 L
329 L
330 L
331 L
332 L
333 L
334 L
335 L
336 L
337 L
338 L
339 L
340 L
341 L
342 L
343 L
344 L
345 L
346 L
347 L
348 L
349 L
350 L
351 L
352 L
353 L
354 L
355 L
356 L
357 M
358 M
359 M
360 N
361 N
362 N
363 N
364 N
365 N
366 N
367 N
368 N
369 N
370 N
371 N
372 N
373 N
374 N
375 N
376 N
377 N
378 N
379 N
380 N
381 N
382 N
383 N
384 N
385 N
386 N
387 N
388 N
389 N
390 N
391 N
392 N
393 N
394 N
395 N
396 N
397 N
398 N
399 N
400 N
401 N
402 N
403 N
404 N
405 N
406 N
407 N
408 N
409 N
410 N
411 P
412 P
413 P
414 P
415 P
416 P
417 P
418 P
419 P
420 P
421 P
422 P
423 P
424 P
425 P
426 P
427 P
428 Q
429 Q
430 Q
431 Q
432 Q
433 Q
434 Q
435 Q
436 Q
437 Q
438 R
439 R
440 R
441 R
442 R
443 R
444 R
445 R
446 R
447 S
448 S
449 S
450 S
451 S
452 S
453 S
454 S
455 S
456 S
457 S
458 S
459 S
460 S
461 S
462 S
463 S
464 S
465 S
466 S
467 S
468 S
469 T
470 T
471 T
472 T
473 T
474 T
475 T
476 T
477 T
478 T
479 T
480 T
481 T
482 T
483 T
484 T
485 T
486 T
487 T
488 T
489 T
490 T
491 T
492 T
493 T
494 V
495 V
496 V
497 V
498 V
499 V
500 V
501 V
502 V
503 V
504 V
505 V
506 V
507 V
508 V
509 V
510 V
511 V
512 V
513 V
514 V
515 V
516 V
517 V
518 V
519 V
520 V
521 V
522 V
523 V
524 W
525 W
526 W
527 Y
528 Y
529 Y
530 Y
531 Y
532 Y
533 Y
534 Y
535 Y
536 Y
537 Y
538 Y
539 Y
540 Y
541 Y
542 Y
543 Y
544 Y
545 Y
546 Y
547 Y
548 Y
549 Y
550 Y
551 Y
552 Y
553 Y
554 Y
555 Y
556 Y
557 Y
558 Y
559 Y
560 Y
561 Y
562 Y
563 Y
564 Y
565 Y
566 Y
567 Y
568 Y
569 Y
570 Y
571 Y
572 Y
573 Y
574 Y
# node ID1, node ID2, number of bounds
5 3 1
7 6 1
8 6 1
9 6 1
9 7 1
9 8 1
12 10 1
12 11 1
16 15 1
17 15 1
17 16 1
18 15 1
18 16 1
18 17 1
19 15 1
19 16 1
19 18 1
22 2 1
23 1 1
24 0 1
25 3 1
25 5 1
26 3 1
28 26 1
31 30 1
33 0 1
34 24 1
36 35 1
37 11 1
40 13 1
41 13 1
44 14 1
44 19 1
45 15 1
45 16 1
45 17 1
45 18 1
47 18 1
47 19 1
47 42 1
49 48 1
50 20 1
50 48 1
51 50 1
52 1 1
53 20 1
53 34 1
53 50 1
53 51 1
54 22 1
55 2 1
55 22 1
56 1 1
56 23 1
57 1 1
57 56 1
58 1 1
58 33 1
58 52 1
58 57 1
59 5 1
59 27 1
60 59 1
61 4 1
62 3 1
62 4 1
62 5 1
62 25 1
62 26 1
63 27 1
64 27 1
64 63 1
65 5 1
65 25 1
65 26 1
65 28 1
66 3 1
66 25 1
66 26 1
66 28 1
66 62 1
66 65 1
67 27 1
67 59 1
68 8 1
68 26 1
68 66 1
69 29 1
69 30 1
69 31 1
70 30 1
70 31 1
70 69 1
71 7 1
71 9 1
71 31 1
71 34 1
72 0 1
72 33 1
73 7 1
73 34 1
73 71 1
73 72 1
74 71 1
74 72 1
74 73 1
75 35 1
75 36 1
77 76 1
79 78 1
80 78 1
80 79 1
81 10 1
81 72 1
82 12 1
83 10 1
83 12 1
83 82 1
84 33 1
84 56 1
84 57 1
84 58 1
85 43 1
86 40 1
87 13 1
87 40 1
87 41 1
87 86 1
88 43 1
88 85 1
89 14 1
89 44 1
90 15 1
90 16 1
90 89 1
91 18 1
93 91 1
93 92 1
94 91 1
94 92 1
94 93 1
95 18 1
95 19 1
95 42 1
95 47 1
96 48 1
96 49 1
97 21 1
97 48 1
97 96 1
98 20 1
98 48 1
98 50 1
98 51 1
98 53 1
99 21 1
99 52 1
99 97 1
100 1 1
100 21 1
100 52 1
100 97 1
100 99 1
101 21 1
101 52 1
101 97 1
101 99 1
101 100 1
102 1 1
102 21 1
102 52 1
102 99 1
102 100 1
102 101 1
103 1 1
103 52 1
103 56 1
103 57 1
103 58 1
103 100 1
103 101 1
103 102 1
104 1 1
104 23 1
104 52 1
104 56 1
104 57 1
104 100 1
104 101 1
104 102 1
104 103 1
105 0 1
105 33 1
105 52 1
105 57 1
105 58 1
105 84 1
105 103 1
106 20 1
106 21 1
106 99 1
106 100 1
106 102 1
107 3 1
107 5 1
107 25 1
107 27 1
107 59 1
107 60 1
107 62 1
108 5 1
108 27 1
108 59 1
108 60 1
108 67 1
108 107 1
109 5 1
109 27 1
109 59 1
109 60 1
109 67 1
109 107 1
109 108 1
110 3 1
110 4 1
110 5 1
110 59 1
110 60 1
110 62 1
110 107 1
110 108 1
110 109 1
111 3 1
111 4 1
111 5 1
111 25 1
111 26 1
111 62 1
111 66 1
111 107 1
111 110 1
112 3 1
112 5 1
112 25 1
112 65 1
112 107 1
112 108 1
112 109 1
112 111 1
113 27 1
113 28 1
113 63 1
113 64 1
113 107 1
113 112 1
114 3 1
114 5 1
114 25 1
114 26 1
114 28 1
114 65 1
114 66 1
114 107 1
114 111 1
114 112 1
115 3 1
115 26 1
115 28 1
115 63 1
115 64 1
115 107 1
115 112 1
115 113 1
115 114 1
116 6 1
116 7 1
116 9 1
116 32 1
116 71 1
116 74 1
117 30 1
117 31 1
117 32 1
117 116 1
118 78 1
118 79 1
118 80 1
119 0 1
119 81 1
120 81 1
120 119 1
121 10 1
121 81 1
121 119 1
121 120 1
122 10 1
122 12 1
122 81 1
122 83 1
122 120 1
122 121 1
123 10 1
123 12 1
123 81 1
123 82 1
123 83 1
123 120 1
123 121 1
123 122 1
124 10 1
124 11 1
124 12 1
124 38 1
124 120 1
124 122 1
124 123 1
125 17 1
126 13 1
126 40 1
126 88 1
127 13 1
127 40 1
127 86 1
127 126 1
128 13 1
128 42 1
128 95 1
128 126 1
128 127 1
129 13 1
129 40 1
129 41 1
129 86 1
129 87 1
129 127 1
130 13 1
130 17 1
130 41 1
130 125 1
131 15 1
131 16 1
131 18 1
131 45 1
131 46 1
131 90 1
131 91 1
131 94 1
132 99 1
132 100 1
132 101 1
132 102 1
132 103 1
133 2 1
133 22 1
133 54 1
133 55 1
134 2 1
134 22 1
134 54 1
134 55 1
134 133 1
135 1 1
135 23 1
135 56 1
135 57 1
135 104 1
136 6 1
136 7 1
136 8 1
136 9 1
136 71 1
136 73 1
136 116 1
137 6 1
137 8 1
137 9 1
137 68 1
137 116 1
137 136 1
138 0 1
138 7 1
138 33 1
138 71 1
138 72 1
138 73 1
138 74 1
139 119 1
139 120 1
139 121 1
139 122 1
140 119 1
140 120 1
140 121 1
140 123 1
140 124 1
140 139 1
141 13 1
141 17 1
141 41 1
141 125 1
141 130 1
142 15 1
142 16 1
142 17 1
142 18 1
142 19 1
142 45 1
142 90 1
142 91 1
142 131 1
143 15 1
143 16 1
143 18 1
143 19 1
143 47 1
143 90 1
143 142 1
144 91 1
144 92 1
144 93 1
145 1 1
145 52 1
145 56 1
145 57 1
145 58 1
145 99 1
145 100 1
145 101 1
145 102 1
145 103 1
145 104 1
145 105 1
146 20 1
146 34 1
146 50 1
146 53 1
146 73 1
146 98 1
146 132 1
146 138 1
147 1 1
147 23 1
147 56 1
147 57 1
147 84 1
147 103 1
147 104 1
147 105 1
147 135 1
147 145 1
148 3 1
148 4 1
148 5 1
148 60 1
148 62 1
148 107 1
148 108 1
148 109 1
148 110 1
148 111 1
149 4 1
149 60 1
149 61 1
149 62 1
149 110 1
149 148 1
150 7 1
150 9 1
150 29 1
150 69 1
151 6 1
151 7 1
151 8 1
151 9 1
151 71 1
151 73 1
151 116 1
151 136 1
151 137 1
152 10 1
152 81 1
152 83 1
152 119 1
152 120 1
152 121 1
152 122 1
152 123 1
152 124 1
152 140 1
153 78 1
153 93 1
153 118 1
153 139 1
153 144 1
154 85 1
154 88 1
155 15 1
155 18 1
155 19 1
155 44 1
155 47 1
155 90 1
155 142 1
155 143 1
156 17 1
156 45 1
156 125 1
156 130 1
156 141 1
157 15 1
157 16 1
157 17 1
157 18 1
157 19 1
157 45 1
157 91 1
157 93 1
157 95 1
157 131 1
157 142 1
157 143 1
157 156 1
158 20 1
158 50 1
158 53 1
158 98 1
158 106 1
158 146 1
159 20 1
159 50 1
159 51 1
159 53 1
159 98 1
159 106 1
159 146 1
159 158 1
160 48 1
160 49 1
160 96 1
160 97 1
160 98 1
161 48 1
161 49 1
161 50 1
161 96 1
161 97 1
161 98 1
161 158 1
161 159 1
161 160 1
162 21 1
162 48 1
162 96 1
162 97 1
162 160 1
162 161 1
163 20 1
163 21 1
163 48 1
163 97 1
163 98 1
163 99 1
163 100 1
163 101 1
163 102 1
163 106 1
163 132 1
163 146 1
163 158 1
163 159 1
163 160 1
163 161 1
164 1 1
164 21 1
164 52 1
164 99 1
164 100 1
164 101 1
164 102 1
164 103 1
164 104 1
164 106 1
164 132 1
164 145 1
164 163 1
165 99 1
165 100 1
165 101 1
165 102 1
165 103 1
165 106 1
165 132 1
165 146 1
165 158 1
165 163 1
165 164 1
166 20 1
166 50 1
166 53 1
166 73 1
166 98 1
166 102 1
166 132 1
166 146 1
166 158 1
166 159 1
166 163 1
166 165 1
167 20 1
167 34 1
167 50 1
167 51 1
167 53 1
167 73 1
167 98 1
167 146 1
167 158 1
167 166 1
168 33 1
168 58 1
168 99 1
168 100 1
168 101 1
168 102 1
168 103 1
168 105 1
168 106 1
168 132 1
168 138 1
168 146 1
168 158 1
168 163 1
168 164 1
168 165 1
168 166 1
169 2 1
169 22 1
169 54 1
169 55 1
169 133 1
169 134 1
170 3 1
170 5 1
170 25 1
170 26 1
170 28 1
170 62 1
170 65 1
170 66 1
170 107 1
170 108 1
170 110 1
170 111 1
170 112 1
170 114 1
170 115 1
170 148 1
171 3 1
171 5 1
171 25 1
171 26 1
171 28 1
171 65 1
171 66 1
171 107 1
171 111 1
171 112 1
171 114 1
171 115 1
171 170 1
172 3 1
172 5 1
172 25 1
172 26 1
172 28 1
172 62 1
172 65 1
172 66 1
172 107 1
172 111 1
172 112 1
172 114 1
172 115 1
172 170 1
172 171 1
173 3 1
173 26 1
173 28 1
173 66 1
173 68 1
173 107 1
173 111 1
173 115 1
173 170 1
173 171 1
173 172 1
174 60 1
174 67 1
174 110 1
175 6 1
175 7 1
175 8 1
175 9 1
175 71 1
175 116 1
175 136 1
175 137 1
175 151 1
176 6 1
176 7 1
176 9 1
176 31 1
176 71 1
176 74 1
176 116 1
176 117 1
176 136 1
176 151 1
176 175 1
177 30 1
177 31 1
177 32 1
177 70 1
177 117 1
177 176 1
178 0 1
178 33 1
178 34 1
178 73 1
178 105 1
178 132 1
178 138 1
178 146 1
178 165 1
178 166 1
178 167 1
178 168 1
179 0 1
179 24 1
179 33 1
179 34 1
179 72 1
179 73 1
179 74 1
179 138 1
179 178 1
180 0 1
180 24 1
180 33 1
180 34 1
180 72 1
180 73 1
180 74 1
180 138 1
180 146 1
180 167 1
180 178 1
180 179 1
181 0 1
181 7 1
181 33 1
181 34 1
181 71 1
181 72 1
181 73 1
181 74 1
181 138 1
181 146 1
181 167 1
181 178 1
181 179 1
181 180 1
182 34 1
182 71 1
182 72 1
182 73 1
182 74 1
182 116 1
182 136 1
182 138 1
182 175 1
182 176 1
182 179 1
182 180 1
182 181 1
183 6 1
183 7 1
183 8 1
183 71 1
183 72 1
183 73 1
183 74 1
183 116 1
183 136 1
183 137 1
183 138 1
183 151 1
183 175 1
183 176 1
183 179 1
183 180 1
183 181 1
183 182 1
184 6 1
184 7 1
184 8 1
184 9 1
184 136 1
184 137 1
184 151 1
184 175 1
184 176 1
184 183 1
185 58 1
185 78 1
185 79 1
185 84 1
185 105 1
185 118 1
185 153 1
186 76 1
186 77 1
186 78 1
186 79 1
186 80 1
186 118 1
186 185 1
187 118 1
187 119 1
187 120 1
187 121 1
187 139 1
187 153 1
187 185 1
188 10 1
188 81 1
188 119 1
188 120 1
188 121 1
188 122 1
188 123 1
188 124 1
188 139 1
188 140 1
188 152 1
188 187 1
189 119 1
189 120 1
189 121 1
189 122 1
189 139 1
189 153 1
189 187 1
189 188 1
190 78 1
190 93 1
190 118 1
190 121 1
190 139 1
190 153 1
190 185 1
190 187 1
190 189 1
191 84 1
191 119 1
191 120 1
191 121 1
191 122 1
191 139 1
191 144 1
191 153 1
191 187 1
191 188 1
191 189 1
191 190 1
192 37 1
192 38 1
192 124 1
193 37 1
193 38 1
193 124 1
193 140 1
193 192 1
194 10 1
194 12 1
194 81 1
194 83 1
194 122 1
194 123 1
194 152 1
195 13 1
195 40 1
195 41 1
195 86 1
195 87 1
195 126 1
195 127 1
195 128 1
195 129 1
196 13 1
196 40 1
196 41 1
196 86 1
196 87 1
196 127 1
196 129 1
196 195 1
197 13 1
197 126 1
197 127 1
197 128 1
197 130 1
197 141 1
197 154 1
197 195 1
197 196 1
198 13 1
198 42 1
198 47 1
198 95 1
198 128 1
198 197 1
199 13 1
199 43 1
199 88 1
199 95 1
199 126 1
199 128 1
199 197 1
199 198 1
200 13 1
200 17 1
200 41 1
200 87 1
200 125 1
200 130 1
200 141 1
200 156 1
200 197 1
201 15 1
201 16 1
201 17 1
201 18 1
201 19 1
201 45 1
201 90 1
201 91 1
201 131 1
201 142 1
201 143 1
201 157 1
202 15 1
202 16 1
202 18 1
202 19 1
202 90 1
202 91 1
202 131 1
202 142 1
202 143 1
202 155 1
202 157 1
202 201 1
203 15 1
203 16 1
203 18 1
203 19 1
203 45 1
203 47 1
203 90 1
203 91 1
203 131 1
203 142 1
203 143 1
203 155 1
203 157 1
203 201 1
203 202 1
204 15 1
204 16 1
204 17 1
204 18 1
204 45 1
204 130 1
204 131 1
204 141 1
204 142 1
204 143 1
204 156 1
204 157 1
204 200 1
204 201 1
204 202 1
204 203 1
205 15 1
205 16 1
205 18 1
205 19 1
205 45 1
205 47 1
205 90 1
205 95 1
205 142 1
205 143 1
205 155 1
205 157 1
205 201 1
205 202 1
205 203 1
205 204 1
206 15 1
206 89 1
206 90 1
206 142 1
206 143 1
206 155 1
206 201 1
206 202 1
206 203 1
206 205 1
207 15 1
207 16 1
207 18 1
207 45 1
207 90 1
207 91 1
207 94 1
207 131 1
207 142 1
207 143 1
207 157 1
207 201 1
207 202 1
207 203 1
207 204 1
207 205 1
208 93 1
208 144 1
208 153 1
208 189 1
208 190 1
208 191 1
209 39 1
209 92 1
209 93 1
209 94 1
209 144 1
209 208 1
210 91 1
210 92 1
210 93 1
210 94 1
210 144 1
210 153 1
210 208 1
210 209 1
211 91 1
211 93 1
211 94 1
211 131 1
211 142 1
211 201 1
211 202 1
211 207 1
211 209 1
211 210 1
212 91 1
212 93 1
212 94 1
212 131 1
212 207 1
212 209 1
212 210 1
212 211 1
213 45 1
213 91 1
213 93 1
213 94 1
213 131 1
213 142 1
213 201 1
213 207 1
213 209 1
213 210 1
213 211 1
213 212 1
214 91 1
214 92 1
214 93 1
214 94 1
214 131 1
214 142 1
214 144 1
214 201 1
214 207 1
214 209 1
214 210 1
214 211 1
214 212 1
214 213 1
215 15 1
215 16 1
215 17 1
215 45 1
215 91 1
215 92 1
215 93 1
215 94 1
215 131 1
215 142 1
215 144 1
215 157 1
215 201 1
215 202 1
215 207 1
215 209 1
215 210 1
215 211 1
215 212 1
215 213 1
215 214 1
216 15 1
216 16 1
216 17 1
216 18 1
216 19 1
216 45 1
216 47 1
216 95 1
216 130 1
216 131 1
216 142 1
216 143 1
216 155 1
216 156 1
216 157 1
216 201 1
216 202 1
216 203 1
216 204 1
216 205 1
216 207 1
216 215 1
217 15 1
217 16 1
217 17 1
217 18 1
217 19 1
217 42 1
217 47 1
217 95 1
217 130 1
217 141 1
217 142 1
217 143 1
217 156 1
217 157 1
217 198 1
217 200 1
217 203 1
217 204 1
217 205 1
217 216 1
218 20 1
218 34 1
218 53 1
218 146 1
218 158 1
218 159 1
218 163 1
218 165 1
218 166 1
218 167 1
218 168 1
218 178 1
219 20 1
219 48 1
219 50 1
219 51 1
219 53 1
219 98 1
219 146 1
219 158 1
219 159 1
219 161 1
219 163 1
219 166 1
219 167 1
219 218 1
220 20 1
220 48 1
220 49 1
220 50 1
220 51 1
220 53 1
220 98 1
220 158 1
220 159 1
220 160 1
220 161 1
220 219 1
221 48 1
221 49 1
221 50 1
221 51 1
221 96 1
221 97 1
221 98 1
221 159 1
221 160 1
221 161 1
221 162 1
221 219 1
221 220 1
222 48 1
222 49 1
222 96 1
222 160 1
222 161 1
222 162 1
222 221 1
223 48 1
223 50 1
223 51 1
223 53 1
223 98 1
223 146 1
223 161 1
223 166 1
223 167 1
223 219 1
223 220 1
223 221 1
224 21 1
224 48 1
224 97 1
224 98 1
224 99 1
224 100 1
224 101 1
224 102 1
224 132 1
224 158 1
224 160 1
224 161 1
224 162 1
224 163 1
224 165 1
224 166 1
224 219 1
224 220 1
224 221 1
224 223 1
225 21 1
225 48 1
225 97 1
225 98 1
225 99 1
225 100 1
225 101 1
225 102 1
225 106 1
225 132 1
225 160 1
225 161 1
225 163 1
225 164 1
225 165 1
225 166 1
225 168 1
225 224 1
226 21 1
226 48 1
226 97 1
226 99 1
226 100 1
226 101 1
226 102 1
226 106 1
226 132 1
226 160 1
226 161 1
226 162 1
226 163 1
226 164 1
226 165 1
226 224 1
226 225 1
227 21 1
227 99 1
227 100 1
227 101 1
227 102 1
227 103 1
227 104 1
227 132 1
227 145 1
227 163 1
227 164 1
227 165 1
227 168 1
227 224 1
227 225 1
227 226 1
228 99 1
228 100 1
228 101 1
228 102 1
228 103 1
228 104 1
228 132 1
228 163 1
228 164 1
228 165 1
228 224 1
228 225 1
228 226 1
228 227 1
229 99 1
229 100 1
229 101 1
229 102 1
229 103 1
229 104 1
229 105 1
229 132 1
229 138 1
229 145 1
229 146 1
229 163 1
229 164 1
229 165 1
229 166 1
229 168 1
229 178 1
229 224 1
229 225 1
229 226 1
229 227 1
229 228 1
230 53 1
230 73 1
230 98 1
230 99 1
230 101 1
230 102 1
230 132 1
230 138 1
230 146 1
230 158 1
230 163 1
230 165 1
230 166 1
230 167 1
230 168 1
230 178 1
230 218 1
230 223 1
230 224 1
230 225 1
230 226 1
230 227 1
230 228 1
230 229 1
231 1 1
231 52 1
231 56 1
231 57 1
231 58 1
231 100 1
231 101 1
231 102 1
231 103 1
231 104 1
231 105 1
231 132 1
231 145 1
231 147 1
231 164 1
231 165 1
231 168 1
231 178 1
231 227 1
231 228 1
231 229 1
231 230 1
232 23 1
232 54 1
232 104 1
232 133 1
232 134 1
232 135 1
232 169 1
233 23 1
233 56 1
233 104 1
233 135 1
233 232 1
234 1 1
234 23 1
234 56 1
234 57 1
234 103 1
234 104 1
234 135 1
234 147 1
234 233 1
235 1 1
235 33 1
235 52 1
235 56 1
235 57 1
235 58 1
235 84 1
235 103 1
235 104 1
235 105 1
235 145 1
235 147 1
235 231 1
235 234 1
236 0 1
236 33 1
236 52 1
236 58 1
236 103 1
236 105 1
236 168 1
236 185 1
236 231 1
236 235 1
237 52 1
237 58 1
237 102 1
237 103 1
237 105 1
237 106 1
237 145 1
237 164 1
237 168 1
237 229 1
237 231 1
237 235 1
237 236 1
238 0 1
238 24 1
238 34 1
238 167 1
238 179 1
238 180 1
238 181 1
238 218 1
239 3 1
239 4 1
239 5 1
239 25 1
239 26 1
239 62 1
239 66 1
239 68 1
239 107 1
239 110 1
239 111 1
239 112 1
239 114 1
239 148 1
239 170 1
239 171 1
239 172 1
239 173 1
240 5 1
240 27 1
240 59 1
240 107 1
240 108 1
240 109 1
240 112 1
241 5 1
241 27 1
241 59 1
241 107 1
241 108 1
241 109 1
241 112 1
241 240 1
242 5 1
242 59 1
242 60 1
242 67 1
242 107 1
242 108 1
242 109 1
242 110 1
242 148 1
242 174 1
242 240 1
242 241 1
243 3 1
243 5 1
243 59 1
243 60 1
243 62 1
243 107 1
243 108 1
243 109 1
243 110 1
243 111 1
243 148 1
243 149 1
243 170 1
243 174 1
243 240 1
243 242 1
244 4 1
244 60 1
244 61 1
244 62 1
244 110 1
244 111 1
244 148 1
244 149 1
244 243 1
245 3 1
245 4 1
245 61 1
245 62 1
245 68 1
245 110 1
245 111 1
245 148 1
245 149 1
245 170 1
245 239 1
245 244 1
246 5 1
246 25 1
246 65 1
246 111 1
246 112 1
246 114 1
246 170 1
246 171 1
246 172 1
247 3 1
247 5 1
247 25 1
247 62 1
247 65 1
247 107 1
247 111 1
247 112 1
247 114 1
247 148 1
247 170 1
247 171 1
247 246 1
248 5 1
248 25 1
248 28 1
248 63 1
248 64 1
248 65 1
248 107 1
248 112 1
248 113 1
248 114 1
248 115 1
248 170 1
248 171 1
248 172 1
248 246 1
249 27 1
249 59 1
249 63 1
249 67 1
249 108 1
249 113 1
249 241 1
250 27 1
250 59 1
250 60 1
250 67 1
250 108 1
250 110 1
250 174 1
250 242 1
250 243 1
250 249 1
251 60 1
251 67 1
251 110 1
251 174 1
251 250 1
252 29 1
252 69 1
252 70 1
252 150 1
253 9 1
253 29 1
253 30 1
253 69 1
253 150 1
253 252 1
254 30 1
254 31 1
254 69 1
254 70 1
254 117 1
254 177 1
255 6 1
255 30 1
255 70 1
255 117 1
255 136 1
255 175 1
255 176 1
255 177 1
255 253 1
255 254 1
256 7 1
256 9 1
256 71 1
256 73 1
256 136 1
256 138 1
256 146 1
256 151 1
256 178 1
256 179 1
256 180 1
256 181 1
256 182 1
256 183 1
256 184 1
256 230 1
257 0 1
257 33 1
257 72 1
257 73 1
257 74 1
257 81 1
257 138 1
257 178 1
257 179 1
257 180 1
257 181 1
257 256 1
258 0 1
258 24 1
258 34 1
258 53 1
258 71 1
258 72 1
258 73 1
258 74 1
258 138 1
258 146 1
258 167 1
258 178 1
258 179 1
258 180 1
258 181 1
258 182 1
258 183 1
258 238 1
258 257 1
259 33 1
259 72 1
259 73 1
259 105 1
259 138 1
259 168 1
259 178 1
259 179 1
259 180 1
259 181 1
259 229 1
259 230 1
259 231 1
259 256 1
259 257 1
260 7 1
260 8 1
260 9 1
260 72 1
260 73 1
260 74 1
260 136 1
260 138 1
260 151 1
260 179 1
260 181 1
260 182 1
260 183 1
260 184 1
260 256 1
260 257 1
260 259 1
261 6 1
261 7 1
261 8 1
261 9 1
261 136 1
261 150 1
261 151 1
261 175 1
261 184 1
261 253 1
261 256 1
261 260 1
262 36 1
262 76 1
262 77 1
262 186 1
263 78 1
263 79 1
263 80 1
263 118 1
263 139 1
263 153 1
263 187 1
263 189 1
263 190 1
264 118 1
264 119 1
264 120 1
264 121 1
264 139 1
264 140 1
264 185 1
264 187 1
264 189 1
264 190 1
264 263 1
265 118 1
265 119 1
265 120 1
265 121 1
265 139 1
265 140 1
265 187 1
265 188 1
265 189 1
265 190 1
265 191 1
265 263 1
265 264 1
266 119 1
266 120 1
266 121 1
266 139 1
266 140 1
266 187 1
266 188 1
266 189 1
266 263 1
266 264 1
266 265 1
267 119 1
267 120 1
267 121 1
267 122 1
267 123 1
267 139 1
267 140 1
267 144 1
267 152 1
267 153 1
267 187 1
267 188 1
267 189 1
267 190 1
267 191 1
267 208 1
267 264 1
267 265 1
267 266 1
268 93 1
268 118 1
268 119 1
268 120 1
268 121 1
268 139 1
268 144 1
268 153 1
268 187 1
268 188 1
268 189 1
268 190 1
268 191 1
268 208 1
268 263 1
268 264 1
268 265 1
268 266 1
268 267 1
269 10 1
269 81 1
269 83 1
269 120 1
269 121 1
269 122 1
269 123 1
269 139 1
269 152 1
269 188 1
269 189 1
269 191 1
269 194 1
269 208 1
269 267 1
269 268 1
270 38 1
270 120 1
270 121 1
270 124 1
270 139 1
270 140 1
270 188 1
270 193 1
270 265 1
271 11 1
271 12 1
271 82 1
271 123 1
271 124 1
272 81 1
272 84 1
272 122 1
272 191 1
272 257 1
272 267 1
272 269 1
273 33 1
273 72 1
273 81 1
273 84 1
273 121 1
273 122 1
273 152 1
273 188 1
273 189 1
273 191 1
273 257 1
273 267 1
273 269 1
273 272 1
274 39 1
274 84 1
274 209 1
274 210 1
275 43 1
275 85 1
275 88 1
275 126 1
275 154 1
276 43 1
276 85 1
276 88 1
276 126 1
276 127 1
276 154 1
276 197 1
276 275 1
277 85 1
277 154 1
277 276 1
278 40 1
278 86 1
278 127 1
278 129 1
278 195 1
278 196 1
279 13 1
279 40 1
279 86 1
279 126 1
279 127 1
279 128 1
279 129 1
279 195 1
279 196 1
279 278 1
280 43 1
280 88 1
280 126 1
280 128 1
280 197 1
280 198 1
280 199 1
281 43 1
281 125 1
281 130 1
281 141 1
281 156 1
281 197 1
281 199 1
282 13 1
282 17 1
282 125 1
282 130 1
282 141 1
282 156 1
282 197 1
282 199 1
282 200 1
282 217 1
282 281 1
283 15 1
283 16 1
283 18 1
283 19 1
283 47 1
283 90 1
283 95 1
283 142 1
283 143 1
283 155 1
283 157 1
283 201 1
283 202 1
283 203 1
283 204 1
283 205 1
283 206 1
283 216 1
283 217 1
284 44 1
284 89 1
284 90 1
284 206 1
285 15 1
285 16 1
285 45 1
285 90 1
285 142 1
285 143 1
285 201 1
285 203 1
285 204 1
285 205 1
286 18 1
286 91 1
286 93 1
286 142 1
286 144 1
286 157 1
286 202 1
286 208 1
286 209 1
286 210 1
286 211 1
286 214 1
286 215 1
286 216 1
286 268 1
287 92 1
287 93 1
287 94 1
287 144 1
287 208 1
287 209 1
287 210 1
287 286 1
288 39 1
288 91 1
288 92 1
288 93 1
288 94 1
288 144 1
288 153 1
288 208 1
288 209 1
288 210 1
288 211 1
288 212 1
288 213 1
288 214 1
288 215 1
288 274 1
288 287 1
289 17 1
289 92 1
289 93 1
289 144 1
289 156 1
289 209 1
289 210 1
289 215 1
289 286 1
289 287 1
290 92 1
290 93 1
290 144 1
290 191 1
290 208 1
290 209 1
290 210 1
290 267 1
290 269 1
290 286 1
290 287 1
290 289 1
291 91 1
291 93 1
291 94 1
291 131 1
291 142 1
291 144 1
291 153 1
291 202 1
291 207 1
291 208 1
291 209 1
291 210 1
291 211 1
291 212 1
291 213 1
291 214 1
291 215 1
291 286 1
291 288 1
292 17 1
292 18 1
292 92 1
292 93 1
292 94 1
292 142 1
292 144 1
292 156 1
292 157 1
292 209 1
292 210 1
292 214 1
292 215 1
292 216 1
292 286 1
292 287 1
292 289 1
292 290 1
293 15 1
293 16 1
293 17 1
293 18 1
293 19 1
293 42 1
293 47 1
293 95 1
293 142 1
293 143 1
293 155 1
293 156 1
293 157 1
293 198 1
293 201 1
293 202 1
293 203 1
293 204 1
293 205 1
293 216 1
293 217 1
293 283 1
293 286 1
293 292 1
294 13 1
294 15 1
294 18 1
294 19 1
294 42 1
294 47 1
294 95 1
294 130 1
294 143 1
294 157 1
294 198 1
294 200 1
294 203 1
294 204 1
294 205 1
294 216 1
294 217 1
294 282 1
294 283 1
294 293 1
295 0 1
295 24 1
295 33 1
295 34 1
295 58 1
295 73 1
295 105 1
295 138 1
295 146 1
295 158 1
295 165 1
295 166 1
295 167 1
295 168 1
295 178 1
295 179 1
295 180 1
295 181 1
295 218 1
295 229 1
295 230 1
295 236 1
295 237 1
295 238 1
295 257 1
295 258 1
295 259 1
296 0 1
296 20 1
296 33 1
296 34 1
296 53 1
296 73 1
296 138 1
296 146 1
296 158 1
296 165 1
296 166 1
296 167 1
296 168 1
296 178 1
296 180 1
296 181 1
296 218 1
296 229 1
296 230 1
296 236 1
296 237 1
296 238 1
296 258 1
296 295 1
297 48 1
297 49 1
297 96 1
297 97 1
297 98 1
297 160 1
297 161 1
297 162 1
297 220 1
297 221 1
297 222 1
298 48 1
298 50 1
298 51 1
298 98 1
298 146 1
298 160 1
298 161 1
298 163 1
298 166 1
298 219 1
298 220 1
298 221 1
298 223 1
298 224 1
298 297 1
299 20 1
299 48 1
299 50 1
299 51 1
299 53 1
299 97 1
299 98 1
299 99 1
299 106 1
299 146 1
299 158 1
299 159 1
299 160 1
299 161 1
299 163 1
299 165 1
299 166 1
299 168 1
299 218 1
299 219 1
299 220 1
299 221 1
299 223 1
299 224 1
299 225 1
299 226 1
299 229 1
299 230 1
299 298 1
300 21 1
300 48 1
300 97 1
300 99 1
300 100 1
300 101 1
300 102 1
300 106 1
300 158 1
300 161 1
300 162 1
300 163 1
300 164 1
300 165 1
300 166 1
300 168 1
300 224 1
300 225 1
300 226 1
300 227 1
300 229 1
300 230 1
300 299 1
301 21 1
301 52 1
301 97 1
301 99 1
301 100 1
301 101 1
301 102 1
301 106 1
301 132 1
301 162 1
301 163 1
301 164 1
301 165 1
301 224 1
301 225 1
301 226 1
301 227 1
301 228 1
301 229 1
301 299 1
301 300 1
302 1 1
302 52 1
302 56 1
302 57 1
302 58 1
302 99 1
302 100 1
302 101 1
302 102 1
302 103 1
302 104 1
302 105 1
302 145 1
302 147 1
302 164 1
302 165 1
302 168 1
302 227 1
302 229 1
302 231 1
302 235 1
302 236 1
302 237 1
302 301 1
303 20 1
303 53 1
303 98 1
303 99 1
303 102 1
303 106 1
303 132 1
303 146 1
303 158 1
303 159 1
303 163 1
303 165 1
303 166 1
303 167 1
303 168 1
303 178 1
303 218 1
303 219 1
303 224 1
303 225 1
303 229 1
303 230 1
303 295 1
303 296 1
303 299 1
303 300 1
304 33 1
304 58 1
304 99 1
304 100 1
304 101 1
304 102 1
304 103 1
304 105 1
304 132 1
304 138 1
304 145 1
304 146 1
304 163 1
304 164 1
304 165 1
304 166 1
304 168 1
304 178 1
304 227 1
304 228 1
304 229 1
304 230 1
304 231 1
304 235 1
304 236 1
304 237 1
304 259 1
304 295 1
304 296 1
304 302 1
304 303 1
305 1 1
305 23 1
305 52 1
305 54 1
305 56 1
305 100 1
305 101 1
305 102 1
305 103 1
305 104 1
305 135 1
305 145 1
305 164 1
305 227 1
305 231 1
305 232 1
305 302 1
306 2 1
306 22 1
306 54 1
306 55 1
306 133 1
306 134 1
306 169 1
306 232 1
307 2 1
307 22 1
307 54 1
307 55 1
307 133 1
307 134 1
307 169 1
307 232 1
307 306 1
308 1 1
308 2 1
308 23 1
308 54 1
308 100 1
308 101 1
308 104 1
308 133 1
308 145 1
308 164 1
308 169 1
308 227 1
308 232 1
308 305 1
308 307 1
309 21 1
309 52 1
309 58 1
309 99 1
309 100 1
309 101 1
309 102 1
309 106 1
309 145 1
309 158 1
309 163 1
309 164 1
309 165 1
309 168 1
309 218 1
309 225 1
309 226 1
309 229 1
309 230 1
309 231 1
309 236 1
309 237 1
309 296 1
309 300 1
309 301 1
309 302 1
309 303 1
309 304 1
310 20 1
310 21 1
310 99 1
310 100 1
310 102 1
310 106 1
310 158 1
310 159 1
310 163 1
310 165 1
310 166 1
310 168 1
310 218 1
310 224 1
310 225 1
310 226 1
310 229 1
310 230 1
310 237 1
310 296 1
310 299 1
310 300 1
310 301 1
310 303 1
310 304 1
310 309 1
311 20 1
311 106 1
311 158 1
311 159 1
311 163 1
311 165 1
311 166 1
311 168 1
311 218 1
311 230 1
311 236 1
311 237 1
311 295 1
311 296 1
311 300 1
311 303 1
311 304 1
311 309 1
311 310 1
312 3 1
312 5 1
312 27 1
312 59 1
312 60 1
312 67 1
312 107 1
312 108 1
312 109 1
312 110 1
312 111 1
312 112 1
312 148 1
312 149 1
312 170 1
312 174 1
312 240 1
312 241 1
312 242 1
312 243 1
312 244 1
312 250 1
312 251 1
313 3 1
313 4 1
313 59 1
313 60 1
313 62 1
313 67 1
313 107 1
313 108 1
313 109 1
313 110 1
313 111 1
313 148 1
313 149 1
313 170 1
313 174 1
313 242 1
313 243 1
313 244 1
313 250 1
313 251 1
313 312 1
314 3 1
314 5 1
314 25 1
314 26 1
314 62 1
314 65 1
314 66 1
314 107 1
314 110 1
314 111 1
314 112 1
314 114 1
314 148 1
314 170 1
314 171 1
314 172 1
314 173 1
314 239 1
314 245 1
314 246 1
314 247 1
315 3 1
315 5 1
315 25 1
315 27 1
315 59 1
315 63 1
315 64 1
315 65 1
315 107 1
315 108 1
315 109 1
315 112 1
315 113 1
315 114 1
315 115 1
315 170 1
315 171 1
315 240 1
315 241 1
315 246 1
315 247 1
315 248 1
315 314 1
316 27 1
316 28 1
316 63 1
316 64 1
316 107 1
316 113 1
316 115 1
316 173 1
316 248 1
316 249 1
316 315 1
317 3 1
317 26 1
317 28 1
317 65 1
317 66 1
317 107 1
317 111 1
317 112 1
317 113 1
317 114 1
317 115 1
317 170 1
317 171 1
317 172 1
317 173 1
317 239 1
317 314 1
317 316 1
318 29 1
318 30 1
318 69 1
318 70 1
318 150 1
318 252 1
318 253 1
318 254 1
319 6 1
319 7 1
319 9 1
319 71 1
319 73 1
319 74 1
319 116 1
319 136 1
319 151 1
319 175 1
319 176 1
319 181 1
319 182 1
319 183 1
319 184 1
319 256 1
319 260 1
319 261 1
320 6 1
320 7 1
320 31 1
320 71 1
320 73 1
320 74 1
320 116 1
320 117 1
320 136 1
320 175 1
320 176 1
320 177 1
320 182 1
320 183 1
320 319 1
321 0 1
321 24 1
321 34 1
321 53 1
321 71 1
321 73 1
321 74 1
321 138 1
321 146 1
321 166 1
321 167 1
321 178 1
321 179 1
321 180 1
321 181 1
321 182 1
321 218 1
321 230 1
321 238 1
321 258 1
321 295 1
321 296 1
321 303 1
322 6 1
322 8 1
322 72 1
322 73 1
322 74 1
322 116 1
322 136 1
322 137 1
322 151 1
322 175 1
322 176 1
322 179 1
322 181 1
322 182 1
322 183 1
322 257 1
322 260 1
322 319 1
323 6 1
323 7 1
323 8 1
323 9 1
323 71 1
323 72 1
323 73 1
323 74 1
323 116 1
323 136 1
323 137 1
323 151 1
323 175 1
323 176 1
323 179 1
323 181 1
323 182 1
323 183 1
323 184 1
323 256 1
323 260 1
323 319 1
323 322 1
324 6 1
324 7 1
324 8 1
324 9 1
324 71 1
324 72 1
324 73 1
324 74 1
324 116 1
324 136 1
324 137 1
324 138 1
324 151 1
324 175 1
324 176 1
324 179 1
324 181 1
324 182 1
324 183 1
324 184 1
324 256 1
324 257 1
324 259 1
324 260 1
324 261 1
324 319 1
324 322 1
324 323 1
325 6 1
325 7 1
325 8 1
325 9 1
325 71 1
325 73 1
325 116 1
325 136 1
325 137 1
325 151 1
325 175 1
325 176 1
325 182 1
325 183 1
325 184 1
325 256 1
325 260 1
325 261 1
325 319 1
325 320 1
325 322 1
325 323 1
325 324 1
326 9 1
326 28 1
326 113 1
326 115 1
326 151 1
326 173 1
326 184 1
326 261 1
326 316 1
326 317 1
327 39 1
327 84 1
327 93 1
327 144 1
327 153 1
327 189 1
327 190 1
327 191 1
327 208 1
327 209 1
327 210 1
327 267 1
327 268 1
327 272 1
327 273 1
327 274 1
327 287 1
327 288 1
327 290 1
328 84 1
328 93 1
328 144 1
328 153 1
328 187 1
328 189 1
328 190 1
328 191 1
328 208 1
328 210 1
328 267 1
328 268 1
328 272 1
328 273 1
328 274 1
328 288 1
328 327 1
329 35 1
329 36 1
329 75 1
330 78 1
330 79 1
330 118 1
330 119 1
330 139 1
330 153 1
330 185 1
330 186 1
330 187 1
330 189 1
330 190 1
330 191 1
330 263 1
330 264 1
330 265 1
330 266 1
330 267 1
330 268 1
331 0 1
331 33 1
331 119 1
331 120 1
331 121 1
331 185 1
331 187 1
331 188 1
331 189 1
331 190 1
331 191 1
331 263 1
331 264 1
331 265 1
331 266 1
331 267 1
331 268 1
331 330 1
332 81 1
332 119 1
332 120 1
332 121 1
332 139 1
332 140 1
332 187 1
332 188 1
332 189 1
332 264 1
332 265 1
332 266 1
332 267 1
332 270 1
332 330 1
332 331 1
333 10 1
333 81 1
333 83 1
333 119 1
333 120 1
333 121 1
333 122 1
333 123 1
333 152 1
333 188 1
333 189 1
333 191 1
333 194 1
333 267 1
333 269 1
333 272 1
333 273 1
333 332 1
334 119 1
334 121 1
334 122 1
334 139 1
334 144 1
334 152 1
334 153 1
334 187 1
334 188 1
334 189 1
334 190 1
334 191 1
334 208 1
334 267 1
334 268 1
334 269 1
334 272 1
334 273 1
334 290 1
334 327 1
334 328 1
334 333 1
335 10 1
335 11 1
335 12 1
335 81 1
335 82 1
335 120 1
335 121 1
335 122 1
335 123 1
335 124 1
335 140 1
335 152 1
335 188 1
335 194 1
335 269 1
335 270 1
335 271 1
335 333 1
336 11 1
336 37 1
336 124 1
336 192 1
336 193 1
336 335 1
337 10 1
337 11 1
337 38 1
337 120 1
337 123 1
337 124 1
337 140 1
337 152 1
337 188 1
337 192 1
337 193 1
337 270 1
337 335 1
337 336 1
338 33 1
338 57 1
338 58 1
338 84 1
338 105 1
338 119 1
338 185 1
338 187 1
338 189 1
338 190 1
338 191 1
338 235 1
338 236 1
338 268 1
338 272 1
338 273 1
338 327 1
338 328 1
338 331 1
338 334 1
339 13 1
339 43 1
339 85 1
339 88 1
339 126 1
339 127 1
339 154 1
339 197 1
339 199 1
339 275 1
339 276 1
339 277 1
340 13 1
340 40 1
340 86 1
340 126 1
340 127 1
340 128 1
340 129 1
340 195 1
340 197 1
340 278 1
340 279 1
341 13 1
341 43 1
341 88 1
341 126 1
341 127 1
341 128 1
341 197 1
341 198 1
341 199 1
341 275 1
341 276 1
341 280 1
341 339 1
341 340 1
342 13 1
342 42 1
342 43 1
342 88 1
342 126 1
342 127 1
342 128 1
342 197 1
342 198 1
342 199 1
342 280 1
342 339 1
342 340 1
342 341 1
343 13 1
343 42 1
343 47 1
343 95 1
343 126 1
343 127 1
343 128 1
343 197 1
343 198 1
343 199 1
343 279 1
343 280 1
343 294 1
343 340 1
343 341 1
343 342 1
344 13 1
344 41 1
344 42 1
344 87 1
344 95 1
344 126 1
344 127 1
344 128 1
344 130 1
344 141 1
344 195 1
344 196 1
344 197 1
344 198 1
344 199 1
344 200 1
344 217 1
344 282 1
344 294 1
344 340 1
344 341 1
344 342 1
344 343 1
345 13 1
345 43 1
345 88 1
345 126 1
345 197 1
345 198 1
345 199 1
345 280 1
345 281 1
345 282 1
345 339 1
345 341 1
345 342 1
345 343 1
345 344 1
346 15 1
346 16 1
346 18 1
346 45 1
346 46 1
346 131 1
346 142 1
346 201 1
346 202 1
346 203 1
346 204 1
346 205 1
346 207 1
346 213 1
346 215 1
346 216 1
346 285 1
347 15 1
347 16 1
347 18 1
347 19 1
347 89 1
347 90 1
347 131 1
347 142 1
347 143 1
347 155 1
347 201 1
347 202 1
347 203 1
347 205 1
347 206 1
347 207 1
347 283 1
347 284 1
348 15 1
348 16 1
348 18 1
348 19 1
348 45 1
348 90 1
348 91 1
348 93 1
348 94 1
348 131 1
348 142 1
348 143 1
348 157 1
348 201 1
348 202 1
348 203 1
348 205 1
348 207 1
348 210 1
348 211 1
348 212 1
348 213 1
348 214 1
348 215 1
348 216 1
348 286 1
348 291 1
348 292 1
348 293 1
348 346 1
348 347 1
349 16 1
349 90 1
349 91 1
349 93 1
349 94 1
349 131 1
349 142 1
349 201 1
349 202 1
349 203 1
349 207 1
349 211 1
349 212 1
349 213 1
349 214 1
349 215 1
349 291 1
349 346 1
349 347 1
349 348 1
350 91 1
350 93 1
350 131 1
350 142 1
350 202 1
350 207 1
350 210 1
350 211 1
350 212 1
350 213 1
350 214 1
350 215 1
350 288 1
350 291 1
350 348 1
350 349 1
351 17 1
351 45 1
351 92 1
351 93 1
351 94 1
351 131 1
351 142 1
351 156 1
351 157 1
351 201 1
351 207 1
351 209 1
351 210 1
351 212 1
351 213 1
351 214 1
351 215 1
351 287 1
351 289 1
351 292 1
351 346 1
351 348 1
352 15 1
352 16 1
352 17 1
352 18 1
352 45 1
352 91 1
352 92 1
352 93 1
352 94 1
352 131 1
352 142 1
352 156 1
352 157 1
352 201 1
352 202 1
352 204 1
352 207 1
352 209 1
352 210 1
352 213 1
352 214 1
352 215 1
352 216 1
352 286 1
352 289 1
352 292 1
352 346 1
352 348 1
352 349 1
352 351 1
353 15 1
353 16 1
353 17 1
353 18 1
353 91 1
353 92 1
353 93 1
353 94 1
353 131 1
353 142 1
353 144 1
353 156 1
353 157 1
353 201 1
353 202 1
353 203 1
353 207 1
353 209 1
353 210 1
353 213 1
353 214 1
353 215 1
353 216 1
353 217 1
353 286 1
353 287 1
353 289 1
353 290 1
353 291 1
353 292 1
353 293 1
353 348 1
353 351 1
353 352 1
354 15 1
354 16 1
354 17 1
354 18 1
354 19 1
354 45 1
354 91 1
354 93 1
354 131 1
354 142 1
354 143 1
354 156 1
354 157 1
354 201 1
354 202 1
354 203 1
354 204 1
354 205 1
354 207 1
354 214 1
354 215 1
354 216 1
354 217 1
354 283 1
354 286 1
354 291 1
354 292 1
354 293 1
354 346 1
354 348 1
354 349 1
354 351 1
354 352 1
354 353 1
355 15 1
355 18 1
355 19 1
355 42 1
355 47 1
355 95 1
355 142 1
355 143 1
355 155 1
355 157 1
355 198 1
355 202 1
355 203 1
355 205 1
355 216 1
355 217 1
355 283 1
355 293 1
355 294 1
355 354 1
356 13 1
356 18 1
356 19 1
356 42 1
356 47 1
356 95 1
356 128 1
356 130 1
356 141 1
356 156 1
356 157 1
356 197 1
356 198 1
356 199 1
356 200 1
356 204 1
356 205 1
356 216 1
356 217 1
356 282 1
356 293 1
356 294 1
356 341 1
356 342 1
356 343 1
356 344 1
356 345 1
356 355 1
357 30 1
357 31 1
357 69 1
357 70 1
357 117 1
357 177 1
357 252 1
357 253 1
357 254 1
357 255 1
357 318 1
358 35 1
358 36 1
358 75 1
358 329 1
359 13 1
359 17 1
359 41 1
359 125 1
359 130 1
359 141 1
359 156 1
359 197 1
359 199 1
359 200 1
359 217 1
359 281 1
359 282 1
359 294 1
359 344 1
359 356 1
360 0 1
360 24 1
360 33 1
360 119 1
360 179 1
360 180 1
360 238 1
360 258 1
360 266 1
360 295 1
360 296 1
360 331 1
360 332 1
361 0 1
361 33 1
361 58 1
361 73 1
361 105 1
361 138 1
361 146 1
361 158 1
361 165 1
361 166 1
361 167 1
361 168 1
361 178 1
361 180 1
361 181 1
361 218 1
361 229 1
361 230 1
361 231 1
361 236 1
361 237 1
361 238 1
361 258 1
361 259 1
361 295 1
361 296 1
361 303 1
361 304 1
361 309 1
361 310 1
361 311 1
361 321 1
361 360 1
362 96 1
362 162 1
362 222 1
363 21 1
363 52 1
363 97 1
363 99 1
363 100 1
363 101 1
363 102 1
363 106 1
363 145 1
363 163 1
363 164 1
363 165 1
363 224 1
363 225 1
363 226 1
363 227 1
363 300 1
363 301 1
363 302 1
363 309 1
363 310 1
364 99 1
364 100 1
364 101 1
364 102 1
364 103 1
364 132 1
364 146 1
364 163 1
364 164 1
364 165 1
364 166 1
364 168 1
364 178 1
364 224 1
364 225 1
364 226 1
364 227 1
364 228 1
364 229 1
364 230 1
364 231 1
364 299 1
364 300 1
364 301 1
364 302 1
364 303 1
364 304 1
364 309 1
364 310 1
365 1 1
365 21 1
365 52 1
365 99 1
365 100 1
365 101 1
365 102 1
365 103 1
365 104 1
365 132 1
365 145 1
365 163 1
365 164 1
365 165 1
365 166 1
365 168 1
365 178 1
365 224 1
365 225 1
365 226 1
365 227 1
365 228 1
365 229 1
365 230 1
365 231 1
365 300 1
365 301 1
365 302 1
365 303 1
365 304 1
365 305 1
365 309 1
365 310 1
365 363 1
365 364 1
366 20 1
366 34 1
366 50 1
366 51 1
366 53 1
366 73 1
366 98 1
366 146 1
366 158 1
366 159 1
366 165 1
366 166 1
366 167 1
366 168 1
366 178 1
366 181 1
366 218 1
366 219 1
366 220 1
366 223 1
366 230 1
366 258 1
366 296 1
366 298 1
366 299 1
366 303 1
366 321 1
366 361 1
368 55 1
368 367 1
369 1 1
369 23 1
369 54 1
369 101 1
369 102 1
369 103 1
369 104 1
369 145 1
369 164 1
369 227 1
369 228 1
369 232 1
369 233 1
369 302 1
369 305 1
369 308 1
369 365 1
370 4 1
370 61 1
371 4 1
371 60 1
371 62 1
371 110 1
371 111 1
371 148 1
371 149 1
371 242 1
371 243 1
371 244 1
371 245 1
371 312 1
371 313 1
372 5 1
372 27 1
372 63 1
372 64 1
372 107 1
372 108 1
372 112 1
372 113 1
372 115 1
372 240 1
372 241 1
372 248 1
372 249 1
372 315 1
372 316 1
373 5 1
373 25 1
373 28 1
373 64 1
373 65 1
373 112 1
373 113 1
373 114 1
373 115 1
373 170 1
373 171 1
373 172 1
373 246 1
373 248 1
373 315 1
373 317 1
373 372 1
374 3 1
374 25 1
374 26 1
374 28 1
374 65 1
374 66 1
374 112 1
374 114 1
374 115 1
374 170 1
374 171 1
374 172 1
374 173 1
374 246 1
374 248 1
374 314 1
374 317 1
374 373 1
375 3 1
375 26 1
375 28 1
375 62 1
375 66 1
375 68 1
375 107 1
375 111 1
375 114 1
375 115 1
375 170 1
375 171 1
375 172 1
375 173 1
375 239 1
375 245 1
375 314 1
375 317 1
375 326 1
375 374 1
376 28 1
376 63 1
376 64 1
376 113 1
376 115 1
376 171 1
376 173 1
376 248 1
376 315 1
376 316 1
376 317 1
376 326 1
376 372 1
376 373 1
376 374 1
377 3 1
377 26 1
377 28 1
377 65 1
377 66 1
377 114 1
377 115 1
377 170 1
377 171 1
377 172 1
377 173 1
377 239 1
377 316 1
377 317 1
377 326 1
377 373 1
377 374 1
377 375 1
377 376 1
378 29 1
378 30 1
378 69 1
378 70 1
378 150 1
378 252 1
378 253 1
378 254 1
378 255 1
378 318 1
378 357 1
379 30 1
379 31 1
379 69 1
379 70 1
379 117 1
379 150 1
379 177 1
379 252 1
379 253 1
379 254 1
379 255 1
379 318 1
379 357 1
379 378 1
381 30 1
381 31 1
381 32 1
381 116 1
381 117 1
381 176 1
381 177 1
381 254 1
381 255 1
381 320 1
382 32 1
382 116 1
382 117 1
382 177 1
382 255 1
382 381 1
383 7 1
383 71 1
383 73 1
383 132 1
383 138 1
383 146 1
383 151 1
383 165 1
383 166 1
383 168 1
383 178 1
383 181 1
383 228 1
383 229 1
383 230 1
383 256 1
383 259 1
383 260 1
383 304 1
383 324 1
383 325 1
383 364 1
383 365 1
384 33 1
384 73 1
384 102 1
384 103 1
384 132 1
384 138 1
384 146 1
384 165 1
384 166 1
384 167 1
384 168 1
384 178 1
384 180 1
384 181 1
384 228 1
384 229 1
384 230 1
384 231 1
384 256 1
384 258 1
384 259 1
384 295 1
384 296 1
384 303 1
384 304 1
384 321 1
384 361 1
384 364 1
384 365 1
384 366 1
384 383 1
385 0 1
385 33 1
385 58 1
385 72 1
385 73 1
385 105 1
385 138 1
385 146 1
385 165 1
385 166 1
385 168 1
385 178 1
385 179 1
385 180 1
385 181 1
385 229 1
385 230 1
385 231 1
385 236 1
385 256 1
385 257 1
385 258 1
385 259 1
385 295 1
385 296 1
385 303 1
385 304 1
385 321 1
385 360 1
385 361 1
385 383 1
385 384 1
386 33 1
386 57 1
386 58 1
386 72 1
386 84 1
386 103 1
386 105 1
386 138 1
386 147 1
386 178 1
386 231 1
386 234 1
386 235 1
386 256 1
386 257 1
386 259 1
386 260 1
386 272 1
386 273 1
386 304 1
386 338 1
386 383 1
386 384 1
386 385 1
387 84 1
387 93 1
387 144 1
387 153 1
387 189 1
387 190 1
387 191 1
387 208 1
387 210 1
387 267 1
387 268 1
387 269 1
387 272 1
387 273 1
387 274 1
387 288 1
387 290 1
387 327 1
387 328 1
387 334 1
387 338 1
388 35 1
388 36 1
388 75 1
388 76 1
388 262 1
388 329 1
388 358 1
389 35 1
389 36 1
389 75 1
389 329 1
389 358 1
389 388 1
390 119 1
390 120 1
390 121 1
390 122 1
390 139 1
390 140 1
390 153 1
390 187 1
390 188 1
390 189 1
390 190 1
390 191 1
390 208 1
390 263 1
390 264 1
390 265 1
390 266 1
390 267 1
390 268 1
390 269 1
390 270 1
390 330 1
390 331 1
390 332 1
390 333 1
390 334 1
391 10 1
391 11 1
391 12 1
391 81 1
391 83 1
391 122 1
391 123 1
391 124 1
391 152 1
391 188 1
391 194 1
391 269 1
391 333 1
391 335 1
391 337 1
392 78 1
392 79 1
392 93 1
392 118 1
392 153 1
392 185 1
392 189 1
392 190 1
392 191 1
392 208 1
392 210 1
392 263 1
392 268 1
392 288 1
392 291 1
392 327 1
392 328 1
392 330 1
392 387 1
393 78 1
393 79 1
393 80 1
393 118 1
393 153 1
393 185 1
393 190 1
393 288 1
393 328 1
393 392 1
394 10 1
394 11 1
394 12 1
394 82 1
394 120 1
394 121 1
394 122 1
394 123 1
394 124 1
394 140 1
394 152 1
394 188 1
394 192 1
394 193 1
394 270 1
394 271 1
394 333 1
394 335 1
394 336 1
394 337 1
394 391 1
395 33 1
395 57 1
395 58 1
395 84 1
395 105 1
395 185 1
395 187 1
395 191 1
395 235 1
395 236 1
395 237 1
395 272 1
395 273 1
395 327 1
395 328 1
395 331 1
395 338 1
395 387 1
396 33 1
396 56 1
396 57 1
396 58 1
396 84 1
396 105 1
396 147 1
396 191 1
396 235 1
396 236 1
396 272 1
396 273 1
396 327 1
396 328 1
396 338 1
396 386 1
396 387 1
396 395 1
397 125 1
398 85 1
398 154 1
398 275 1
398 276 1
398 277 1
398 339 1
399 13 1
399 40 1
399 86 1
399 127 1
399 128 1
399 129 1
399 195 1
399 196 1
399 278 1
399 279 1
399 340 1
399 343 1
400 13 1
400 40 1
400 41 1
400 86 1
400 87 1
400 127 1
400 129 1
400 195 1
400 196 1
400 278 1
400 279 1
400 340 1
400 399 1
401 13 1
401 42 1
401 47 1
401 95 1
401 126 1
401 128 1
401 195 1
401 197 1
401 198 1
401 279 1
401 294 1
401 340 1
401 343 1
401 344 1
401 356 1
401 399 1
401 400 1
402 13 1
402 17 1
402 125 1
402 130 1
402 141 1
402 156 1
402 200 1
402 204 1
402 216 1
402 217 1
402 281 1
402 282 1
402 294 1
402 344 1
402 356 1
402 359 1
403 15 1
403 16 1
403 17 1
403 45 1
403 94 1
403 131 1
403 142 1
403 156 1
403 201 1
403 204 1
403 207 1
403 213 1
403 214 1
403 215 1
403 285 1
403 346 1
403 348 1
403 351 1
403 352 1
403 354 1
404 14 1
404 44 1
404 89 1
404 90 1
404 155 1
404 206 1
404 284 1
404 347 1
405 46 1
405 90 1
405 131 1
405 346 1
406 18 1
406 91 1
406 93 1
406 142 1
406 144 1
406 153 1
406 157 1
406 202 1
406 207 1
406 208 1
406 209 1
406 210 1
406 211 1
406 214 1
406 215 1
406 268 1
406 286 1
406 288 1
406 290 1
406 291 1
406 292 1
406 348 1
406 349 1
406 350 1
406 352 1
406 353 1
406 354 1
407 93 1
407 121 1
407 122 1
407 139 1
407 144 1
407 153 1
407 189 1
407 190 1
407 191 1
407 208 1
407 209 1
407 210 1
407 267 1
407 268 1
407 269 1
407 286 1
407 288 1
407 290 1
407 327 1
407 328 1
407 334 1
407 387 1
407 390 1
407 392 1
407 406 1
408 92 1
408 93 1
408 144 1
408 153 1
408 189 1
408 190 1
408 191 1
408 208 1
408 209 1
408 210 1
408 267 1
408 268 1
408 269 1
408 272 1
408 286 1
408 287 1
408 288 1
408 289 1
408 290 1
408 327 1
408 328 1
408 334 1
408 387 1
408 406 1
408 407 1
409 17 1
409 92 1
409 144 1
409 156 1
409 157 1
409 215 1
409 216 1
409 217 1
409 282 1
409 287 1
409 289 1
409 290 1
409 292 1
409 351 1
409 352 1
409 353 1
409 354 1
409 402 1
410 15 1
410 16 1
410 18 1
410 19 1
410 47 1
410 91 1
410 95 1
410 142 1
410 143 1
410 155 1
410 157 1
410 201 1
410 202 1
410 203 1
410 204 1
410 205 1
410 207 1
410 216 1
410 217 1
410 283 1
410 286 1
410 292 1
410 293 1
410 294 1
410 348 1
410 352 1
410 353 1
410 354 1
410 355 1
410 356 1
410 406 1
411 20 1
411 48 1
411 50 1
411 51 1
411 53 1
411 98 1
411 158 1
411 159 1
411 161 1
411 166 1
411 218 1
411 219 1
411 220 1
411 221 1
411 298 1
411 299 1
411 303 1
411 366 1
412 21 1
412 96 1
412 97 1
412 160 1
412 162 1
412 222 1
412 362 1
413 1 1
413 33 1
413 52 1
413 57 1
413 58 1
413 99 1
413 100 1
413 101 1
413 102 1
413 103 1
413 104 1
413 105 1
413 132 1
413 138 1
413 145 1
413 147 1
413 164 1
413 165 1
413 168 1
413 178 1
413 227 1
413 229 1
413 230 1
413 231 1
413 235 1
413 236 1
413 237 1
413 259 1
413 295 1
413 296 1
413 302 1
413 303 1
413 304 1
413 309 1
413 311 1
413 361 1
413 364 1
413 365 1
413 384 1
413 385 1
413 386 1
414 27 1
414 63 1
414 64 1
414 107 1
414 108 1
414 112 1
414 113 1
414 115 1
414 240 1
414 241 1
414 248 1
414 249 1
414 315 1
414 316 1
414 372 1
414 376 1
415 28 1
415 63 1
415 64 1
415 113 1
415 115 1
415 316 1
415 326 1
415 372 1
415 376 1
415 414 1
416 3 1
416 26 1
416 28 1
416 64 1
416 65 1
416 66 1
416 107 1
416 112 1
416 113 1
416 114 1
416 115 1
416 170 1
416 171 1
416 172 1
416 173 1
416 248 1
416 315 1
416 316 1
416 317 1
416 326 1
416 372 1
416 373 1
416 374 1
416 375 1
416 376 1
416 377 1
416 414 1
416 415 1
417 4 1
417 60 1
417 61 1
417 67 1
417 110 1
417 149 1
417 174 1
417 250 1
417 251 1
417 312 1
417 313 1
418 8 1
418 33 1
418 72 1
418 73 1
418 74 1
418 138 1
418 151 1
418 178 1
418 179 1
418 180 1
418 181 1
418 182 1
418 183 1
418 256 1
418 257 1
418 259 1
418 260 1
418 322 1
418 323 1
418 324 1
418 325 1
418 383 1
418 384 1
418 385 1
418 386 1
419 6 1
419 7 1
419 8 1
419 9 1
419 71 1
419 72 1
419 73 1
419 74 1
419 116 1
419 136 1
419 137 1
419 138 1
419 151 1
419 175 1
419 176 1
419 179 1
419 181 1
419 182 1
419 183 1
419 184 1
419 256 1
419 259 1
419 260 1
419 261 1
419 319 1
419 320 1
419 322 1
419 323 1
419 324 1
419 325 1
419 383 1
419 418 1
420 77 1
420 78 1
420 79 1
420 80 1
420 118 1
420 185 1
420 186 1
420 187 1
420 190 1
420 263 1
420 264 1
420 265 1
420 266 1
420 330 1
420 331 1
421 10 1
421 81 1
421 83 1
421 119 1
421 120 1
421 121 1
421 122 1
421 123 1
421 139 1
421 144 1
421 152 1
421 188 1
421 189 1
421 191 1
421 194 1
421 208 1
421 267 1
421 268 1
421 269 1
421 272 1
421 273 1
421 290 1
421 327 1
421 328 1
421 333 1
421 334 1
421 338 1
421 387 1
421 390 1
421 407 1
421 408 1
422 38 1
422 124 1
422 140 1
422 192 1
422 193 1
422 270 1
422 335 1
422 336 1
422 337 1
422 394 1
423 37 1
423 38 1
423 124 1
423 140 1
423 192 1
423 193 1
423 270 1
423 336 1
423 337 1
423 422 1
424 13 1
424 42 1
424 88 1
424 95 1
424 126 1
424 127 1
424 128 1
424 130 1
424 141 1
424 197 1
424 198 1
424 199 1
424 217 1
424 280 1
424 281 1
424 282 1
424 294 1
424 339 1
424 340 1
424 341 1
424 342 1
424 343 1
424 344 1
424 345 1
424 356 1
424 359 1
424 401 1
424 402 1
425 17 1
425 92 1
425 93 1
425 94 1
425 144 1
425 156 1
425 157 1
425 208 1
425 209 1
425 210 1
425 214 1
425 215 1
425 286 1
425 287 1
425 288 1
425 289 1
425 290 1
425 292 1
425 351 1
425 352 1
425 353 1
425 354 1
425 406 1
425 407 1
425 408 1
425 409 1
426 15 1
426 16 1
426 17 1
426 18 1
426 45 1
426 91 1
426 92 1
426 93 1
426 94 1
426 131 1
426 142 1
426 144 1
426 156 1
426 157 1
426 201 1
426 202 1
426 203 1
426 204 1
426 205 1
426 207 1
426 209 1
426 210 1
426 211 1
426 213 1
426 214 1
426 215 1
426 216 1
426 217 1
426 286 1
426 289 1
426 291 1
426 292 1
426 293 1
426 346 1
426 348 1
426 349 1
426 351 1
426 352 1
426 353 1
426 354 1
426 403 1
426 406 1
426 409 1
426 410 1
426 425 1
427 15 1
427 16 1
427 17 1
427 18 1
427 19 1
427 45 1
427 91 1
427 131 1
427 142 1
427 143 1
427 156 1
427 157 1
427 201 1
427 202 1
427 203 1
427 204 1
427 205 1
427 207 1
427 213 1
427 214 1
427 215 1
427 216 1
427 217 1
427 283 1
427 285 1
427 286 1
427 292 1
427 293 1
427 294 1
427 346 1
427 348 1
427 349 1
427 351 1
427 352 1
427 353 1
427 354 1
427 355 1
427 403 1
427 406 1
427 409 1
427 410 1
427 426 1
428 55 1
428 307 1
428 367 1
428 368 1
429 5 1
429 27 1
429 59 1
429 63 1
429 67 1
429 107 1
429 108 1
429 109 1
429 112 1
429 240 1
429 241 1
429 242 1
429 243 1
429 249 1
429 250 1
429 312 1
429 315 1
429 372 1
429 414 1
430 5 1
430 27 1
430 59 1
430 60 1
430 67 1
430 107 1
430 108 1
430 109 1
430 110 1
430 112 1
430 148 1
430 170 1
430 174 1
430 240 1
430 241 1
430 242 1
430 243 1
430 250 1
430 312 1
430 313 1
430 315 1
430 371 1
430 429 1
431 3 1
431 25 1
431 26 1
431 28 1
431 65 1
431 66 1
431 114 1
431 170 1
431 171 1
431 172 1
431 173 1
431 239 1
431 246 1
431 248 1
431 314 1
431 317 1
431 373 1
431 374 1
431 375 1
431 377 1
431 416 1
432 0 1
432 33 1
432 57 1
432 72 1
432 73 1
432 105 1
432 138 1
432 147 1
432 178 1
432 179 1
432 180 1
432 181 1
432 231 1
432 235 1
432 256 1
432 257 1
432 259 1
432 260 1
432 273 1
432 295 1
432 304 1
432 324 1
432 361 1
432 383 1
432 384 1
432 385 1
432 386 1
432 396 1
432 413 1
432 418 1
433 6 1
433 8 1
433 71 1
433 72 1
433 73 1
433 74 1
433 116 1
433 136 1
433 137 1
433 151 1
433 175 1
433 176 1
433 179 1
433 180 1
433 181 1
433 182 1
433 183 1
433 258 1
433 260 1
433 319 1
433 320 1
433 322 1
433 323 1
433 324 1
433 325 1
433 418 1
433 419 1
434 13 1
434 40 1
434 41 1
434 86 1
434 87 1
434 129 1
434 195 1
434 196 1
434 278 1
434 279 1
434 399 1
434 400 1
435 13 1
435 42 1
435 95 1
435 126 1
435 127 1
435 128 1
435 130 1
435 141 1
435 197 1
435 198 1
435 199 1
435 200 1
435 217 1
435 280 1
435 281 1
435 282 1
435 294 1
435 340 1
435 341 1
435 342 1
435 343 1
435 344 1
435 345 1
435 356 1
435 359 1
435 401 1
435 402 1
435 424 1
436 92 1
436 93 1
436 144 1
436 208 1
436 209 1
436 210 1
436 269 1
436 286 1
436 287 1
436 289 1
436 290 1
436 292 1
436 327 1
436 334 1
436 353 1
436 387 1
436 407 1
436 408 1
436 409 1
436 421 1
436 425 1
437 16 1
437 17 1
437 45 1
437 91 1
437 92 1
437 93 1
437 94 1
437 131 1
437 142 1
437 201 1
437 207 1
437 209 1
437 210 1
437 211 1
437 212 1
437 213 1
437 214 1
437 215 1
437 288 1
437 291 1
437 292 1
437 346 1
437 348 1
437 349 1
437 351 1
437 352 1
437 353 1
437 354 1
437 403 1
437 425 1
437 426 1
437 427 1
438 23 1
438 56 1
438 104 1
438 135 1
438 147 1
438 232 1
438 233 1
438 234 1
438 305 1
438 369 1
439 4 1
439 60 1
439 61 1
439 62 1
439 110 1
439 148 1
439 149 1
439 243 1
439 244 1
439 245 1
439 251 1
439 313 1
439 371 1
439 417 1
440 3 1
440 5 1
440 25 1
440 62 1
440 65 1
440 66 1
440 107 1
440 111 1
440 112 1
440 114 1
440 148 1
440 170 1
440 171 1
440 172 1
440 239 1
440 246 1
440 247 1
440 314 1
440 315 1
440 374 1
440 431 1
441 28 1
441 63 1
441 64 1
441 113 1
441 115 1
441 173 1
441 248 1
441 316 1
441 317 1
441 326 1
441 372 1
441 373 1
441 376 1
441 377 1
441 414 1
441 415 1
441 416 1
442 29 1
442 69 1
442 70 1
442 150 1
442 252 1
442 253 1
442 318 1
442 378 1
442 379 1
443 6 1
443 7 1
443 9 1
443 31 1
443 71 1
443 73 1
443 116 1
443 136 1
443 150 1
443 151 1
443 175 1
443 176 1
443 182 1
443 183 1
443 184 1
443 256 1
443 260 1
443 261 1
443 319 1
443 320 1
443 323 1
443 324 1
443 325 1
443 379 1
443 383 1
443 419 1
443 433 1
444 14 1
444 44 1
444 89 1
444 155 1
444 284 1
444 404 1
445 15 1
445 16 1
445 18 1
445 19 1
445 90 1
445 91 1
445 93 1
445 131 1
445 142 1
445 143 1
445 157 1
445 201 1
445 202 1
445 203 1
445 205 1
445 207 1
445 211 1
445 213 1
445 214 1
445 215 1
445 216 1
445 283 1
445 286 1
445 291 1
445 292 1
445 293 1
445 346 1
445 347 1
445 348 1
445 349 1
445 350 1
445 352 1
445 353 1
445 354 1
445 406 1
445 410 1
445 426 1
445 427 1
446 17 1
446 45 1
446 92 1
446 94 1
446 142 1
446 156 1
446 157 1
446 204 1
446 209 1
446 213 1
446 214 1
446 215 1
446 216 1
446 217 1
446 287 1
446 289 1
446 292 1
446 351 1
446 352 1
446 353 1
446 354 1
446 402 1
446 403 1
446 409 1
446 425 1
446 426 1
446 427 1
446 437 1
447 1 1
447 21 1
447 52 1
447 58 1
447 99 1
447 100 1
447 101 1
447 102 1
447 103 1
447 104 1
447 106 1
447 145 1
447 163 1
447 164 1
447 165 1
447 168 1
447 225 1
447 226 1
447 227 1
447 228 1
447 229 1
447 231 1
447 237 1
447 300 1
447 301 1
447 302 1
447 304 1
447 305 1
447 308 1
447 309 1
447 310 1
447 363 1
447 364 1
447 365 1
447 369 1
447 413 1
448 20 1
448 53 1
448 73 1
448 99 1
448 102 1
448 132 1
448 138 1
448 146 1
448 158 1
448 163 1
448 165 1
448 166 1
448 167 1
448 168 1
448 178 1
448 180 1
448 181 1
448 218 1
448 225 1
448 229 1
448 230 1
448 231 1
448 236 1
448 237 1
448 259 1
448 295 1
448 296 1
448 299 1
448 303 1
448 304 1
448 309 1
448 310 1
448 311 1
448 321 1
448 361 1
448 364 1
448 365 1
448 366 1
448 383 1
448 384 1
448 385 1
448 413 1
449 5 1
449 27 1
449 59 1
449 63 1
449 64 1
449 107 1
449 108 1
449 109 1
449 112 1
449 113 1
449 240 1
449 241 1
449 248 1
449 249 1
449 312 1
449 315 1
449 372 1
449 414 1
449 429 1
449 430 1
450 27 1
450 59 1
450 60 1
450 67 1
450 107 1
450 108 1
450 109 1
450 110 1
450 148 1
450 149 1
450 174 1
450 241 1
450 242 1
450 243 1
450 244 1
450 250 1
450 251 1
450 312 1
450 313 1
450 371 1
450 417 1
450 429 1
450 430 1
451 4 1
451 60 1
451 61 1
451 62 1
451 110 1
451 111 1
451 148 1
451 149 1
451 174 1
451 242 1
451 243 1
451 244 1
451 245 1
451 251 1
451 312 1
451 313 1
451 371 1
451 417 1
451 430 1
451 439 1
451 450 1
452 5 1
452 25 1
452 65 1
452 66 1
452 111 1
452 112 1
452 114 1
452 170 1
452 171 1
452 172 1
452 246 1
452 247 1
452 314 1
452 373 1
452 374 1
452 431 1
452 440 1
453 3 1
453 5 1
453 25 1
453 62 1
453 65 1
453 107 1
453 108 1
453 109 1
453 110 1
453 111 1
453 112 1
453 114 1
453 148 1
453 170 1
453 171 1
453 239 1
453 240 1
453 243 1
453 246 1
453 247 1
453 312 1
453 314 1
453 315 1
453 430 1
453 440 1
453 449 1
453 452 1
454 3 1
454 5 1
454 25 1
454 62 1
454 65 1
454 66 1
454 107 1
454 108 1
454 109 1
454 110 1
454 111 1
454 112 1
454 114 1
454 148 1
454 170 1
454 171 1
454 172 1
454 239 1
454 240 1
454 243 1
454 246 1
454 247 1
454 312 1
454 314 1
454 315 1
454 371 1
454 430 1
454 440 1
454 449 1
454 452 1
454 453 1
455 6 1
455 32 1
455 116 1
455 117 1
455 175 1
455 380 1
455 382 1
456 31 1
456 32 1
456 116 1
456 117 1
456 176 1
456 177 1
456 255 1
456 320 1
456 381 1
456 382 1
456 455 1
457 0 1
457 33 1
457 58 1
457 72 1
457 73 1
457 105 1
457 138 1
457 165 1
457 168 1
457 178 1
457 179 1
457 180 1
457 181 1
457 229 1
457 230 1
457 231 1
457 235 1
457 236 1
457 237 1
457 257 1
457 258 1
457 259 1
457 295 1
457 296 1
457 303 1
457 304 1
457 311 1
457 321 1
457 338 1
457 360 1
457 361 1
457 384 1
457 385 1
457 386 1
457 395 1
457 396 1
457 413 1
457 418 1
457 432 1
457 448 1
458 36 1
458 75 1
458 262 1
458 329 1
458 358 1
458 388 1
458 389 1
459 10 1
459 81 1
459 119 1
459 120 1
459 121 1
459 122 1
459 123 1
459 140 1
459 152 1
459 187 1
459 188 1
459 189 1
459 191 1
459 265 1
459 266 1
459 267 1
459 269 1
459 273 1
459 331 1
459 332 1
459 333 1
459 334 1
459 335 1
459 337 1
459 390 1
459 391 1
459 394 1
459 421 1
460 10 1
460 72 1
460 81 1
460 119 1
460 120 1
460 121 1
460 122 1
460 123 1
460 152 1
460 188 1
460 257 1
460 269 1
460 273 1
460 332 1
460 333 1
460 335 1
460 391 1
460 421 1
460 459 1
461 84 1
461 93 1
461 119 1
461 121 1
461 139 1
461 144 1
461 153 1
461 187 1
461 189 1
461 190 1
461 191 1
461 208 1
461 210 1
461 265 1
461 267 1
461 268 1
461 269 1
461 272 1
461 273 1
461 290 1
461 327 1
461 328 1
461 330 1
461 334 1
461 338 1
461 387 1
461 390 1
461 392 1
461 395 1
461 396 1
461 407 1
461 408 1
461 421 1
462 11 1
462 12 1
462 38 1
462 82 1
462 123 1
462 124 1
462 192 1
462 193 1
462 271 1
462 335 1
462 336 1
462 337 1
462 391 1
462 394 1
462 422 1
463 43 1
463 85 1
463 88 1
463 126 1
463 154 1
463 197 1
463 199 1
463 275 1
463 276 1
463 277 1
463 339 1
463 341 1
463 342 1
463 345 1
463 398 1
464 43 1
464 85 1
464 88 1
464 154 1
464 275 1
464 276 1
464 277 1
464 281 1
464 339 1
464 398 1
464 463 1
465 40 1
465 86 1
465 87 1
465 127 1
465 129 1
465 195 1
465 196 1
465 278 1
465 279 1
465 399 1
465 400 1
465 434 1
466 17 1
466 125 1
466 130 1
466 141 1
466 156 1
466 197 1
466 199 1
466 200 1
466 217 1
466 281 1
466 282 1
466 344 1
466 345 1
466 356 1
466 359 1
466 402 1
466 409 1
466 424 1
466 435 1
466 464 1
467 84 1
467 92 1
467 93 1
467 144 1
467 189 1
467 191 1
467 208 1
467 209 1
467 210 1
467 267 1
467 268 1
467 269 1
467 272 1
467 273 1
467 274 1
467 287 1
467 288 1
467 289 1
467 290 1
467 327 1
467 328 1
467 334 1
467 338 1
467 387 1
467 396 1
467 407 1
467 408 1
467 421 1
467 425 1
467 436 1
467 461 1
468 17 1
468 95 1
468 125 1
468 130 1
468 141 1
468 156 1
468 157 1
468 200 1
468 204 1
468 216 1
468 217 1
468 281 1
468 282 1
468 289 1
468 292 1
468 293 1
468 294 1
468 352 1
468 353 1
468 354 1
468 356 1
468 359 1
468 402 1
468 409 1
468 410 1
468 424 1
468 426 1
468 427 1
468 435 1
468 446 1
468 466 1
469 48 1
469 50 1
469 51 1
469 97 1
469 98 1
469 99 1
469 146 1
469 158 1
469 159 1
469 160 1
469 161 1
469 163 1
469 165 1
469 166 1
469 219 1
469 220 1
469 221 1
469 223 1
469 224 1
469 225 1
469 226 1
469 230 1
469 297 1
469 298 1
469 299 1
469 300 1
469 303 1
469 364 1
469 366 1
469 411 1
470 1 1
470 52 1
470 58 1
470 99 1
470 100 1
470 101 1
470 102 1
470 103 1
470 104 1
470 105 1
470 132 1
470 145 1
470 163 1
470 164 1
470 165 1
470 168 1
470 225 1
470 227 1
470 228 1
470 229 1
470 230 1
470 231 1
470 235 1
470 236 1
470 237 1
470 300 1
470 301 1
470 302 1
470 304 1
470 305 1
470 309 1
470 310 1
470 361 1
470 363 1
470 364 1
470 365 1
470 369 1
470 384 1
470 413 1
470 447 1
470 448 1
471 1 1
471 23 1
471 56 1
471 57 1
471 103 1
471 104 1
471 135 1
471 147 1
471 232 1
471 233 1
471 234 1
471 305 1
471 369 1
471 438 1
472 5 1
472 25 1
472 65 1
472 107 1
472 111 1
472 112 1
472 114 1
472 170 1
472 171 1
472 240 1
472 246 1
472 247 1
472 248 1
472 314 1
472 315 1
472 373 1
472 440 1
472 452 1
472 453 1
472 454 1
473 5 1
473 28 1
473 63 1
473 64 1
473 107 1
473 112 1
473 113 1
473 115 1
473 171 1
473 248 1
473 315 1
473 316 1
473 317 1
473 372 1
473 373 1
473 374 1
473 376 1
473 377 1
473 414 1
473 415 1
473 416 1
473 441 1
473 449 1
474 5 1
474 25 1
474 28 1
474 65 1
474 66 1
474 107 1
474 112 1
474 114 1
474 115 1
474 170 1
474 171 1
474 172 1
474 246 1
474 247 1
474 248 1
474 314 1
474 315 1
474 317 1
474 372 1
474 373 1
474 374 1
474 376 1
474 377 1
474 416 1
474 431 1
474 440 1
474 452 1
474 453 1
474 454 1
474 472 1
474 473 1
475 7 1
475 9 1
475 29 1
475 30 1
475 69 1
475 70 1
475 150 1
475 252 1
475 253 1
475 254 1
475 318 1
475 357 1
475 378 1
475 379 1
475 442 1
476 32 1
476 116 1
476 117 1
476 175 1
476 176 1
476 177 1
476 320 1
476 381 1
476 382 1
476 455 1
476 456 1
477 6 1
477 7 1
477 32 1
477 71 1
477 74 1
477 116 1
477 117 1
477 136 1
477 175 1
477 176 1
477 177 1
477 182 1
477 183 1
477 319 1
477 320 1
477 323 1
477 325 1
477 381 1
477 382 1
477 419 1
477 433 1
477 443 1
477 456 1
477 476 1
478 7 1
478 71 1
478 73 1
478 132 1
478 138 1
478 146 1
478 165 1
478 166 1
478 167 1
478 168 1
478 178 1
478 179 1
478 180 1
478 181 1
478 229 1
478 230 1
478 231 1
478 256 1
478 257 1
478 258 1
478 259 1
478 260 1
478 295 1
478 296 1
478 303 1
478 304 1
478 321 1
478 324 1
478 361 1
478 364 1
478 365 1
478 366 1
478 383 1
478 384 1
478 385 1
478 386 1
478 413 1
478 418 1
478 432 1
478 448 1
478 457 1
479 7 1
479 34 1
479 53 1
479 71 1
479 73 1
479 74 1
479 138 1
479 146 1
479 166 1
479 167 1
479 178 1
479 179 1
479 180 1
479 181 1
479 182 1
479 183 1
479 238 1
479 256 1
479 258 1
479 296 1
479 319 1
479 320 1
479 321 1
479 366 1
479 383 1
479 384 1
479 385 1
479 433 1
479 443 1
479 477 1
479 478 1
480 6 1
480 7 1
480 8 1
480 9 1
480 72 1
480 73 1
480 74 1
480 116 1
480 136 1
480 137 1
480 138 1
480 151 1
480 175 1
480 176 1
480 179 1
480 181 1
480 182 1
480 183 1
480 184 1
480 256 1
480 257 1
480 259 1
480 260 1
480 261 1
480 319 1
480 322 1
480 323 1
480 324 1
480 325 1
480 418 1
480 419 1
480 433 1
480 443 1
481 8 1
481 72 1
481 151 1
481 257 1
481 260 1
481 322 1
481 323 1
481 324 1
481 386 1
481 418 1
481 419 1
481 432 1
481 480 1
482 10 1
482 81 1
482 119 1
482 120 1
482 121 1
482 122 1
482 123 1
482 139 1
482 140 1
482 152 1
482 187 1
482 188 1
482 189 1
482 191 1
482 194 1
482 265 1
482 267 1
482 268 1
482 269 1
482 272 1
482 273 1
482 331 1
482 332 1
482 333 1
482 334 1
482 335 1
482 387 1
482 390 1
482 391 1
482 394 1
482 407 1
482 421 1
482 459 1
482 460 1
482 461 1
483 10 1
483 12 1
483 82 1
483 83 1
483 122 1
483 123 1
483 124 1
483 194 1
483 271 1
483 335 1
483 394 1
483 462 1
484 33 1
484 58 1
484 84 1
484 105 1
484 119 1
484 153 1
484 185 1
484 187 1
484 189 1
484 190 1
484 191 1
484 235 1
484 236 1
484 265 1
484 268 1
484 327 1
484 328 1
484 330 1
484 331 1
484 338 1
484 387 1
484 392 1
484 395 1
484 396 1
484 420 1
484 461 1
485 40 1
485 86 1
485 127 1
485 129 1
485 195 1
485 278 1
485 340 1
485 465 1
486 13 1
486 40 1
486 86 1
486 87 1
486 127 1
486 128 1
486 129 1
486 195 1
486 196 1
486 278 1
486 279 1
486 340 1
486 399 1
486 400 1
486 401 1
486 434 1
486 465 1
486 485 1
487 14 1
487 44 1
487 89 1
487 284 1
487 404 1
487 444 1
488 16 1
488 46 1
488 91 1
488 94 1
488 131 1
488 142 1
488 201 1
488 202 1
488 207 1
488 211 1
488 212 1
488 213 1
488 214 1
488 215 1
488 291 1
488 346 1
488 348 1
488 349 1
488 350 1
488 352 1
488 354 1
488 405 1
488 426 1
488 427 1
488 437 1
488 445 1
489 91 1
489 93 1
489 94 1
489 144 1
489 153 1
489 208 1
489 209 1
489 210 1
489 211 1
489 212 1
489 213 1
489 214 1
489 215 1
489 274 1
489 286 1
489 288 1
489 291 1
489 348 1
489 349 1
489 350 1
489 392 1
489 393 1
489 406 1
489 407 1
489 408 1
489 437 1
489 445 1
489 488 1
490 92 1
490 144 1
490 156 1
490 209 1
490 286 1
490 287 1
490 289 1
490 290 1
490 292 1
490 353 1
490 408 1
490 409 1
490 425 1
490 426 1
490 436 1
490 446 1
490 467 1
490 468 1
491 15 1
491 16 1
491 17 1
491 18 1
491 45 1
491 91 1
491 92 1
491 93 1
491 94 1
491 131 1
491 142 1
491 144 1
491 156 1
491 157 1
491 201 1
491 204 1
491 207 1
491 209 1
491 210 1
491 213 1
491 214 1
491 215 1
491 216 1
491 217 1
491 286 1
491 287 1
491 289 1
491 290 1
491 292 1
491 293 1
491 346 1
491 348 1
491 351 1
491 352 1
491 353 1
491 354 1
491 403 1
491 406 1
491 409 1
491 410 1
491 425 1
491 426 1
491 427 1
491 437 1
491 445 1
491 446 1
491 468 1
491 490 1
492 17 1
492 92 1
492 156 1
492 157 1
492 281 1
492 282 1
492 287 1
492 289 1
492 292 1
492 351 1
492 352 1
492 353 1
492 402 1
492 409 1
492 425 1
492 426 1
492 436 1
492 446 1
492 466 1
492 468 1
492 490 1
492 491 1
493 15 1
493 18 1
493 19 1
493 42 1
493 47 1
493 95 1
493 143 1
493 155 1
493 157 1
493 198 1
493 203 1
493 205 1
493 216 1
493 217 1
493 283 1
493 293 1
493 294 1
493 343 1
493 354 1
493 355 1
493 356 1
493 410 1
494 48 1
494 49 1
494 96 1
494 160 1
494 162 1
494 221 1
494 222 1
494 297 1
494 362 1
495 20 1
495 48 1
495 50 1
495 51 1
495 53 1
495 98 1
495 146 1
495 158 1
495 159 1
495 161 1
495 163 1
495 165 1
495 166 1
495 167 1
495 218 1
495 219 1
495 220 1
495 221 1
495 223 1
495 224 1
495 225 1
495 226 1
495 230 1
495 298 1
495 299 1
495 303 1
495 364 1
495 366 1
495 411 1
495 448 1
495 469 1
496 2 1
496 22 1
496 55 1
496 133 1
496 134 1
496 169 1
496 306 1
496 307 1
496 367 1
496 368 1
496 428 1
497 2 1
497 22 1
497 55 1
497 133 1
497 134 1
497 169 1
497 306 1
497 307 1
497 308 1
497 428 1
497 496 1
498 1 1
498 23 1
498 56 1
498 57 1
498 84 1
498 103 1
498 104 1
498 105 1
498 135 1
498 145 1
498 147 1
498 231 1
498 233 1
498 234 1
498 235 1
498 302 1
498 305 1
498 369 1
498 386 1
498 396 1
498 413 1
498 438 1
498 470 1
498 471 1
499 1 1
499 33 1
499 52 1
499 56 1
499 57 1
499 58 1
499 84 1
499 103 1
499 104 1
499 105 1
499 145 1
499 147 1
499 164 1
499 168 1
499 178 1
499 229 1
499 231 1
499 235 1
499 236 1
499 237 1
499 259 1
499 295 1
499 302 1
499 304 1
499 338 1
499 361 1
499 384 1
499 385 1
499 386 1
499 395 1
499 396 1
499 413 1
499 432 1
499 447 1
499 457 1
499 470 1
499 484 1
499 498 1
500 5 1
500 27 1
500 59 1
500 60 1
500 67 1
500 107 1
500 108 1
500 109 1
500 110 1
500 112 1
500 148 1
500 174 1
500 240 1
500 241 1
500 242 1
500 243 1
500 249 1
500 250 1
500 312 1
500 313 1
500 315 1
500 429 1
500 430 1
500 449 1
500 450 1
501 4 1
501 60 1
501 61 1
501 110 1
501 148 1
501 149 1
501 174 1
501 243 1
501 244 1
501 245 1
501 250 1
501 251 1
501 312 1
501 313 1
501 371 1
501 417 1
501 439 1
501 450 1
501 451 1
502 3 1
502 4 1
502 61 1
502 62 1
502 66 1
502 107 1
502 110 1
502 111 1
502 148 1
502 149 1
502 170 1
502 239 1
502 243 1
502 244 1
502 245 1
502 313 1
502 314 1
502 371 1
502 375 1
502 439 1
502 440 1
502 451 1
502 454 1
502 501 1
503 5 1
503 25 1
503 28 1
503 63 1
503 64 1
503 65 1
503 107 1
503 112 1
503 113 1
503 114 1
503 115 1
503 170 1
503 171 1
503 172 1
503 240 1
503 248 1
503 315 1
503 316 1
503 317 1
503 372 1
503 373 1
503 374 1
503 376 1
503 377 1
503 414 1
503 415 1
503 416 1
503 431 1
503 441 1
503 449 1
503 454 1
503 473 1
503 474 1
504 3 1
504 5 1
504 25 1
504 26 1
504 28 1
504 62 1
504 66 1
504 68 1
504 107 1
504 111 1
504 112 1
504 114 1
504 115 1
504 170 1
504 171 1
504 172 1
504 173 1
504 239 1
504 245 1
504 314 1
504 317 1
504 326 1
504 374 1
504 375 1
504 377 1
504 416 1
504 431 1
504 440 1
504 454 1
504 502 1
505 6 1
505 7 1
505 9 1
505 31 1
505 34 1
505 71 1
505 73 1
505 74 1
505 116 1
505 136 1
505 151 1
505 175 1
505 176 1
505 181 1
505 182 1
505 183 1
505 256 1
505 319 1
505 320 1
505 322 1
505 323 1
505 324 1
505 325 1
505 419 1
505 433 1
505 443 1
505 456 1
505 477 1
505 479 1
505 480 1
506 7 1
506 9 1
506 71 1
506 73 1
506 74 1
506 116 1
506 136 1
506 138 1
506 151 1
506 175 1
506 176 1
506 178 1
506 179 1
506 180 1
506 181 1
506 182 1
506 183 1
506 184 1
506 256 1
506 258 1
506 259 1
506 260 1
506 319 1
506 320 1
506 321 1
506 322 1
506 323 1
506 324 1
506 325 1
506 383 1
506 384 1
506 418 1
506 419 1
506 433 1
506 443 1
506 477 1
506 478 1
506 479 1
506 480 1
506 505 1
507 7 1
507 34 1
507 71 1
507 72 1
507 73 1
507 74 1
507 138 1
507 146 1
507 151 1
507 178 1
507 179 1
507 180 1
507 181 1
507 182 1
507 183 1
507 256 1
507 257 1
507 258 1
507 259 1
507 260 1
507 295 1
507 304 1
507 319 1
507 321 1
507 322 1
507 323 1
507 324 1
507 325 1
507 361 1
507 383 1
507 384 1
507 385 1
507 386 1
507 418 1
507 419 1
507 432 1
507 433 1
507 443 1
507 448 1
507 457 1
507 478 1
507 479 1
507 480 1
507 505 1
507 506 1
508 7 1
508 34 1
508 71 1
508 72 1
508 73 1
508 74 1
508 116 1
508 136 1
508 138 1
508 146 1
508 151 1
508 167 1
508 175 1
508 176 1
508 178 1
508 179 1
508 180 1
508 181 1
508 182 1
508 183 1
508 256 1
508 258 1
508 259 1
508 260 1
508 319 1
508 320 1
508 321 1
508 322 1
508 323 1
508 324 1
508 325 1
508 366 1
508 383 1
508 384 1
508 385 1
508 418 1
508 419 1
508 433 1
508 443 1
508 477 1
508 478 1
508 479 1
508 480 1
508 505 1
508 506 1
508 507 1
509 6 1
509 8 1
509 72 1
509 74 1
509 116 1
509 136 1
509 137 1
509 151 1
509 175 1
509 182 1
509 183 1
509 184 1
509 260 1
509 322 1
509 323 1
509 324 1
509 325 1
509 418 1
509 419 1
509 433 1
509 480 1
509 481 1
510 78 1
510 79 1
510 80 1
510 118 1
510 139 1
510 153 1
510 185 1
510 187 1
510 189 1
510 190 1
510 263 1
510 264 1
510 265 1
510 266 1
510 268 1
510 330 1
510 390 1
510 392 1
510 393 1
510 420 1
510 461 1
511 10 1
511 12 1
511 82 1
511 83 1
511 122 1
511 123 1
511 152 1
511 194 1
511 269 1
511 271 1
511 333 1
511 335 1
511 391 1
511 394 1
511 421 1
511 482 1
511 483 1
512 10 1
512 81 1
512 83 1
512 122 1
512 123 1
512 152 1
512 188 1
512 191 1
512 194 1
512 208 1
512 267 1
512 269 1
512 272 1
512 273 1
512 290 1
512 327 1
512 333 1
512 334 1
512 387 1
512 407 1
512 408 1
512 421 1
512 436 1
512 459 1
512 467 1
512 482 1
512 511 1
513 13 1
513 42 1
513 88 1
513 126 1
513 127 1
513 128 1
513 195 1
513 197 1
513 198 1
513 199 1
513 279 1
513 280 1
513 282 1
513 294 1
513 339 1
513 340 1
513 341 1
513 342 1
513 343 1
513 344 1
513 345 1
513 356 1
513 359 1
513 401 1
513 424 1
513 435 1
514 13 1
514 42 1
514 47 1
514 95 1
514 128 1
514 130 1
514 197 1
514 198 1
514 199 1
514 217 1
514 294 1
514 341 1
514 342 1
514 343 1
514 344 1
514 356 1
514 401 1
514 424 1
514 435 1
514 493 1
514 513 1
515 13 1
515 125 1
515 130 1
515 141 1
515 156 1
515 197 1
515 199 1
515 200 1
515 217 1
515 281 1
515 282 1
515 344 1
515 345 1
515 356 1
515 359 1
515 402 1
515 424 1
515 435 1
515 464 1
515 466 1
515 468 1
515 492 1
515 513 1
516 15 1
516 16 1
516 17 1
516 18 1
516 45 1
516 131 1
516 142 1
516 143 1
516 156 1
516 157 1
516 201 1
516 202 1
516 203 1
516 204 1
516 205 1
516 207 1
516 215 1
516 216 1
516 217 1
516 285 1
516 293 1
516 346 1
516 348 1
516 351 1
516 352 1
516 353 1
516 354 1
516 402 1
516 403 1
516 410 1
516 426 1
516 427 1
516 437 1
516 445 1
516 446 1
516 491 1
517 15 1
517 16 1
517 45 1
517 46 1
517 90 1
517 91 1
517 131 1
517 142 1
517 201 1
517 202 1
517 203 1
517 204 1
517 207 1
517 211 1
517 212 1
517 213 1
517 214 1
517 215 1
517 285 1
517 346 1
517 347 1
517 348 1
517 349 1
517 350 1
517 352 1
517 354 1
517 403 1
517 405 1
517 426 1
517 427 1
517 437 1
517 445 1
517 488 1
517 516 1
518 15 1
518 16 1
518 18 1
518 91 1
518 93 1
518 94 1
518 131 1
518 142 1
518 157 1
518 201 1
518 202 1
518 203 1
518 207 1
518 210 1
518 211 1
518 212 1
518 213 1
518 214 1
518 215 1
518 286 1
518 288 1
518 291 1
518 346 1
518 348 1
518 349 1
518 350 1
518 351 1
518 352 1
518 353 1
518 354 1
518 406 1
518 426 1
518 427 1
518 437 1
518 445 1
518 488 1
518 489 1
518 491 1
518 517 1
519 15 1
519 18 1
519 91 1
519 93 1
519 94 1
519 131 1
519 142 1
519 144 1
519 157 1
519 201 1
519 202 1
519 203 1
519 207 1
519 208 1
519 209 1
519 210 1
519 211 1
519 212 1
519 213 1
519 214 1
519 215 1
519 216 1
519 286 1
519 288 1
519 290 1
519 291 1
519 292 1
519 348 1
519 349 1
519 350 1
519 351 1
519 352 1
519 353 1
519 354 1
519 406 1
519 407 1
519 410 1
519 425 1
519 426 1
519 427 1
519 437 1
519 445 1
519 488 1
519 489 1
519 491 1
519 518 1
520 91 1
520 92 1
520 93 1
520 94 1
520 144 1
520 153 1
520 157 1
520 208 1
520 209 1
520 210 1
520 211 1
520 214 1
520 215 1
520 286 1
520 287 1
520 288 1
520 289 1
520 290 1
520 291 1
520 292 1
520 327 1
520 334 1
520 348 1
520 351 1
520 352 1
520 353 1
520 354 1
520 387 1
520 406 1
520 407 1
520 408 1
520 409 1
520 425 1
520 426 1
520 436 1
520 437 1
520 445 1
520 446 1
520 461 1
520 467 1
520 489 1
520 490 1
520 491 1
520 518 1
520 519 1
521 91 1
521 92 1
521 93 1
521 94 1
521 131 1
521 142 1
521 144 1
521 153 1
521 157 1
521 201 1
521 202 1
521 207 1
521 208 1
521 209 1
521 210 1
521 211 1
521 212 1
521 213 1
521 214 1
521 215 1
521 286 1
521 288 1
521 290 1
521 291 1
521 292 1
521 348 1
521 349 1
521 350 1
521 351 1
521 352 1
521 353 1
521 354 1
521 406 1
521 407 1
521 408 1
521 425 1
521 426 1
521 427 1
521 437 1
521 445 1
521 488 1
521 489 1
521 491 1
521 518 1
521 519 1
521 520 1
522 15 1
522 16 1
522 17 1
522 45 1
522 92 1
522 94 1
522 125 1
522 130 1
522 131 1
522 141 1
522 142 1
522 156 1
522 157 1
522 201 1
522 204 1
522 214 1
522 215 1
522 216 1
522 217 1
522 282 1
522 289 1
522 292 1
522 346 1
522 351 1
522 352 1
522 353 1
522 354 1
522 402 1
522 403 1
522 409 1
522 425 1
522 426 1
522 427 1
522 437 1
522 446 1
522 468 1
522 491 1
522 492 1
522 516 1
523 15 1
523 16 1
523 18 1
523 19 1
523 42 1
523 47 1
523 95 1
523 142 1
523 143 1
523 155 1
523 157 1
523 198 1
523 201 1
523 202 1
523 203 1
523 204 1
523 205 1
523 216 1
523 217 1
523 283 1
523 293 1
523 294 1
523 353 1
523 354 1
523 355 1
523 356 1
523 410 1
523 426 1
523 427 1
523 445 1
523 468 1
523 493 1
523 514 1
523 516 1
524 48 1
524 49 1
524 96 1
524 97 1
524 160 1
524 161 1
524 162 1
524 221 1
524 222 1
524 224 1
524 297 1
524 298 1
524 469 1
524 494 1
525 0 1
525 24 1
525 33 1
525 72 1
525 73 1
525 74 1
525 81 1
525 138 1
525 178 1
525 179 1
525 180 1
525 181 1
525 182 1
525 183 1
525 238 1
525 257 1
525 258 1
525 259 1
525 260 1
525 295 1
525 321 1
525 322 1
525 323 1
525 324 1
525 360 1
525 385 1
525 386 1
525 418 1
525 432 1
525 433 1
525 457 1
525 460 1
525 479 1
525 480 1
525 507 1
525 508 1
526 15 1
526 18 1
526 19 1
526 42 1
526 47 1
526 95 1
526 130 1
526 143 1
526 155 1
526 157 1
526 198 1
526 203 1
526 204 1
526 205 1
526 216 1
526 217 1
526 282 1
526 283 1
526 293 1
526 294 1
526 343 1
526 344 1
526 354 1
526 355 1
526 356 1
526 402 1
526 410 1
526 424 1
526 427 1
526 435 1
526 468 1
526 493 1
526 514 1
526 523 1
527 0 1
527 20 1
527 53 1
527 106 1
527 146 1
527 158 1
527 159 1
527 163 1
527 165 1
527 166 1
527 167 1
527 168 1
527 178 1
527 218 1
527 219 1
527 229 1
527 230 1
527 236 1
527 237 1
527 238 1
527 295 1
527 296 1
527 299 1
527 303 1
527 304 1
527 309 1
527 310 1
527 311 1
527 321 1
527 361 1
527 366 1
527 384 1
527 385 1
527 411 1
527 413 1
527 448 1
527 457 1
528 48 1
528 49 1
528 96 1
528 97 1
528 160 1
528 161 1
528 162 1
528 221 1
528 222 1
528 297 1
528 362 1
528 494 1
528 524 1
529 21 1
529 48 1
529 50 1
529 97 1
529 98 1
529 99 1
529 100 1
529 101 1
529 102 1
529 132 1
529 146 1
529 158 1
529 159 1
529 160 1
529 161 1
529 163 1
529 165 1
529 166 1
529 168 1
529 218 1
529 219 1
529 220 1
529 221 1
529 223 1
529 224 1
529 225 1
529 226 1
529 227 1
529 228 1
529 229 1
529 230 1
529 298 1
529 299 1
529 300 1
529 301 1
529 303 1
529 310 1
529 364 1
529 365 1
529 366 1
529 384 1
529 411 1
529 448 1
529 469 1
529 495 1
529 527 1
530 20 1
530 21 1
530 48 1
530 97 1
530 98 1
530 99 1
530 100 1
530 101 1
530 102 1
530 106 1
530 158 1
530 159 1
530 160 1
530 161 1
530 162 1
530 163 1
530 165 1
530 166 1
530 219 1
530 220 1
530 221 1
530 223 1
530 224 1
530 225 1
530 226 1
530 229 1
530 230 1
530 297 1
530 298 1
530 299 1
530 300 1
530 301 1
530 303 1
530 309 1
530 310 1
530 363 1
530 364 1
530 365 1
530 411 1
530 469 1
530 495 1
530 524 1
530 529 1
531 1 1
531 21 1
531 52 1
531 97 1
531 99 1
531 100 1
531 101 1
531 102 1
531 103 1
531 104 1
531 132 1
531 145 1
531 163 1
531 164 1
531 165 1
531 224 1
531 225 1
531 226 1
531 227 1
531 228 1
531 229 1
531 231 1
531 300 1
531 301 1
531 302 1
531 305 1
531 308 1
531 309 1
531 363 1
531 364 1
531 365 1
531 369 1
531 413 1
531 447 1
531 470 1
531 530 1
532 1 1
532 52 1
532 58 1
532 99 1
532 100 1
532 101 1
532 102 1
532 103 1
532 104 1
532 105 1
532 106 1
532 132 1
532 145 1
532 163 1
532 164 1
532 165 1
532 166 1
532 168 1
532 178 1
532 225 1
532 226 1
532 227 1
532 228 1
532 229 1
532 230 1
532 231 1
532 235 1
532 236 1
532 237 1
532 296 1
532 300 1
532 301 1
532 302 1
532 303 1
532 304 1
532 309 1
532 310 1
532 311 1
532 361 1
532 363 1
532 364 1
532 365 1
532 384 1
532 385 1
532 413 1
532 447 1
532 448 1
532 457 1
532 470 1
532 478 1
532 499 1
532 527 1
532 529 1
532 531 1
533 20 1
533 34 1
533 50 1
533 51 1
533 53 1
533 98 1
533 146 1
533 158 1
533 159 1
533 163 1
533 165 1
533 166 1
533 167 1
533 168 1
533 178 1
533 218 1
533 219 1
533 220 1
533 223 1
533 230 1
533 295 1
533 296 1
533 298 1
533 299 1
533 303 1
533 310 1
533 311 1
533 321 1
533 361 1
533 366 1
533 384 1
533 411 1
533 448 1
533 469 1
533 479 1
533 495 1
533 527 1
533 529 1
533 530 1
534 20 1
534 34 1
534 50 1
534 53 1
534 98 1
534 146 1
534 158 1
534 159 1
534 163 1
534 165 1
534 166 1
534 167 1
534 168 1
534 178 1
534 218 1
534 219 1
534 223 1
534 229 1
534 230 1
534 258 1
534 295 1
534 296 1
534 299 1
534 303 1
534 304 1
534 310 1
534 311 1
534 321 1
534 361 1
534 366 1
534 384 1
534 385 1
534 411 1
534 448 1
534 457 1
534 469 1
534 478 1
534 479 1
534 495 1
534 527 1
534 529 1
534 530 1
534 533 1
535 2 1
535 22 1
535 54 1
535 55 1
535 133 1
535 134 1
535 169 1
535 306 1
535 307 1
535 308 1
535 496 1
535 497 1
536 1 1
536 23 1
536 56 1
536 104 1
536 135 1
536 147 1
536 232 1
536 233 1
536 234 1
536 305 1
536 369 1
536 438 1
536 471 1
536 498 1
537 1 1
537 33 1
537 56 1
537 57 1
537 58 1
537 84 1
537 103 1
537 104 1
537 105 1
537 145 1
537 147 1
537 229 1
537 231 1
537 234 1
537 235 1
537 236 1
537 259 1
537 302 1
537 304 1
537 305 1
537 338 1
537 385 1
537 386 1
537 395 1
537 396 1
537 413 1
537 432 1
537 457 1
537 470 1
537 471 1
537 498 1
537 499 1
537 532 1
538 0 1
538 20 1
538 24 1
538 33 1
538 34 1
538 53 1
538 146 1
538 158 1
538 166 1
538 167 1
538 168 1
538 178 1
538 180 1
538 218 1
538 230 1
538 236 1
538 238 1
538 258 1
538 295 1
538 296 1
538 303 1
538 304 1
538 311 1
538 321 1
538 360 1
538 361 1
538 366 1
538 384 1
538 385 1
538 448 1
538 457 1
538 527 1
538 533 1
538 534 1
539 3 1
539 4 1
539 60 1
539 61 1
539 62 1
539 110 1
539 111 1
539 148 1
539 149 1
539 170 1
539 239 1
539 243 1
539 244 1
539 245 1
539 312 1
539 313 1
539 371 1
539 417 1
539 439 1
539 450 1
539 451 1
539 501 1
539 502 1
540 5 1
540 27 1
540 63 1
540 64 1
540 107 1
540 108 1
540 109 1
540 112 1
540 113 1
540 114 1
540 115 1
540 170 1
540 171 1
540 240 1
540 241 1
540 248 1
540 315 1
540 316 1
540 317 1
540 372 1
540 373 1
540 376 1
540 414 1
540 415 1
540 416 1
540 429 1
540 441 1
540 449 1
540 453 1
540 454 1
540 473 1
540 474 1
540 503 1
541 6 1
541 7 1
541 8 1
541 9 1
541 71 1
541 74 1
541 116 1
541 136 1
541 137 1
541 151 1
541 175 1
541 176 1
541 182 1
541 183 1
541 184 1
541 319 1
541 320 1
541 322 1
541 323 1
541 324 1
541 325 1
541 419 1
541 433 1
541 443 1
541 455 1
541 476 1
541 477 1
541 480 1
541 505 1
541 506 1
541 508 1
541 509 1
542 32 1
542 117 1
542 177 1
542 320 1
542 381 1
542 382 1
542 455 1
542 456 1
542 476 1
542 477 1
543 0 1
543 33 1
543 58 1
543 72 1
543 84 1
543 105 1
543 138 1
543 168 1
543 178 1
543 180 1
543 229 1
543 231 1
543 235 1
543 236 1
543 237 1
543 257 1
543 259 1
543 295 1
543 296 1
543 304 1
543 338 1
543 360 1
543 361 1
543 384 1
543 385 1
543 386 1
543 395 1
543 396 1
543 413 1
543 432 1
543 448 1
543 457 1
543 484 1
543 499 1
543 525 1
543 527 1
543 532 1
543 537 1
543 538 1
544 7 1
544 24 1
544 34 1
544 71 1
544 72 1
544 73 1
544 74 1
544 138 1
544 146 1
544 167 1
544 178 1
544 179 1
544 180 1
544 181 1
544 182 1
544 183 1
544 238 1
544 256 1
544 257 1
544 258 1
544 259 1
544 295 1
544 296 1
544 319 1
544 320 1
544 321 1
544 322 1
544 324 1
544 366 1
544 383 1
544 384 1
544 385 1
544 418 1
544 419 1
544 433 1
544 478 1
544 479 1
544 505 1
544 506 1
544 507 1
544 508 1
544 525 1
545 0 1
545 7 1
545 33 1
545 34 1
545 71 1
545 72 1
545 73 1
545 74 1
545 138 1
545 178 1
545 179 1
545 180 1
545 181 1
545 182 1
545 183 1
545 256 1
545 257 1
545 258 1
545 259 1
545 260 1
545 295 1
545 319 1
545 321 1
545 322 1
545 323 1
545 324 1
545 361 1
545 383 1
545 384 1
545 385 1
545 386 1
545 418 1
545 419 1
545 432 1
545 433 1
545 457 1
545 478 1
545 479 1
545 480 1
545 505 1
545 506 1
545 507 1
545 508 1
545 525 1
545 544 1
546 0 1
546 33 1
546 72 1
546 73 1
546 74 1
546 138 1
546 178 1
546 179 1
546 180 1
546 181 1
546 182 1
546 183 1
546 256 1
546 257 1
546 258 1
546 259 1
546 260 1
546 295 1
546 321 1
546 322 1
546 323 1
546 324 1
546 361 1
546 383 1
546 384 1
546 385 1
546 386 1
546 418 1
546 419 1
546 432 1
546 433 1
546 457 1
546 478 1
546 479 1
546 480 1
546 481 1
546 506 1
546 507 1
546 508 1
546 525 1
546 543 1
546 544 1
546 545 1
547 7 1
547 8 1
547 71 1
547 72 1
547 73 1
547 74 1
547 116 1
547 136 1
547 137 1
547 138 1
547 151 1
547 175 1
547 176 1
547 179 1
547 180 1
547 181 1
547 182 1
547 183 1
547 256 1
547 257 1
547 258 1
547 259 1
547 260 1
547 319 1
547 322 1
547 323 1
547 324 1
547 325 1
547 418 1
547 419 1
547 433 1
547 443 1
547 479 1
547 480 1
547 505 1
547 506 1
547 507 1
547 508 1
547 509 1
547 525 1
547 541 1
547 544 1
547 545 1
547 546 1
548 8 1
548 9 1
548 72 1
548 73 1
548 136 1
548 137 1
548 138 1
548 151 1
548 183 1
548 184 1
548 256 1
548 257 1
548 259 1
548 260 1
548 261 1
548 322 1
548 323 1
548 324 1
548 325 1
548 386 1
548 418 1
548 419 1
548 432 1
548 433 1
548 480 1
548 481 1
548 506 1
548 507 1
548 509 1
548 525 1
548 545 1
548 546 1
548 547 1
549 6 1
549 7 1
549 8 1
549 9 1
549 71 1
549 74 1
549 116 1
549 136 1
549 137 1
549 151 1
549 175 1
549 176 1
549 182 1
549 183 1
549 184 1
549 256 1
549 260 1
549 261 1
549 319 1
549 322 1
549 323 1
549 324 1
549 325 1
549 418 1
549 419 1
549 433 1
549 443 1
549 480 1
549 481 1
549 505 1
549 506 1
549 507 1
549 508 1
549 509 1
549 541 1
549 545 1
549 547 1
549 548 1
550 35 1
550 36 1
550 75 1
550 76 1
550 77 1
550 262 1
550 329 1
550 358 1
550 388 1
550 389 1
550 458 1
551 78 1
551 118 1
551 119 1
551 120 1
551 121 1
551 139 1
551 153 1
551 185 1
551 187 1
551 189 1
551 190 1
551 191 1
551 263 1
551 264 1
551 265 1
551 266 1
551 267 1
551 268 1
551 330 1
551 331 1
551 332 1
551 390 1
551 392 1
551 420 1
551 461 1
551 484 1
551 510 1
552 118 1
552 119 1
552 120 1
552 121 1
552 139 1
552 185 1
552 187 1
552 189 1
552 190 1
552 263 1
552 264 1
552 265 1
552 266 1
552 267 1
552 268 1
552 330 1
552 331 1
552 332 1
552 390 1
552 420 1
552 484 1
552 510 1
552 551 1
553 10 1
553 81 1
553 119 1
553 120 1
553 121 1
553 122 1
553 123 1
553 124 1
553 139 1
553 140 1
553 152 1
553 187 1
553 188 1
553 189 1
553 264 1
553 265 1
553 266 1
553 267 1
553 269 1
553 270 1
553 331 1
553 332 1
553 333 1
553 335 1
553 337 1
553 390 1
553 391 1
553 394 1
553 421 1
553 459 1
553 460 1
553 482 1
553 551 1
553 552 1
554 10 1
554 81 1
554 119 1
554 120 1
554 121 1
554 122 1
554 123 1
554 139 1
554 140 1
554 152 1
554 187 1
554 188 1
554 189 1
554 190 1
554 191 1
554 194 1
554 208 1
554 265 1
554 266 1
554 267 1
554 268 1
554 269 1
554 272 1
554 273 1
554 328 1
554 331 1
554 332 1
554 333 1
554 334 1
554 338 1
554 387 1
554 390 1
554 407 1
554 408 1
554 421 1
554 459 1
554 460 1
554 461 1
554 467 1
554 482 1
554 512 1
554 551 1
554 553 1
555 78 1
555 84 1
555 118 1
555 153 1
555 185 1
555 187 1
555 189 1
555 190 1
555 191 1
555 208 1
555 263 1
555 267 1
555 268 1
555 288 1
555 327 1
555 328 1
555 330 1
555 334 1
555 338 1
555 387 1
555 392 1
555 393 1
555 395 1
555 396 1
555 407 1
555 408 1
555 461 1
555 467 1
555 484 1
555 489 1
555 510 1
555 551 1
555 552 1
556 11 1
556 37 1
556 38 1
556 124 1
556 192 1
556 193 1
556 270 1
556 335 1
556 336 1
556 337 1
556 394 1
556 422 1
556 423 1
556 462 1
557 10 1
557 11 1
557 12 1
557 82 1
557 123 1
557 124 1
557 271 1
557 335 1
557 391 1
557 394 1
557 462 1
557 483 1
557 511 1
558 13 1
558 17 1
558 125 1
558 130 1
558 141 1
558 156 1
558 197 1
558 199 1
558 200 1
558 217 1
558 281 1
558 282 1
558 344 1
558 356 1
558 359 1
558 402 1
558 409 1
558 424 1
558 435 1
558 466 1
558 468 1
558 492 1
558 515 1
558 522 1
559 15 1
559 16 1
559 17 1
559 18 1
559 45 1
559 91 1
559 94 1
559 131 1
559 142 1
559 143 1
559 157 1
559 201 1
559 202 1
559 203 1
559 204 1
559 205 1
559 207 1
559 211 1
559 213 1
559 214 1
559 215 1
559 216 1
559 285 1
559 346 1
559 347 1
559 348 1
559 349 1
559 351 1
559 352 1
559 353 1
559 354 1
559 403 1
559 410 1
559 426 1
559 427 1
559 437 1
559 445 1
559 446 1
559 488 1
559 491 1
559 516 1
559 517 1
559 518 1
559 519 1
559 521 1
559 522 1
560 14 1
560 44 1
560 89 1
560 404 1
560 444 1
560 487 1
561 15 1
561 16 1
561 18 1
561 19 1
561 45 1
561 90 1
561 131 1
561 142 1
561 143 1
561 155 1
561 157 1
561 201 1
561 202 1
561 203 1
561 204 1
561 205 1
561 206 1
561 207 1
561 216 1
561 217 1
561 283 1
561 285 1
561 293 1
561 294 1
561 346 1
561 347 1
561 348 1
561 354 1
561 403 1
561 410 1
561 427 1
561 516 1
561 517 1
561 523 1
561 526 1
561 559 1
562 15 1
562 16 1
562 18 1
562 45 1
562 46 1
562 90 1
562 131 1
562 142 1
562 143 1
562 155 1
562 201 1
562 202 1
562 203 1
562 204 1
562 205 1
562 206 1
562 207 1
562 283 1
562 285 1
562 346 1
562 347 1
562 348 1
562 349 1
562 354 1
562 405 1
562 427 1
562 445 1
562 488 1
562 516 1
562 517 1
562 559 1
562 561 1
563 15 1
563 16 1
563 45 1
563 131 1
563 142 1
563 143 1
563 201 1
563 203 1
563 204 1
563 205 1
563 207 1
563 285 1
563 346 1
563 403 1
563 405 1
563 427 1
563 516 1
563 517 1
563 559 1
563 561 1
563 562 1
564 16 1
564 45 1
564 46 1
564 90 1
564 91 1
564 131 1
564 142 1
564 201 1
564 202 1
564 207 1
564 211 1
564 212 1
564 213 1
564 214 1
564 215 1
564 291 1
564 346 1
564 348 1
564 349 1
564 350 1
564 405 1
564 437 1
564 445 1
564 488 1
564 517 1
564 518 1
564 559 1
564 562 1
565 92 1
565 144 1
565 191 1
565 194 1
565 208 1
565 267 1
565 269 1
565 272 1
565 273 1
565 287 1
565 289 1
565 290 1
565 327 1
565 328 1
565 334 1
565 387 1
565 407 1
565 408 1
565 421 1
565 425 1
565 436 1
565 461 1
565 467 1
565 490 1
565 512 1
565 554 1
566 39 1
566 91 1
566 92 1
566 93 1
566 94 1
566 144 1
566 153 1
566 208 1
566 209 1
566 210 1
566 211 1
566 212 1
566 213 1
566 214 1
566 215 1
566 274 1
566 286 1
566 287 1
566 288 1
566 290 1
566 291 1
566 292 1
566 327 1
566 328 1
566 348 1
566 349 1
566 350 1
566 351 1
566 353 1
566 387 1
566 392 1
566 406 1
566 407 1
566 408 1
566 425 1
566 426 1
566 437 1
566 467 1
566 489 1
566 518 1
566 519 1
566 520 1
566 521 1
567 91 1
567 92 1
567 93 1
567 94 1
567 144 1
567 208 1
567 209 1
567 210 1
567 211 1
567 212 1
567 213 1
567 214 1
567 215 1
567 286 1
567 287 1
567 288 1
567 289 1
567 290 1
567 291 1
567 292 1
567 327 1
567 351 1
567 352 1
567 353 1
567 387 1
567 406 1
567 407 1
567 408 1
567 409 1
567 425 1
567 426 1
567 436 1
567 437 1
567 446 1
567 467 1
567 489 1
567 490 1
567 491 1
567 518 1
567 519 1
567 520 1
567 521 1
567 565 1
567 566 1
568 92 1
568 93 1
568 94 1
568 144 1
568 208 1
568 209 1
568 210 1
568 214 1
568 215 1
568 286 1
568 287 1
568 288 1
568 289 1
568 290 1
568 291 1
568 292 1
568 327 1
568 351 1
568 352 1
568 353 1
568 387 1
568 406 1
568 407 1
568 408 1
568 409 1
568 425 1
568 426 1
568 436 1
568 437 1
568 446 1
568 467 1
568 489 1
568 490 1
568 491 1
568 492 1
568 519 1
568 520 1
568 521 1
568 565 1
568 566 1
568 567 1
569 17 1
569 45 1
569 91 1
569 92 1
569 93 1
569 94 1
569 131 1
569 142 1
569 144 1
569 156 1
569 157 1
569 201 1
569 207 1
569 209 1
569 210 1
569 211 1
569 212 1
569 213 1
569 214 1
569 215 1
569 286 1
569 287 1
569 288 1
569 289 1
569 290 1
569 291 1
569 292 1
569 348 1
569 349 1
569 351 1
569 352 1
569 353 1
569 354 1
569 403 1
569 406 1
569 409 1
569 425 1
569 426 1
569 427 1
569 437 1
569 445 1
569 446 1
569 488 1
569 489 1
569 490 1
569 491 1
569 516 1
569 518 1
569 519 1
569 520 1
569 521 1
569 522 1
569 559 1
569 566 1
569 567 1
569 568 1
570 17 1
570 141 1
570 156 1
570 281 1
570 282 1
570 289 1
570 292 1
570 402 1
570 409 1
570 425 1
570 446 1
570 466 1
570 468 1
570 490 1
570 491 1
570 492 1
570 515 1
570 522 1
570 558 1
571 17 1
571 18 1
571 92 1
571 142 1
571 144 1
571 156 1
571 157 1
571 215 1
571 216 1
571 217 1
571 282 1
571 286 1
571 287 1
571 289 1
571 290 1
571 292 1
571 293 1
571 351 1
571 352 1
571 353 1
571 354 1
571 402 1
571 406 1
571 409 1
571 410 1
571 425 1
571 426 1
571 427 1
571 436 1
571 437 1
571 446 1
571 466 1
571 468 1
571 490 1
571 491 1
571 492 1
571 519 1
571 520 1
571 522 1
571 567 1
571 568 1
571 569 1
571 570 1
572 15 1
572 16 1
572 17 1
572 18 1
572 19 1
572 45 1
572 91 1
572 94 1
572 131 1
572 142 1
572 143 1
572 156 1
572 157 1
572 201 1
572 202 1
572 203 1
572 204 1
572 205 1
572 207 1
572 214 1
572 215 1
572 216 1
572 217 1
572 286 1
572 292 1
572 293 1
572 346 1
572 348 1
572 351 1
572 352 1
572 353 1
572 354 1
572 402 1
572 403 1
572 406 1
572 409 1
572 410 1
572 425 1
572 426 1
572 427 1
572 437 1
572 445 1
572 446 1
572 468 1
572 491 1
572 492 1
572 516 1
572 517 1
572 518 1
572 519 1
572 520 1
572 521 1
572 522 1
572 523 1
572 526 1
572 559 1
572 561 1
572 569 1
572 571 1
573 18 1
573 19 1
573 42 1
573 47 1
573 95 1
573 128 1
573 143 1
573 155 1
573 198 1
573 205 1
573 216 1
573 217 1
573 283 1
573 293 1
573 294 1
573 343 1
573 344 1
573 355 1
573 356 1
573 401 1
573 410 1
573 424 1
573 435 1
573 493 1
573 514 1
573 523 1
573 526 1
574 13 1
574 15 1
574 17 1
574 18 1
574 19 1
574 42 1
574 47 1
574 95 1
574 130 1
574 141 1
574 156 1
574 157 1
574 197 1
574 198 1
574 199 1
574 200 1
574 204 1
574 205 1
574 216 1
574 217 1
574 282 1
574 293 1
574 294 1
574 343 1
574 344 1
574 354 1
574 355 1
574 356 1
574 359 1
574 402 1
574 409 1
574 410 1
574 424 1
574 427 1
574 435 1
574 466 1
574 468 1
574 492 1
574 493 1
574 513 1
574 514 1
574 515 1
574 523 1
574 526 1
574 558 1
574 571 1
574 572 1
574 573 1
