# minsup
1
# graph
G_./1Q1C.pdb
# node ID, label
0 A
1 A
2 A
3 A
4 A
5 A
6 A
7 A
8 A
9 A
10 A
11 A
12 C
13 C
14 D
15 D
16 D
17 D
18 D
19 D
20 D
21 D
22 D
23 D
24 D
25 D
26 E
27 E
28 E
29 E
30 E
31 E
32 E
33 E
34 E
35 E
36 E
37 E
38 E
39 E
40 E
41 E
42 E
43 E
44 E
45 E
46 E
47 E
48 E
49 E
50 E
51 E
52 E
53 E
54 F
55 F
56 F
57 F
58 F
59 F
60 F
61 F
62 F
63 F
64 F
65 F
66 G
67 G
68 G
69 G
70 G
71 G
72 G
73 G
74 G
75 G
76 G
77 G
78 G
79 G
80 G
81 G
82 G
83 G
84 G
85 G
86 G
87 G
88 G
89 H
90 H
91 H
92 H
93 I
94 I
95 I
96 I
97 I
98 I
99 I
100 I
101 I
102 I
103 I
104 I
105 I
106 I
107 I
108 K
109 K
110 K
111 K
112 K
113 K
114 K
115 K
116 K
117 K
118 K
119 K
120 K
121 K
122 K
123 K
124 K
125 K
126 K
127 K
128 K
129 L
130 L
131 L
132 L
133 L
134 L
135 L
136 L
137 L
138 L
139 L
140 L
141 L
142 L
143 L
144 L
145 L
146 M
147 M
148 M
149 M
150 N
151 N
152 N
153 N
154 P
155 P
156 P
157 P
158 P
159 P
160 P
161 P
162 P
163 Q
164 Q
165 Q
166 Q
167 Q
168 R
169 R
170 R
171 R
172 R
173 R
174 R
175 R
176 R
177 S
178 S
179 S
180 S
181 S
182 S
183 S
184 S
185 T
186 T
187 T
188 T
189 T
190 T
191 T
192 T
193 T
194 V
195 V
196 V
197 V
198 V
199 V
200 V
201 V
202 V
203 V
204 V
205 V
206 V
207 V
208 W
209 W
210 Y
211 Y
212 Y
213 Y
214 Y
215 Y
216 Y
217 Y
218 Y
219 Y
# node ID1, node ID2, number of bounds
1 0 1
2 0 1
2 1 1
3 0 1
3 1 1
4 0 1
4 3 1
6 5 1
8 5 1
8 6 1
8 7 1
9 8 1
10 9 1
11 5 1
11 6 1
12 0 1
12 1 1
12 2 1
13 0 1
13 1 1
13 3 1
13 4 1
13 12 1
14 0 1
14 1 1
14 2 1
14 12 1
14 13 1
15 0 1
15 1 1
15 3 1
15 13 1
15 14 1
16 1 1
16 2 1
16 8 1
17 4 1
17 13 1
18 3 1
18 4 1
18 17 1
19 0 1
19 1 1
19 2 1
19 16 1
20 0 1
20 1 1
20 2 1
20 3 1
20 12 1
20 13 1
20 14 1
20 16 1
20 19 1
21 8 1
21 9 1
21 16 1
21 19 1
22 8 1
22 9 1
22 21 1
23 10 1
24 7 1
24 9 1
24 10 1
24 23 1
25 7 1
25 9 1
25 10 1
25 24 1
26 0 1
26 1 1
26 3 1
26 4 1
26 13 1
26 14 1
26 15 1
27 1 1
27 2 1
27 12 1
28 1 1
28 2 1
28 16 1
28 27 1
29 0 1
29 1 1
29 2 1
29 3 1
29 16 1
29 19 1
29 20 1
30 1 1
30 2 1
30 12 1
30 27 1
30 28 1
31 0 1
31 1 1
31 3 1
31 4 1
31 13 1
31 14 1
31 15 1
31 20 1
31 26 1
32 0 1
32 1 1
32 2 1
32 3 1
32 12 1
32 13 1
32 17 1
32 18 1
32 20 1
32 27 1
32 30 1
33 0 1
33 1 1
33 2 1
33 12 1
33 18 1
33 20 1
33 27 1
33 30 1
33 32 1
34 1 1
34 2 1
34 12 1
34 16 1
34 19 1
34 27 1
34 28 1
34 30 1
34 33 1
35 2 1
35 8 1
35 16 1
35 19 1
35 21 1
35 22 1
35 29 1
35 34 1
36 8 1
36 21 1
36 22 1
36 35 1
37 8 1
37 21 1
37 22 1
37 35 1
37 36 1
38 8 1
38 16 1
38 19 1
38 21 1
38 22 1
38 35 1
38 36 1
38 37 1
39 5 1
40 5 1
40 6 1
40 8 1
40 11 1
41 5 1
41 6 1
41 7 1
41 8 1
41 11 1
41 40 1
42 7 1
42 8 1
42 9 1
42 23 1
42 24 1
42 25 1
42 41 1
43 7 1
43 24 1
43 25 1
43 41 1
43 42 1
44 6 1
44 7 1
44 8 1
44 11 1
44 25 1
44 40 1
44 41 1
44 43 1
45 6 1
45 8 1
45 9 1
45 11 1
45 25 1
45 40 1
45 41 1
45 44 1
46 6 1
46 8 1
46 9 1
46 24 1
46 25 1
46 40 1
46 44 1
46 45 1
47 6 1
47 7 1
47 8 1
47 9 1
47 11 1
47 21 1
47 25 1
47 36 1
47 40 1
47 41 1
47 42 1
47 43 1
47 44 1
47 45 1
47 46 1
48 5 1
48 6 1
48 7 1
48 8 1
48 35 1
48 39 1
48 40 1
48 41 1
48 47 1
49 5 1
49 7 1
49 8 1
49 16 1
49 35 1
49 39 1
49 41 1
49 42 1
49 43 1
49 47 1
49 48 1
50 9 1
50 10 1
50 24 1
50 25 1
50 46 1
51 8 1
51 9 1
51 10 1
51 22 1
51 23 1
51 24 1
51 42 1
51 50 1
52 7 1
52 8 1
52 9 1
52 23 1
52 24 1
52 35 1
52 41 1
52 42 1
52 43 1
52 47 1
52 48 1
52 49 1
52 51 1
53 5 1
53 6 1
53 11 1
53 40 1
53 41 1
53 44 1
53 45 1
53 47 1
53 48 1
54 1 1
54 2 1
54 12 1
54 16 1
54 19 1
54 20 1
54 28 1
54 29 1
54 30 1
54 32 1
54 33 1
54 34 1
54 35 1
55 3 1
55 4 1
55 13 1
55 17 1
55 18 1
55 32 1
56 16 1
56 18 1
56 19 1
56 20 1
56 29 1
56 32 1
56 33 1
56 34 1
56 54 1
57 0 1
57 1 1
57 2 1
57 16 1
57 19 1
57 20 1
57 21 1
57 29 1
57 33 1
57 34 1
57 35 1
57 54 1
57 56 1
58 0 1
58 1 1
58 3 1
58 4 1
58 12 1
58 13 1
58 14 1
58 17 1
58 18 1
58 20 1
58 30 1
58 32 1
58 33 1
58 55 1
58 56 1
59 1 1
59 2 1
59 12 1
59 16 1
59 19 1
59 27 1
59 28 1
59 30 1
59 32 1
59 33 1
59 34 1
59 54 1
59 56 1
59 57 1
60 1 1
60 2 1
60 16 1
60 19 1
60 20 1
60 21 1
60 28 1
60 30 1
60 33 1
60 34 1
60 35 1
60 54 1
60 56 1
60 57 1
60 59 1
61 7 1
61 9 1
61 10 1
61 23 1
61 24 1
61 25 1
61 42 1
61 43 1
61 50 1
61 51 1
61 52 1
62 6 1
62 7 1
62 8 1
62 11 1
62 25 1
62 40 1
62 41 1
62 43 1
62 44 1
62 45 1
62 46 1
62 47 1
62 53 1
63 8 1
63 9 1
63 10 1
63 24 1
63 25 1
63 45 1
63 46 1
63 47 1
63 50 1
63 51 1
63 61 1
64 9 1
64 10 1
64 23 1
64 24 1
64 25 1
64 42 1
64 46 1
64 50 1
64 51 1
64 61 1
64 63 1
65 5 1
65 6 1
65 7 1
65 8 1
65 11 1
65 39 1
65 40 1
65 41 1
65 43 1
65 44 1
65 45 1
65 47 1
65 48 1
65 49 1
65 53 1
65 62 1
66 0 1
66 1 1
66 3 1
66 4 1
66 13 1
66 14 1
66 15 1
66 20 1
66 26 1
66 31 1
66 58 1
67 1 1
67 2 1
67 12 1
67 27 1
67 28 1
67 30 1
67 32 1
67 33 1
67 34 1
67 54 1
67 59 1
67 60 1
68 2 1
68 27 1
68 28 1
68 30 1
68 33 1
68 34 1
68 59 1
68 60 1
68 67 1
69 1 1
69 2 1
69 8 1
69 16 1
69 19 1
69 20 1
69 21 1
69 28 1
69 29 1
69 34 1
69 35 1
69 38 1
69 39 1
69 48 1
69 49 1
69 54 1
69 57 1
69 60 1
70 0 1
70 1 1
70 3 1
70 4 1
70 12 1
70 13 1
70 17 1
70 18 1
70 32 1
70 33 1
70 55 1
70 56 1
70 58 1
71 4 1
71 13 1
71 17 1
71 18 1
71 32 1
71 55 1
71 58 1
71 70 1
72 0 1
72 1 1
72 2 1
72 3 1
72 16 1
72 19 1
72 20 1
72 29 1
72 35 1
72 39 1
72 48 1
72 49 1
72 54 1
72 57 1
72 60 1
72 69 1
73 0 1
73 1 1
73 2 1
73 3 1
73 16 1
73 19 1
73 20 1
73 29 1
73 31 1
73 57 1
73 69 1
73 72 1
74 1 1
74 2 1
74 12 1
74 27 1
74 28 1
74 30 1
74 32 1
74 33 1
74 34 1
74 54 1
74 56 1
74 59 1
74 60 1
74 67 1
74 68 1
75 0 1
75 3 1
75 4 1
75 13 1
75 15 1
75 26 1
75 31 1
75 66 1
75 73 1
76 2 1
76 8 1
76 16 1
76 19 1
76 21 1
76 22 1
76 28 1
76 34 1
76 35 1
76 38 1
76 52 1
76 54 1
76 57 1
76 59 1
76 60 1
76 69 1
76 72 1
77 8 1
77 9 1
77 10 1
77 16 1
77 19 1
77 21 1
77 22 1
77 35 1
77 36 1
77 37 1
77 38 1
77 51 1
77 60 1
77 69 1
77 76 1
78 8 1
78 9 1
78 10 1
78 21 1
78 22 1
78 35 1
78 36 1
78 37 1
78 38 1
78 47 1
78 51 1
78 63 1
78 76 1
78 77 1
79 5 1
79 7 1
79 8 1
79 39 1
79 41 1
79 48 1
79 49 1
79 52 1
79 65 1
79 69 1
79 72 1
80 5 1
80 39 1
80 41 1
80 48 1
80 49 1
80 53 1
80 65 1
80 79 1
81 5 1
81 6 1
81 8 1
81 11 1
81 40 1
81 41 1
81 44 1
81 45 1
81 46 1
81 47 1
81 53 1
81 62 1
81 65 1
82 7 1
82 8 1
82 9 1
82 10 1
82 23 1
82 24 1
82 25 1
82 42 1
82 43 1
82 46 1
82 47 1
82 50 1
82 51 1
82 52 1
82 61 1
82 63 1
82 64 1
83 6 1
83 8 1
83 9 1
83 11 1
83 25 1
83 40 1
83 41 1
83 44 1
83 45 1
83 46 1
83 47 1
83 53 1
83 62 1
83 65 1
83 81 1
84 6 1
84 7 1
84 8 1
84 9 1
84 24 1
84 25 1
84 40 1
84 41 1
84 42 1
84 43 1
84 44 1
84 45 1
84 46 1
84 47 1
84 62 1
84 63 1
84 65 1
84 81 1
84 82 1
84 83 1
85 8 1
85 9 1
85 10 1
85 21 1
85 22 1
85 25 1
85 35 1
85 36 1
85 37 1
85 38 1
85 40 1
85 42 1
85 44 1
85 45 1
85 46 1
85 47 1
85 51 1
85 52 1
85 63 1
85 77 1
85 78 1
85 82 1
85 83 1
85 84 1
86 5 1
86 7 1
86 8 1
86 39 1
86 41 1
86 43 1
86 48 1
86 49 1
86 52 1
86 53 1
86 65 1
86 79 1
86 80 1
87 9 1
87 10 1
87 25 1
87 46 1
87 47 1
87 50 1
87 51 1
87 63 1
87 64 1
87 77 1
87 78 1
87 85 1
88 9 1
88 10 1
88 24 1
88 25 1
88 46 1
88 50 1
88 51 1
88 61 1
88 63 1
88 64 1
88 82 1
88 85 1
88 87 1
89 1 1
89 12 1
89 18 1
89 19 1
89 20 1
89 30 1
89 32 1
89 33 1
89 34 1
89 54 1
89 55 1
89 56 1
89 57 1
89 58 1
89 59 1
89 60 1
89 67 1
89 70 1
89 74 1
90 0 1
90 1 1
90 2 1
90 3 1
90 12 1
90 13 1
90 14 1
90 17 1
90 18 1
90 20 1
90 26 1
90 27 1
90 30 1
90 32 1
90 33 1
90 58 1
90 59 1
90 66 1
90 67 1
90 70 1
90 71 1
90 74 1
90 89 1
91 7 1
91 8 1
91 16 1
91 35 1
91 39 1
91 41 1
91 42 1
91 43 1
91 47 1
91 48 1
91 49 1
91 52 1
91 65 1
91 69 1
91 76 1
91 79 1
91 80 1
91 82 1
91 86 1
92 7 1
92 8 1
92 24 1
92 39 1
92 41 1
92 42 1
92 43 1
92 47 1
92 48 1
92 49 1
92 52 1
92 62 1
92 65 1
92 79 1
92 80 1
92 82 1
92 86 1
92 91 1
93 0 1
93 1 1
93 2 1
93 3 1
93 12 1
93 13 1
93 14 1
93 15 1
93 20 1
93 26 1
93 31 1
93 58 1
93 66 1
93 72 1
93 90 1
94 1 1
94 2 1
94 12 1
94 13 1
94 14 1
94 27 1
94 30 1
94 32 1
94 33 1
94 58 1
94 59 1
94 67 1
94 74 1
94 90 1
94 93 1
95 0 1
95 1 1
95 2 1
95 16 1
95 19 1
95 20 1
95 21 1
95 28 1
95 29 1
95 34 1
95 35 1
95 39 1
95 48 1
95 49 1
95 54 1
95 57 1
95 60 1
95 69 1
95 72 1
95 73 1
95 76 1
95 79 1
95 80 1
95 86 1
95 91 1
96 0 1
96 1 1
96 2 1
96 3 1
96 4 1
96 13 1
96 18 1
96 19 1
96 20 1
96 29 1
96 31 1
96 32 1
96 56 1
96 57 1
96 58 1
96 66 1
96 70 1
96 72 1
96 73 1
96 75 1
96 93 1
96 95 1
97 0 1
97 1 1
97 2 1
97 3 1
97 12 1
97 13 1
97 14 1
97 15 1
97 16 1
97 19 1
97 20 1
97 26 1
97 29 1
97 30 1
97 31 1
97 32 1
97 33 1
97 57 1
97 58 1
97 66 1
97 69 1
97 72 1
97 73 1
97 90 1
97 93 1
97 94 1
97 95 1
97 96 1
98 0 1
98 1 1
98 2 1
98 3 1
98 12 1
98 13 1
98 14 1
98 16 1
98 19 1
98 20 1
98 27 1
98 28 1
98 29 1
98 30 1
98 32 1
98 33 1
98 34 1
98 54 1
98 56 1
98 57 1
98 58 1
98 59 1
98 60 1
98 66 1
98 67 1
98 69 1
98 70 1
98 72 1
98 73 1
98 74 1
98 76 1
98 89 1
98 90 1
98 93 1
98 94 1
98 95 1
98 96 1
98 97 1
99 0 1
99 1 1
99 2 1
99 3 1
99 4 1
99 12 1
99 13 1
99 14 1
99 15 1
99 17 1
99 18 1
99 20 1
99 26 1
99 27 1
99 30 1
99 31 1
99 32 1
99 33 1
99 58 1
99 66 1
99 70 1
99 71 1
99 89 1
99 90 1
99 93 1
99 94 1
99 96 1
99 97 1
99 98 1
100 8 1
100 9 1
100 10 1
100 16 1
100 21 1
100 22 1
100 35 1
100 36 1
100 37 1
100 38 1
100 47 1
100 51 1
100 52 1
100 63 1
100 69 1
100 76 1
100 77 1
100 78 1
100 82 1
100 85 1
100 87 1
101 8 1
101 9 1
101 16 1
101 19 1
101 21 1
101 22 1
101 35 1
101 36 1
101 37 1
101 38 1
101 47 1
101 51 1
101 52 1
101 60 1
101 69 1
101 76 1
101 77 1
101 78 1
101 82 1
101 85 1
101 91 1
101 95 1
101 100 1
102 2 1
102 7 1
102 8 1
102 16 1
102 19 1
102 21 1
102 28 1
102 35 1
102 39 1
102 42 1
102 48 1
102 49 1
102 52 1
102 60 1
102 69 1
102 72 1
102 76 1
102 79 1
102 80 1
102 86 1
102 91 1
102 92 1
102 95 1
102 100 1
102 101 1
103 5 1
103 6 1
103 7 1
103 8 1
103 11 1
103 40 1
103 41 1
103 43 1
103 44 1
103 45 1
103 46 1
103 47 1
103 48 1
103 53 1
103 62 1
103 65 1
103 81 1
103 83 1
103 84 1
103 86 1
103 92 1
104 5 1
104 6 1
104 7 1
104 8 1
104 11 1
104 25 1
104 40 1
104 41 1
104 43 1
104 44 1
104 45 1
104 46 1
104 47 1
104 48 1
104 53 1
104 62 1
104 65 1
104 81 1
104 83 1
104 84 1
104 85 1
104 92 1
104 103 1
105 5 1
105 6 1
105 7 1
105 8 1
105 9 1
105 11 1
105 21 1
105 25 1
105 35 1
105 36 1
105 39 1
105 40 1
105 41 1
105 42 1
105 43 1
105 44 1
105 45 1
105 46 1
105 47 1
105 48 1
105 49 1
105 52 1
105 53 1
105 62 1
105 65 1
105 69 1
105 78 1
105 79 1
105 80 1
105 81 1
105 82 1
105 83 1
105 84 1
105 85 1
105 86 1
105 91 1
105 92 1
105 100 1
105 101 1
105 102 1
105 103 1
105 104 1
106 7 1
106 8 1
106 9 1
106 16 1
106 21 1
106 23 1
106 24 1
106 28 1
106 35 1
106 42 1
106 47 1
106 48 1
106 49 1
106 51 1
106 52 1
106 69 1
106 76 1
106 77 1
106 78 1
106 79 1
106 82 1
106 85 1
106 86 1
106 91 1
106 92 1
106 95 1
106 100 1
106 101 1
106 102 1
106 105 1
107 9 1
107 10 1
107 23 1
107 24 1
107 25 1
107 42 1
107 50 1
107 51 1
107 61 1
107 63 1
107 64 1
107 82 1
107 87 1
107 88 1
108 0 1
108 1 1
108 13 1
108 14 1
108 15 1
108 20 1
108 26 1
108 31 1
108 66 1
108 93 1
108 97 1
109 0 1
109 1 1
109 2 1
109 3 1
109 12 1
109 13 1
109 14 1
109 15 1
109 20 1
109 26 1
109 27 1
109 30 1
109 32 1
109 33 1
109 58 1
109 66 1
109 67 1
109 70 1
109 90 1
109 93 1
109 94 1
109 97 1
109 98 1
109 99 1
109 108 1
110 1 1
110 12 1
110 27 1
110 30 1
110 32 1
110 33 1
110 58 1
110 59 1
110 67 1
110 74 1
110 89 1
110 90 1
110 94 1
110 98 1
110 99 1
110 109 1
111 4 1
111 13 1
111 17 1
111 18 1
111 32 1
111 55 1
111 58 1
111 70 1
111 71 1
111 89 1
111 90 1
111 99 1
112 18 1
112 19 1
112 30 1
112 32 1
112 33 1
112 34 1
112 54 1
112 56 1
112 57 1
112 59 1
112 60 1
112 70 1
112 74 1
112 89 1
112 98 1
113 0 1
113 1 1
113 2 1
113 3 1
113 16 1
113 19 1
113 20 1
113 21 1
113 29 1
113 35 1
113 39 1
113 48 1
113 54 1
113 57 1
113 60 1
113 69 1
113 72 1
113 73 1
113 76 1
113 79 1
113 80 1
113 95 1
113 96 1
113 97 1
113 98 1
113 102 1
114 0 1
114 1 1
114 2 1
114 3 1
114 4 1
114 13 1
114 14 1
114 15 1
114 19 1
114 20 1
114 26 1
114 29 1
114 31 1
114 57 1
114 58 1
114 66 1
114 69 1
114 70 1
114 72 1
114 73 1
114 75 1
114 93 1
114 95 1
114 96 1
114 97 1
114 98 1
114 99 1
114 108 1
114 109 1
114 113 1
115 1 1
115 2 1
115 12 1
115 16 1
115 20 1
115 27 1
115 28 1
115 30 1
115 32 1
115 33 1
115 34 1
115 54 1
115 59 1
115 60 1
115 67 1
115 68 1
115 74 1
115 76 1
115 89 1
115 90 1
115 93 1
115 94 1
115 95 1
115 97 1
115 98 1
115 99 1
115 109 1
115 110 1
116 0 1
116 1 1
116 3 1
116 4 1
116 13 1
116 14 1
116 15 1
116 17 1
116 20 1
116 26 1
116 31 1
116 58 1
116 66 1
116 70 1
116 75 1
116 90 1
116 93 1
116 96 1
116 97 1
116 99 1
116 108 1
116 109 1
116 114 1
117 2 1
117 16 1
117 19 1
117 21 1
117 22 1
117 28 1
117 34 1
117 35 1
117 38 1
117 54 1
117 56 1
117 57 1
117 59 1
117 60 1
117 68 1
117 69 1
117 72 1
117 74 1
117 76 1
117 77 1
117 78 1
117 95 1
117 98 1
117 100 1
117 101 1
117 102 1
117 106 1
117 112 1
117 113 1
117 115 1
118 5 1
118 6 1
118 8 1
118 11 1
118 39 1
118 40 1
118 41 1
118 44 1
118 47 1
118 48 1
118 49 1
118 53 1
118 62 1
118 65 1
118 79 1
118 80 1
118 81 1
118 83 1
118 86 1
118 91 1
118 92 1
118 102 1
118 103 1
118 104 1
118 105 1
119 9 1
119 10 1
119 23 1
119 24 1
119 42 1
119 51 1
119 52 1
119 61 1
119 63 1
119 64 1
119 82 1
119 88 1
119 106 1
119 107 1
120 10 1
120 23 1
120 24 1
120 42 1
120 50 1
120 51 1
120 52 1
120 61 1
120 64 1
120 82 1
120 106 1
120 107 1
120 119 1
121 5 1
121 6 1
121 7 1
121 8 1
121 39 1
121 41 1
121 47 1
121 48 1
121 49 1
121 53 1
121 62 1
121 65 1
121 79 1
121 80 1
121 86 1
121 91 1
121 92 1
121 102 1
121 103 1
121 104 1
121 105 1
121 106 1
121 118 1
122 8 1
122 9 1
122 10 1
122 21 1
122 22 1
122 23 1
122 35 1
122 36 1
122 37 1
122 38 1
122 47 1
122 51 1
122 52 1
122 63 1
122 76 1
122 77 1
122 78 1
122 82 1
122 85 1
122 87 1
122 88 1
122 100 1
122 101 1
122 106 1
122 107 1
122 119 1
123 9 1
123 10 1
123 24 1
123 25 1
123 46 1
123 50 1
123 51 1
123 61 1
123 63 1
123 64 1
123 82 1
123 84 1
123 85 1
123 87 1
123 88 1
123 107 1
123 119 1
123 120 1
123 122 1
124 9 1
124 10 1
124 24 1
124 25 1
124 46 1
124 50 1
124 61 1
124 63 1
124 64 1
124 82 1
124 87 1
124 88 1
124 107 1
124 120 1
124 123 1
125 7 1
125 8 1
125 9 1
125 10 1
125 21 1
125 23 1
125 24 1
125 25 1
125 35 1
125 42 1
125 47 1
125 51 1
125 52 1
125 61 1
125 63 1
125 64 1
125 76 1
125 77 1
125 78 1
125 82 1
125 85 1
125 87 1
125 88 1
125 91 1
125 92 1
125 100 1
125 101 1
125 102 1
125 105 1
125 106 1
125 107 1
125 119 1
125 120 1
125 122 1
125 123 1
126 5 1
126 6 1
126 7 1
126 8 1
126 39 1
126 41 1
126 42 1
126 43 1
126 44 1
126 47 1
126 48 1
126 49 1
126 52 1
126 53 1
126 62 1
126 65 1
126 79 1
126 80 1
126 86 1
126 91 1
126 92 1
126 102 1
126 103 1
126 104 1
126 105 1
126 106 1
126 118 1
126 121 1
127 5 1
127 6 1
127 11 1
127 40 1
127 41 1
127 44 1
127 45 1
127 47 1
127 48 1
127 53 1
127 62 1
127 65 1
127 80 1
127 81 1
127 83 1
127 103 1
127 104 1
127 105 1
127 118 1
127 121 1
127 126 1
128 5 1
128 6 1
128 11 1
128 40 1
128 44 1
128 53 1
128 65 1
128 81 1
128 83 1
128 103 1
128 104 1
128 118 1
128 127 1
129 0 1
129 1 1
129 2 1
129 3 1
129 4 1
129 12 1
129 13 1
129 14 1
129 15 1
129 20 1
129 26 1
129 31 1
129 32 1
129 58 1
129 66 1
129 70 1
129 90 1
129 93 1
129 94 1
129 96 1
129 97 1
129 98 1
129 99 1
129 108 1
129 109 1
129 110 1
129 114 1
129 116 1
130 0 1
130 3 1
130 4 1
130 13 1
130 17 1
130 18 1
130 31 1
130 32 1
130 55 1
130 58 1
130 70 1
130 71 1
130 75 1
130 90 1
130 96 1
130 99 1
130 111 1
130 116 1
130 129 1
131 3 1
131 4 1
131 13 1
131 17 1
131 18 1
131 31 1
131 32 1
131 55 1
131 58 1
131 66 1
131 70 1
131 71 1
131 75 1
131 90 1
131 99 1
131 109 1
131 111 1
131 116 1
131 129 1
131 130 1
132 0 1
132 1 1
132 2 1
132 16 1
132 19 1
132 20 1
132 21 1
132 28 1
132 29 1
132 33 1
132 34 1
132 35 1
132 54 1
132 56 1
132 57 1
132 59 1
132 60 1
132 69 1
132 72 1
132 73 1
132 76 1
132 89 1
132 95 1
132 96 1
132 97 1
132 98 1
132 101 1
132 102 1
132 112 1
132 113 1
132 114 1
132 115 1
132 117 1
133 0 1
133 1 1
133 3 1
133 4 1
133 12 1
133 13 1
133 14 1
133 17 1
133 18 1
133 20 1
133 26 1
133 31 1
133 32 1
133 55 1
133 58 1
133 66 1
133 70 1
133 71 1
133 75 1
133 90 1
133 96 1
133 97 1
133 99 1
133 109 1
133 111 1
133 114 1
133 116 1
133 129 1
133 130 1
133 131 1
134 0 1
134 1 1
134 2 1
134 12 1
134 16 1
134 19 1
134 20 1
134 27 1
134 28 1
134 30 1
134 32 1
134 33 1
134 34 1
134 54 1
134 56 1
134 57 1
134 58 1
134 59 1
134 60 1
134 67 1
134 68 1
134 70 1
134 74 1
134 76 1
134 89 1
134 90 1
134 94 1
134 97 1
134 98 1
134 99 1
134 109 1
134 110 1
134 112 1
134 115 1
134 117 1
134 132 1
135 8 1
135 9 1
135 16 1
135 19 1
135 21 1
135 22 1
135 35 1
135 36 1
135 37 1
135 38 1
135 47 1
135 48 1
135 69 1
135 76 1
135 77 1
135 78 1
135 85 1
135 95 1
135 100 1
135 101 1
135 102 1
135 105 1
135 106 1
135 113 1
135 117 1
135 118 1
135 122 1
135 125 1
135 132 1
136 7 1
136 8 1
136 9 1
136 23 1
136 24 1
136 25 1
136 41 1
136 42 1
136 43 1
136 46 1
136 47 1
136 48 1
136 49 1
136 52 1
136 61 1
136 62 1
136 64 1
136 65 1
136 82 1
136 84 1
136 85 1
136 86 1
136 91 1
136 92 1
136 102 1
136 104 1
136 105 1
136 106 1
136 120 1
136 121 1
136 125 1
136 126 1
137 7 1
137 10 1
137 23 1
137 24 1
137 25 1
137 42 1
137 43 1
137 50 1
137 51 1
137 52 1
137 61 1
137 64 1
137 82 1
137 106 1
137 107 1
137 119 1
137 120 1
137 123 1
137 124 1
137 125 1
137 136 1
138 6 1
138 7 1
138 24 1
138 25 1
138 41 1
138 42 1
138 43 1
138 44 1
138 45 1
138 46 1
138 47 1
138 52 1
138 53 1
138 62 1
138 65 1
138 82 1
138 83 1
138 84 1
138 86 1
138 92 1
138 103 1
138 104 1
138 105 1
138 121 1
138 126 1
138 136 1
139 7 1
139 9 1
139 24 1
139 25 1
139 41 1
139 42 1
139 43 1
139 44 1
139 45 1
139 46 1
139 47 1
139 50 1
139 61 1
139 62 1
139 63 1
139 64 1
139 81 1
139 82 1
139 83 1
139 84 1
139 85 1
139 88 1
139 103 1
139 104 1
139 105 1
139 123 1
139 124 1
139 136 1
139 138 1
140 7 1
140 8 1
140 9 1
140 10 1
140 24 1
140 25 1
140 40 1
140 41 1
140 42 1
140 43 1
140 44 1
140 45 1
140 46 1
140 47 1
140 50 1
140 51 1
140 52 1
140 61 1
140 62 1
140 63 1
140 64 1
140 82 1
140 83 1
140 84 1
140 85 1
140 87 1
140 88 1
140 92 1
140 100 1
140 103 1
140 104 1
140 105 1
140 106 1
140 107 1
140 122 1
140 123 1
140 124 1
140 125 1
140 136 1
140 137 1
140 138 1
140 139 1
141 6 1
141 7 1
141 8 1
141 9 1
141 10 1
141 21 1
141 24 1
141 25 1
141 35 1
141 36 1
141 40 1
141 41 1
141 42 1
141 43 1
141 44 1
141 45 1
141 46 1
141 47 1
141 48 1
141 49 1
141 51 1
141 52 1
141 61 1
141 62 1
141 63 1
141 77 1
141 78 1
141 81 1
141 82 1
141 83 1
141 84 1
141 85 1
141 87 1
141 88 1
141 91 1
141 92 1
141 100 1
141 101 1
141 102 1
141 103 1
141 104 1
141 105 1
141 106 1
141 118 1
141 122 1
141 123 1
141 125 1
141 135 1
141 136 1
141 138 1
141 139 1
141 140 1
142 8 1
142 9 1
142 10 1
142 21 1
142 22 1
142 23 1
142 24 1
142 25 1
142 35 1
142 36 1
142 37 1
142 38 1
142 42 1
142 47 1
142 51 1
142 52 1
142 61 1
142 63 1
142 76 1
142 77 1
142 78 1
142 82 1
142 85 1
142 87 1
142 88 1
142 100 1
142 101 1
142 102 1
142 105 1
142 106 1
142 107 1
142 117 1
142 119 1
142 120 1
142 122 1
142 123 1
142 125 1
142 135 1
142 136 1
142 137 1
142 140 1
142 141 1
143 8 1
143 9 1
143 10 1
143 23 1
143 24 1
143 25 1
143 42 1
143 47 1
143 50 1
143 51 1
143 52 1
143 61 1
143 63 1
143 64 1
143 77 1
143 78 1
143 82 1
143 85 1
143 87 1
143 88 1
143 100 1
143 101 1
143 106 1
143 107 1
143 119 1
143 120 1
143 122 1
143 123 1
143 124 1
143 125 1
143 136 1
143 137 1
143 140 1
143 141 1
143 142 1
144 7 1
144 8 1
144 23 1
144 24 1
144 41 1
144 42 1
144 43 1
144 47 1
144 48 1
144 49 1
144 52 1
144 61 1
144 62 1
144 65 1
144 79 1
144 82 1
144 84 1
144 85 1
144 86 1
144 91 1
144 92 1
144 100 1
144 101 1
144 102 1
144 105 1
144 106 1
144 118 1
144 121 1
144 125 1
144 126 1
144 136 1
144 137 1
144 138 1
144 140 1
144 141 1
144 142 1
144 143 1
145 5 1
145 6 1
145 7 1
145 8 1
145 39 1
145 40 1
145 41 1
145 42 1
145 43 1
145 44 1
145 47 1
145 48 1
145 49 1
145 52 1
145 53 1
145 62 1
145 65 1
145 79 1
145 80 1
145 82 1
145 84 1
145 86 1
145 91 1
145 92 1
145 102 1
145 103 1
145 104 1
145 105 1
145 106 1
145 118 1
145 121 1
145 126 1
145 127 1
145 136 1
145 138 1
145 140 1
145 141 1
145 144 1
146 1 1
146 2 1
146 12 1
146 16 1
146 19 1
146 20 1
146 27 1
146 28 1
146 30 1
146 33 1
146 34 1
146 35 1
146 54 1
146 59 1
146 60 1
146 67 1
146 68 1
146 69 1
146 72 1
146 74 1
146 76 1
146 93 1
146 94 1
146 95 1
146 97 1
146 98 1
146 102 1
146 106 1
146 115 1
146 117 1
146 132 1
146 134 1
147 0 1
147 1 1
147 2 1
147 16 1
147 19 1
147 20 1
147 21 1
147 28 1
147 29 1
147 34 1
147 35 1
147 39 1
147 48 1
147 49 1
147 54 1
147 57 1
147 59 1
147 60 1
147 68 1
147 69 1
147 72 1
147 73 1
147 76 1
147 79 1
147 91 1
147 95 1
147 97 1
147 98 1
147 101 1
147 102 1
147 106 1
147 113 1
147 114 1
147 115 1
147 117 1
147 132 1
147 134 1
147 146 1
148 0 1
148 1 1
148 2 1
148 12 1
148 14 1
148 16 1
148 19 1
148 20 1
148 27 1
148 28 1
148 30 1
148 32 1
148 33 1
148 34 1
148 54 1
148 57 1
148 58 1
148 59 1
148 60 1
148 67 1
148 68 1
148 69 1
148 72 1
148 74 1
148 89 1
148 90 1
148 93 1
148 94 1
148 95 1
148 97 1
148 98 1
148 99 1
148 109 1
148 110 1
148 115 1
148 117 1
148 129 1
148 132 1
148 134 1
148 146 1
148 147 1
149 5 1
149 6 1
149 7 1
149 8 1
149 16 1
149 21 1
149 35 1
149 39 1
149 40 1
149 41 1
149 44 1
149 47 1
149 48 1
149 49 1
149 52 1
149 53 1
149 65 1
149 69 1
149 72 1
149 76 1
149 79 1
149 80 1
149 81 1
149 85 1
149 86 1
149 91 1
149 92 1
149 95 1
149 100 1
149 101 1
149 102 1
149 103 1
149 104 1
149 105 1
149 106 1
149 113 1
149 118 1
149 121 1
149 126 1
149 127 1
149 135 1
149 136 1
149 141 1
149 144 1
149 145 1
149 147 1
150 0 1
150 3 1
150 4 1
150 13 1
150 17 1
150 31 1
150 66 1
150 75 1
150 96 1
150 114 1
150 116 1
150 130 1
150 131 1
150 133 1
151 5 1
151 6 1
151 8 1
151 11 1
151 40 1
151 41 1
151 44 1
151 45 1
151 47 1
151 48 1
151 53 1
151 62 1
151 65 1
151 80 1
151 81 1
151 83 1
151 84 1
151 85 1
151 103 1
151 104 1
151 105 1
151 118 1
151 121 1
151 126 1
151 127 1
151 128 1
151 135 1
151 141 1
151 145 1
151 149 1
152 9 1
152 24 1
152 25 1
152 44 1
152 45 1
152 46 1
152 47 1
152 50 1
152 62 1
152 63 1
152 64 1
152 81 1
152 83 1
152 84 1
152 85 1
152 88 1
152 103 1
152 104 1
152 123 1
152 124 1
152 138 1
152 139 1
152 140 1
152 141 1
153 9 1
153 10 1
153 50 1
153 51 1
153 63 1
153 64 1
153 78 1
153 85 1
153 87 1
153 88 1
153 100 1
153 107 1
153 119 1
153 122 1
153 123 1
153 125 1
153 142 1
153 143 1
154 0 1
154 1 1
154 2 1
154 3 1
154 13 1
154 14 1
154 15 1
154 20 1
154 26 1
154 31 1
154 66 1
154 72 1
154 93 1
154 95 1
154 96 1
154 97 1
154 98 1
154 99 1
154 108 1
154 109 1
154 114 1
154 116 1
154 129 1
155 0 1
155 1 1
155 2 1
155 16 1
155 19 1
155 20 1
155 21 1
155 28 1
155 29 1
155 30 1
155 33 1
155 34 1
155 35 1
155 54 1
155 57 1
155 59 1
155 60 1
155 67 1
155 68 1
155 69 1
155 72 1
155 73 1
155 74 1
155 76 1
155 95 1
155 97 1
155 98 1
155 101 1
155 102 1
155 106 1
155 113 1
155 115 1
155 117 1
155 132 1
155 134 1
155 146 1
155 147 1
155 148 1
156 0 1
156 1 1
156 3 1
156 4 1
156 13 1
156 14 1
156 15 1
156 17 1
156 20 1
156 26 1
156 31 1
156 58 1
156 66 1
156 70 1
156 75 1
156 96 1
156 97 1
156 99 1
156 108 1
156 114 1
156 116 1
156 129 1
156 130 1
156 131 1
156 133 1
156 150 1
157 3 1
157 4 1
157 13 1
157 17 1
157 31 1
157 55 1
157 75 1
157 96 1
157 116 1
157 130 1
157 131 1
157 133 1
157 150 1
157 156 1
158 5 1
158 6 1
158 8 1
158 11 1
158 39 1
158 40 1
158 41 1
158 44 1
158 45 1
158 47 1
158 48 1
158 49 1
158 53 1
158 62 1
158 65 1
158 79 1
158 80 1
158 81 1
158 83 1
158 84 1
158 85 1
158 86 1
158 91 1
158 92 1
158 103 1
158 104 1
158 105 1
158 118 1
158 121 1
158 126 1
158 127 1
158 128 1
158 135 1
158 138 1
158 141 1
158 144 1
158 145 1
158 149 1
158 151 1
159 7 1
159 8 1
159 9 1
159 10 1
159 24 1
159 25 1
159 40 1
159 42 1
159 44 1
159 45 1
159 46 1
159 47 1
159 50 1
159 51 1
159 52 1
159 61 1
159 62 1
159 63 1
159 64 1
159 78 1
159 82 1
159 83 1
159 84 1
159 85 1
159 87 1
159 88 1
159 100 1
159 101 1
159 104 1
159 105 1
159 106 1
159 107 1
159 122 1
159 123 1
159 124 1
159 125 1
159 135 1
159 136 1
159 138 1
159 139 1
159 140 1
159 141 1
159 142 1
159 143 1
159 144 1
159 152 1
159 153 1
160 8 1
160 9 1
160 10 1
160 21 1
160 22 1
160 25 1
160 37 1
160 38 1
160 47 1
160 50 1
160 51 1
160 63 1
160 64 1
160 77 1
160 78 1
160 82 1
160 85 1
160 87 1
160 88 1
160 100 1
160 101 1
160 107 1
160 119 1
160 122 1
160 123 1
160 125 1
160 135 1
160 140 1
160 141 1
160 142 1
160 143 1
160 153 1
160 159 1
161 9 1
161 10 1
161 23 1
161 24 1
161 25 1
161 50 1
161 51 1
161 61 1
161 63 1
161 64 1
161 82 1
161 87 1
161 88 1
161 107 1
161 119 1
161 120 1
161 122 1
161 123 1
161 124 1
161 125 1
161 137 1
161 140 1
161 142 1
161 143 1
161 153 1
161 159 1
161 160 1
162 9 1
162 10 1
162 25 1
162 50 1
162 51 1
162 63 1
162 64 1
162 87 1
162 88 1
162 107 1
162 119 1
162 122 1
162 123 1
162 124 1
162 142 1
162 143 1
162 153 1
162 159 1
162 160 1
162 161 1
163 0 1
163 1 1
163 13 1
163 14 1
163 15 1
163 26 1
163 31 1
163 66 1
163 93 1
163 97 1
163 99 1
163 108 1
163 109 1
163 114 1
163 116 1
163 129 1
163 154 1
163 156 1
164 2 1
164 7 1
164 8 1
164 16 1
164 28 1
164 35 1
164 39 1
164 42 1
164 48 1
164 49 1
164 52 1
164 60 1
164 69 1
164 72 1
164 76 1
164 79 1
164 86 1
164 91 1
164 92 1
164 95 1
164 101 1
164 102 1
164 105 1
164 106 1
164 117 1
164 121 1
164 125 1
164 126 1
164 132 1
164 136 1
164 144 1
164 145 1
164 146 1
164 147 1
164 149 1
164 155 1
165 7 1
165 23 1
165 24 1
165 25 1
165 41 1
165 42 1
165 43 1
165 52 1
165 61 1
165 62 1
165 64 1
165 82 1
165 84 1
165 91 1
165 92 1
165 106 1
165 107 1
165 120 1
165 123 1
165 124 1
165 125 1
165 126 1
165 136 1
165 137 1
165 138 1
165 139 1
165 140 1
165 141 1
165 143 1
165 144 1
165 145 1
165 159 1
166 5 1
166 6 1
166 7 1
166 8 1
166 11 1
166 21 1
166 35 1
166 36 1
166 39 1
166 40 1
166 41 1
166 44 1
166 45 1
166 46 1
166 47 1
166 48 1
166 49 1
166 52 1
166 53 1
166 62 1
166 65 1
166 69 1
166 79 1
166 80 1
166 81 1
166 83 1
166 84 1
166 85 1
166 86 1
166 91 1
166 92 1
166 100 1
166 101 1
166 102 1
166 103 1
166 104 1
166 105 1
166 106 1
166 118 1
166 121 1
166 126 1
166 127 1
166 128 1
166 135 1
166 136 1
166 140 1
166 141 1
166 142 1
166 144 1
166 145 1
166 149 1
166 151 1
166 158 1
166 159 1
167 9 1
167 10 1
167 23 1
167 24 1
167 25 1
167 42 1
167 50 1
167 51 1
167 61 1
167 63 1
167 64 1
167 82 1
167 87 1
167 88 1
167 107 1
167 119 1
167 120 1
167 123 1
167 124 1
167 125 1
167 137 1
167 140 1
167 143 1
167 153 1
167 159 1
167 160 1
167 161 1
167 162 1
167 165 1
168 1 1
168 12 1
168 27 1
168 30 1
168 32 1
168 33 1
168 58 1
168 59 1
168 67 1
168 68 1
168 74 1
168 89 1
168 90 1
168 94 1
168 98 1
168 99 1
168 109 1
168 110 1
168 115 1
168 134 1
168 148 1
169 1 1
169 2 1
169 16 1
169 19 1
169 20 1
169 21 1
169 22 1
169 28 1
169 29 1
169 33 1
169 34 1
169 35 1
169 38 1
169 54 1
169 56 1
169 57 1
169 59 1
169 60 1
169 69 1
169 72 1
169 73 1
169 76 1
169 77 1
169 89 1
169 95 1
169 97 1
169 98 1
169 100 1
169 101 1
169 102 1
169 112 1
169 113 1
169 115 1
169 117 1
169 132 1
169 134 1
169 135 1
169 146 1
169 147 1
169 148 1
169 155 1
169 164 1
170 8 1
170 9 1
170 16 1
170 19 1
170 21 1
170 22 1
170 28 1
170 35 1
170 36 1
170 38 1
170 42 1
170 47 1
170 48 1
170 49 1
170 51 1
170 52 1
170 60 1
170 69 1
170 72 1
170 76 1
170 77 1
170 78 1
170 79 1
170 82 1
170 85 1
170 91 1
170 92 1
170 95 1
170 100 1
170 101 1
170 102 1
170 105 1
170 106 1
170 113 1
170 117 1
170 122 1
170 125 1
170 132 1
170 135 1
170 136 1
170 141 1
170 142 1
170 143 1
170 144 1
170 145 1
170 146 1
170 147 1
170 149 1
170 155 1
170 164 1
170 166 1
170 169 1
171 2 1
171 8 1
171 16 1
171 19 1
171 21 1
171 28 1
171 34 1
171 35 1
171 42 1
171 48 1
171 49 1
171 52 1
171 60 1
171 69 1
171 72 1
171 76 1
171 77 1
171 78 1
171 79 1
171 82 1
171 85 1
171 86 1
171 91 1
171 92 1
171 95 1
171 100 1
171 101 1
171 102 1
171 105 1
171 106 1
171 113 1
171 117 1
171 122 1
171 125 1
171 132 1
171 135 1
171 136 1
171 141 1
171 142 1
171 143 1
171 144 1
171 145 1
171 146 1
171 147 1
171 149 1
171 155 1
171 164 1
171 166 1
171 169 1
171 170 1
172 2 1
172 5 1
172 8 1
172 16 1
172 19 1
172 20 1
172 35 1
172 39 1
172 48 1
172 49 1
172 52 1
172 69 1
172 72 1
172 76 1
172 79 1
172 80 1
172 86 1
172 91 1
172 92 1
172 95 1
172 97 1
172 102 1
172 105 1
172 106 1
172 113 1
172 118 1
172 121 1
172 126 1
172 132 1
172 144 1
172 145 1
172 146 1
172 147 1
172 149 1
172 155 1
172 164 1
172 166 1
172 170 1
172 171 1
173 7 1
173 24 1
173 25 1
173 41 1
173 42 1
173 43 1
173 46 1
173 47 1
173 52 1
173 61 1
173 62 1
173 64 1
173 82 1
173 84 1
173 91 1
173 92 1
173 125 1
173 126 1
173 136 1
173 137 1
173 138 1
173 139 1
173 140 1
173 141 1
173 144 1
173 145 1
173 152 1
173 159 1
173 165 1
174 6 1
174 7 1
174 11 1
174 25 1
174 40 1
174 41 1
174 42 1
174 43 1
174 44 1
174 45 1
174 46 1
174 47 1
174 53 1
174 62 1
174 65 1
174 81 1
174 83 1
174 84 1
174 86 1
174 92 1
174 103 1
174 104 1
174 105 1
174 121 1
174 126 1
174 127 1
174 136 1
174 138 1
174 139 1
174 140 1
174 141 1
174 144 1
174 145 1
174 151 1
174 152 1
174 158 1
174 165 1
174 166 1
174 173 1
175 5 1
175 6 1
175 8 1
175 9 1
175 21 1
175 22 1
175 25 1
175 35 1
175 36 1
175 37 1
175 38 1
175 40 1
175 41 1
175 44 1
175 45 1
175 46 1
175 47 1
175 48 1
175 49 1
175 52 1
175 62 1
175 63 1
175 65 1
175 77 1
175 78 1
175 81 1
175 83 1
175 84 1
175 85 1
175 87 1
175 92 1
175 100 1
175 101 1
175 103 1
175 104 1
175 105 1
175 106 1
175 118 1
175 122 1
175 125 1
175 127 1
175 135 1
175 136 1
175 139 1
175 140 1
175 141 1
175 142 1
175 143 1
175 144 1
175 145 1
175 149 1
175 151 1
175 158 1
175 159 1
175 160 1
175 166 1
175 170 1
175 171 1
176 5 1
176 6 1
176 8 1
176 16 1
176 21 1
176 35 1
176 36 1
176 38 1
176 39 1
176 40 1
176 41 1
176 44 1
176 47 1
176 48 1
176 49 1
176 52 1
176 53 1
176 65 1
176 69 1
176 76 1
176 78 1
176 79 1
176 80 1
176 81 1
176 83 1
176 85 1
176 86 1
176 91 1
176 92 1
176 95 1
176 100 1
176 101 1
176 102 1
176 103 1
176 104 1
176 105 1
176 106 1
176 113 1
176 118 1
176 121 1
176 126 1
176 127 1
176 135 1
176 141 1
176 142 1
176 144 1
176 145 1
176 149 1
176 151 1
176 158 1
176 164 1
176 166 1
176 170 1
176 171 1
176 172 1
176 175 1
177 0 1
177 1 1
177 2 1
177 3 1
177 13 1
177 14 1
177 15 1
177 20 1
177 26 1
177 31 1
177 66 1
177 72 1
177 90 1
177 93 1
177 96 1
177 97 1
177 98 1
177 99 1
177 108 1
177 109 1
177 114 1
177 116 1
177 129 1
177 133 1
177 148 1
177 154 1
177 156 1
177 163 1
178 12 1
178 18 1
178 32 1
178 33 1
178 54 1
178 55 1
178 56 1
178 58 1
178 70 1
178 71 1
178 89 1
178 90 1
178 99 1
178 111 1
178 112 1
178 130 1
178 133 1
178 134 1
179 18 1
179 32 1
179 33 1
179 54 1
179 55 1
179 56 1
179 57 1
179 58 1
179 59 1
179 70 1
179 89 1
179 111 1
179 112 1
179 134 1
179 178 1
180 1 1
180 2 1
180 16 1
180 19 1
180 20 1
180 21 1
180 29 1
180 33 1
180 34 1
180 35 1
180 54 1
180 56 1
180 57 1
180 59 1
180 60 1
180 69 1
180 72 1
180 73 1
180 76 1
180 89 1
180 95 1
180 96 1
180 98 1
180 112 1
180 113 1
180 117 1
180 132 1
180 134 1
180 147 1
180 148 1
180 155 1
180 169 1
180 178 1
180 179 1
181 7 1
181 8 1
181 16 1
181 21 1
181 28 1
181 35 1
181 39 1
181 41 1
181 42 1
181 43 1
181 47 1
181 48 1
181 49 1
181 52 1
181 69 1
181 76 1
181 79 1
181 82 1
181 85 1
181 86 1
181 91 1
181 92 1
181 95 1
181 100 1
181 101 1
181 102 1
181 105 1
181 106 1
181 117 1
181 118 1
181 121 1
181 125 1
181 126 1
181 135 1
181 136 1
181 141 1
181 142 1
181 143 1
181 144 1
181 145 1
181 146 1
181 147 1
181 149 1
181 155 1
181 164 1
181 165 1
181 166 1
181 170 1
181 171 1
181 172 1
181 175 1
181 176 1
182 8 1
182 9 1
182 10 1
182 21 1
182 22 1
182 36 1
182 37 1
182 38 1
182 46 1
182 47 1
182 51 1
182 63 1
182 77 1
182 78 1
182 85 1
182 87 1
182 88 1
182 100 1
182 101 1
182 107 1
182 122 1
182 123 1
182 125 1
182 135 1
182 140 1
182 141 1
182 142 1
182 143 1
182 153 1
182 159 1
182 160 1
182 161 1
182 162 1
182 175 1
183 9 1
183 10 1
183 25 1
183 46 1
183 50 1
183 51 1
183 63 1
183 64 1
183 78 1
183 85 1
183 87 1
183 88 1
183 107 1
183 122 1
183 123 1
183 124 1
183 140 1
183 142 1
183 143 1
183 153 1
183 159 1
183 160 1
183 161 1
183 162 1
183 167 1
183 182 1
184 5 1
184 6 1
184 7 1
184 8 1
184 11 1
184 39 1
184 40 1
184 41 1
184 43 1
184 44 1
184 47 1
184 48 1
184 49 1
184 53 1
184 62 1
184 65 1
184 79 1
184 80 1
184 81 1
184 86 1
184 91 1
184 92 1
184 103 1
184 104 1
184 105 1
184 118 1
184 121 1
184 126 1
184 127 1
184 136 1
184 138 1
184 144 1
184 145 1
184 149 1
184 151 1
184 158 1
184 166 1
184 172 1
184 174 1
184 176 1
184 181 1
185 2 1
185 12 1
185 27 1
185 28 1
185 30 1
185 33 1
185 34 1
185 59 1
185 60 1
185 67 1
185 68 1
185 74 1
185 94 1
185 98 1
185 110 1
185 115 1
185 134 1
185 146 1
185 148 1
185 155 1
185 168 1
186 2 1
186 27 1
186 28 1
186 30 1
186 34 1
186 59 1
186 60 1
186 67 1
186 68 1
186 74 1
186 98 1
186 115 1
186 117 1
186 134 1
186 146 1
186 147 1
186 148 1
186 155 1
186 164 1
186 168 1
186 171 1
186 185 1
187 0 1
187 1 1
187 3 1
187 12 1
187 13 1
187 17 1
187 18 1
187 30 1
187 32 1
187 33 1
187 54 1
187 55 1
187 56 1
187 58 1
187 59 1
187 70 1
187 71 1
187 89 1
187 90 1
187 96 1
187 98 1
187 99 1
187 109 1
187 110 1
187 111 1
187 112 1
187 130 1
187 131 1
187 133 1
187 134 1
187 178 1
187 179 1
187 180 1
188 4 1
188 13 1
188 17 1
188 18 1
188 32 1
188 55 1
188 58 1
188 70 1
188 71 1
188 111 1
188 130 1
188 131 1
188 133 1
188 157 1
188 178 1
188 187 1
189 0 1
189 1 1
189 2 1
189 12 1
189 13 1
189 14 1
189 16 1
189 19 1
189 20 1
189 27 1
189 28 1
189 30 1
189 32 1
189 33 1
189 34 1
189 54 1
189 58 1
189 59 1
189 60 1
189 66 1
189 67 1
189 68 1
189 69 1
189 72 1
189 74 1
189 90 1
189 93 1
189 94 1
189 95 1
189 97 1
189 98 1
189 99 1
189 102 1
189 109 1
189 110 1
189 114 1
189 115 1
189 129 1
189 132 1
189 134 1
189 146 1
189 147 1
189 148 1
189 154 1
189 155 1
189 163 1
189 164 1
189 168 1
189 169 1
189 177 1
189 185 1
189 186 1
190 0 1
190 1 1
190 3 1
190 4 1
190 12 1
190 13 1
190 14 1
190 15 1
190 17 1
190 18 1
190 20 1
190 26 1
190 31 1
190 32 1
190 33 1
190 55 1
190 58 1
190 66 1
190 70 1
190 71 1
190 75 1
190 90 1
190 93 1
190 94 1
190 96 1
190 97 1
190 98 1
190 99 1
190 109 1
190 110 1
190 111 1
190 114 1
190 116 1
190 129 1
190 130 1
190 131 1
190 133 1
190 150 1
190 154 1
190 156 1
190 163 1
190 177 1
190 187 1
190 188 1
190 189 1
191 0 1
191 3 1
191 4 1
191 13 1
191 14 1
191 15 1
191 17 1
191 18 1
191 26 1
191 31 1
191 32 1
191 55 1
191 58 1
191 66 1
191 70 1
191 71 1
191 75 1
191 90 1
191 96 1
191 99 1
191 109 1
191 111 1
191 114 1
191 116 1
191 129 1
191 130 1
191 131 1
191 133 1
191 150 1
191 156 1
191 157 1
191 177 1
191 187 1
191 188 1
191 190 1
192 8 1
192 9 1
192 16 1
192 21 1
192 22 1
192 35 1
192 36 1
192 37 1
192 38 1
192 47 1
192 69 1
192 76 1
192 77 1
192 78 1
192 85 1
192 100 1
192 101 1
192 105 1
192 117 1
192 122 1
192 135 1
192 141 1
192 142 1
192 149 1
192 159 1
192 160 1
192 166 1
192 169 1
192 170 1
192 171 1
192 175 1
192 176 1
192 182 1
193 2 1
193 7 1
193 16 1
193 28 1
193 35 1
193 39 1
193 48 1
193 49 1
193 52 1
193 69 1
193 72 1
193 76 1
193 79 1
193 80 1
193 86 1
193 91 1
193 92 1
193 95 1
193 102 1
193 105 1
193 106 1
193 121 1
193 126 1
193 132 1
193 136 1
193 144 1
193 145 1
193 146 1
193 147 1
193 149 1
193 155 1
193 164 1
193 170 1
193 171 1
193 172 1
193 176 1
193 181 1
193 184 1
193 189 1
194 0 1
194 1 1
194 2 1
194 12 1
194 13 1
194 14 1
194 15 1
194 26 1
194 27 1
194 32 1
194 58 1
194 66 1
194 90 1
194 93 1
194 94 1
194 97 1
194 98 1
194 99 1
194 108 1
194 109 1
194 110 1
194 116 1
194 129 1
194 148 1
194 154 1
194 163 1
194 168 1
194 177 1
194 189 1
194 190 1
195 0 1
195 1 1
195 2 1
195 3 1
195 4 1
195 12 1
195 13 1
195 14 1
195 15 1
195 20 1
195 26 1
195 31 1
195 32 1
195 58 1
195 66 1
195 70 1
195 75 1
195 90 1
195 93 1
195 94 1
195 96 1
195 97 1
195 98 1
195 99 1
195 108 1
195 109 1
195 114 1
195 116 1
195 129 1
195 130 1
195 131 1
195 133 1
195 148 1
195 150 1
195 154 1
195 156 1
195 163 1
195 177 1
195 189 1
195 190 1
195 191 1
195 194 1
196 0 1
196 1 1
196 2 1
196 12 1
196 13 1
196 14 1
196 26 1
196 27 1
196 30 1
196 32 1
196 33 1
196 58 1
196 66 1
196 67 1
196 70 1
196 74 1
196 90 1
196 93 1
196 94 1
196 97 1
196 98 1
196 99 1
196 109 1
196 110 1
196 115 1
196 129 1
196 133 1
196 134 1
196 148 1
196 168 1
196 177 1
196 187 1
196 189 1
196 190 1
196 194 1
196 195 1
197 0 1
197 1 1
197 2 1
197 16 1
197 19 1
197 20 1
197 21 1
197 28 1
197 29 1
197 30 1
197 33 1
197 34 1
197 35 1
197 54 1
197 56 1
197 57 1
197 59 1
197 60 1
197 67 1
197 69 1
197 72 1
197 73 1
197 74 1
197 76 1
197 89 1
197 95 1
197 96 1
197 97 1
197 98 1
197 101 1
197 102 1
197 112 1
197 113 1
197 115 1
197 117 1
197 132 1
197 134 1
197 146 1
197 147 1
197 148 1
197 155 1
197 169 1
197 170 1
197 171 1
197 179 1
197 180 1
197 189 1
198 0 1
198 1 1
198 2 1
198 12 1
198 16 1
198 18 1
198 19 1
198 20 1
198 27 1
198 29 1
198 30 1
198 32 1
198 33 1
198 34 1
198 54 1
198 56 1
198 57 1
198 58 1
198 59 1
198 60 1
198 67 1
198 70 1
198 72 1
198 74 1
198 89 1
198 90 1
198 94 1
198 96 1
198 97 1
198 98 1
198 99 1
198 110 1
198 112 1
198 115 1
198 117 1
198 132 1
198 134 1
198 146 1
198 147 1
198 148 1
198 155 1
198 168 1
198 169 1
198 178 1
198 179 1
198 180 1
198 187 1
198 189 1
198 197 1
199 0 1
199 1 1
199 2 1
199 3 1
199 13 1
199 16 1
199 18 1
199 19 1
199 20 1
199 29 1
199 31 1
199 32 1
199 54 1
199 56 1
199 57 1
199 58 1
199 69 1
199 70 1
199 72 1
199 73 1
199 75 1
199 89 1
199 95 1
199 96 1
199 97 1
199 98 1
199 99 1
199 112 1
199 113 1
199 114 1
199 116 1
199 132 1
199 133 1
199 134 1
199 147 1
199 155 1
199 156 1
199 169 1
199 178 1
199 179 1
199 180 1
199 187 1
199 195 1
199 197 1
199 198 1
200 1 1
200 2 1
200 12 1
200 16 1
200 27 1
200 28 1
200 30 1
200 32 1
200 33 1
200 34 1
200 54 1
200 56 1
200 59 1
200 60 1
200 67 1
200 68 1
200 74 1
200 76 1
200 89 1
200 90 1
200 94 1
200 98 1
200 110 1
200 112 1
200 115 1
200 117 1
200 132 1
200 134 1
200 146 1
200 147 1
200 148 1
200 155 1
200 168 1
200 169 1
200 180 1
200 185 1
200 186 1
200 189 1
200 197 1
200 198 1
201 1 1
201 2 1
201 12 1
201 27 1
201 30 1
201 32 1
201 33 1
201 34 1
201 54 1
201 56 1
201 58 1
201 59 1
201 60 1
201 67 1
201 68 1
201 70 1
201 74 1
201 89 1
201 90 1
201 94 1
201 98 1
201 99 1
201 109 1
201 110 1
201 112 1
201 115 1
201 129 1
201 134 1
201 146 1
201 148 1
201 155 1
201 168 1
201 178 1
201 179 1
201 185 1
201 186 1
201 187 1
201 189 1
201 190 1
201 194 1
201 196 1
201 197 1
201 198 1
201 200 1
202 0 1
202 1 1
202 3 1
202 4 1
202 12 1
202 13 1
202 14 1
202 17 1
202 18 1
202 20 1
202 26 1
202 31 1
202 32 1
202 33 1
202 55 1
202 58 1
202 66 1
202 70 1
202 71 1
202 75 1
202 89 1
202 90 1
202 93 1
202 94 1
202 96 1
202 97 1
202 98 1
202 99 1
202 109 1
202 110 1
202 111 1
202 114 1
202 116 1
202 129 1
202 130 1
202 131 1
202 133 1
202 150 1
202 156 1
202 177 1
202 178 1
202 179 1
202 187 1
202 188 1
202 190 1
202 191 1
202 194 1
202 195 1
202 196 1
202 199 1
202 201 1
203 0 1
203 1 1
203 2 1
203 12 1
203 13 1
203 18 1
203 20 1
203 27 1
203 30 1
203 32 1
203 33 1
203 34 1
203 54 1
203 55 1
203 56 1
203 57 1
203 58 1
203 59 1
203 60 1
203 67 1
203 70 1
203 74 1
203 89 1
203 90 1
203 93 1
203 94 1
203 96 1
203 97 1
203 98 1
203 99 1
203 109 1
203 110 1
203 111 1
203 112 1
203 114 1
203 115 1
203 129 1
203 130 1
203 132 1
203 133 1
203 134 1
203 146 1
203 148 1
203 155 1
203 168 1
203 178 1
203 179 1
203 180 1
203 187 1
203 189 1
203 190 1
203 195 1
203 196 1
203 197 1
203 198 1
203 199 1
203 200 1
203 201 1
203 202 1
204 5 1
204 6 1
204 7 1
204 8 1
204 11 1
204 40 1
204 41 1
204 43 1
204 44 1
204 45 1
204 46 1
204 47 1
204 48 1
204 49 1
204 53 1
204 62 1
204 65 1
204 79 1
204 80 1
204 81 1
204 83 1
204 84 1
204 86 1
204 91 1
204 92 1
204 103 1
204 104 1
204 105 1
204 118 1
204 121 1
204 126 1
204 127 1
204 128 1
204 136 1
204 138 1
204 139 1
204 140 1
204 141 1
204 144 1
204 145 1
204 149 1
204 151 1
204 158 1
204 166 1
204 173 1
204 174 1
204 175 1
204 176 1
204 184 1
205 6 1
205 7 1
205 8 1
205 24 1
205 25 1
205 41 1
205 42 1
205 43 1
205 44 1
205 45 1
205 46 1
205 47 1
205 48 1
205 49 1
205 52 1
205 53 1
205 62 1
205 65 1
205 79 1
205 81 1
205 82 1
205 83 1
205 84 1
205 85 1
205 86 1
205 91 1
205 92 1
205 103 1
205 104 1
205 105 1
205 106 1
205 118 1
205 121 1
205 126 1
205 127 1
205 136 1
205 138 1
205 139 1
205 140 1
205 141 1
205 144 1
205 145 1
205 149 1
205 151 1
205 158 1
205 159 1
205 165 1
205 166 1
205 172 1
205 173 1
205 174 1
205 175 1
205 176 1
205 181 1
205 184 1
205 193 1
205 204 1
206 7 1
206 8 1
206 9 1
206 10 1
206 16 1
206 21 1
206 22 1
206 23 1
206 24 1
206 35 1
206 38 1
206 42 1
206 47 1
206 48 1
206 49 1
206 51 1
206 52 1
206 63 1
206 69 1
206 76 1
206 77 1
206 78 1
206 82 1
206 85 1
206 91 1
206 92 1
206 95 1
206 100 1
206 101 1
206 102 1
206 105 1
206 106 1
206 117 1
206 119 1
206 122 1
206 125 1
206 135 1
206 136 1
206 137 1
206 140 1
206 141 1
206 142 1
206 143 1
206 144 1
206 145 1
206 147 1
206 149 1
206 159 1
206 160 1
206 164 1
206 165 1
206 166 1
206 169 1
206 170 1
206 171 1
206 172 1
206 175 1
206 176 1
206 181 1
206 182 1
206 192 1
206 193 1
206 205 1
207 9 1
207 10 1
207 25 1
207 46 1
207 50 1
207 51 1
207 63 1
207 64 1
207 85 1
207 87 1
207 88 1
207 107 1
207 122 1
207 123 1
207 124 1
207 140 1
207 142 1
207 143 1
207 152 1
207 153 1
207 159 1
207 160 1
207 161 1
207 162 1
207 167 1
207 182 1
207 183 1
208 0 1
208 3 1
208 4 1
208 12 1
208 13 1
208 17 1
208 18 1
208 32 1
208 55 1
208 58 1
208 70 1
208 71 1
208 89 1
208 90 1
208 96 1
208 99 1
208 109 1
208 111 1
208 116 1
208 129 1
208 130 1
208 131 1
208 133 1
208 150 1
208 156 1
208 157 1
208 178 1
208 179 1
208 187 1
208 188 1
208 190 1
208 191 1
208 195 1
208 202 1
208 203 1
209 0 1
209 1 1
209 2 1
209 3 1
209 12 1
209 13 1
209 14 1
209 16 1
209 18 1
209 19 1
209 20 1
209 26 1
209 29 1
209 30 1
209 31 1
209 32 1
209 33 1
209 54 1
209 56 1
209 57 1
209 58 1
209 59 1
209 60 1
209 66 1
209 69 1
209 70 1
209 72 1
209 73 1
209 75 1
209 89 1
209 90 1
209 93 1
209 94 1
209 95 1
209 96 1
209 97 1
209 98 1
209 99 1
209 109 1
209 113 1
209 114 1
209 115 1
209 116 1
209 129 1
209 132 1
209 133 1
209 134 1
209 146 1
209 147 1
209 148 1
209 154 1
209 155 1
209 156 1
209 169 1
209 177 1
209 178 1
209 179 1
209 180 1
209 187 1
209 189 1
209 190 1
209 191 1
209 194 1
209 195 1
209 196 1
209 197 1
209 198 1
209 199 1
209 201 1
209 202 1
209 203 1
209 208 1
210 0 1
210 1 1
210 3 1
210 12 1
210 13 1
210 18 1
210 20 1
210 30 1
210 32 1
210 33 1
210 34 1
210 54 1
210 55 1
210 56 1
210 57 1
210 58 1
210 59 1
210 70 1
210 71 1
210 74 1
210 89 1
210 90 1
210 94 1
210 96 1
210 98 1
210 99 1
210 109 1
210 110 1
210 111 1
210 112 1
210 130 1
210 133 1
210 134 1
210 148 1
210 168 1
210 178 1
210 179 1
210 180 1
210 187 1
210 188 1
210 190 1
210 196 1
210 197 1
210 198 1
210 199 1
210 200 1
210 201 1
210 202 1
210 203 1
210 208 1
210 209 1
211 0 1
211 1 1
211 2 1
211 3 1
211 4 1
211 13 1
211 14 1
211 15 1
211 20 1
211 26 1
211 29 1
211 31 1
211 58 1
211 66 1
211 70 1
211 72 1
211 73 1
211 75 1
211 90 1
211 93 1
211 96 1
211 97 1
211 98 1
211 99 1
211 108 1
211 109 1
211 113 1
211 114 1
211 116 1
211 129 1
211 130 1
211 131 1
211 133 1
211 150 1
211 154 1
211 156 1
211 157 1
211 163 1
211 177 1
211 190 1
211 191 1
211 195 1
211 199 1
211 202 1
211 208 1
211 209 1
212 0 1
212 3 1
212 4 1
212 13 1
212 18 1
212 20 1
212 29 1
212 31 1
212 55 1
212 58 1
212 66 1
212 70 1
212 73 1
212 75 1
212 96 1
212 97 1
212 99 1
212 114 1
212 116 1
212 130 1
212 131 1
212 133 1
212 150 1
212 156 1
212 157 1
212 190 1
212 191 1
212 195 1
212 199 1
212 202 1
212 208 1
212 209 1
212 211 1
213 5 1
213 39 1
213 48 1
213 49 1
213 53 1
213 65 1
213 69 1
213 72 1
213 73 1
213 79 1
213 80 1
213 86 1
213 91 1
213 95 1
213 102 1
213 105 1
213 113 1
213 118 1
213 121 1
213 126 1
213 127 1
213 145 1
213 149 1
213 151 1
213 158 1
213 166 1
213 172 1
213 176 1
213 184 1
213 193 1
214 7 1
214 9 1
214 10 1
214 23 1
214 24 1
214 25 1
214 42 1
214 50 1
214 51 1
214 52 1
214 61 1
214 63 1
214 64 1
214 82 1
214 85 1
214 88 1
214 92 1
214 100 1
214 101 1
214 106 1
214 107 1
214 119 1
214 120 1
214 122 1
214 123 1
214 124 1
214 125 1
214 136 1
214 137 1
214 140 1
214 141 1
214 142 1
214 143 1
214 144 1
214 153 1
214 159 1
214 160 1
214 161 1
214 162 1
214 165 1
214 167 1
214 170 1
214 173 1
214 181 1
214 206 1
215 9 1
215 10 1
215 23 1
215 24 1
215 25 1
215 42 1
215 50 1
215 51 1
215 52 1
215 61 1
215 63 1
215 64 1
215 82 1
215 85 1
215 87 1
215 88 1
215 100 1
215 106 1
215 107 1
215 119 1
215 120 1
215 122 1
215 123 1
215 124 1
215 125 1
215 136 1
215 137 1
215 140 1
215 141 1
215 142 1
215 143 1
215 144 1
215 153 1
215 159 1
215 160 1
215 161 1
215 162 1
215 165 1
215 167 1
215 182 1
215 183 1
215 206 1
215 207 1
215 214 1
216 6 1
216 8 1
216 9 1
216 10 1
216 25 1
216 36 1
216 40 1
216 44 1
216 45 1
216 46 1
216 47 1
216 51 1
216 62 1
216 63 1
216 78 1
216 81 1
216 82 1
216 83 1
216 84 1
216 85 1
216 87 1
216 88 1
216 100 1
216 101 1
216 104 1
216 105 1
216 122 1
216 123 1
216 125 1
216 135 1
216 136 1
216 139 1
216 140 1
216 141 1
216 142 1
216 143 1
216 144 1
216 149 1
216 151 1
216 152 1
216 153 1
216 158 1
216 159 1
216 160 1
216 166 1
216 170 1
216 175 1
216 176 1
216 182 1
216 183 1
216 192 1
216 204 1
216 206 1
216 207 1
217 8 1
217 9 1
217 10 1
217 16 1
217 21 1
217 22 1
217 23 1
217 24 1
217 35 1
217 38 1
217 42 1
217 47 1
217 51 1
217 52 1
217 61 1
217 63 1
217 69 1
217 76 1
217 77 1
217 78 1
217 82 1
217 85 1
217 87 1
217 91 1
217 92 1
217 100 1
217 101 1
217 102 1
217 105 1
217 106 1
217 117 1
217 119 1
217 120 1
217 122 1
217 125 1
217 135 1
217 136 1
217 137 1
217 140 1
217 141 1
217 142 1
217 143 1
217 144 1
217 149 1
217 153 1
217 159 1
217 160 1
217 164 1
217 166 1
217 170 1
217 171 1
217 175 1
217 176 1
217 181 1
217 182 1
217 192 1
217 206 1
217 214 1
217 215 1
217 216 1
218 8 1
218 9 1
218 10 1
218 21 1
218 22 1
218 25 1
218 36 1
218 37 1
218 38 1
218 46 1
218 47 1
218 51 1
218 63 1
218 77 1
218 78 1
218 82 1
218 83 1
218 84 1
218 85 1
218 87 1
218 88 1
218 100 1
218 101 1
218 105 1
218 106 1
218 107 1
218 122 1
218 123 1
218 125 1
218 135 1
218 140 1
218 141 1
218 142 1
218 143 1
218 153 1
218 159 1
218 160 1
218 161 1
218 162 1
218 166 1
218 170 1
218 175 1
218 176 1
218 182 1
218 183 1
218 192 1
218 206 1
218 207 1
218 214 1
218 215 1
218 216 1
218 217 1
219 7 1
219 8 1
219 9 1
219 10 1
219 21 1
219 23 1
219 24 1
219 25 1
219 35 1
219 42 1
219 43 1
219 47 1
219 49 1
219 51 1
219 52 1
219 61 1
219 63 1
219 64 1
219 76 1
219 78 1
219 82 1
219 84 1
219 85 1
219 91 1
219 92 1
219 100 1
219 101 1
219 102 1
219 105 1
219 106 1
219 107 1
219 119 1
219 120 1
219 122 1
219 123 1
219 125 1
219 135 1
219 136 1
219 137 1
219 138 1
219 140 1
219 141 1
219 142 1
219 143 1
219 144 1
219 145 1
219 149 1
219 159 1
219 160 1
219 164 1
219 165 1
219 166 1
219 170 1
219 171 1
219 173 1
219 175 1
219 176 1
219 181 1
219 193 1
219 205 1
219 206 1
219 214 1
219 215 1
219 216 1
219 217 1
219 218 1
