# minsup
1
# graph
G_./1ROT.pdb
# node ID, label
0 A
1 A
2 A
3 A
4 A
5 A
6 C
7 C
8 D
9 D
10 D
11 D
12 D
13 D
14 D
15 D
16 D
17 E
18 E
19 E
20 E
21 E
22 E
23 E
24 E
25 E
26 F
27 F
28 F
29 F
30 F
31 F
32 F
33 G
34 G
35 G
36 G
37 G
38 G
39 G
40 G
41 G
42 G
43 G
44 G
45 G
46 H
47 I
48 I
49 I
50 I
51 I
52 I
53 I
54 K
55 K
56 K
57 K
58 K
59 K
60 K
61 K
62 K
63 K
64 K
65 K
66 L
67 L
68 L
69 L
70 L
71 L
72 L
73 L
74 M
75 M
76 N
77 P
78 P
79 P
80 P
81 P
82 P
83 P
84 Q
85 R
86 R
87 R
88 R
89 S
90 S
91 S
92 S
93 S
94 S
95 T
96 T
97 T
98 T
99 T
100 T
101 T
102 T
103 V
104 V
105 V
106 V
107 V
108 V
109 V
110 V
111 V
112 V
113 W
114 W
115 Y
116 Y
117 Y
# node ID1, node ID2, number of bounds
1 0 1
2 0 1
2 1 1
3 0 1
3 1 1
4 3 1
5 0 1
5 3 1
5 4 1
6 0 1
6 1 1
6 2 1
7 0 1
7 1 1
7 3 1
7 5 1
7 6 1
8 0 1
8 1 1
8 2 1
8 6 1
8 7 1
9 0 1
9 1 1
9 3 1
9 7 1
9 8 1
10 1 1
10 2 1
11 5 1
11 7 1
12 3 1
12 11 1
13 12 1
14 12 1
14 13 1
15 0 1
15 1 1
15 2 1
15 10 1
16 0 1
16 1 1
16 2 1
16 3 1
16 6 1
16 7 1
16 8 1
16 10 1
16 15 1
17 0 1
17 1 1
17 2 1
17 3 1
17 7 1
17 8 1
17 9 1
17 16 1
18 1 1
18 2 1
18 6 1
19 1 1
19 2 1
19 10 1
19 18 1
20 0 1
20 1 1
20 2 1
20 3 1
20 10 1
20 15 1
20 16 1
21 1 1
21 2 1
21 6 1
21 18 1
21 19 1
22 0 1
22 1 1
22 3 1
22 4 1
22 5 1
22 7 1
22 8 1
22 9 1
22 16 1
22 17 1
22 20 1
23 0 1
23 1 1
23 3 1
23 6 1
23 7 1
23 12 1
23 13 1
23 16 1
23 18 1
23 21 1
24 0 1
24 1 1
24 2 1
24 6 1
24 12 1
24 13 1
24 14 1
24 16 1
24 18 1
24 19 1
24 21 1
24 23 1
25 1 1
25 2 1
25 6 1
25 10 1
25 15 1
25 18 1
25 19 1
25 21 1
25 24 1
26 1 1
26 2 1
26 6 1
26 10 1
26 14 1
26 15 1
26 16 1
26 19 1
26 20 1
26 21 1
26 23 1
26 24 1
26 25 1
27 3 1
27 5 1
27 11 1
27 12 1
27 13 1
27 23 1
28 6 1
28 10 1
28 12 1
28 13 1
28 14 1
28 15 1
28 16 1
28 20 1
28 21 1
28 23 1
28 24 1
28 25 1
28 26 1
28 27 1
29 0 1
29 1 1
29 2 1
29 10 1
29 14 1
29 15 1
29 16 1
29 20 1
29 24 1
29 25 1
29 26 1
29 28 1
30 0 1
30 1 1
30 3 1
30 5 1
30 6 1
30 7 1
30 8 1
30 11 1
30 12 1
30 13 1
30 16 1
30 21 1
30 23 1
30 24 1
30 27 1
30 28 1
31 1 1
31 2 1
31 6 1
31 10 1
31 14 1
31 15 1
31 18 1
31 19 1
31 21 1
31 23 1
31 24 1
31 25 1
31 26 1
31 28 1
31 29 1
32 1 1
32 2 1
32 10 1
32 15 1
32 16 1
32 19 1
32 21 1
32 24 1
32 25 1
32 26 1
32 28 1
32 29 1
32 31 1
33 0 1
33 1 1
33 2 1
33 6 1
33 7 1
33 8 1
33 18 1
33 21 1
33 23 1
33 24 1
33 30 1
34 0 1
34 1 1
34 2 1
34 3 1
34 5 1
34 7 1
34 8 1
34 9 1
34 16 1
34 17 1
34 22 1
34 30 1
34 33 1
35 1 1
35 2 1
35 6 1
35 18 1
35 19 1
35 21 1
35 24 1
35 25 1
35 26 1
35 31 1
35 32 1
35 33 1
36 18 1
36 19 1
36 21 1
36 24 1
36 25 1
36 26 1
36 31 1
36 32 1
36 35 1
37 1 1
37 2 1
37 10 1
37 15 1
37 16 1
37 20 1
37 25 1
37 26 1
37 29 1
37 32 1
38 0 1
38 1 1
38 3 1
38 5 1
38 6 1
38 7 1
38 11 1
38 12 1
38 13 1
38 23 1
38 24 1
38 27 1
38 28 1
38 30 1
39 5 1
39 7 1
39 11 1
39 12 1
39 23 1
39 27 1
39 30 1
39 38 1
40 0 1
40 1 1
40 2 1
40 3 1
40 10 1
40 15 1
40 16 1
40 20 1
40 26 1
40 29 1
40 32 1
40 37 1
41 0 1
41 3 1
41 10 1
41 15 1
41 16 1
41 20 1
41 26 1
41 28 1
41 29 1
41 37 1
41 40 1
42 1 1
42 2 1
42 6 1
42 18 1
42 19 1
42 21 1
42 23 1
42 24 1
42 25 1
42 26 1
42 28 1
42 31 1
42 32 1
42 35 1
42 36 1
43 0 1
43 3 1
43 4 1
43 5 1
43 7 1
43 9 1
43 17 1
43 22 1
43 34 1
44 3 1
44 4 1
44 5 1
44 7 1
44 22 1
44 27 1
44 43 1
45 2 1
45 10 1
45 15 1
45 19 1
45 25 1
45 26 1
45 31 1
45 32 1
45 35 1
45 36 1
45 37 1
45 42 1
46 1 1
46 6 1
46 12 1
46 13 1
46 14 1
46 15 1
46 16 1
46 21 1
46 23 1
46 24 1
46 25 1
46 26 1
46 27 1
46 28 1
46 29 1
46 30 1
46 31 1
46 32 1
46 38 1
46 42 1
47 0 1
47 1 1
47 2 1
47 3 1
47 7 1
47 8 1
47 9 1
47 16 1
47 17 1
47 22 1
47 33 1
47 34 1
48 0 1
48 1 1
48 2 1
48 6 1
48 7 1
48 8 1
48 18 1
48 19 1
48 21 1
48 23 1
48 24 1
48 30 1
48 33 1
48 35 1
48 42 1
48 47 1
49 0 1
49 1 1
49 2 1
49 10 1
49 15 1
49 16 1
49 19 1
49 20 1
49 25 1
49 26 1
49 29 1
49 32 1
49 37 1
49 40 1
49 41 1
49 45 1
50 0 1
50 1 1
50 2 1
50 3 1
50 4 1
50 5 1
50 7 1
50 12 1
50 15 1
50 16 1
50 17 1
50 20 1
50 22 1
50 23 1
50 28 1
50 29 1
50 30 1
50 34 1
50 37 1
50 38 1
50 40 1
50 41 1
50 43 1
50 44 1
50 46 1
50 49 1
51 0 1
51 1 1
51 2 1
51 3 1
51 6 1
51 7 1
51 8 1
51 9 1
51 10 1
51 15 1
51 16 1
51 17 1
51 20 1
51 22 1
51 23 1
51 24 1
51 29 1
51 30 1
51 33 1
51 34 1
51 37 1
51 40 1
51 41 1
51 47 1
51 48 1
51 49 1
51 50 1
52 0 1
52 1 1
52 2 1
52 3 1
52 5 1
52 6 1
52 7 1
52 8 1
52 12 1
52 16 1
52 17 1
52 18 1
52 21 1
52 22 1
52 23 1
52 24 1
52 27 1
52 30 1
52 33 1
52 34 1
52 38 1
52 39 1
52 46 1
52 47 1
52 48 1
52 50 1
52 51 1
53 3 1
53 4 1
53 5 1
53 7 1
53 11 1
53 12 1
53 22 1
53 27 1
53 30 1
53 38 1
53 39 1
53 43 1
53 44 1
53 50 1
54 7 1
54 8 1
54 9 1
54 17 1
54 22 1
54 34 1
54 47 1
55 0 1
55 1 1
55 2 1
55 3 1
55 6 1
55 7 1
55 8 1
55 9 1
55 16 1
55 17 1
55 18 1
55 21 1
55 23 1
55 24 1
55 30 1
55 33 1
55 34 1
55 35 1
55 38 1
55 47 1
55 48 1
55 50 1
55 51 1
55 52 1
55 54 1
56 1 1
56 6 1
56 8 1
56 18 1
56 21 1
56 23 1
56 24 1
56 30 1
56 31 1
56 33 1
56 35 1
56 42 1
56 46 1
56 48 1
56 52 1
56 55 1
57 5 1
57 7 1
57 11 1
57 12 1
57 13 1
57 23 1
57 27 1
57 30 1
57 38 1
57 39 1
57 46 1
57 52 1
57 53 1
58 12 1
58 13 1
58 14 1
58 24 1
58 26 1
58 28 1
58 46 1
59 12 1
59 13 1
59 14 1
59 15 1
59 21 1
59 23 1
59 24 1
59 25 1
59 26 1
59 28 1
59 29 1
59 30 1
59 31 1
59 32 1
59 38 1
59 42 1
59 46 1
59 58 1
60 0 1
60 2 1
60 10 1
60 15 1
60 16 1
60 20 1
60 26 1
60 29 1
60 32 1
60 37 1
60 40 1
60 41 1
60 49 1
60 50 1
60 51 1
61 0 1
61 1 1
61 2 1
61 3 1
61 4 1
61 7 1
61 8 1
61 9 1
61 10 1
61 15 1
61 16 1
61 17 1
61 20 1
61 22 1
61 29 1
61 30 1
61 34 1
61 37 1
61 40 1
61 41 1
61 43 1
61 44 1
61 47 1
61 49 1
61 50 1
61 51 1
61 52 1
61 55 1
61 60 1
62 1 1
62 2 1
62 6 1
62 10 1
62 16 1
62 18 1
62 19 1
62 21 1
62 23 1
62 24 1
62 25 1
62 26 1
62 31 1
62 32 1
62 33 1
62 35 1
62 36 1
62 42 1
62 45 1
62 46 1
62 48 1
62 49 1
62 51 1
62 52 1
62 55 1
62 56 1
63 0 1
63 1 1
63 3 1
63 4 1
63 5 1
63 7 1
63 8 1
63 9 1
63 11 1
63 16 1
63 17 1
63 22 1
63 23 1
63 30 1
63 34 1
63 38 1
63 43 1
63 44 1
63 47 1
63 50 1
63 51 1
63 52 1
63 53 1
63 54 1
63 55 1
63 61 1
64 3 1
64 4 1
64 5 1
64 11 1
64 12 1
64 27 1
64 38 1
64 39 1
64 43 1
64 44 1
64 53 1
64 57 1
65 2 1
65 10 1
65 15 1
65 19 1
65 25 1
65 26 1
65 29 1
65 31 1
65 32 1
65 35 1
65 36 1
65 37 1
65 40 1
65 42 1
65 45 1
65 49 1
65 60 1
65 62 1
66 0 1
66 1 1
66 2 1
66 3 1
66 6 1
66 7 1
66 8 1
66 9 1
66 16 1
66 17 1
66 22 1
66 23 1
66 30 1
66 33 1
66 34 1
66 38 1
66 47 1
66 48 1
66 50 1
66 51 1
66 52 1
66 54 1
66 55 1
66 56 1
66 61 1
66 63 1
67 0 1
67 3 1
67 5 1
67 7 1
67 11 1
67 12 1
67 22 1
67 23 1
67 27 1
67 30 1
67 38 1
67 39 1
67 43 1
67 44 1
67 50 1
67 52 1
67 53 1
67 57 1
67 63 1
67 64 1
68 0 1
68 3 1
68 5 1
68 7 1
68 11 1
68 12 1
68 22 1
68 23 1
68 27 1
68 30 1
68 34 1
68 38 1
68 39 1
68 43 1
68 44 1
68 52 1
68 53 1
68 57 1
68 63 1
68 64 1
68 66 1
68 67 1
69 12 1
69 13 1
69 14 1
69 23 1
69 24 1
69 26 1
69 27 1
69 28 1
69 30 1
69 31 1
69 38 1
69 46 1
69 57 1
69 58 1
69 59 1
70 0 1
70 1 1
70 2 1
70 3 1
70 10 1
70 15 1
70 16 1
70 20 1
70 24 1
70 25 1
70 26 1
70 28 1
70 29 1
70 31 1
70 32 1
70 37 1
70 40 1
70 41 1
70 45 1
70 46 1
70 49 1
70 50 1
70 51 1
70 60 1
70 61 1
70 62 1
70 65 1
71 1 1
71 2 1
71 6 1
71 16 1
71 18 1
71 19 1
71 21 1
71 23 1
71 24 1
71 25 1
71 26 1
71 28 1
71 30 1
71 31 1
71 32 1
71 33 1
71 35 1
71 36 1
71 38 1
71 42 1
71 46 1
71 48 1
71 51 1
71 52 1
71 55 1
71 56 1
71 59 1
71 62 1
71 66 1
71 69 1
72 0 1
72 1 1
72 3 1
72 4 1
72 5 1
72 6 1
72 7 1
72 11 1
72 12 1
72 16 1
72 17 1
72 22 1
72 23 1
72 27 1
72 30 1
72 34 1
72 38 1
72 39 1
72 43 1
72 44 1
72 50 1
72 51 1
72 52 1
72 53 1
72 55 1
72 57 1
72 61 1
72 63 1
72 64 1
72 66 1
72 67 1
72 68 1
73 0 1
73 1 1
73 2 1
73 6 1
73 10 1
73 14 1
73 15 1
73 16 1
73 18 1
73 19 1
73 21 1
73 23 1
73 24 1
73 25 1
73 26 1
73 28 1
73 29 1
73 30 1
73 31 1
73 32 1
73 35 1
73 36 1
73 38 1
73 42 1
73 45 1
73 46 1
73 48 1
73 51 1
73 52 1
73 55 1
73 56 1
73 59 1
73 62 1
73 65 1
73 69 1
73 70 1
73 71 1
74 1 1
74 2 1
74 10 1
74 15 1
74 16 1
74 19 1
74 20 1
74 25 1
74 26 1
74 29 1
74 31 1
74 32 1
74 37 1
74 40 1
74 45 1
74 49 1
74 51 1
74 60 1
74 61 1
74 62 1
74 65 1
74 70 1
74 73 1
75 0 1
75 1 1
75 2 1
75 6 1
75 8 1
75 10 1
75 15 1
75 16 1
75 18 1
75 19 1
75 21 1
75 23 1
75 24 1
75 25 1
75 26 1
75 29 1
75 30 1
75 31 1
75 32 1
75 33 1
75 35 1
75 36 1
75 37 1
75 40 1
75 42 1
75 45 1
75 46 1
75 47 1
75 48 1
75 49 1
75 51 1
75 52 1
75 55 1
75 56 1
75 61 1
75 62 1
75 65 1
75 66 1
75 70 1
75 71 1
75 73 1
75 74 1
76 3 1
76 4 1
76 5 1
76 7 1
76 11 1
76 22 1
76 34 1
76 43 1
76 44 1
76 53 1
76 63 1
76 64 1
76 67 1
76 68 1
76 72 1
77 0 1
77 7 1
77 8 1
77 9 1
77 17 1
77 22 1
77 33 1
77 34 1
77 47 1
77 54 1
77 55 1
77 63 1
77 66 1
78 0 1
78 1 1
78 2 1
78 6 1
78 10 1
78 15 1
78 16 1
78 18 1
78 19 1
78 21 1
78 24 1
78 25 1
78 26 1
78 29 1
78 31 1
78 32 1
78 35 1
78 36 1
78 37 1
78 40 1
78 42 1
78 45 1
78 49 1
78 51 1
78 60 1
78 62 1
78 65 1
78 70 1
78 71 1
78 73 1
78 74 1
78 75 1
79 0 1
79 1 1
79 3 1
79 4 1
79 5 1
79 7 1
79 9 1
79 11 1
79 16 1
79 17 1
79 22 1
79 30 1
79 34 1
79 38 1
79 43 1
79 44 1
79 47 1
79 50 1
79 51 1
79 52 1
79 53 1
79 55 1
79 61 1
79 63 1
79 64 1
79 66 1
79 67 1
79 68 1
79 72 1
79 76 1
79 77 1
80 3 1
80 4 1
80 5 1
80 12 1
80 27 1
80 43 1
80 44 1
80 53 1
80 64 1
80 67 1
80 76 1
80 79 1
81 4 1
81 5 1
81 12 1
81 27 1
81 38 1
81 43 1
81 44 1
81 53 1
81 57 1
81 64 1
81 67 1
81 76 1
81 80 1
82 3 1
82 4 1
82 5 1
82 11 1
82 22 1
82 27 1
82 43 1
82 44 1
82 53 1
82 63 1
82 64 1
82 67 1
82 68 1
82 72 1
82 76 1
82 79 1
82 80 1
82 81 1
83 3 1
83 4 1
83 5 1
83 7 1
83 22 1
83 34 1
83 43 1
83 44 1
83 50 1
83 53 1
83 63 1
83 64 1
83 67 1
83 68 1
83 72 1
83 76 1
83 79 1
83 80 1
83 81 1
83 82 1
84 0 1
84 7 1
84 8 1
84 9 1
84 17 1
84 22 1
84 34 1
84 47 1
84 51 1
84 54 1
84 55 1
84 63 1
84 66 1
84 77 1
85 1 1
85 6 1
85 18 1
85 19 1
85 21 1
85 23 1
85 24 1
85 25 1
85 30 1
85 31 1
85 33 1
85 35 1
85 36 1
85 42 1
85 46 1
85 48 1
85 52 1
85 55 1
85 56 1
85 62 1
85 71 1
85 73 1
85 75 1
86 1 1
86 2 1
86 10 1
86 15 1
86 16 1
86 19 1
86 20 1
86 24 1
86 25 1
86 26 1
86 28 1
86 29 1
86 31 1
86 32 1
86 37 1
86 40 1
86 41 1
86 42 1
86 45 1
86 46 1
86 49 1
86 51 1
86 59 1
86 60 1
86 62 1
86 65 1
86 70 1
86 73 1
86 74 1
86 75 1
86 78 1
87 12 1
87 13 1
87 14 1
87 27 1
87 28 1
87 38 1
87 46 1
87 57 1
87 58 1
87 59 1
87 69 1
88 0 1
88 1 1
88 2 1
88 3 1
88 6 1
88 7 1
88 8 1
88 12 1
88 16 1
88 18 1
88 21 1
88 23 1
88 24 1
88 30 1
88 31 1
88 33 1
88 34 1
88 35 1
88 38 1
88 39 1
88 42 1
88 46 1
88 47 1
88 48 1
88 50 1
88 51 1
88 52 1
88 55 1
88 56 1
88 57 1
88 61 1
88 62 1
88 63 1
88 66 1
88 67 1
88 68 1
88 69 1
88 71 1
88 72 1
88 73 1
88 75 1
88 85 1
89 0 1
89 1 1
89 3 1
89 7 1
89 8 1
89 9 1
89 16 1
89 17 1
89 22 1
89 33 1
89 34 1
89 47 1
89 51 1
89 52 1
89 54 1
89 55 1
89 61 1
89 63 1
89 66 1
89 72 1
89 77 1
89 79 1
89 84 1
90 6 1
90 12 1
90 13 1
90 14 1
90 23 1
90 24 1
90 27 1
90 28 1
90 30 1
90 38 1
90 39 1
90 46 1
90 52 1
90 57 1
90 58 1
90 59 1
90 67 1
90 69 1
90 71 1
90 72 1
90 73 1
90 87 1
90 88 1
91 12 1
91 13 1
91 14 1
91 23 1
91 24 1
91 26 1
91 27 1
91 28 1
91 29 1
91 30 1
91 31 1
91 38 1
91 46 1
91 57 1
91 58 1
91 59 1
91 69 1
91 71 1
91 73 1
91 87 1
91 88 1
91 90 1
92 1 1
92 2 1
92 10 1
92 12 1
92 14 1
92 15 1
92 16 1
92 20 1
92 23 1
92 24 1
92 25 1
92 26 1
92 28 1
92 29 1
92 30 1
92 31 1
92 32 1
92 37 1
92 40 1
92 41 1
92 42 1
92 46 1
92 50 1
92 58 1
92 59 1
92 60 1
92 65 1
92 69 1
92 70 1
92 71 1
92 73 1
92 75 1
92 78 1
92 86 1
92 87 1
92 90 1
92 91 1
93 0 1
93 3 1
93 4 1
93 5 1
93 7 1
93 17 1
93 22 1
93 34 1
93 43 1
93 44 1
93 50 1
93 53 1
93 61 1
93 63 1
93 64 1
93 72 1
93 76 1
93 79 1
93 80 1
93 82 1
93 83 1
94 3 1
94 4 1
94 5 1
94 12 1
94 20 1
94 22 1
94 27 1
94 30 1
94 38 1
94 43 1
94 44 1
94 50 1
94 53 1
94 57 1
94 61 1
94 63 1
94 64 1
94 67 1
94 68 1
94 72 1
94 76 1
94 79 1
94 80 1
94 81 1
94 82 1
94 83 1
94 93 1
95 6 1
95 18 1
95 19 1
95 21 1
95 24 1
95 25 1
95 31 1
95 32 1
95 35 1
95 36 1
95 42 1
95 45 1
95 48 1
95 56 1
95 62 1
95 65 1
95 71 1
95 73 1
95 75 1
95 78 1
95 85 1
96 2 1
96 10 1
96 18 1
96 19 1
96 21 1
96 25 1
96 31 1
96 32 1
96 35 1
96 36 1
96 42 1
96 45 1
96 62 1
96 65 1
96 71 1
96 73 1
96 74 1
96 75 1
96 78 1
96 85 1
96 95 1
97 1 1
97 2 1
97 6 1
97 10 1
97 15 1
97 16 1
97 18 1
97 19 1
97 21 1
97 24 1
97 25 1
97 26 1
97 31 1
97 32 1
97 33 1
97 35 1
97 36 1
97 37 1
97 42 1
97 45 1
97 48 1
97 49 1
97 51 1
97 55 1
97 62 1
97 65 1
97 70 1
97 71 1
97 73 1
97 74 1
97 75 1
97 78 1
97 85 1
97 86 1
97 95 1
97 96 1
98 0 1
98 1 1
98 6 1
98 7 1
98 12 1
98 13 1
98 14 1
98 21 1
98 23 1
98 24 1
98 26 1
98 27 1
98 28 1
98 30 1
98 31 1
98 38 1
98 39 1
98 46 1
98 50 1
98 52 1
98 55 1
98 56 1
98 57 1
98 58 1
98 59 1
98 67 1
98 68 1
98 69 1
98 71 1
98 72 1
98 73 1
98 87 1
98 88 1
98 90 1
98 91 1
98 92 1
99 5 1
99 11 1
99 12 1
99 23 1
99 27 1
99 30 1
99 38 1
99 39 1
99 53 1
99 57 1
99 64 1
99 67 1
99 68 1
99 72 1
99 81 1
99 82 1
99 90 1
99 94 1
99 98 1
100 0 1
100 1 1
100 2 1
100 6 1
100 7 1
100 8 1
100 10 1
100 15 1
100 16 1
100 17 1
100 18 1
100 19 1
100 21 1
100 23 1
100 24 1
100 25 1
100 26 1
100 31 1
100 32 1
100 33 1
100 34 1
100 35 1
100 36 1
100 37 1
100 40 1
100 42 1
100 45 1
100 47 1
100 48 1
100 49 1
100 50 1
100 51 1
100 52 1
100 55 1
100 56 1
100 61 1
100 62 1
100 65 1
100 66 1
100 70 1
100 71 1
100 73 1
100 74 1
100 75 1
100 78 1
100 85 1
100 86 1
100 88 1
100 95 1
100 96 1
100 97 1
101 0 1
101 1 1
101 3 1
101 5 1
101 6 1
101 7 1
101 8 1
101 9 1
101 11 1
101 16 1
101 17 1
101 22 1
101 23 1
101 24 1
101 27 1
101 30 1
101 33 1
101 34 1
101 38 1
101 39 1
101 43 1
101 47 1
101 48 1
101 50 1
101 51 1
101 52 1
101 55 1
101 56 1
101 57 1
101 61 1
101 63 1
101 66 1
101 67 1
101 68 1
101 71 1
101 72 1
101 75 1
101 76 1
101 77 1
101 79 1
101 88 1
101 89 1
101 98 1
101 99 1
101 100 1
102 0 1
102 3 1
102 4 1
102 5 1
102 7 1
102 9 1
102 11 1
102 12 1
102 17 1
102 22 1
102 23 1
102 27 1
102 30 1
102 34 1
102 38 1
102 39 1
102 43 1
102 44 1
102 50 1
102 52 1
102 53 1
102 55 1
102 57 1
102 61 1
102 63 1
102 64 1
102 66 1
102 67 1
102 68 1
102 72 1
102 76 1
102 77 1
102 79 1
102 82 1
102 83 1
102 88 1
102 89 1
102 93 1
102 94 1
102 99 1
102 101 1
103 0 1
103 1 1
103 2 1
103 6 1
103 7 1
103 8 1
103 9 1
103 16 1
103 17 1
103 18 1
103 23 1
103 33 1
103 34 1
103 35 1
103 47 1
103 48 1
103 51 1
103 52 1
103 54 1
103 55 1
103 56 1
103 62 1
103 63 1
103 66 1
103 71 1
103 75 1
103 77 1
103 84 1
103 85 1
103 88 1
103 89 1
103 97 1
103 100 1
103 101 1
104 0 1
104 1 1
104 2 1
104 3 1
104 5 1
104 6 1
104 7 1
104 8 1
104 9 1
104 16 1
104 17 1
104 22 1
104 23 1
104 30 1
104 33 1
104 34 1
104 38 1
104 43 1
104 47 1
104 48 1
104 50 1
104 51 1
104 52 1
104 54 1
104 55 1
104 61 1
104 63 1
104 66 1
104 67 1
104 68 1
104 72 1
104 75 1
104 77 1
104 79 1
104 84 1
104 88 1
104 89 1
104 100 1
104 101 1
104 102 1
104 103 1
105 0 1
105 1 1
105 2 1
105 6 1
105 7 1
105 8 1
105 16 1
105 18 1
105 21 1
105 23 1
105 24 1
105 30 1
105 33 1
105 34 1
105 35 1
105 38 1
105 47 1
105 48 1
105 51 1
105 52 1
105 55 1
105 56 1
105 62 1
105 63 1
105 66 1
105 71 1
105 72 1
105 73 1
105 75 1
105 85 1
105 88 1
105 89 1
105 98 1
105 100 1
105 101 1
105 103 1
105 104 1
106 0 1
106 1 1
106 2 1
106 6 1
106 10 1
106 14 1
106 15 1
106 16 1
106 19 1
106 20 1
106 21 1
106 24 1
106 25 1
106 26 1
106 28 1
106 29 1
106 31 1
106 32 1
106 36 1
106 37 1
106 40 1
106 41 1
106 42 1
106 45 1
106 46 1
106 49 1
106 50 1
106 51 1
106 59 1
106 60 1
106 61 1
106 62 1
106 65 1
106 70 1
106 71 1
106 73 1
106 74 1
106 75 1
106 78 1
106 86 1
106 92 1
106 96 1
106 97 1
106 100 1
107 0 1
107 1 1
107 2 1
107 6 1
107 10 1
107 12 1
107 13 1
107 14 1
107 15 1
107 16 1
107 18 1
107 20 1
107 21 1
107 23 1
107 24 1
107 25 1
107 26 1
107 28 1
107 29 1
107 30 1
107 31 1
107 32 1
107 35 1
107 36 1
107 38 1
107 40 1
107 42 1
107 46 1
107 50 1
107 51 1
107 52 1
107 58 1
107 59 1
107 62 1
107 65 1
107 69 1
107 70 1
107 71 1
107 73 1
107 75 1
107 78 1
107 85 1
107 86 1
107 87 1
107 88 1
107 90 1
107 91 1
107 92 1
107 97 1
107 98 1
107 100 1
107 106 1
108 0 1
108 1 1
108 2 1
108 3 1
108 4 1
108 7 1
108 10 1
108 12 1
108 15 1
108 16 1
108 20 1
108 22 1
108 23 1
108 26 1
108 28 1
108 29 1
108 30 1
108 34 1
108 37 1
108 38 1
108 40 1
108 41 1
108 43 1
108 44 1
108 46 1
108 49 1
108 50 1
108 51 1
108 52 1
108 59 1
108 60 1
108 61 1
108 63 1
108 70 1
108 72 1
108 73 1
108 79 1
108 86 1
108 91 1
108 92 1
108 93 1
108 94 1
108 98 1
108 104 1
108 106 1
108 107 1
109 0 1
109 1 1
109 2 1
109 3 1
109 6 1
109 7 1
109 8 1
109 10 1
109 15 1
109 16 1
109 17 1
109 18 1
109 19 1
109 20 1
109 21 1
109 23 1
109 24 1
109 25 1
109 26 1
109 28 1
109 29 1
109 30 1
109 31 1
109 32 1
109 33 1
109 34 1
109 35 1
109 36 1
109 37 1
109 40 1
109 41 1
109 42 1
109 45 1
109 46 1
109 47 1
109 48 1
109 49 1
109 50 1
109 51 1
109 52 1
109 55 1
109 56 1
109 60 1
109 61 1
109 62 1
109 65 1
109 66 1
109 70 1
109 71 1
109 73 1
109 74 1
109 75 1
109 78 1
109 85 1
109 86 1
109 88 1
109 92 1
109 96 1
109 97 1
109 98 1
109 100 1
109 101 1
109 103 1
109 104 1
109 105 1
109 106 1
109 107 1
109 108 1
110 1 1
110 2 1
110 6 1
110 10 1
110 18 1
110 19 1
110 21 1
110 24 1
110 25 1
110 26 1
110 31 1
110 32 1
110 35 1
110 36 1
110 42 1
110 45 1
110 46 1
110 48 1
110 56 1
110 62 1
110 65 1
110 70 1
110 71 1
110 73 1
110 74 1
110 75 1
110 78 1
110 85 1
110 86 1
110 92 1
110 95 1
110 96 1
110 97 1
110 100 1
110 106 1
110 107 1
110 109 1
111 0 1
111 1 1
111 3 1
111 5 1
111 6 1
111 7 1
111 8 1
111 11 1
111 12 1
111 16 1
111 22 1
111 23 1
111 24 1
111 27 1
111 30 1
111 34 1
111 38 1
111 39 1
111 43 1
111 46 1
111 48 1
111 50 1
111 51 1
111 52 1
111 53 1
111 55 1
111 56 1
111 57 1
111 61 1
111 63 1
111 64 1
111 66 1
111 67 1
111 68 1
111 71 1
111 72 1
111 76 1
111 79 1
111 88 1
111 89 1
111 90 1
111 91 1
111 94 1
111 98 1
111 99 1
111 101 1
111 102 1
111 104 1
111 105 1
111 108 1
111 109 1
112 0 1
112 1 1
112 2 1
112 3 1
112 6 1
112 7 1
112 12 1
112 13 1
112 14 1
112 15 1
112 16 1
112 18 1
112 21 1
112 23 1
112 24 1
112 25 1
112 26 1
112 27 1
112 28 1
112 29 1
112 30 1
112 31 1
112 32 1
112 33 1
112 35 1
112 38 1
112 42 1
112 46 1
112 48 1
112 50 1
112 51 1
112 52 1
112 55 1
112 56 1
112 57 1
112 59 1
112 61 1
112 62 1
112 66 1
112 67 1
112 69 1
112 70 1
112 71 1
112 72 1
112 73 1
112 75 1
112 78 1
112 85 1
112 87 1
112 88 1
112 90 1
112 91 1
112 92 1
112 97 1
112 98 1
112 100 1
112 101 1
112 103 1
112 104 1
112 105 1
112 106 1
112 107 1
112 108 1
112 109 1
112 110 1
112 111 1
113 0 1
113 3 1
113 5 1
113 6 1
113 7 1
113 11 1
113 12 1
113 13 1
113 23 1
113 27 1
113 30 1
113 38 1
113 39 1
113 44 1
113 46 1
113 50 1
113 52 1
113 53 1
113 55 1
113 57 1
113 63 1
113 64 1
113 66 1
113 67 1
113 68 1
113 69 1
113 72 1
113 76 1
113 79 1
113 81 1
113 82 1
113 88 1
113 90 1
113 91 1
113 94 1
113 98 1
113 99 1
113 101 1
113 102 1
113 104 1
113 111 1
113 112 1
114 0 1
114 1 1
114 2 1
114 3 1
114 6 1
114 7 1
114 8 1
114 10 1
114 12 1
114 15 1
114 16 1
114 17 1
114 20 1
114 22 1
114 23 1
114 24 1
114 26 1
114 28 1
114 29 1
114 30 1
114 31 1
114 32 1
114 33 1
114 34 1
114 37 1
114 38 1
114 40 1
114 41 1
114 43 1
114 46 1
114 47 1
114 48 1
114 49 1
114 50 1
114 51 1
114 52 1
114 55 1
114 60 1
114 61 1
114 62 1
114 63 1
114 66 1
114 70 1
114 71 1
114 72 1
114 73 1
114 74 1
114 75 1
114 78 1
114 79 1
114 86 1
114 88 1
114 89 1
114 92 1
114 97 1
114 98 1
114 100 1
114 101 1
114 102 1
114 103 1
114 104 1
114 105 1
114 106 1
114 107 1
114 108 1
114 109 1
114 111 1
114 112 1
114 113 1
115 0 1
115 1 1
115 3 1
115 6 1
115 7 1
115 12 1
115 13 1
115 14 1
115 16 1
115 21 1
115 23 1
115 24 1
115 25 1
115 26 1
115 27 1
115 28 1
115 29 1
115 30 1
115 31 1
115 38 1
115 42 1
115 46 1
115 48 1
115 50 1
115 52 1
115 55 1
115 56 1
115 57 1
115 58 1
115 59 1
115 67 1
115 69 1
115 71 1
115 72 1
115 73 1
115 75 1
115 85 1
115 87 1
115 88 1
115 90 1
115 91 1
115 92 1
115 98 1
115 99 1
115 101 1
115 105 1
115 106 1
115 107 1
115 108 1
115 109 1
115 111 1
115 112 1
115 113 1
115 114 1
116 0 1
116 1 1
116 2 1
116 3 1
116 4 1
116 5 1
116 7 1
116 8 1
116 9 1
116 16 1
116 17 1
116 20 1
116 22 1
116 30 1
116 34 1
116 38 1
116 40 1
116 43 1
116 44 1
116 47 1
116 50 1
116 51 1
116 52 1
116 53 1
116 55 1
116 61 1
116 63 1
116 66 1
116 67 1
116 68 1
116 70 1
116 72 1
116 76 1
116 77 1
116 79 1
116 82 1
116 83 1
116 84 1
116 89 1
116 93 1
116 94 1
116 101 1
116 102 1
116 104 1
116 108 1
116 109 1
116 111 1
116 114 1
117 0 1
117 3 1
117 4 1
117 5 1
117 7 1
117 12 1
117 16 1
117 17 1
117 20 1
117 22 1
117 27 1
117 30 1
117 34 1
117 38 1
117 43 1
117 44 1
117 50 1
117 52 1
117 53 1
117 61 1
117 63 1
117 64 1
117 67 1
117 68 1
117 72 1
117 76 1
117 79 1
117 80 1
117 81 1
117 82 1
117 83 1
117 93 1
117 94 1
117 101 1
117 102 1
117 104 1
117 108 1
117 111 1
117 113 1
117 114 1
117 116 1
