# minsup
1
# graph
G_./4DRJ.pdb
# node ID, label
0 A
1 A
2 A
3 A
4 A
5 A
6 A
7 A
8 A
9 A
10 A
11 C
12 C
13 C
14 D
15 D
16 D
17 D
18 D
19 D
20 D
21 D
22 D
23 D
24 D
25 D
26 E
27 E
28 E
29 E
30 E
31 E
32 E
33 E
34 E
35 E
36 E
37 E
38 E
39 E
40 E
41 E
42 E
43 E
44 E
45 E
46 F
47 F
48 F
49 F
50 F
51 F
52 F
53 F
54 F
55 F
56 F
57 F
58 G
59 G
60 G
61 G
62 G
63 G
64 G
65 G
66 G
67 G
68 G
69 G
70 G
71 G
72 G
73 G
74 G
75 G
76 H
77 H
78 H
79 H
80 H
81 I
82 I
83 I
84 I
85 I
86 I
87 I
88 I
89 I
90 K
91 K
92 K
93 K
94 K
95 K
96 K
97 K
98 K
99 K
100 K
101 K
102 K
103 K
104 K
105 K
106 K
107 L
108 L
109 L
110 L
111 L
112 L
113 L
114 L
115 L
116 L
117 L
118 L
119 L
120 L
121 L
122 M
123 M
124 M
125 M
126 M
127 M
128 M
129 M
130 M
131 M
132 N
133 N
134 N
135 N
136 P
137 P
138 P
139 P
140 P
141 P
142 P
143 P
144 P
145 P
146 P
147 Q
148 Q
149 Q
150 Q
151 Q
152 R
153 R
154 R
155 R
156 R
157 R
158 R
159 R
160 R
161 S
162 S
163 S
164 S
165 S
166 S
167 S
168 S
169 S
170 S
171 T
172 T
173 T
174 T
175 T
176 T
177 T
178 T
179 V
180 V
181 V
182 V
183 V
184 V
185 V
186 V
187 V
188 V
189 V
190 V
191 V
192 V
193 W
194 W
195 W
196 W
197 W
198 X
199 X
200 X
201 X
202 X
203 X
204 Y
205 Y
206 Y
207 Y
208 Y
209 Y
210 Y
211 Y
# node ID1, node ID2, number of bounds
1 0 1
2 0 1
2 1 1
3 0 1
3 1 1
4 3 1
5 0 1
5 3 1
5 4 1
6 4 1
7 6 1
8 7 1
9 6 1
9 7 1
9 8 1
10 6 1
10 7 1
10 9 1
11 0 1
11 1 1
11 2 1
12 0 1
12 1 1
12 2 1
12 3 1
12 4 1
12 5 1
12 11 1
13 6 1
13 7 1
13 9 1
13 10 1
14 0 1
14 1 1
14 2 1
14 11 1
14 12 1
15 0 1
15 1 1
15 3 1
15 12 1
15 14 1
16 1 1
16 2 1
17 5 1
17 12 1
18 3 1
18 5 1
18 12 1
18 17 1
20 0 1
20 1 1
20 2 1
20 16 1
21 0 1
21 1 1
21 2 1
21 3 1
21 11 1
21 12 1
21 14 1
21 16 1
21 20 1
22 8 1
23 7 1
23 8 1
23 9 1
23 10 1
23 13 1
23 22 1
24 7 1
24 9 1
24 10 1
24 13 1
24 23 1
25 6 1
25 7 1
25 8 1
25 9 1
25 10 1
25 13 1
25 23 1
25 24 1
26 0 1
26 1 1
26 3 1
26 5 1
26 12 1
26 14 1
26 15 1
27 1 1
27 2 1
27 11 1
28 1 1
28 2 1
28 16 1
28 27 1
29 0 1
29 1 1
29 2 1
29 3 1
29 16 1
29 20 1
29 21 1
30 1 1
30 2 1
30 11 1
30 27 1
30 28 1
31 0 1
31 1 1
31 3 1
31 4 1
31 5 1
31 12 1
31 14 1
31 15 1
31 21 1
31 26 1
32 0 1
32 1 1
32 2 1
32 3 1
32 11 1
32 12 1
32 18 1
32 21 1
32 27 1
32 30 1
33 0 1
33 1 1
33 2 1
33 11 1
33 18 1
33 19 1
33 21 1
33 27 1
33 28 1
33 30 1
33 32 1
34 1 1
34 2 1
34 11 1
34 16 1
34 19 1
34 20 1
34 27 1
34 28 1
34 30 1
34 33 1
35 6 1
35 7 1
35 8 1
35 22 1
36 6 1
36 7 1
36 8 1
36 22 1
36 35 1
37 6 1
37 7 1
37 22 1
37 25 1
37 35 1
37 36 1
38 4 1
38 6 1
38 7 1
38 9 1
38 10 1
38 22 1
38 25 1
38 35 1
38 36 1
38 37 1
39 4 1
39 6 1
39 7 1
39 10 1
39 25 1
39 35 1
39 36 1
39 37 1
39 38 1
40 4 1
40 6 1
40 7 1
40 37 1
40 38 1
40 39 1
41 4 1
41 6 1
41 7 1
41 9 1
41 10 1
41 13 1
41 24 1
41 25 1
41 37 1
41 38 1
41 39 1
41 40 1
42 6 1
42 7 1
42 9 1
42 10 1
42 13 1
42 23 1
42 24 1
42 25 1
42 37 1
42 38 1
42 39 1
42 40 1
42 41 1
43 6 1
43 7 1
43 8 1
43 9 1
43 10 1
43 13 1
43 23 1
43 24 1
43 25 1
43 37 1
43 38 1
43 41 1
43 42 1
44 7 1
44 8 1
44 22 1
44 23 1
44 25 1
44 35 1
44 36 1
44 37 1
44 38 1
44 43 1
45 7 1
45 8 1
45 9 1
45 10 1
45 13 1
45 23 1
45 24 1
45 25 1
45 42 1
45 43 1
46 1 1
46 2 1
46 11 1
46 16 1
46 19 1
46 20 1
46 21 1
46 28 1
46 29 1
46 30 1
46 32 1
46 33 1
46 34 1
47 3 1
47 5 1
47 12 1
47 17 1
47 18 1
47 32 1
48 16 1
48 18 1
48 19 1
48 20 1
48 21 1
48 29 1
48 32 1
48 33 1
48 34 1
48 46 1
49 0 1
49 1 1
49 2 1
49 16 1
49 19 1
49 20 1
49 21 1
49 29 1
49 33 1
49 34 1
49 46 1
49 48 1
50 0 1
50 1 1
50 2 1
50 3 1
50 5 1
50 11 1
50 12 1
50 14 1
50 17 1
50 18 1
50 21 1
50 30 1
50 32 1
50 33 1
50 46 1
50 47 1
50 48 1
51 1 1
51 2 1
51 11 1
51 16 1
51 19 1
51 20 1
51 27 1
51 28 1
51 30 1
51 32 1
51 33 1
51 34 1
51 46 1
51 48 1
51 49 1
52 1 1
52 2 1
52 16 1
52 19 1
52 20 1
52 21 1
52 28 1
52 30 1
52 33 1
52 34 1
52 46 1
52 48 1
52 49 1
52 51 1
53 6 1
53 7 1
53 8 1
53 9 1
53 22 1
53 23 1
53 25 1
53 35 1
53 36 1
53 37 1
53 38 1
53 39 1
53 42 1
53 43 1
53 44 1
54 4 1
54 6 1
54 7 1
54 9 1
54 10 1
54 13 1
54 24 1
54 25 1
54 37 1
54 38 1
54 39 1
54 40 1
54 41 1
54 42 1
54 43 1
55 6 1
55 7 1
55 9 1
55 10 1
55 13 1
55 24 1
55 25 1
55 37 1
55 38 1
55 39 1
55 40 1
55 41 1
55 42 1
55 43 1
55 45 1
55 54 1
56 7 1
56 8 1
56 9 1
56 22 1
56 23 1
56 25 1
56 35 1
56 36 1
56 37 1
56 43 1
56 44 1
56 45 1
56 53 1
57 6 1
57 7 1
57 8 1
57 9 1
57 10 1
57 22 1
57 23 1
57 25 1
57 35 1
57 36 1
57 37 1
57 38 1
57 39 1
57 42 1
57 43 1
57 44 1
57 45 1
57 53 1
57 54 1
57 55 1
57 56 1
58 0 1
58 1 1
58 3 1
58 5 1
58 12 1
58 14 1
58 15 1
58 21 1
58 26 1
58 31 1
58 50 1
59 1 1
59 2 1
59 11 1
59 27 1
59 28 1
59 30 1
59 32 1
59 33 1
59 34 1
59 46 1
59 51 1
59 52 1
60 2 1
60 11 1
60 27 1
60 28 1
60 30 1
60 33 1
60 34 1
60 46 1
60 51 1
60 52 1
60 59 1
61 1 1
61 2 1
61 16 1
61 20 1
61 21 1
61 28 1
61 29 1
61 34 1
61 46 1
61 49 1
61 52 1
62 0 1
62 1 1
62 3 1
62 5 1
62 11 1
62 12 1
62 17 1
62 18 1
62 32 1
62 33 1
62 47 1
62 48 1
62 50 1
63 5 1
63 12 1
63 17 1
63 18 1
63 32 1
63 47 1
63 50 1
63 62 1
64 0 1
64 1 1
64 2 1
64 3 1
64 16 1
64 20 1
64 21 1
64 29 1
64 46 1
64 49 1
64 52 1
64 61 1
65 0 1
65 1 1
65 2 1
65 3 1
65 12 1
65 16 1
65 20 1
65 21 1
65 29 1
65 31 1
65 49 1
65 61 1
65 64 1
66 1 1
66 2 1
66 11 1
66 27 1
66 28 1
66 30 1
66 32 1
66 33 1
66 34 1
66 46 1
66 48 1
66 51 1
66 52 1
66 59 1
66 60 1
67 0 1
67 3 1
67 4 1
67 5 1
67 12 1
67 31 1
67 40 1
67 58 1
67 65 1
68 0 1
68 3 1
68 4 1
68 5 1
68 6 1
68 12 1
68 18 1
68 31 1
68 37 1
68 38 1
68 39 1
68 40 1
68 47 1
68 54 1
68 62 1
68 67 1
69 2 1
69 16 1
69 20 1
69 28 1
69 34 1
69 46 1
69 49 1
69 51 1
69 52 1
69 61 1
69 64 1
70 4 1
70 6 1
70 7 1
70 9 1
70 10 1
70 22 1
70 25 1
70 35 1
70 36 1
70 37 1
70 38 1
70 39 1
70 40 1
70 41 1
70 42 1
70 43 1
70 44 1
70 53 1
70 54 1
70 55 1
70 56 1
70 57 1
70 68 1
71 4 1
71 6 1
71 7 1
71 13 1
71 37 1
71 38 1
71 39 1
71 40 1
71 41 1
71 42 1
71 54 1
71 55 1
71 67 1
71 68 1
71 70 1
72 4 1
72 6 1
72 7 1
72 10 1
72 13 1
72 37 1
72 38 1
72 39 1
72 40 1
72 41 1
72 42 1
72 54 1
72 55 1
72 68 1
72 70 1
72 71 1
73 7 1
73 8 1
73 9 1
73 10 1
73 13 1
73 22 1
73 23 1
73 25 1
73 35 1
73 36 1
73 37 1
73 38 1
73 42 1
73 43 1
73 44 1
73 45 1
73 53 1
73 56 1
73 57 1
73 70 1
74 7 1
74 8 1
74 9 1
74 10 1
74 13 1
74 22 1
74 23 1
74 25 1
74 35 1
74 42 1
74 43 1
74 44 1
74 45 1
74 53 1
74 56 1
74 57 1
74 73 1
75 10 1
75 13 1
75 24 1
75 41 1
75 42 1
75 55 1
76 1 1
76 2 1
76 11 1
76 18 1
76 19 1
76 20 1
76 21 1
76 30 1
76 32 1
76 33 1
76 34 1
76 46 1
76 47 1
76 48 1
76 49 1
76 50 1
76 51 1
76 52 1
76 59 1
76 62 1
76 66 1
77 0 1
77 1 1
77 2 1
77 3 1
77 11 1
77 12 1
77 14 1
77 18 1
77 21 1
77 26 1
77 27 1
77 30 1
77 32 1
77 33 1
77 50 1
77 58 1
77 59 1
77 62 1
77 63 1
77 66 1
77 76 1
78 6 1
78 7 1
78 8 1
78 9 1
78 22 1
78 23 1
78 25 1
78 35 1
78 36 1
78 37 1
78 38 1
78 39 1
78 41 1
78 42 1
78 43 1
78 44 1
78 53 1
78 54 1
78 55 1
78 56 1
78 57 1
78 70 1
78 71 1
78 73 1
78 74 1
79 6 1
79 7 1
79 8 1
79 9 1
79 10 1
79 13 1
79 23 1
79 24 1
79 25 1
79 35 1
79 36 1
79 37 1
79 38 1
79 39 1
79 41 1
79 42 1
79 43 1
79 44 1
79 45 1
79 53 1
79 54 1
79 55 1
79 56 1
79 57 1
79 70 1
79 71 1
79 72 1
79 73 1
79 74 1
79 78 1
80 6 1
80 7 1
80 8 1
80 9 1
80 10 1
80 13 1
80 22 1
80 23 1
80 25 1
80 35 1
80 36 1
80 37 1
80 38 1
80 39 1
80 42 1
80 43 1
80 44 1
80 45 1
80 53 1
80 56 1
80 57 1
80 70 1
80 73 1
80 74 1
80 78 1
80 79 1
81 0 1
81 1 1
81 2 1
81 3 1
81 11 1
81 12 1
81 14 1
81 15 1
81 21 1
81 26 1
81 31 1
81 50 1
81 58 1
81 64 1
81 77 1
82 1 1
82 2 1
82 11 1
82 12 1
82 14 1
82 27 1
82 30 1
82 32 1
82 33 1
82 50 1
82 51 1
82 59 1
82 60 1
82 66 1
82 76 1
82 77 1
82 81 1
83 0 1
83 1 1
83 2 1
83 16 1
83 20 1
83 21 1
83 28 1
83 29 1
83 34 1
83 46 1
83 49 1
83 52 1
83 61 1
83 64 1
83 65 1
83 69 1
84 0 1
84 1 1
84 2 1
84 3 1
84 4 1
84 5 1
84 12 1
84 18 1
84 20 1
84 21 1
84 29 1
84 31 1
84 32 1
84 48 1
84 49 1
84 50 1
84 58 1
84 62 1
84 64 1
84 65 1
84 67 1
84 68 1
84 81 1
84 83 1
85 0 1
85 1 1
85 2 1
85 3 1
85 11 1
85 12 1
85 14 1
85 15 1
85 16 1
85 20 1
85 21 1
85 26 1
85 29 1
85 31 1
85 32 1
85 33 1
85 49 1
85 50 1
85 58 1
85 61 1
85 64 1
85 65 1
85 77 1
85 81 1
85 82 1
85 83 1
85 84 1
86 0 1
86 1 1
86 2 1
86 3 1
86 11 1
86 12 1
86 14 1
86 16 1
86 20 1
86 21 1
86 27 1
86 28 1
86 29 1
86 30 1
86 32 1
86 33 1
86 34 1
86 46 1
86 48 1
86 49 1
86 50 1
86 51 1
86 52 1
86 58 1
86 59 1
86 60 1
86 61 1
86 62 1
86 64 1
86 65 1
86 66 1
86 69 1
86 76 1
86 77 1
86 81 1
86 82 1
86 83 1
86 84 1
86 85 1
87 0 1
87 1 1
87 2 1
87 3 1
87 5 1
87 11 1
87 12 1
87 14 1
87 15 1
87 18 1
87 21 1
87 26 1
87 27 1
87 30 1
87 31 1
87 32 1
87 33 1
87 47 1
87 50 1
87 58 1
87 62 1
87 63 1
87 76 1
87 77 1
87 81 1
87 82 1
87 84 1
87 85 1
87 86 1
88 3 1
88 4 1
88 5 1
88 12 1
88 17 1
88 18 1
88 31 1
88 37 1
88 38 1
88 39 1
88 47 1
88 50 1
88 62 1
88 63 1
88 67 1
88 68 1
88 70 1
88 71 1
88 84 1
89 7 1
89 8 1
89 22 1
89 23 1
89 25 1
89 35 1
89 36 1
89 37 1
89 38 1
89 43 1
89 44 1
89 53 1
89 56 1
89 57 1
89 70 1
89 73 1
89 74 1
89 78 1
89 79 1
89 80 1
90 0 1
90 1 1
90 12 1
90 14 1
90 15 1
90 21 1
90 26 1
90 31 1
90 58 1
90 81 1
90 85 1
91 0 1
91 1 1
91 2 1
91 3 1
91 11 1
91 12 1
91 14 1
91 15 1
91 21 1
91 26 1
91 27 1
91 30 1
91 32 1
91 33 1
91 50 1
91 58 1
91 59 1
91 62 1
91 77 1
91 81 1
91 82 1
91 85 1
91 86 1
91 87 1
91 90 1
92 1 1
92 11 1
92 27 1
92 30 1
92 32 1
92 33 1
92 50 1
92 51 1
92 59 1
92 60 1
92 66 1
92 76 1
92 77 1
92 82 1
92 86 1
92 87 1
92 91 1
93 5 1
93 12 1
93 17 1
93 18 1
93 32 1
93 47 1
93 50 1
93 62 1
93 63 1
93 76 1
93 77 1
93 87 1
93 88 1
94 18 1
94 19 1
94 20 1
94 30 1
94 32 1
94 33 1
94 34 1
94 46 1
94 48 1
94 49 1
94 51 1
94 52 1
94 62 1
94 66 1
94 76 1
94 86 1
95 0 1
95 1 1
95 2 1
95 3 1
95 16 1
95 20 1
95 21 1
95 29 1
95 46 1
95 49 1
95 52 1
95 61 1
95 64 1
95 65 1
95 69 1
95 83 1
95 84 1
95 85 1
95 86 1
96 0 1
96 1 1
96 2 1
96 3 1
96 4 1
96 5 1
96 12 1
96 14 1
96 15 1
96 20 1
96 21 1
96 26 1
96 29 1
96 31 1
96 49 1
96 50 1
96 58 1
96 61 1
96 62 1
96 64 1
96 65 1
96 67 1
96 68 1
96 81 1
96 83 1
96 84 1
96 85 1
96 86 1
96 87 1
96 90 1
96 91 1
96 95 1
97 1 1
97 2 1
97 11 1
97 16 1
97 21 1
97 27 1
97 28 1
97 30 1
97 32 1
97 33 1
97 34 1
97 46 1
97 51 1
97 52 1
97 59 1
97 60 1
97 66 1
97 69 1
97 76 1
97 77 1
97 81 1
97 82 1
97 83 1
97 85 1
97 86 1
97 87 1
97 91 1
97 92 1
98 0 1
98 1 1
98 3 1
98 4 1
98 5 1
98 12 1
98 14 1
98 15 1
98 17 1
98 21 1
98 26 1
98 31 1
98 32 1
98 50 1
98 58 1
98 62 1
98 67 1
98 68 1
98 77 1
98 81 1
98 84 1
98 85 1
98 87 1
98 88 1
98 90 1
98 91 1
98 96 1
99 3 1
99 4 1
99 5 1
99 6 1
99 17 1
99 18 1
99 35 1
99 36 1
99 37 1
99 38 1
99 39 1
99 47 1
99 50 1
99 62 1
99 63 1
99 67 1
99 68 1
99 70 1
99 71 1
99 78 1
99 84 1
99 88 1
99 93 1
100 2 1
100 16 1
100 20 1
100 28 1
100 34 1
100 46 1
100 48 1
100 49 1
100 51 1
100 52 1
100 60 1
100 61 1
100 64 1
100 66 1
100 69 1
100 83 1
100 86 1
100 94 1
100 95 1
100 97 1
101 6 1
101 7 1
101 10 1
101 13 1
101 24 1
101 38 1
101 39 1
101 40 1
101 41 1
101 42 1
101 54 1
101 55 1
101 70 1
101 71 1
101 72 1
101 75 1
101 79 1
102 8 1
102 22 1
102 23 1
102 35 1
102 36 1
102 44 1
102 53 1
102 56 1
102 57 1
102 73 1
102 74 1
102 78 1
102 80 1
102 89 1
103 7 1
103 9 1
103 10 1
103 13 1
103 24 1
103 25 1
103 41 1
103 42 1
103 43 1
103 45 1
103 55 1
103 75 1
103 79 1
103 101 1
104 9 1
104 10 1
104 13 1
104 24 1
104 55 1
104 75 1
104 101 1
104 103 1
105 7 1
105 9 1
105 10 1
105 13 1
105 23 1
105 24 1
105 25 1
105 41 1
105 42 1
105 43 1
105 45 1
105 54 1
105 55 1
105 75 1
105 79 1
105 101 1
105 103 1
105 104 1
106 8 1
106 22 1
106 35 1
106 36 1
106 37 1
106 38 1
106 44 1
106 53 1
106 56 1
106 57 1
106 70 1
106 73 1
106 74 1
106 78 1
106 80 1
106 89 1
106 102 1
107 0 1
107 1 1
107 2 1
107 3 1
107 5 1
107 11 1
107 12 1
107 14 1
107 15 1
107 21 1
107 26 1
107 31 1
107 32 1
107 50 1
107 58 1
107 62 1
107 77 1
107 81 1
107 82 1
107 84 1
107 85 1
107 86 1
107 87 1
107 90 1
107 91 1
107 92 1
107 96 1
107 98 1
108 0 1
108 3 1
108 5 1
108 12 1
108 17 1
108 18 1
108 31 1
108 32 1
108 47 1
108 50 1
108 62 1
108 63 1
108 67 1
108 68 1
108 77 1
108 87 1
108 88 1
108 93 1
108 98 1
108 99 1
108 107 1
109 3 1
109 5 1
109 12 1
109 17 1
109 18 1
109 32 1
109 47 1
109 50 1
109 58 1
109 62 1
109 63 1
109 67 1
109 68 1
109 77 1
109 87 1
109 88 1
109 93 1
109 98 1
109 99 1
109 107 1
109 108 1
110 11 1
110 18 1
110 19 1
110 32 1
110 33 1
110 46 1
110 47 1
110 48 1
110 50 1
110 51 1
110 62 1
110 76 1
110 93 1
110 94 1
111 0 1
111 1 1
111 2 1
111 16 1
111 20 1
111 21 1
111 28 1
111 29 1
111 33 1
111 34 1
111 46 1
111 48 1
111 49 1
111 51 1
111 52 1
111 61 1
111 64 1
111 65 1
111 69 1
111 76 1
111 83 1
111 84 1
111 85 1
111 86 1
111 94 1
111 95 1
111 96 1
111 97 1
111 100 1
112 0 1
112 1 1
112 3 1
112 4 1
112 5 1
112 11 1
112 12 1
112 14 1
112 17 1
112 18 1
112 21 1
112 26 1
112 31 1
112 32 1
112 47 1
112 50 1
112 58 1
112 62 1
112 63 1
112 67 1
112 68 1
112 77 1
112 84 1
112 85 1
112 86 1
112 87 1
112 88 1
112 91 1
112 93 1
112 96 1
112 98 1
112 99 1
112 107 1
112 108 1
112 109 1
113 1 1
113 2 1
113 11 1
113 16 1
113 19 1
113 20 1
113 21 1
113 27 1
113 28 1
113 30 1
113 32 1
113 33 1
113 34 1
113 46 1
113 48 1
113 49 1
113 50 1
113 51 1
113 52 1
113 59 1
113 60 1
113 62 1
113 66 1
113 76 1
113 77 1
113 82 1
113 85 1
113 86 1
113 87 1
113 91 1
113 92 1
113 94 1
113 97 1
113 100 1
113 110 1
113 111 1
114 6 1
114 7 1
114 9 1
114 10 1
114 13 1
114 22 1
114 23 1
114 25 1
114 35 1
114 36 1
114 37 1
114 38 1
114 39 1
114 40 1
114 41 1
114 42 1
114 43 1
114 44 1
114 45 1
114 53 1
114 54 1
114 55 1
114 56 1
114 57 1
114 70 1
114 71 1
114 72 1
114 73 1
114 74 1
114 78 1
114 79 1
114 80 1
114 89 1
114 99 1
114 101 1
114 106 1
115 4 1
115 6 1
115 7 1
115 10 1
115 13 1
115 37 1
115 38 1
115 39 1
115 40 1
115 41 1
115 42 1
115 54 1
115 55 1
115 68 1
115 70 1
115 71 1
115 72 1
115 78 1
115 79 1
115 88 1
115 99 1
115 101 1
115 114 1
116 6 1
116 7 1
116 9 1
116 10 1
116 13 1
116 23 1
116 24 1
116 25 1
116 35 1
116 36 1
116 37 1
116 38 1
116 39 1
116 40 1
116 41 1
116 42 1
116 43 1
116 45 1
116 53 1
116 54 1
116 55 1
116 57 1
116 70 1
116 71 1
116 72 1
116 73 1
116 74 1
116 78 1
116 79 1
116 80 1
116 89 1
116 101 1
116 103 1
116 105 1
116 114 1
116 115 1
117 6 1
117 7 1
117 8 1
117 9 1
117 10 1
117 13 1
117 22 1
117 23 1
117 24 1
117 25 1
117 35 1
117 36 1
117 37 1
117 38 1
117 39 1
117 40 1
117 41 1
117 42 1
117 43 1
117 44 1
117 45 1
117 53 1
117 54 1
117 55 1
117 56 1
117 57 1
117 70 1
117 71 1
117 72 1
117 73 1
117 74 1
117 78 1
117 79 1
117 80 1
117 89 1
117 101 1
117 105 1
117 106 1
117 114 1
117 115 1
117 116 1
118 8 1
118 22 1
118 23 1
118 35 1
118 36 1
118 44 1
118 53 1
118 56 1
118 57 1
118 73 1
118 74 1
118 78 1
118 80 1
118 89 1
118 102 1
118 106 1
119 6 1
119 7 1
119 8 1
119 9 1
119 10 1
119 13 1
119 22 1
119 23 1
119 24 1
119 25 1
119 35 1
119 36 1
119 37 1
119 38 1
119 42 1
119 43 1
119 44 1
119 45 1
119 53 1
119 54 1
119 55 1
119 56 1
119 57 1
119 70 1
119 73 1
119 74 1
119 78 1
119 79 1
119 80 1
119 89 1
119 102 1
119 103 1
119 105 1
119 114 1
119 116 1
119 117 1
120 6 1
120 7 1
120 9 1
120 10 1
120 13 1
120 23 1
120 24 1
120 25 1
120 40 1
120 41 1
120 42 1
120 43 1
120 45 1
120 54 1
120 55 1
120 70 1
120 71 1
120 72 1
120 73 1
120 74 1
120 75 1
120 79 1
120 80 1
120 101 1
120 103 1
120 104 1
120 105 1
120 114 1
120 115 1
120 116 1
120 117 1
120 119 1
121 6 1
121 7 1
121 8 1
121 9 1
121 10 1
121 13 1
121 23 1
121 24 1
121 25 1
121 37 1
121 38 1
121 41 1
121 42 1
121 43 1
121 44 1
121 45 1
121 53 1
121 54 1
121 55 1
121 56 1
121 57 1
121 70 1
121 73 1
121 74 1
121 78 1
121 79 1
121 80 1
121 89 1
121 103 1
121 105 1
121 114 1
121 116 1
121 117 1
121 119 1
121 120 1
122 1 1
122 2 1
122 11 1
122 16 1
122 20 1
122 21 1
122 27 1
122 28 1
122 30 1
122 33 1
122 34 1
122 46 1
122 51 1
122 52 1
122 59 1
122 60 1
122 61 1
122 64 1
122 66 1
122 69 1
122 81 1
122 82 1
122 83 1
122 85 1
122 86 1
122 97 1
122 100 1
122 111 1
122 113 1
123 1 1
123 2 1
123 16 1
123 20 1
123 21 1
123 28 1
123 29 1
123 34 1
123 46 1
123 49 1
123 51 1
123 52 1
123 60 1
123 61 1
123 64 1
123 65 1
123 69 1
123 83 1
123 85 1
123 86 1
123 95 1
123 97 1
123 100 1
123 111 1
123 113 1
123 122 1
124 0 1
124 1 1
124 2 1
124 11 1
124 14 1
124 16 1
124 20 1
124 21 1
124 27 1
124 28 1
124 30 1
124 32 1
124 33 1
124 34 1
124 46 1
124 49 1
124 50 1
124 51 1
124 52 1
124 59 1
124 60 1
124 61 1
124 64 1
124 66 1
124 76 1
124 77 1
124 81 1
124 82 1
124 83 1
124 85 1
124 86 1
124 87 1
124 91 1
124 92 1
124 97 1
124 100 1
124 107 1
124 111 1
124 113 1
124 122 1
124 123 1
125 8 1
125 22 1
125 23 1
125 35 1
125 36 1
125 44 1
125 53 1
125 56 1
125 57 1
125 73 1
125 74 1
125 78 1
125 80 1
125 89 1
125 102 1
125 106 1
125 118 1
126 6 1
126 7 1
126 8 1
126 22 1
126 23 1
126 25 1
126 35 1
126 36 1
126 37 1
126 38 1
126 39 1
126 43 1
126 44 1
126 53 1
126 56 1
126 57 1
126 70 1
126 73 1
126 74 1
126 78 1
126 79 1
126 80 1
126 89 1
126 102 1
126 106 1
126 114 1
126 116 1
126 117 1
126 118 1
126 119 1
126 121 1
126 125 1
127 6 1
127 7 1
127 22 1
127 25 1
127 35 1
127 36 1
127 37 1
127 38 1
127 39 1
127 41 1
127 42 1
127 43 1
127 44 1
127 53 1
127 54 1
127 55 1
127 56 1
127 57 1
127 70 1
127 71 1
127 73 1
127 74 1
127 78 1
127 79 1
127 80 1
127 89 1
127 99 1
127 102 1
127 106 1
127 114 1
127 115 1
127 116 1
127 117 1
127 119 1
127 121 1
127 125 1
127 126 1
128 4 1
128 6 1
128 7 1
128 9 1
128 10 1
128 13 1
128 24 1
128 25 1
128 37 1
128 38 1
128 39 1
128 40 1
128 41 1
128 42 1
128 43 1
128 54 1
128 55 1
128 57 1
128 70 1
128 71 1
128 72 1
128 75 1
128 78 1
128 79 1
128 101 1
128 103 1
128 105 1
128 114 1
128 115 1
128 116 1
128 117 1
128 119 1
128 120 1
128 121 1
128 127 1
129 6 1
129 7 1
129 8 1
129 9 1
129 10 1
129 13 1
129 22 1
129 23 1
129 24 1
129 25 1
129 35 1
129 36 1
129 37 1
129 38 1
129 39 1
129 41 1
129 42 1
129 43 1
129 44 1
129 45 1
129 53 1
129 54 1
129 55 1
129 56 1
129 57 1
129 70 1
129 71 1
129 72 1
129 73 1
129 74 1
129 78 1
129 79 1
129 80 1
129 89 1
129 102 1
129 105 1
129 106 1
129 114 1
129 115 1
129 116 1
129 117 1
129 119 1
129 120 1
129 121 1
129 125 1
129 126 1
129 127 1
129 128 1
130 6 1
130 7 1
130 8 1
130 9 1
130 10 1
130 13 1
130 23 1
130 24 1
130 25 1
130 42 1
130 43 1
130 44 1
130 45 1
130 53 1
130 55 1
130 56 1
130 57 1
130 70 1
130 73 1
130 74 1
130 79 1
130 80 1
130 89 1
130 103 1
130 105 1
130 114 1
130 116 1
130 117 1
130 119 1
130 120 1
130 121 1
130 129 1
131 7 1
131 9 1
131 10 1
131 13 1
131 24 1
131 25 1
131 41 1
131 42 1
131 45 1
131 54 1
131 55 1
131 72 1
131 75 1
131 101 1
131 103 1
131 104 1
131 105 1
131 116 1
131 120 1
131 128 1
132 0 1
132 3 1
132 4 1
132 5 1
132 12 1
132 17 1
132 31 1
132 58 1
132 67 1
132 68 1
132 84 1
132 88 1
132 96 1
132 98 1
132 99 1
132 108 1
132 109 1
132 112 1
133 4 1
133 6 1
133 7 1
133 13 1
133 38 1
133 39 1
133 40 1
133 41 1
133 42 1
133 54 1
133 55 1
133 70 1
133 71 1
133 72 1
133 75 1
133 79 1
133 101 1
133 105 1
133 114 1
133 115 1
133 116 1
133 117 1
133 120 1
133 128 1
133 131 1
134 7 1
134 8 1
134 9 1
134 10 1
134 22 1
134 23 1
134 25 1
134 35 1
134 36 1
134 43 1
134 44 1
134 45 1
134 53 1
134 56 1
134 57 1
134 73 1
134 74 1
134 78 1
134 79 1
134 80 1
134 89 1
134 102 1
134 106 1
134 114 1
134 117 1
134 118 1
134 119 1
134 121 1
134 125 1
134 126 1
134 127 1
134 129 1
134 130 1
135 7 1
135 9 1
135 10 1
135 13 1
135 24 1
135 25 1
135 41 1
135 42 1
135 45 1
135 55 1
135 75 1
135 101 1
135 103 1
135 104 1
135 105 1
135 120 1
135 128 1
135 131 1
135 133 1
136 5 1
136 11 1
136 12 1
136 14 1
136 17 1
136 26 1
136 32 1
136 50 1
136 58 1
136 62 1
136 63 1
136 77 1
136 82 1
136 87 1
136 91 1
136 92 1
136 93 1
136 98 1
136 107 1
136 108 1
136 109 1
136 112 1
137 0 1
137 1 1
137 2 1
137 3 1
137 12 1
137 14 1
137 15 1
137 21 1
137 26 1
137 31 1
137 58 1
137 64 1
137 81 1
137 83 1
137 84 1
137 85 1
137 86 1
137 87 1
137 90 1
137 91 1
137 96 1
137 98 1
137 107 1
138 1 1
138 2 1
138 16 1
138 20 1
138 21 1
138 28 1
138 30 1
138 33 1
138 34 1
138 46 1
138 49 1
138 51 1
138 52 1
138 59 1
138 60 1
138 61 1
138 64 1
138 66 1
138 69 1
138 83 1
138 85 1
138 86 1
138 95 1
138 97 1
138 100 1
138 111 1
138 113 1
138 122 1
138 123 1
138 124 1
139 0 1
139 1 1
139 3 1
139 4 1
139 5 1
139 12 1
139 14 1
139 15 1
139 17 1
139 21 1
139 26 1
139 31 1
139 50 1
139 58 1
139 62 1
139 67 1
139 68 1
139 84 1
139 85 1
139 87 1
139 88 1
139 90 1
139 96 1
139 98 1
139 99 1
139 107 1
139 108 1
139 109 1
139 112 1
139 132 1
140 3 1
140 4 1
140 5 1
140 6 1
140 18 1
140 35 1
140 36 1
140 37 1
140 38 1
140 39 1
140 40 1
140 41 1
140 47 1
140 54 1
140 62 1
140 67 1
140 68 1
140 70 1
140 71 1
140 72 1
140 78 1
140 84 1
140 88 1
140 93 1
140 99 1
140 108 1
140 112 1
140 114 1
140 115 1
140 116 1
140 117 1
140 127 1
140 128 1
140 132 1
140 133 1
140 139 1
141 3 1
141 4 1
141 5 1
141 6 1
141 18 1
141 35 1
141 36 1
141 37 1
141 38 1
141 39 1
141 40 1
141 41 1
141 47 1
141 53 1
141 54 1
141 57 1
141 62 1
141 67 1
141 68 1
141 70 1
141 71 1
141 72 1
141 78 1
141 88 1
141 93 1
141 99 1
141 108 1
141 112 1
141 114 1
141 115 1
141 116 1
141 117 1
141 126 1
141 127 1
141 128 1
141 132 1
141 140 1
142 3 1
142 4 1
142 5 1
142 12 1
142 17 1
142 18 1
142 31 1
142 37 1
142 38 1
142 39 1
142 47 1
142 62 1
142 63 1
142 67 1
142 68 1
142 70 1
142 71 1
142 88 1
142 93 1
142 98 1
142 99 1
142 108 1
142 109 1
142 112 1
142 115 1
142 132 1
142 139 1
142 140 1
142 141 1
143 3 1
143 4 1
143 5 1
143 12 1
143 17 1
143 31 1
143 39 1
143 40 1
143 47 1
143 67 1
143 68 1
143 71 1
143 84 1
143 88 1
143 98 1
143 99 1
143 108 1
143 109 1
143 112 1
143 115 1
143 132 1
143 139 1
143 140 1
143 141 1
143 142 1
144 8 1
144 22 1
144 35 1
144 36 1
144 37 1
144 38 1
144 44 1
144 53 1
144 56 1
144 57 1
144 70 1
144 73 1
144 78 1
144 80 1
144 89 1
144 102 1
144 106 1
144 114 1
144 117 1
144 118 1
144 125 1
144 126 1
144 127 1
144 129 1
144 134 1
145 6 1
145 7 1
145 9 1
145 10 1
145 13 1
145 23 1
145 24 1
145 25 1
145 35 1
145 36 1
145 37 1
145 38 1
145 39 1
145 40 1
145 41 1
145 42 1
145 43 1
145 45 1
145 53 1
145 54 1
145 55 1
145 57 1
145 70 1
145 71 1
145 72 1
145 73 1
145 74 1
145 78 1
145 79 1
145 80 1
145 89 1
145 101 1
145 103 1
145 105 1
145 114 1
145 115 1
145 116 1
145 117 1
145 119 1
145 120 1
145 121 1
145 126 1
145 127 1
145 128 1
145 129 1
145 130 1
145 131 1
145 133 1
145 140 1
145 141 1
146 7 1
146 8 1
146 9 1
146 10 1
146 22 1
146 23 1
146 25 1
146 35 1
146 36 1
146 43 1
146 44 1
146 45 1
146 53 1
146 56 1
146 57 1
146 70 1
146 73 1
146 74 1
146 78 1
146 79 1
146 80 1
146 89 1
146 102 1
146 106 1
146 114 1
146 117 1
146 118 1
146 119 1
146 121 1
146 125 1
146 126 1
146 127 1
146 129 1
146 130 1
146 134 1
146 144 1
146 145 1
147 0 1
147 1 1
147 12 1
147 14 1
147 15 1
147 26 1
147 31 1
147 58 1
147 81 1
147 85 1
147 87 1
147 90 1
147 91 1
147 96 1
147 98 1
147 107 1
147 137 1
147 139 1
148 8 1
148 9 1
148 22 1
148 23 1
148 25 1
148 43 1
148 44 1
148 45 1
148 53 1
148 56 1
148 57 1
148 73 1
148 74 1
148 79 1
148 80 1
148 89 1
148 102 1
148 106 1
148 118 1
148 119 1
148 121 1
148 125 1
148 126 1
148 129 1
148 130 1
148 134 1
148 144 1
148 146 1
149 6 1
149 7 1
149 9 1
149 10 1
149 13 1
149 23 1
149 24 1
149 25 1
149 38 1
149 41 1
149 42 1
149 43 1
149 45 1
149 54 1
149 55 1
149 57 1
149 70 1
149 72 1
149 73 1
149 74 1
149 75 1
149 79 1
149 80 1
149 101 1
149 103 1
149 104 1
149 105 1
149 114 1
149 115 1
149 116 1
149 117 1
149 119 1
149 120 1
149 121 1
149 128 1
149 129 1
149 130 1
149 131 1
149 134 1
149 135 1
149 145 1
149 146 1
150 6 1
150 7 1
150 9 1
150 10 1
150 13 1
150 23 1
150 24 1
150 25 1
150 41 1
150 42 1
150 43 1
150 45 1
150 54 1
150 55 1
150 57 1
150 73 1
150 74 1
150 75 1
150 79 1
150 80 1
150 103 1
150 104 1
150 105 1
150 114 1
150 116 1
150 117 1
150 119 1
150 120 1
150 121 1
150 128 1
150 129 1
150 130 1
150 131 1
150 134 1
150 135 1
150 145 1
150 146 1
150 149 1
151 8 1
151 22 1
151 35 1
151 36 1
151 37 1
151 44 1
151 53 1
151 56 1
151 57 1
151 73 1
151 74 1
151 78 1
151 80 1
151 89 1
151 102 1
151 106 1
151 118 1
151 125 1
151 126 1
151 127 1
151 129 1
151 134 1
151 144 1
151 146 1
151 148 1
152 1 1
152 11 1
152 27 1
152 30 1
152 32 1
152 33 1
152 50 1
152 51 1
152 59 1
152 60 1
152 66 1
152 76 1
152 77 1
152 82 1
152 86 1
152 87 1
152 91 1
152 92 1
152 97 1
152 113 1
152 124 1
153 1 1
153 2 1
153 16 1
153 19 1
153 20 1
153 21 1
153 28 1
153 29 1
153 33 1
153 34 1
153 46 1
153 48 1
153 49 1
153 51 1
153 52 1
153 61 1
153 64 1
153 65 1
153 69 1
153 76 1
153 83 1
153 85 1
153 86 1
153 94 1
153 95 1
153 97 1
153 100 1
153 111 1
153 113 1
153 122 1
153 123 1
153 124 1
153 138 1
154 4 1
154 6 1
154 7 1
154 10 1
154 13 1
154 25 1
154 36 1
154 37 1
154 38 1
154 39 1
154 40 1
154 41 1
154 42 1
154 53 1
154 54 1
154 55 1
154 57 1
154 68 1
154 70 1
154 71 1
154 72 1
154 78 1
154 79 1
154 88 1
154 99 1
154 101 1
154 114 1
154 115 1
154 116 1
154 117 1
154 120 1
154 127 1
154 128 1
154 129 1
154 133 1
154 140 1
154 141 1
154 142 1
154 143 1
154 145 1
154 149 1
155 4 1
155 6 1
155 7 1
155 10 1
155 13 1
155 38 1
155 39 1
155 40 1
155 41 1
155 42 1
155 54 1
155 55 1
155 70 1
155 71 1
155 72 1
155 75 1
155 79 1
155 101 1
155 105 1
155 114 1
155 115 1
155 116 1
155 117 1
155 120 1
155 128 1
155 131 1
155 133 1
155 135 1
155 140 1
155 145 1
155 154 1
156 6 1
156 7 1
156 8 1
156 9 1
156 10 1
156 13 1
156 22 1
156 23 1
156 24 1
156 25 1
156 35 1
156 36 1
156 37 1
156 38 1
156 39 1
156 41 1
156 42 1
156 43 1
156 44 1
156 45 1
156 53 1
156 54 1
156 55 1
156 56 1
156 57 1
156 70 1
156 73 1
156 74 1
156 78 1
156 79 1
156 80 1
156 89 1
156 102 1
156 105 1
156 106 1
156 114 1
156 116 1
156 117 1
156 118 1
156 119 1
156 120 1
156 121 1
156 125 1
156 126 1
156 127 1
156 128 1
156 129 1
156 130 1
156 134 1
156 144 1
156 145 1
156 146 1
156 148 1
156 149 1
156 150 1
157 7 1
157 8 1
157 9 1
157 10 1
157 13 1
157 23 1
157 24 1
157 25 1
157 43 1
157 44 1
157 45 1
157 53 1
157 56 1
157 57 1
157 73 1
157 74 1
157 79 1
157 80 1
157 89 1
157 102 1
157 117 1
157 118 1
157 119 1
157 120 1
157 121 1
157 129 1
157 130 1
157 134 1
157 146 1
157 148 1
157 149 1
157 150 1
157 156 1
158 6 1
158 7 1
158 9 1
158 10 1
158 13 1
158 23 1
158 24 1
158 25 1
158 41 1
158 42 1
158 43 1
158 45 1
158 54 1
158 55 1
158 72 1
158 75 1
158 79 1
158 101 1
158 103 1
158 104 1
158 105 1
158 116 1
158 117 1
158 119 1
158 120 1
158 121 1
158 128 1
158 129 1
158 130 1
158 131 1
158 133 1
158 135 1
158 145 1
158 149 1
158 150 1
158 155 1
158 156 1
159 6 1
159 7 1
159 8 1
159 9 1
159 10 1
159 22 1
159 23 1
159 25 1
159 35 1
159 36 1
159 37 1
159 38 1
159 39 1
159 42 1
159 43 1
159 44 1
159 45 1
159 53 1
159 56 1
159 57 1
159 70 1
159 73 1
159 74 1
159 78 1
159 79 1
159 80 1
159 89 1
159 102 1
159 106 1
159 114 1
159 116 1
159 117 1
159 118 1
159 119 1
159 121 1
159 125 1
159 126 1
159 127 1
159 129 1
159 130 1
159 134 1
159 144 1
159 145 1
159 146 1
159 148 1
159 149 1
159 151 1
159 156 1
159 157 1
160 7 1
160 8 1
160 9 1
160 22 1
160 23 1
160 25 1
160 35 1
160 36 1
160 37 1
160 38 1
160 43 1
160 44 1
160 45 1
160 53 1
160 56 1
160 57 1
160 70 1
160 73 1
160 74 1
160 78 1
160 79 1
160 80 1
160 89 1
160 102 1
160 106 1
160 114 1
160 117 1
160 118 1
160 119 1
160 121 1
160 125 1
160 126 1
160 127 1
160 129 1
160 130 1
160 134 1
160 144 1
160 145 1
160 146 1
160 148 1
160 151 1
160 156 1
160 157 1
160 159 1
161 0 1
161 1 1
161 2 1
161 3 1
161 12 1
161 14 1
161 15 1
161 21 1
161 26 1
161 31 1
161 58 1
161 64 1
161 77 1
161 81 1
161 84 1
161 85 1
161 86 1
161 87 1
161 90 1
161 91 1
161 96 1
161 98 1
161 107 1
161 112 1
161 124 1
161 137 1
161 139 1
161 147 1
162 11 1
162 18 1
162 19 1
162 32 1
162 33 1
162 46 1
162 47 1
162 48 1
162 50 1
162 62 1
162 63 1
162 76 1
162 77 1
162 87 1
162 88 1
162 93 1
162 94 1
162 99 1
162 108 1
162 110 1
162 112 1
162 113 1
163 18 1
163 19 1
163 32 1
163 33 1
163 46 1
163 47 1
163 48 1
163 49 1
163 50 1
163 51 1
163 62 1
163 76 1
163 77 1
163 93 1
163 94 1
163 110 1
163 113 1
163 162 1
164 1 1
164 2 1
164 16 1
164 19 1
164 20 1
164 21 1
164 29 1
164 32 1
164 33 1
164 34 1
164 46 1
164 48 1
164 49 1
164 51 1
164 52 1
164 61 1
164 64 1
164 65 1
164 69 1
164 76 1
164 83 1
164 84 1
164 86 1
164 94 1
164 95 1
164 100 1
164 110 1
164 111 1
164 113 1
164 123 1
164 124 1
164 138 1
164 153 1
164 162 1
164 163 1
165 3 1
165 4 1
165 5 1
165 12 1
165 31 1
165 39 1
165 40 1
165 58 1
165 67 1
165 68 1
165 71 1
165 84 1
165 88 1
165 96 1
165 98 1
165 99 1
165 108 1
165 112 1
165 115 1
165 132 1
165 139 1
165 140 1
165 141 1
165 142 1
165 143 1
165 154 1
166 3 1
166 4 1
166 5 1
166 6 1
166 12 1
166 18 1
166 29 1
166 31 1
166 37 1
166 38 1
166 39 1
166 40 1
166 41 1
166 47 1
166 54 1
166 62 1
166 67 1
166 68 1
166 70 1
166 71 1
166 72 1
166 84 1
166 88 1
166 93 1
166 96 1
166 98 1
166 99 1
166 108 1
166 112 1
166 114 1
166 115 1
166 127 1
166 128 1
166 132 1
166 133 1
166 139 1
166 140 1
166 141 1
166 142 1
166 143 1
166 154 1
166 155 1
166 165 1
167 4 1
167 6 1
167 7 1
167 9 1
167 10 1
167 13 1
167 24 1
167 25 1
167 35 1
167 36 1
167 37 1
167 38 1
167 39 1
167 40 1
167 41 1
167 42 1
167 43 1
167 53 1
167 54 1
167 55 1
167 57 1
167 68 1
167 70 1
167 71 1
167 72 1
167 73 1
167 78 1
167 79 1
167 80 1
167 99 1
167 101 1
167 105 1
167 114 1
167 115 1
167 116 1
167 117 1
167 119 1
167 120 1
167 121 1
167 126 1
167 127 1
167 128 1
167 129 1
167 130 1
167 133 1
167 140 1
167 141 1
167 145 1
167 149 1
167 150 1
167 154 1
167 155 1
167 156 1
167 158 1
167 159 1
167 166 1
168 8 1
168 22 1
168 23 1
168 35 1
168 36 1
168 43 1
168 44 1
168 53 1
168 56 1
168 57 1
168 73 1
168 74 1
168 78 1
168 80 1
168 89 1
168 102 1
168 106 1
168 118 1
168 119 1
168 121 1
168 125 1
168 126 1
168 129 1
168 134 1
168 144 1
168 146 1
168 148 1
168 151 1
168 156 1
168 157 1
168 159 1
168 160 1
169 9 1
169 10 1
169 13 1
169 24 1
169 55 1
169 75 1
169 101 1
169 103 1
169 104 1
169 105 1
169 120 1
169 131 1
169 135 1
169 149 1
169 150 1
169 158 1
170 7 1
170 8 1
170 22 1
170 23 1
170 25 1
170 35 1
170 36 1
170 37 1
170 38 1
170 39 1
170 43 1
170 44 1
170 53 1
170 56 1
170 57 1
170 70 1
170 73 1
170 74 1
170 78 1
170 79 1
170 80 1
170 89 1
170 102 1
170 106 1
170 114 1
170 117 1
170 118 1
170 119 1
170 121 1
170 125 1
170 126 1
170 127 1
170 129 1
170 134 1
170 141 1
170 144 1
170 145 1
170 146 1
170 148 1
170 151 1
170 156 1
170 159 1
170 160 1
170 168 1
171 0 1
171 1 1
171 3 1
171 11 1
171 12 1
171 17 1
171 18 1
171 19 1
171 30 1
171 32 1
171 33 1
171 46 1
171 47 1
171 48 1
171 50 1
171 51 1
171 62 1
171 63 1
171 76 1
171 77 1
171 82 1
171 84 1
171 86 1
171 87 1
171 88 1
171 91 1
171 92 1
171 93 1
171 94 1
171 99 1
171 108 1
171 109 1
171 110 1
171 112 1
171 113 1
171 162 1
171 163 1
171 164 1
172 5 1
172 12 1
172 17 1
172 18 1
172 32 1
172 47 1
172 50 1
172 62 1
172 63 1
172 68 1
172 88 1
172 93 1
172 99 1
172 108 1
172 109 1
172 112 1
172 132 1
172 136 1
172 140 1
172 141 1
172 142 1
172 143 1
172 162 1
172 166 1
172 171 1
173 0 1
173 1 1
173 2 1
173 11 1
173 12 1
173 14 1
173 16 1
173 20 1
173 21 1
173 27 1
173 28 1
173 30 1
173 32 1
173 33 1
173 34 1
173 46 1
173 50 1
173 51 1
173 52 1
173 58 1
173 59 1
173 60 1
173 61 1
173 64 1
173 66 1
173 77 1
173 81 1
173 82 1
173 83 1
173 85 1
173 86 1
173 87 1
173 91 1
173 92 1
173 96 1
173 97 1
173 107 1
173 111 1
173 113 1
173 122 1
173 123 1
173 124 1
173 137 1
173 138 1
173 147 1
173 152 1
173 153 1
173 161 1
174 0 1
174 1 1
174 2 1
174 3 1
174 5 1
174 11 1
174 12 1
174 14 1
174 15 1
174 17 1
174 21 1
174 26 1
174 31 1
174 32 1
174 33 1
174 47 1
174 50 1
174 58 1
174 62 1
174 63 1
174 67 1
174 77 1
174 81 1
174 82 1
174 84 1
174 85 1
174 86 1
174 87 1
174 88 1
174 91 1
174 92 1
174 93 1
174 96 1
174 98 1
174 107 1
174 108 1
174 109 1
174 112 1
174 124 1
174 132 1
174 136 1
174 137 1
174 139 1
174 147 1
174 161 1
174 171 1
174 172 1
174 173 1
175 0 1
175 1 1
175 3 1
175 4 1
175 5 1
175 12 1
175 14 1
175 15 1
175 17 1
175 18 1
175 26 1
175 31 1
175 32 1
175 47 1
175 50 1
175 58 1
175 62 1
175 63 1
175 67 1
175 68 1
175 77 1
175 84 1
175 87 1
175 88 1
175 91 1
175 93 1
175 96 1
175 98 1
175 99 1
175 107 1
175 108 1
175 109 1
175 112 1
175 132 1
175 136 1
175 139 1
175 140 1
175 141 1
175 142 1
175 143 1
175 161 1
175 165 1
175 166 1
175 171 1
175 172 1
175 174 1
176 8 1
176 22 1
176 23 1
176 35 1
176 36 1
176 43 1
176 44 1
176 53 1
176 56 1
176 57 1
176 73 1
176 74 1
176 78 1
176 80 1
176 89 1
176 102 1
176 106 1
176 118 1
176 119 1
176 121 1
176 125 1
176 126 1
176 127 1
176 129 1
176 134 1
176 144 1
176 146 1
176 148 1
176 151 1
176 156 1
176 157 1
176 159 1
176 160 1
176 168 1
176 170 1
177 8 1
177 22 1
177 23 1
177 25 1
177 35 1
177 36 1
177 43 1
177 44 1
177 45 1
177 53 1
177 56 1
177 57 1
177 73 1
177 74 1
177 78 1
177 79 1
177 80 1
177 89 1
177 102 1
177 106 1
177 118 1
177 119 1
177 121 1
177 125 1
177 126 1
177 127 1
177 129 1
177 130 1
177 134 1
177 144 1
177 146 1
177 148 1
177 151 1
177 156 1
177 157 1
177 159 1
177 160 1
177 168 1
177 170 1
177 176 1
178 6 1
178 7 1
178 9 1
178 10 1
178 13 1
178 23 1
178 24 1
178 25 1
178 38 1
178 39 1
178 41 1
178 42 1
178 43 1
178 45 1
178 54 1
178 55 1
178 57 1
178 70 1
178 71 1
178 72 1
178 73 1
178 74 1
178 75 1
178 79 1
178 80 1
178 101 1
178 103 1
178 104 1
178 105 1
178 114 1
178 115 1
178 116 1
178 117 1
178 119 1
178 120 1
178 121 1
178 128 1
178 129 1
178 130 1
178 131 1
178 133 1
178 135 1
178 145 1
178 149 1
178 150 1
178 154 1
178 155 1
178 156 1
178 157 1
178 158 1
178 167 1
178 169 1
179 0 1
179 1 1
179 2 1
179 11 1
179 12 1
179 14 1
179 15 1
179 26 1
179 27 1
179 32 1
179 50 1
179 58 1
179 77 1
179 81 1
179 82 1
179 85 1
179 86 1
179 87 1
179 90 1
179 91 1
179 92 1
179 98 1
179 107 1
179 124 1
179 136 1
179 137 1
179 147 1
179 152 1
179 161 1
179 173 1
179 174 1
180 0 1
180 1 1
180 2 1
180 3 1
180 5 1
180 11 1
180 12 1
180 14 1
180 15 1
180 21 1
180 26 1
180 31 1
180 32 1
180 50 1
180 58 1
180 62 1
180 67 1
180 77 1
180 81 1
180 82 1
180 84 1
180 85 1
180 86 1
180 87 1
180 90 1
180 91 1
180 96 1
180 98 1
180 107 1
180 108 1
180 109 1
180 112 1
180 124 1
180 132 1
180 136 1
180 137 1
180 139 1
180 147 1
180 161 1
180 173 1
180 174 1
180 175 1
180 179 1
181 0 1
181 1 1
181 2 1
181 11 1
181 12 1
181 14 1
181 26 1
181 27 1
181 30 1
181 32 1
181 33 1
181 50 1
181 58 1
181 59 1
181 62 1
181 66 1
181 77 1
181 81 1
181 82 1
181 85 1
181 86 1
181 87 1
181 91 1
181 92 1
181 97 1
181 98 1
181 107 1
181 112 1
181 113 1
181 124 1
181 136 1
181 152 1
181 161 1
181 171 1
181 173 1
181 174 1
181 179 1
181 180 1
182 0 1
182 1 1
182 2 1
182 11 1
182 16 1
182 19 1
182 20 1
182 21 1
182 28 1
182 29 1
182 30 1
182 33 1
182 34 1
182 46 1
182 48 1
182 49 1
182 51 1
182 52 1
182 59 1
182 60 1
182 61 1
182 64 1
182 65 1
182 66 1
182 69 1
182 76 1
182 83 1
182 84 1
182 85 1
182 86 1
182 94 1
182 95 1
182 97 1
182 100 1
182 111 1
182 113 1
182 122 1
182 123 1
182 124 1
182 138 1
182 153 1
182 163 1
182 164 1
182 173 1
183 0 1
183 1 1
183 2 1
183 11 1
183 16 1
183 18 1
183 19 1
183 20 1
183 21 1
183 27 1
183 29 1
183 30 1
183 32 1
183 33 1
183 34 1
183 46 1
183 48 1
183 49 1
183 50 1
183 51 1
183 52 1
183 59 1
183 60 1
183 62 1
183 64 1
183 66 1
183 76 1
183 77 1
183 82 1
183 84 1
183 85 1
183 86 1
183 87 1
183 92 1
183 94 1
183 97 1
183 100 1
183 110 1
183 111 1
183 113 1
183 122 1
183 123 1
183 124 1
183 138 1
183 152 1
183 153 1
183 162 1
183 163 1
183 164 1
183 171 1
183 173 1
183 182 1
184 0 1
184 1 1
184 2 1
184 3 1
184 12 1
184 16 1
184 18 1
184 20 1
184 21 1
184 29 1
184 31 1
184 46 1
184 48 1
184 49 1
184 50 1
184 61 1
184 62 1
184 64 1
184 65 1
184 67 1
184 68 1
184 76 1
184 83 1
184 84 1
184 85 1
184 86 1
184 87 1
184 88 1
184 94 1
184 95 1
184 96 1
184 98 1
184 111 1
184 112 1
184 139 1
184 153 1
184 163 1
184 164 1
184 166 1
184 171 1
184 174 1
184 180 1
184 182 1
184 183 1
185 1 1
185 2 1
185 11 1
185 16 1
185 27 1
185 28 1
185 30 1
185 32 1
185 33 1
185 34 1
185 46 1
185 48 1
185 51 1
185 52 1
185 59 1
185 60 1
185 66 1
185 69 1
185 76 1
185 77 1
185 82 1
185 86 1
185 92 1
185 94 1
185 97 1
185 100 1
185 111 1
185 113 1
185 122 1
185 123 1
185 124 1
185 138 1
185 152 1
185 153 1
185 164 1
185 173 1
185 182 1
185 183 1
186 1 1
186 2 1
186 11 1
186 27 1
186 28 1
186 30 1
186 32 1
186 33 1
186 34 1
186 46 1
186 48 1
186 50 1
186 51 1
186 52 1
186 59 1
186 60 1
186 62 1
186 66 1
186 76 1
186 77 1
186 82 1
186 86 1
186 87 1
186 91 1
186 92 1
186 94 1
186 97 1
186 107 1
186 110 1
186 113 1
186 122 1
186 124 1
186 138 1
186 152 1
186 162 1
186 163 1
186 171 1
186 173 1
186 174 1
186 179 1
186 181 1
186 182 1
186 183 1
186 185 1
187 0 1
187 1 1
187 3 1
187 5 1
187 11 1
187 12 1
187 14 1
187 17 1
187 18 1
187 21 1
187 26 1
187 31 1
187 32 1
187 33 1
187 47 1
187 50 1
187 58 1
187 62 1
187 63 1
187 67 1
187 68 1
187 76 1
187 77 1
187 81 1
187 82 1
187 84 1
187 85 1
187 86 1
187 87 1
187 88 1
187 91 1
187 92 1
187 93 1
187 96 1
187 98 1
187 99 1
187 107 1
187 108 1
187 109 1
187 112 1
187 132 1
187 136 1
187 139 1
187 142 1
187 143 1
187 161 1
187 162 1
187 163 1
187 166 1
187 171 1
187 172 1
187 174 1
187 175 1
187 179 1
187 180 1
187 181 1
187 184 1
187 186 1
188 0 1
188 1 1
188 2 1
188 11 1
188 12 1
188 18 1
188 19 1
188 21 1
188 27 1
188 30 1
188 32 1
188 33 1
188 34 1
188 46 1
188 47 1
188 48 1
188 49 1
188 50 1
188 51 1
188 52 1
188 59 1
188 62 1
188 66 1
188 76 1
188 77 1
188 82 1
188 84 1
188 85 1
188 86 1
188 87 1
188 91 1
188 92 1
188 93 1
188 94 1
188 96 1
188 97 1
188 107 1
188 108 1
188 110 1
188 111 1
188 112 1
188 113 1
188 122 1
188 124 1
188 138 1
188 152 1
188 162 1
188 163 1
188 164 1
188 171 1
188 173 1
188 174 1
188 180 1
188 181 1
188 182 1
188 183 1
188 184 1
188 185 1
188 186 1
188 187 1
189 6 1
189 7 1
189 9 1
189 10 1
189 13 1
189 24 1
189 25 1
189 38 1
189 39 1
189 40 1
189 41 1
189 42 1
189 54 1
189 55 1
189 70 1
189 71 1
189 72 1
189 75 1
189 79 1
189 101 1
189 103 1
189 104 1
189 105 1
189 114 1
189 115 1
189 116 1
189 117 1
189 120 1
189 128 1
189 129 1
189 131 1
189 133 1
189 135 1
189 145 1
189 149 1
189 150 1
189 154 1
189 155 1
189 158 1
189 167 1
189 169 1
189 178 1
190 4 1
190 6 1
190 7 1
190 9 1
190 10 1
190 13 1
190 24 1
190 25 1
190 36 1
190 37 1
190 38 1
190 39 1
190 40 1
190 41 1
190 42 1
190 43 1
190 53 1
190 54 1
190 55 1
190 57 1
190 68 1
190 70 1
190 71 1
190 72 1
190 78 1
190 79 1
190 80 1
190 99 1
190 101 1
190 105 1
190 114 1
190 115 1
190 116 1
190 117 1
190 119 1
190 120 1
190 121 1
190 127 1
190 128 1
190 129 1
190 133 1
190 140 1
190 141 1
190 145 1
190 149 1
190 150 1
190 154 1
190 155 1
190 156 1
190 158 1
190 159 1
190 166 1
190 167 1
190 178 1
190 189 1
191 6 1
191 7 1
191 9 1
191 10 1
191 13 1
191 24 1
191 25 1
191 41 1
191 42 1
191 43 1
191 45 1
191 54 1
191 55 1
191 72 1
191 75 1
191 79 1
191 101 1
191 103 1
191 104 1
191 105 1
191 115 1
191 116 1
191 117 1
191 119 1
191 120 1
191 121 1
191 128 1
191 130 1
191 131 1
191 133 1
191 135 1
191 145 1
191 149 1
191 150 1
191 155 1
191 158 1
191 167 1
191 169 1
191 178 1
191 189 1
191 190 1
192 6 1
192 7 1
192 8 1
192 9 1
192 10 1
192 22 1
192 23 1
192 25 1
192 35 1
192 36 1
192 37 1
192 38 1
192 39 1
192 42 1
192 43 1
192 44 1
192 45 1
192 53 1
192 56 1
192 57 1
192 70 1
192 73 1
192 74 1
192 78 1
192 79 1
192 80 1
192 89 1
192 102 1
192 106 1
192 114 1
192 116 1
192 117 1
192 118 1
192 119 1
192 121 1
192 125 1
192 126 1
192 127 1
192 129 1
192 130 1
192 134 1
192 144 1
192 145 1
192 146 1
192 148 1
192 149 1
192 150 1
192 151 1
192 156 1
192 157 1
192 159 1
192 160 1
192 167 1
192 168 1
192 170 1
192 176 1
192 177 1
192 178 1
192 190 1
193 0 1
193 3 1
193 5 1
193 11 1
193 12 1
193 17 1
193 18 1
193 32 1
193 47 1
193 50 1
193 62 1
193 63 1
193 68 1
193 76 1
193 77 1
193 84 1
193 87 1
193 88 1
193 91 1
193 93 1
193 98 1
193 99 1
193 107 1
193 108 1
193 109 1
193 110 1
193 112 1
193 132 1
193 136 1
193 139 1
193 140 1
193 141 1
193 142 1
193 143 1
193 162 1
193 163 1
193 166 1
193 171 1
193 172 1
193 174 1
193 175 1
193 180 1
193 187 1
193 188 1
194 0 1
194 1 1
194 2 1
194 3 1
194 11 1
194 12 1
194 14 1
194 16 1
194 18 1
194 20 1
194 21 1
194 26 1
194 29 1
194 30 1
194 31 1
194 32 1
194 33 1
194 46 1
194 48 1
194 49 1
194 50 1
194 52 1
194 58 1
194 61 1
194 62 1
194 64 1
194 65 1
194 67 1
194 76 1
194 77 1
194 81 1
194 82 1
194 83 1
194 84 1
194 85 1
194 86 1
194 87 1
194 91 1
194 95 1
194 96 1
194 97 1
194 98 1
194 107 1
194 111 1
194 112 1
194 113 1
194 122 1
194 123 1
194 124 1
194 137 1
194 138 1
194 139 1
194 153 1
194 161 1
194 162 1
194 163 1
194 164 1
194 171 1
194 173 1
194 174 1
194 175 1
194 179 1
194 180 1
194 181 1
194 182 1
194 183 1
194 184 1
194 186 1
194 187 1
194 188 1
194 193 1
195 6 1
195 7 1
195 8 1
195 9 1
195 10 1
195 22 1
195 23 1
195 25 1
195 35 1
195 36 1
195 37 1
195 38 1
195 39 1
195 41 1
195 42 1
195 43 1
195 44 1
195 53 1
195 54 1
195 55 1
195 56 1
195 57 1
195 70 1
195 71 1
195 73 1
195 74 1
195 78 1
195 79 1
195 80 1
195 89 1
195 99 1
195 102 1
195 106 1
195 114 1
195 115 1
195 116 1
195 117 1
195 118 1
195 119 1
195 121 1
195 125 1
195 126 1
195 127 1
195 128 1
195 129 1
195 130 1
195 134 1
195 140 1
195 141 1
195 144 1
195 145 1
195 146 1
195 148 1
195 149 1
195 150 1
195 151 1
195 154 1
195 156 1
195 157 1
195 159 1
195 160 1
195 167 1
195 168 1
195 170 1
195 176 1
195 177 1
195 178 1
195 190 1
195 192 1
196 6 1
196 7 1
196 9 1
196 10 1
196 13 1
196 23 1
196 24 1
196 25 1
196 41 1
196 42 1
196 43 1
196 45 1
196 54 1
196 55 1
196 73 1
196 74 1
196 75 1
196 79 1
196 80 1
196 101 1
196 103 1
196 104 1
196 105 1
196 116 1
196 117 1
196 119 1
196 120 1
196 121 1
196 128 1
196 129 1
196 130 1
196 131 1
196 135 1
196 145 1
196 149 1
196 150 1
196 156 1
196 157 1
196 158 1
196 167 1
196 169 1
196 178 1
196 189 1
196 190 1
196 191 1
196 192 1
197 6 1
197 7 1
197 9 1
197 10 1
197 13 1
197 23 1
197 24 1
197 25 1
197 37 1
197 38 1
197 39 1
197 41 1
197 42 1
197 43 1
197 45 1
197 53 1
197 54 1
197 55 1
197 56 1
197 57 1
197 70 1
197 71 1
197 72 1
197 73 1
197 74 1
197 78 1
197 79 1
197 80 1
197 89 1
197 101 1
197 103 1
197 105 1
197 114 1
197 115 1
197 116 1
197 117 1
197 119 1
197 120 1
197 121 1
197 126 1
197 127 1
197 128 1
197 129 1
197 130 1
197 131 1
197 133 1
197 134 1
197 135 1
197 145 1
197 146 1
197 149 1
197 150 1
197 154 1
197 155 1
197 156 1
197 157 1
197 158 1
197 159 1
197 160 1
197 167 1
197 178 1
197 189 1
197 190 1
197 191 1
197 192 1
197 195 1
197 196 1
198 6 1
198 7 1
198 8 1
198 9 1
198 10 1
198 13 1
198 22 1
198 23 1
198 24 1
198 25 1
198 35 1
198 36 1
198 37 1
198 38 1
198 39 1
198 41 1
198 42 1
198 43 1
198 44 1
198 45 1
198 53 1
198 54 1
198 55 1
198 56 1
198 57 1
198 70 1
198 73 1
198 74 1
198 78 1
198 79 1
198 80 1
198 89 1
198 102 1
198 105 1
198 106 1
198 114 1
198 116 1
198 117 1
198 118 1
198 119 1
198 120 1
198 121 1
198 125 1
198 126 1
198 127 1
198 128 1
198 129 1
198 130 1
198 134 1
198 144 1
198 145 1
198 146 1
198 148 1
198 149 1
198 150 1
198 151 1
198 154 1
198 156 1
198 157 1
198 158 1
198 159 1
198 160 1
198 167 1
198 168 1
198 170 1
198 176 1
198 177 1
198 178 1
198 190 1
198 192 1
198 195 1
198 196 1
198 197 1
199 6 1
199 7 1
199 8 1
199 9 1
199 10 1
199 13 1
199 22 1
199 23 1
199 24 1
199 25 1
199 35 1
199 36 1
199 37 1
199 38 1
199 39 1
199 41 1
199 42 1
199 43 1
199 44 1
199 45 1
199 53 1
199 54 1
199 55 1
199 56 1
199 57 1
199 70 1
199 73 1
199 74 1
199 78 1
199 79 1
199 80 1
199 89 1
199 102 1
199 105 1
199 106 1
199 114 1
199 116 1
199 117 1
199 118 1
199 119 1
199 120 1
199 121 1
199 125 1
199 126 1
199 127 1
199 128 1
199 129 1
199 130 1
199 134 1
199 144 1
199 145 1
199 146 1
199 148 1
199 149 1
199 150 1
199 151 1
199 154 1
199 156 1
199 157 1
199 158 1
199 159 1
199 160 1
199 167 1
199 168 1
199 170 1
199 176 1
199 177 1
199 178 1
199 190 1
199 192 1
199 195 1
199 196 1
199 197 1
199 198 1
200 7 1
200 8 1
200 9 1
200 22 1
200 23 1
200 25 1
200 35 1
200 36 1
200 37 1
200 43 1
200 44 1
200 45 1
200 53 1
200 56 1
200 57 1
200 70 1
200 73 1
200 74 1
200 78 1
200 79 1
200 80 1
200 89 1
200 102 1
200 106 1
200 114 1
200 117 1
200 118 1
200 119 1
200 121 1
200 125 1
200 126 1
200 127 1
200 129 1
200 130 1
200 134 1
200 144 1
200 146 1
200 148 1
200 151 1
200 156 1
200 157 1
200 159 1
200 160 1
200 168 1
200 170 1
200 176 1
200 177 1
200 192 1
200 195 1
200 197 1
200 198 1
200 199 1
201 7 1
201 8 1
201 9 1
201 22 1
201 23 1
201 25 1
201 35 1
201 36 1
201 37 1
201 43 1
201 44 1
201 45 1
201 53 1
201 56 1
201 57 1
201 70 1
201 73 1
201 74 1
201 78 1
201 79 1
201 80 1
201 89 1
201 102 1
201 106 1
201 114 1
201 117 1
201 118 1
201 119 1
201 121 1
201 125 1
201 126 1
201 127 1
201 129 1
201 130 1
201 134 1
201 144 1
201 146 1
201 148 1
201 151 1
201 156 1
201 157 1
201 159 1
201 160 1
201 168 1
201 170 1
201 176 1
201 177 1
201 192 1
201 195 1
201 197 1
201 198 1
201 199 1
201 200 1
202 7 1
202 9 1
202 10 1
202 13 1
202 23 1
202 24 1
202 25 1
202 41 1
202 42 1
202 43 1
202 45 1
202 55 1
202 73 1
202 74 1
202 75 1
202 79 1
202 80 1
202 103 1
202 104 1
202 105 1
202 116 1
202 117 1
202 119 1
202 120 1
202 121 1
202 128 1
202 129 1
202 130 1
202 131 1
202 135 1
202 145 1
202 149 1
202 150 1
202 156 1
202 157 1
202 158 1
202 167 1
202 169 1
202 178 1
202 189 1
202 191 1
202 192 1
202 196 1
202 197 1
202 198 1
202 199 1
203 7 1
203 9 1
203 10 1
203 13 1
203 23 1
203 24 1
203 25 1
203 41 1
203 42 1
203 43 1
203 45 1
203 55 1
203 73 1
203 74 1
203 75 1
203 79 1
203 80 1
203 103 1
203 104 1
203 105 1
203 116 1
203 117 1
203 119 1
203 120 1
203 121 1
203 128 1
203 129 1
203 130 1
203 131 1
203 135 1
203 145 1
203 149 1
203 150 1
203 156 1
203 157 1
203 158 1
203 167 1
203 169 1
203 178 1
203 189 1
203 191 1
203 192 1
203 196 1
203 197 1
203 198 1
203 199 1
203 202 1
204 0 1
204 1 1
204 11 1
204 12 1
204 18 1
204 19 1
204 21 1
204 30 1
204 32 1
204 33 1
204 34 1
204 46 1
204 47 1
204 48 1
204 49 1
204 50 1
204 51 1
204 62 1
204 66 1
204 76 1
204 77 1
204 82 1
204 84 1
204 86 1
204 87 1
204 91 1
204 92 1
204 93 1
204 94 1
204 97 1
204 108 1
204 110 1
204 112 1
204 113 1
204 124 1
204 152 1
204 162 1
204 163 1
204 164 1
204 171 1
204 172 1
204 174 1
204 181 1
204 182 1
204 183 1
204 184 1
204 185 1
204 186 1
204 187 1
204 188 1
204 193 1
204 194 1
205 0 1
205 1 1
205 2 1
205 3 1
205 4 1
205 5 1
205 12 1
205 14 1
205 15 1
205 21 1
205 26 1
205 29 1
205 31 1
205 50 1
205 58 1
205 62 1
205 64 1
205 65 1
205 67 1
205 68 1
205 77 1
205 81 1
205 84 1
205 85 1
205 86 1
205 87 1
205 88 1
205 90 1
205 91 1
205 95 1
205 96 1
205 98 1
205 107 1
205 108 1
205 112 1
205 132 1
205 137 1
205 139 1
205 142 1
205 143 1
205 147 1
205 161 1
205 165 1
205 166 1
205 174 1
205 175 1
205 180 1
205 184 1
205 187 1
205 193 1
205 194 1
206 0 1
206 3 1
206 4 1
206 5 1
206 12 1
206 18 1
206 21 1
206 29 1
206 31 1
206 39 1
206 40 1
206 47 1
206 50 1
206 58 1
206 62 1
206 65 1
206 67 1
206 68 1
206 71 1
206 84 1
206 85 1
206 87 1
206 88 1
206 96 1
206 98 1
206 99 1
206 108 1
206 109 1
206 112 1
206 115 1
206 132 1
206 139 1
206 140 1
206 141 1
206 142 1
206 143 1
206 154 1
206 165 1
206 166 1
206 174 1
206 175 1
206 180 1
206 184 1
206 187 1
206 193 1
206 194 1
206 205 1
207 4 1
207 6 1
207 7 1
207 9 1
207 10 1
207 13 1
207 24 1
207 25 1
207 37 1
207 38 1
207 39 1
207 40 1
207 41 1
207 42 1
207 43 1
207 54 1
207 55 1
207 70 1
207 71 1
207 72 1
207 75 1
207 78 1
207 79 1
207 101 1
207 105 1
207 114 1
207 115 1
207 116 1
207 117 1
207 120 1
207 121 1
207 127 1
207 128 1
207 129 1
207 131 1
207 133 1
207 135 1
207 140 1
207 141 1
207 145 1
207 149 1
207 150 1
207 154 1
207 155 1
207 156 1
207 158 1
207 166 1
207 167 1
207 178 1
207 189 1
207 190 1
207 191 1
207 195 1
207 196 1
207 197 1
207 198 1
207 199 1
207 202 1
207 203 1
208 7 1
208 8 1
208 9 1
208 10 1
208 22 1
208 23 1
208 25 1
208 35 1
208 36 1
208 43 1
208 44 1
208 45 1
208 53 1
208 56 1
208 57 1
208 70 1
208 73 1
208 74 1
208 78 1
208 79 1
208 80 1
208 89 1
208 102 1
208 106 1
208 114 1
208 116 1
208 117 1
208 118 1
208 119 1
208 121 1
208 125 1
208 126 1
208 127 1
208 129 1
208 130 1
208 134 1
208 144 1
208 145 1
208 146 1
208 148 1
208 149 1
208 150 1
208 151 1
208 156 1
208 157 1
208 159 1
208 160 1
208 168 1
208 170 1
208 176 1
208 177 1
208 178 1
208 192 1
208 195 1
208 197 1
208 198 1
208 199 1
208 200 1
208 201 1
208 202 1
208 203 1
209 7 1
209 9 1
209 10 1
209 13 1
209 24 1
209 25 1
209 41 1
209 42 1
209 43 1
209 45 1
209 54 1
209 55 1
209 72 1
209 75 1
209 79 1
209 101 1
209 103 1
209 104 1
209 105 1
209 116 1
209 120 1
209 121 1
209 128 1
209 130 1
209 131 1
209 133 1
209 135 1
209 145 1
209 149 1
209 150 1
209 155 1
209 158 1
209 169 1
209 178 1
209 189 1
209 190 1
209 191 1
209 196 1
209 197 1
209 202 1
209 203 1
209 207 1
210 6 1
210 7 1
210 8 1
210 9 1
210 10 1
210 13 1
210 22 1
210 23 1
210 24 1
210 25 1
210 35 1
210 36 1
210 37 1
210 38 1
210 39 1
210 41 1
210 42 1
210 43 1
210 44 1
210 45 1
210 53 1
210 54 1
210 55 1
210 56 1
210 57 1
210 70 1
210 71 1
210 73 1
210 74 1
210 78 1
210 79 1
210 80 1
210 89 1
210 102 1
210 103 1
210 105 1
210 106 1
210 114 1
210 115 1
210 116 1
210 117 1
210 119 1
210 120 1
210 121 1
210 125 1
210 126 1
210 127 1
210 128 1
210 129 1
210 130 1
210 134 1
210 144 1
210 145 1
210 146 1
210 148 1
210 149 1
210 150 1
210 154 1
210 156 1
210 157 1
210 158 1
210 159 1
210 160 1
210 167 1
210 168 1
210 170 1
210 176 1
210 177 1
210 178 1
210 189 1
210 190 1
210 191 1
210 192 1
210 195 1
210 196 1
210 197 1
210 198 1
210 199 1
210 200 1
210 201 1
210 202 1
210 203 1
210 207 1
210 208 1
210 209 1
211 6 1
211 7 1
211 8 1
211 9 1
211 10 1
211 13 1
211 22 1
211 23 1
211 24 1
211 25 1
211 35 1
211 36 1
211 37 1
211 38 1
211 39 1
211 41 1
211 42 1
211 43 1
211 44 1
211 45 1
211 53 1
211 54 1
211 55 1
211 56 1
211 57 1
211 70 1
211 71 1
211 73 1
211 74 1
211 78 1
211 79 1
211 80 1
211 89 1
211 102 1
211 105 1
211 106 1
211 114 1
211 115 1
211 116 1
211 117 1
211 118 1
211 119 1
211 120 1
211 121 1
211 125 1
211 126 1
211 127 1
211 128 1
211 129 1
211 130 1
211 134 1
211 144 1
211 145 1
211 146 1
211 148 1
211 149 1
211 150 1
211 151 1
211 154 1
211 156 1
211 157 1
211 158 1
211 159 1
211 160 1
211 167 1
211 168 1
211 170 1
211 176 1
211 177 1
211 178 1
211 190 1
211 192 1
211 195 1
211 196 1
211 197 1
211 198 1
211 199 1
211 200 1
211 201 1
211 202 1
211 203 1
211 207 1
211 208 1
211 210 1
