# minsup
1
# graph
G_./4LAY.pdb
# node ID, label
0 A
1 A
2 A
3 A
4 A
5 A
6 A
7 A
8 A
9 A
10 A
11 A
12 A
13 C
14 C
15 D
16 D
17 D
18 D
19 D
20 D
21 D
22 D
23 D
24 D
25 D
26 D
27 D
28 D
29 E
30 E
31 E
32 E
33 E
34 E
35 E
36 E
37 E
38 E
39 E
40 E
41 E
42 E
43 E
44 E
45 E
46 E
47 E
48 E
49 E
50 E
51 E
52 E
53 E
54 F
55 F
56 F
57 F
58 F
59 F
60 F
61 F
62 F
63 F
64 F
65 F
66 G
67 G
68 G
69 G
70 G
71 G
72 G
73 G
74 G
75 G
76 G
77 G
78 G
79 G
80 G
81 G
82 G
83 G
84 G
85 G
86 G
87 G
88 G
89 G
90 G
91 H
92 H
93 H
94 H
95 I
96 I
97 I
98 I
99 I
100 I
101 I
102 I
103 I
104 I
105 I
106 I
107 I
108 I
109 I
110 K
111 K
112 K
113 K
114 K
115 K
116 K
117 K
118 K
119 K
120 K
121 K
122 K
123 K
124 K
125 K
126 K
127 K
128 K
129 K
130 K
131 K
132 L
133 L
134 L
135 L
136 L
137 L
138 L
139 L
140 L
141 L
142 L
143 L
144 L
145 L
146 L
147 L
148 L
149 L
150 M
151 M
152 N
153 N
154 P
155 P
156 P
157 P
158 P
159 P
160 P
161 P
162 P
163 P
164 P
165 P
166 Q
167 Q
168 Q
169 Q
170 Q
171 R
172 R
173 R
174 R
175 R
176 R
177 R
178 R
179 S
180 S
181 S
182 S
183 S
184 S
185 S
186 S
187 S
188 S
189 T
190 T
191 T
192 T
193 T
194 T
195 T
196 T
197 T
198 V
199 V
200 V
201 V
202 V
203 V
204 V
205 V
206 V
207 V
208 V
209 V
210 W
211 W
212 X
213 X
214 X
215 X
216 X
217 X
218 X
219 X
220 X
221 X
222 X
223 X
224 X
225 X
226 X
227 X
228 X
229 X
230 X
231 X
232 X
233 X
234 X
235 X
236 Y
237 Y
238 Y
239 Y
240 Y
241 Y
242 Y
243 Y
244 Y
245 Y
# node ID1, node ID2, number of bounds
1 0 1
2 0 1
2 1 1
3 0 1
3 1 1
4 3 1
5 0 1
5 3 1
5 4 1
7 6 1
9 6 1
9 7 1
9 8 1
10 9 1
11 10 1
12 6 1
12 7 1
13 0 1
13 1 1
13 2 1
14 0 1
14 1 1
14 2 1
14 3 1
14 5 1
14 13 1
15 0 1
15 1 1
15 2 1
15 13 1
15 14 1
16 0 1
16 1 1
16 3 1
16 14 1
16 15 1
17 1 1
17 2 1
17 9 1
18 5 1
18 14 1
19 3 1
19 5 1
19 18 1
20 19 1
21 19 1
21 20 1
22 0 1
22 1 1
22 2 1
22 17 1
23 0 1
23 1 1
23 2 1
23 3 1
23 13 1
23 14 1
23 15 1
23 17 1
23 22 1
24 9 1
24 10 1
24 17 1
24 22 1
25 9 1
25 10 1
25 24 1
26 11 1
27 8 1
27 10 1
27 11 1
27 26 1
28 8 1
28 10 1
28 11 1
28 27 1
29 0 1
29 1 1
29 3 1
29 5 1
29 14 1
29 15 1
29 16 1
30 1 1
30 2 1
30 17 1
31 1 1
31 2 1
31 13 1
31 30 1
32 0 1
32 1 1
32 3 1
32 4 1
32 5 1
32 14 1
32 15 1
32 16 1
32 23 1
32 29 1
33 0 1
33 1 1
33 2 1
33 3 1
33 13 1
33 14 1
33 18 1
33 19 1
33 20 1
33 23 1
33 31 1
34 0 1
34 1 1
34 2 1
34 13 1
34 19 1
34 20 1
34 21 1
34 23 1
34 31 1
34 33 1
35 1 1
35 2 1
35 13 1
35 17 1
35 21 1
35 22 1
35 30 1
35 31 1
35 34 1
36 2 1
36 9 1
36 17 1
36 22 1
36 24 1
36 25 1
36 35 1
37 9 1
37 24 1
37 25 1
37 36 1
38 9 1
38 24 1
38 25 1
38 36 1
38 37 1
39 9 1
39 17 1
39 22 1
39 24 1
39 25 1
39 36 1
39 37 1
39 38 1
40 6 1
41 6 1
41 7 1
41 9 1
41 12 1
42 8 1
42 9 1
42 10 1
42 26 1
42 27 1
42 28 1
43 8 1
43 27 1
43 28 1
43 42 1
44 7 1
44 8 1
44 9 1
44 12 1
44 28 1
44 41 1
44 43 1
45 7 1
45 9 1
45 10 1
45 12 1
45 28 1
45 41 1
45 44 1
46 7 1
46 9 1
46 10 1
46 27 1
46 28 1
46 41 1
46 44 1
46 45 1
47 7 1
47 8 1
47 9 1
47 10 1
47 24 1
47 27 1
47 28 1
47 37 1
47 41 1
47 42 1
47 43 1
47 44 1
47 45 1
47 46 1
48 6 1
48 7 1
48 8 1
48 9 1
48 36 1
48 40 1
48 41 1
48 47 1
49 6 1
49 8 1
49 9 1
49 17 1
49 36 1
49 40 1
49 42 1
49 43 1
49 47 1
49 48 1
50 10 1
50 11 1
50 27 1
50 28 1
50 46 1
51 9 1
51 10 1
51 11 1
51 24 1
51 25 1
51 26 1
51 27 1
51 42 1
51 50 1
52 8 1
52 9 1
52 10 1
52 26 1
52 27 1
52 36 1
52 42 1
52 43 1
52 47 1
52 48 1
52 49 1
52 51 1
53 6 1
53 7 1
53 12 1
53 40 1
53 41 1
53 44 1
53 45 1
53 48 1
54 1 1
54 2 1
54 13 1
54 17 1
54 21 1
54 22 1
54 23 1
54 24 1
54 30 1
54 31 1
54 33 1
54 34 1
54 35 1
54 36 1
55 3 1
55 5 1
55 14 1
55 18 1
55 19 1
55 20 1
55 33 1
56 1 1
56 17 1
56 19 1
56 20 1
56 21 1
56 22 1
56 23 1
56 33 1
56 34 1
56 35 1
56 54 1
57 0 1
57 1 1
57 2 1
57 17 1
57 21 1
57 22 1
57 23 1
57 24 1
57 34 1
57 35 1
57 36 1
57 54 1
57 56 1
58 0 1
58 1 1
58 2 1
58 3 1
58 5 1
58 13 1
58 14 1
58 15 1
58 18 1
58 19 1
58 20 1
58 23 1
58 31 1
58 33 1
58 34 1
58 54 1
58 55 1
58 56 1
59 1 1
59 2 1
59 13 1
59 17 1
59 21 1
59 22 1
59 30 1
59 31 1
59 33 1
59 34 1
59 35 1
59 54 1
59 56 1
59 57 1
60 1 1
60 2 1
60 17 1
60 21 1
60 22 1
60 23 1
60 24 1
60 30 1
60 31 1
60 34 1
60 35 1
60 36 1
60 54 1
60 56 1
60 57 1
60 59 1
61 8 1
61 10 1
61 11 1
61 26 1
61 27 1
61 28 1
61 42 1
61 43 1
61 50 1
61 51 1
61 52 1
62 7 1
62 8 1
62 9 1
62 12 1
62 28 1
62 41 1
62 43 1
62 44 1
62 45 1
62 46 1
62 47 1
62 53 1
63 9 1
63 10 1
63 11 1
63 27 1
63 28 1
63 46 1
63 47 1
63 50 1
63 51 1
63 61 1
64 10 1
64 11 1
64 26 1
64 27 1
64 28 1
64 42 1
64 46 1
64 50 1
64 51 1
64 61 1
64 63 1
65 6 1
65 7 1
65 8 1
65 9 1
65 12 1
65 40 1
65 41 1
65 43 1
65 44 1
65 45 1
65 47 1
65 48 1
65 49 1
65 53 1
65 62 1
66 0 1
66 1 1
66 13 1
66 14 1
66 15 1
66 16 1
66 29 1
66 33 1
66 58 1
67 0 1
67 1 1
67 3 1
67 5 1
67 14 1
67 15 1
67 16 1
67 23 1
67 29 1
67 32 1
67 58 1
67 66 1
68 1 1
68 2 1
68 13 1
68 30 1
68 31 1
68 33 1
68 34 1
68 35 1
68 54 1
68 59 1
68 60 1
69 2 1
69 30 1
69 31 1
69 35 1
69 59 1
69 60 1
69 68 1
70 1 1
70 2 1
70 9 1
70 17 1
70 22 1
70 23 1
70 24 1
70 30 1
70 35 1
70 36 1
70 39 1
70 40 1
70 48 1
70 49 1
70 54 1
70 57 1
70 60 1
71 0 1
71 1 1
71 3 1
71 5 1
71 13 1
71 14 1
71 18 1
71 19 1
71 20 1
71 33 1
71 34 1
71 55 1
71 56 1
71 58 1
72 5 1
72 14 1
72 18 1
72 19 1
72 33 1
72 55 1
72 58 1
72 71 1
73 0 1
73 1 1
73 2 1
73 3 1
73 17 1
73 22 1
73 23 1
73 36 1
73 40 1
73 48 1
73 49 1
73 54 1
73 57 1
73 60 1
73 70 1
74 0 1
74 1 1
74 2 1
74 3 1
74 17 1
74 22 1
74 23 1
74 32 1
74 57 1
74 70 1
74 73 1
75 1 1
75 2 1
75 13 1
75 30 1
75 31 1
75 33 1
75 34 1
75 35 1
75 54 1
75 56 1
75 59 1
75 60 1
75 68 1
75 69 1
76 0 1
76 3 1
76 4 1
76 5 1
76 14 1
76 32 1
76 67 1
76 74 1
77 0 1
77 3 1
77 4 1
77 5 1
77 14 1
77 19 1
77 32 1
77 55 1
77 71 1
77 76 1
78 2 1
78 9 1
78 17 1
78 22 1
78 24 1
78 25 1
78 30 1
78 35 1
78 36 1
78 37 1
78 39 1
78 52 1
78 54 1
78 57 1
78 59 1
78 60 1
78 70 1
78 73 1
79 9 1
79 10 1
79 11 1
79 17 1
79 24 1
79 25 1
79 36 1
79 37 1
79 38 1
79 39 1
79 51 1
79 60 1
79 70 1
79 78 1
80 9 1
80 10 1
80 11 1
80 24 1
80 25 1
80 36 1
80 37 1
80 38 1
80 39 1
80 47 1
80 51 1
80 63 1
80 78 1
80 79 1
81 6 1
81 8 1
81 9 1
81 40 1
81 48 1
81 49 1
81 52 1
81 65 1
81 70 1
81 73 1
82 6 1
82 40 1
82 48 1
82 49 1
82 53 1
82 65 1
82 73 1
82 74 1
82 81 1
83 6 1
83 7 1
83 9 1
83 12 1
83 41 1
83 44 1
83 45 1
83 46 1
83 47 1
83 53 1
83 62 1
83 65 1
84 8 1
84 9 1
84 10 1
84 11 1
84 26 1
84 27 1
84 28 1
84 42 1
84 43 1
84 46 1
84 47 1
84 50 1
84 51 1
84 52 1
84 61 1
84 63 1
84 64 1
85 7 1
85 9 1
85 10 1
85 12 1
85 28 1
85 41 1
85 44 1
85 45 1
85 46 1
85 47 1
85 53 1
85 62 1
85 65 1
85 83 1
86 7 1
86 8 1
86 9 1
86 10 1
86 27 1
86 28 1
86 41 1
86 42 1
86 43 1
86 44 1
86 45 1
86 46 1
86 47 1
86 62 1
86 63 1
86 65 1
86 83 1
86 84 1
86 85 1
87 9 1
87 10 1
87 11 1
87 24 1
87 25 1
87 28 1
87 36 1
87 37 1
87 38 1
87 39 1
87 41 1
87 42 1
87 44 1
87 45 1
87 46 1
87 47 1
87 51 1
87 52 1
87 63 1
87 79 1
87 80 1
87 84 1
87 85 1
87 86 1
88 6 1
88 8 1
88 9 1
88 40 1
88 43 1
88 48 1
88 49 1
88 52 1
88 53 1
88 65 1
88 81 1
88 82 1
89 10 1
89 11 1
89 28 1
89 46 1
89 50 1
89 51 1
89 63 1
89 64 1
89 80 1
89 87 1
90 10 1
90 11 1
90 27 1
90 28 1
90 46 1
90 50 1
90 51 1
90 61 1
90 63 1
90 64 1
90 84 1
90 87 1
90 89 1
91 1 1
91 13 1
91 19 1
91 20 1
91 21 1
91 22 1
91 31 1
91 33 1
91 34 1
91 35 1
91 54 1
91 55 1
91 56 1
91 57 1
91 58 1
91 59 1
91 60 1
91 68 1
91 71 1
91 75 1
92 0 1
92 1 1
92 2 1
92 3 1
92 13 1
92 14 1
92 15 1
92 18 1
92 19 1
92 23 1
92 29 1
92 31 1
92 33 1
92 34 1
92 58 1
92 66 1
92 67 1
92 68 1
92 71 1
92 72 1
92 75 1
92 91 1
93 6 1
93 8 1
93 9 1
93 17 1
93 36 1
93 40 1
93 42 1
93 43 1
93 47 1
93 48 1
93 49 1
93 52 1
93 65 1
93 70 1
93 78 1
93 81 1
93 82 1
93 84 1
93 88 1
94 6 1
94 8 1
94 9 1
94 27 1
94 40 1
94 42 1
94 43 1
94 47 1
94 48 1
94 49 1
94 52 1
94 62 1
94 65 1
94 81 1
94 82 1
94 84 1
94 88 1
94 93 1
95 0 1
95 1 1
95 2 1
95 3 1
95 13 1
95 14 1
95 15 1
95 16 1
95 23 1
95 29 1
95 32 1
95 58 1
95 66 1
95 67 1
95 73 1
95 92 1
96 1 1
96 2 1
96 13 1
96 14 1
96 15 1
96 31 1
96 33 1
96 34 1
96 58 1
96 59 1
96 66 1
96 68 1
96 75 1
96 91 1
96 92 1
96 95 1
97 0 1
97 1 1
97 2 1
97 17 1
97 22 1
97 23 1
97 24 1
97 30 1
97 35 1
97 36 1
97 40 1
97 48 1
97 49 1
97 54 1
97 57 1
97 60 1
97 70 1
97 73 1
97 74 1
97 78 1
97 81 1
97 82 1
97 88 1
97 93 1
98 0 1
98 1 1
98 2 1
98 3 1
98 4 1
98 5 1
98 14 1
98 19 1
98 22 1
98 23 1
98 32 1
98 33 1
98 56 1
98 57 1
98 58 1
98 67 1
98 71 1
98 73 1
98 74 1
98 76 1
98 77 1
98 95 1
98 97 1
99 0 1
99 1 1
99 2 1
99 3 1
99 13 1
99 14 1
99 15 1
99 16 1
99 17 1
99 22 1
99 23 1
99 29 1
99 32 1
99 33 1
99 34 1
99 57 1
99 58 1
99 66 1
99 67 1
99 70 1
99 73 1
99 74 1
99 92 1
99 95 1
99 96 1
99 97 1
99 98 1
100 0 1
100 1 1
100 2 1
100 3 1
100 13 1
100 14 1
100 15 1
100 17 1
100 22 1
100 23 1
100 30 1
100 31 1
100 33 1
100 34 1
100 35 1
100 54 1
100 56 1
100 57 1
100 58 1
100 59 1
100 60 1
100 67 1
100 68 1
100 70 1
100 71 1
100 73 1
100 74 1
100 75 1
100 78 1
100 91 1
100 92 1
100 95 1
100 96 1
100 97 1
100 98 1
100 99 1
101 0 1
101 1 1
101 2 1
101 3 1
101 5 1
101 13 1
101 14 1
101 15 1
101 16 1
101 18 1
101 19 1
101 23 1
101 29 1
101 31 1
101 32 1
101 33 1
101 34 1
101 55 1
101 58 1
101 66 1
101 67 1
101 71 1
101 72 1
101 91 1
101 92 1
101 95 1
101 96 1
101 98 1
101 99 1
101 100 1
102 3 1
102 4 1
102 5 1
102 14 1
102 18 1
102 19 1
102 32 1
102 55 1
102 58 1
102 71 1
102 72 1
102 76 1
102 77 1
102 98 1
103 9 1
103 10 1
103 11 1
103 17 1
103 24 1
103 25 1
103 36 1
103 37 1
103 38 1
103 39 1
103 47 1
103 51 1
103 52 1
103 63 1
103 70 1
103 78 1
103 79 1
103 80 1
103 84 1
103 87 1
103 89 1
104 2 1
104 8 1
104 9 1
104 17 1
104 22 1
104 23 1
104 24 1
104 30 1
104 36 1
104 40 1
104 42 1
104 48 1
104 49 1
104 52 1
104 60 1
104 70 1
104 73 1
104 78 1
104 81 1
104 82 1
104 88 1
104 93 1
104 94 1
104 97 1
104 103 1
105 6 1
105 7 1
105 8 1
105 9 1
105 12 1
105 41 1
105 43 1
105 44 1
105 45 1
105 46 1
105 47 1
105 48 1
105 53 1
105 62 1
105 65 1
105 83 1
105 85 1
105 86 1
105 88 1
105 94 1
106 6 1
106 7 1
106 8 1
106 9 1
106 12 1
106 28 1
106 41 1
106 43 1
106 44 1
106 45 1
106 46 1
106 47 1
106 48 1
106 53 1
106 62 1
106 65 1
106 83 1
106 85 1
106 86 1
106 87 1
106 94 1
106 105 1
107 6 1
107 7 1
107 8 1
107 9 1
107 10 1
107 12 1
107 24 1
107 28 1
107 36 1
107 37 1
107 40 1
107 41 1
107 42 1
107 43 1
107 44 1
107 45 1
107 46 1
107 47 1
107 48 1
107 49 1
107 52 1
107 53 1
107 62 1
107 65 1
107 70 1
107 80 1
107 81 1
107 82 1
107 83 1
107 84 1
107 85 1
107 86 1
107 87 1
107 88 1
107 93 1
107 94 1
107 103 1
107 104 1
107 105 1
107 106 1
108 8 1
108 9 1
108 10 1
108 17 1
108 24 1
108 26 1
108 27 1
108 36 1
108 42 1
108 47 1
108 48 1
108 49 1
108 51 1
108 52 1
108 70 1
108 78 1
108 79 1
108 80 1
108 81 1
108 84 1
108 87 1
108 88 1
108 93 1
108 94 1
108 97 1
108 103 1
108 104 1
108 107 1
109 10 1
109 11 1
109 26 1
109 27 1
109 28 1
109 42 1
109 50 1
109 51 1
109 61 1
109 63 1
109 64 1
109 84 1
109 89 1
109 90 1
110 0 1
110 1 1
110 3 1
110 14 1
110 15 1
110 16 1
110 23 1
110 29 1
110 32 1
110 67 1
110 95 1
110 99 1
111 0 1
111 1 1
111 2 1
111 3 1
111 13 1
111 14 1
111 15 1
111 16 1
111 23 1
111 29 1
111 31 1
111 33 1
111 34 1
111 58 1
111 66 1
111 67 1
111 68 1
111 71 1
111 92 1
111 95 1
111 96 1
111 99 1
111 100 1
111 101 1
111 110 1
112 1 1
112 13 1
112 31 1
112 33 1
112 34 1
112 58 1
112 59 1
112 66 1
112 68 1
112 75 1
112 91 1
112 92 1
112 96 1
112 100 1
112 101 1
112 111 1
113 5 1
113 14 1
113 18 1
113 19 1
113 20 1
113 33 1
113 55 1
113 58 1
113 71 1
113 72 1
113 91 1
113 92 1
113 101 1
113 102 1
114 19 1
114 20 1
114 21 1
114 54 1
114 56 1
114 59 1
114 91 1
115 19 1
115 20 1
115 21 1
115 22 1
115 31 1
115 33 1
115 34 1
115 35 1
115 54 1
115 56 1
115 57 1
115 58 1
115 59 1
115 60 1
115 71 1
115 75 1
115 91 1
115 100 1
115 114 1
116 0 1
116 1 1
116 2 1
116 3 1
116 6 1
116 17 1
116 22 1
116 23 1
116 24 1
116 36 1
116 40 1
116 48 1
116 49 1
116 57 1
116 70 1
116 73 1
116 74 1
116 78 1
116 81 1
116 82 1
116 97 1
116 98 1
116 99 1
116 100 1
116 104 1
117 0 1
117 1 1
117 2 1
117 3 1
117 4 1
117 5 1
117 14 1
117 15 1
117 16 1
117 22 1
117 23 1
117 29 1
117 32 1
117 57 1
117 58 1
117 67 1
117 70 1
117 71 1
117 73 1
117 74 1
117 76 1
117 77 1
117 95 1
117 97 1
117 98 1
117 99 1
117 100 1
117 101 1
117 110 1
117 111 1
117 116 1
118 1 1
118 2 1
118 13 1
118 17 1
118 23 1
118 30 1
118 31 1
118 33 1
118 34 1
118 35 1
118 54 1
118 59 1
118 60 1
118 68 1
118 69 1
118 75 1
118 91 1
118 92 1
118 95 1
118 96 1
118 97 1
118 99 1
118 100 1
118 101 1
118 111 1
118 112 1
119 0 1
119 1 1
119 3 1
119 4 1
119 5 1
119 14 1
119 15 1
119 16 1
119 18 1
119 23 1
119 29 1
119 32 1
119 33 1
119 58 1
119 66 1
119 67 1
119 71 1
119 72 1
119 76 1
119 77 1
119 92 1
119 95 1
119 98 1
119 99 1
119 101 1
119 102 1
119 110 1
119 111 1
119 117 1
120 3 1
120 4 1
120 5 1
120 18 1
120 19 1
120 55 1
120 58 1
120 71 1
120 72 1
120 76 1
120 77 1
120 98 1
120 102 1
120 113 1
121 2 1
121 17 1
121 22 1
121 24 1
121 25 1
121 30 1
121 35 1
121 36 1
121 39 1
121 54 1
121 56 1
121 57 1
121 59 1
121 60 1
121 69 1
121 70 1
121 73 1
121 75 1
121 78 1
121 79 1
121 80 1
121 97 1
121 100 1
121 103 1
121 104 1
121 108 1
121 115 1
121 118 1
122 6 1
122 7 1
122 9 1
122 12 1
122 40 1
122 41 1
122 44 1
122 47 1
122 48 1
122 49 1
122 53 1
122 62 1
122 65 1
122 70 1
122 81 1
122 82 1
122 83 1
122 85 1
122 88 1
122 93 1
122 94 1
122 104 1
122 105 1
122 106 1
122 107 1
122 116 1
123 10 1
123 11 1
123 26 1
123 27 1
123 42 1
123 51 1
123 52 1
123 61 1
123 63 1
123 64 1
123 84 1
123 90 1
123 108 1
123 109 1
124 11 1
124 26 1
124 27 1
124 42 1
124 50 1
124 51 1
124 52 1
124 61 1
124 64 1
124 84 1
124 108 1
124 109 1
124 123 1
125 6 1
125 7 1
125 8 1
125 9 1
125 40 1
125 43 1
125 47 1
125 48 1
125 49 1
125 52 1
125 53 1
125 62 1
125 65 1
125 81 1
125 82 1
125 88 1
125 93 1
125 94 1
125 97 1
125 104 1
125 105 1
125 106 1
125 107 1
125 108 1
125 122 1
126 9 1
126 10 1
126 11 1
126 24 1
126 25 1
126 26 1
126 36 1
126 37 1
126 38 1
126 39 1
126 47 1
126 51 1
126 52 1
126 63 1
126 78 1
126 79 1
126 80 1
126 84 1
126 87 1
126 89 1
126 90 1
126 103 1
126 108 1
126 109 1
126 123 1
127 10 1
127 11 1
127 27 1
127 28 1
127 46 1
127 50 1
127 51 1
127 61 1
127 63 1
127 64 1
127 84 1
127 86 1
127 87 1
127 89 1
127 90 1
127 109 1
127 123 1
127 124 1
127 126 1
128 10 1
128 11 1
128 27 1
128 28 1
128 46 1
128 50 1
128 61 1
128 63 1
128 64 1
128 84 1
128 89 1
128 90 1
128 109 1
128 124 1
128 127 1
129 8 1
129 9 1
129 10 1
129 11 1
129 24 1
129 26 1
129 27 1
129 28 1
129 36 1
129 42 1
129 47 1
129 51 1
129 52 1
129 61 1
129 63 1
129 64 1
129 78 1
129 79 1
129 80 1
129 84 1
129 87 1
129 89 1
129 90 1
129 93 1
129 94 1
129 103 1
129 104 1
129 107 1
129 108 1
129 109 1
129 123 1
129 124 1
129 126 1
129 127 1
130 6 1
130 7 1
130 8 1
130 9 1
130 40 1
130 42 1
130 43 1
130 44 1
130 47 1
130 48 1
130 49 1
130 52 1
130 53 1
130 62 1
130 65 1
130 81 1
130 82 1
130 88 1
130 93 1
130 94 1
130 104 1
130 105 1
130 106 1
130 107 1
130 108 1
130 122 1
130 125 1
131 6 1
131 7 1
131 12 1
131 41 1
131 44 1
131 45 1
131 47 1
131 48 1
131 53 1
131 62 1
131 65 1
131 82 1
131 83 1
131 85 1
131 88 1
131 105 1
131 106 1
131 107 1
131 122 1
131 125 1
131 130 1
132 0 1
132 1 1
132 2 1
132 3 1
132 5 1
132 13 1
132 14 1
132 15 1
132 16 1
132 23 1
132 29 1
132 32 1
132 33 1
132 58 1
132 66 1
132 67 1
132 71 1
132 92 1
132 95 1
132 96 1
132 98 1
132 99 1
132 100 1
132 101 1
132 110 1
132 111 1
132 112 1
132 117 1
132 119 1
133 0 1
133 3 1
133 5 1
133 14 1
133 18 1
133 19 1
133 32 1
133 33 1
133 55 1
133 58 1
133 67 1
133 71 1
133 72 1
133 76 1
133 77 1
133 92 1
133 98 1
133 101 1
133 102 1
133 113 1
133 119 1
133 120 1
133 132 1
134 0 1
134 3 1
134 5 1
134 14 1
134 18 1
134 19 1
134 29 1
134 32 1
134 33 1
134 55 1
134 58 1
134 66 1
134 67 1
134 71 1
134 72 1
134 76 1
134 77 1
134 92 1
134 101 1
134 102 1
134 111 1
134 113 1
134 119 1
134 120 1
134 132 1
134 133 1
135 19 1
135 20 1
135 21 1
135 33 1
135 34 1
135 54 1
135 55 1
135 56 1
135 58 1
135 59 1
135 71 1
135 91 1
135 113 1
135 114 1
135 115 1
136 0 1
136 1 1
136 2 1
136 17 1
136 22 1
136 23 1
136 24 1
136 30 1
136 34 1
136 35 1
136 36 1
136 54 1
136 56 1
136 57 1
136 59 1
136 60 1
136 70 1
136 73 1
136 74 1
136 78 1
136 81 1
136 91 1
136 97 1
136 98 1
136 99 1
136 100 1
136 104 1
136 116 1
136 117 1
136 118 1
136 121 1
137 0 1
137 1 1
137 3 1
137 4 1
137 5 1
137 13 1
137 14 1
137 15 1
137 18 1
137 19 1
137 23 1
137 29 1
137 32 1
137 33 1
137 55 1
137 58 1
137 66 1
137 67 1
137 71 1
137 72 1
137 76 1
137 77 1
137 92 1
137 98 1
137 99 1
137 101 1
137 102 1
137 111 1
137 113 1
137 117 1
137 119 1
137 120 1
137 132 1
137 133 1
137 134 1
138 1 1
138 2 1
138 13 1
138 17 1
138 21 1
138 22 1
138 23 1
138 30 1
138 31 1
138 33 1
138 34 1
138 35 1
138 54 1
138 56 1
138 57 1
138 58 1
138 59 1
138 60 1
138 68 1
138 69 1
138 71 1
138 75 1
138 91 1
138 92 1
138 96 1
138 99 1
138 100 1
138 101 1
138 111 1
138 112 1
138 115 1
138 118 1
138 121 1
138 135 1
138 136 1
139 9 1
139 10 1
139 17 1
139 22 1
139 24 1
139 25 1
139 36 1
139 37 1
139 38 1
139 39 1
139 47 1
139 48 1
139 57 1
139 70 1
139 78 1
139 79 1
139 80 1
139 87 1
139 97 1
139 103 1
139 104 1
139 107 1
139 108 1
139 116 1
139 121 1
139 122 1
139 126 1
139 129 1
139 136 1
140 8 1
140 9 1
140 10 1
140 26 1
140 27 1
140 28 1
140 42 1
140 43 1
140 46 1
140 47 1
140 48 1
140 49 1
140 52 1
140 61 1
140 62 1
140 64 1
140 65 1
140 84 1
140 86 1
140 87 1
140 88 1
140 93 1
140 94 1
140 104 1
140 106 1
140 107 1
140 108 1
140 124 1
140 125 1
140 129 1
140 130 1
141 8 1
141 11 1
141 26 1
141 27 1
141 28 1
141 42 1
141 43 1
141 50 1
141 51 1
141 52 1
141 61 1
141 64 1
141 84 1
141 108 1
141 109 1
141 123 1
141 124 1
141 127 1
141 128 1
141 129 1
141 140 1
142 7 1
142 8 1
142 27 1
142 28 1
142 42 1
142 43 1
142 44 1
142 45 1
142 46 1
142 47 1
142 52 1
142 53 1
142 62 1
142 65 1
142 83 1
142 84 1
142 85 1
142 86 1
142 88 1
142 94 1
142 105 1
142 106 1
142 107 1
142 125 1
142 130 1
142 140 1
143 8 1
143 10 1
143 27 1
143 28 1
143 42 1
143 43 1
143 44 1
143 45 1
143 46 1
143 47 1
143 50 1
143 61 1
143 62 1
143 63 1
143 64 1
143 83 1
143 84 1
143 85 1
143 86 1
143 87 1
143 90 1
143 105 1
143 106 1
143 107 1
143 127 1
143 128 1
143 140 1
143 142 1
144 8 1
144 9 1
144 10 1
144 11 1
144 27 1
144 28 1
144 41 1
144 42 1
144 43 1
144 44 1
144 45 1
144 46 1
144 47 1
144 50 1
144 51 1
144 52 1
144 61 1
144 62 1
144 63 1
144 64 1
144 84 1
144 85 1
144 86 1
144 87 1
144 89 1
144 90 1
144 94 1
144 103 1
144 105 1
144 106 1
144 107 1
144 109 1
144 126 1
144 127 1
144 128 1
144 129 1
144 140 1
144 141 1
144 142 1
144 143 1
145 7 1
145 8 1
145 9 1
145 10 1
145 11 1
145 24 1
145 27 1
145 28 1
145 36 1
145 37 1
145 41 1
145 42 1
145 43 1
145 44 1
145 45 1
145 46 1
145 47 1
145 48 1
145 49 1
145 51 1
145 52 1
145 61 1
145 62 1
145 63 1
145 79 1
145 80 1
145 83 1
145 84 1
145 85 1
145 86 1
145 87 1
145 89 1
145 90 1
145 93 1
145 94 1
145 103 1
145 104 1
145 105 1
145 106 1
145 107 1
145 108 1
145 122 1
145 126 1
145 127 1
145 129 1
145 130 1
145 139 1
145 140 1
145 142 1
145 143 1
145 144 1
146 9 1
146 10 1
146 11 1
146 24 1
146 25 1
146 26 1
146 27 1
146 28 1
146 36 1
146 37 1
146 38 1
146 39 1
146 42 1
146 47 1
146 51 1
146 52 1
146 61 1
146 63 1
146 78 1
146 79 1
146 80 1
146 84 1
146 87 1
146 89 1
146 90 1
146 103 1
146 104 1
146 107 1
146 108 1
146 109 1
146 121 1
146 123 1
146 124 1
146 126 1
146 127 1
146 129 1
146 139 1
146 140 1
146 141 1
146 144 1
146 145 1
147 9 1
147 10 1
147 11 1
147 24 1
147 26 1
147 27 1
147 28 1
147 42 1
147 47 1
147 50 1
147 51 1
147 52 1
147 61 1
147 63 1
147 64 1
147 79 1
147 80 1
147 84 1
147 87 1
147 89 1
147 90 1
147 103 1
147 108 1
147 109 1
147 123 1
147 124 1
147 126 1
147 127 1
147 128 1
147 129 1
147 140 1
147 141 1
147 144 1
147 145 1
147 146 1
148 8 1
148 9 1
148 10 1
148 26 1
148 27 1
148 28 1
148 42 1
148 43 1
148 47 1
148 48 1
148 49 1
148 52 1
148 61 1
148 62 1
148 65 1
148 81 1
148 84 1
148 86 1
148 87 1
148 88 1
148 93 1
148 94 1
148 103 1
148 104 1
148 106 1
148 107 1
148 108 1
148 122 1
148 125 1
148 129 1
148 130 1
148 139 1
148 140 1
148 141 1
148 142 1
148 144 1
148 145 1
148 146 1
148 147 1
149 6 1
149 7 1
149 8 1
149 9 1
149 40 1
149 41 1
149 42 1
149 43 1
149 44 1
149 47 1
149 48 1
149 49 1
149 52 1
149 53 1
149 62 1
149 65 1
149 81 1
149 82 1
149 84 1
149 86 1
149 88 1
149 93 1
149 94 1
149 104 1
149 105 1
149 106 1
149 107 1
149 108 1
149 122 1
149 125 1
149 130 1
149 131 1
149 140 1
149 142 1
149 144 1
149 145 1
149 148 1
150 0 1
150 1 1
150 2 1
150 13 1
150 15 1
150 17 1
150 22 1
150 23 1
150 30 1
150 31 1
150 33 1
150 34 1
150 35 1
150 54 1
150 57 1
150 58 1
150 59 1
150 60 1
150 66 1
150 68 1
150 69 1
150 70 1
150 73 1
150 75 1
150 91 1
150 92 1
150 95 1
150 96 1
150 97 1
150 99 1
150 100 1
150 101 1
150 111 1
150 112 1
150 118 1
150 121 1
150 132 1
150 136 1
150 138 1
151 6 1
151 7 1
151 8 1
151 9 1
151 17 1
151 24 1
151 36 1
151 40 1
151 41 1
151 44 1
151 47 1
151 48 1
151 49 1
151 52 1
151 53 1
151 65 1
151 70 1
151 73 1
151 78 1
151 81 1
151 82 1
151 83 1
151 87 1
151 88 1
151 93 1
151 94 1
151 97 1
151 103 1
151 104 1
151 105 1
151 106 1
151 107 1
151 108 1
151 116 1
151 122 1
151 125 1
151 130 1
151 131 1
151 139 1
151 140 1
151 145 1
151 148 1
151 149 1
152 0 1
152 3 1
152 4 1
152 5 1
152 14 1
152 18 1
152 32 1
152 67 1
152 76 1
152 77 1
152 98 1
152 102 1
152 117 1
152 119 1
152 120 1
152 133 1
152 134 1
152 137 1
153 10 1
153 27 1
153 28 1
153 44 1
153 45 1
153 46 1
153 47 1
153 50 1
153 62 1
153 63 1
153 64 1
153 83 1
153 85 1
153 86 1
153 87 1
153 90 1
153 105 1
153 106 1
153 127 1
153 128 1
153 142 1
153 143 1
153 144 1
153 145 1
154 0 1
154 1 1
154 2 1
154 3 1
154 14 1
154 15 1
154 16 1
154 23 1
154 29 1
154 32 1
154 66 1
154 67 1
154 73 1
154 95 1
154 98 1
154 99 1
154 100 1
154 101 1
154 110 1
154 111 1
154 117 1
154 119 1
154 132 1
155 0 1
155 1 1
155 2 1
155 13 1
155 17 1
155 22 1
155 23 1
155 24 1
155 30 1
155 31 1
155 34 1
155 35 1
155 36 1
155 54 1
155 56 1
155 57 1
155 59 1
155 60 1
155 68 1
155 69 1
155 70 1
155 73 1
155 74 1
155 75 1
155 78 1
155 97 1
155 99 1
155 100 1
155 104 1
155 108 1
155 116 1
155 118 1
155 121 1
155 136 1
155 138 1
155 150 1
156 0 1
156 1 1
156 3 1
156 4 1
156 5 1
156 14 1
156 15 1
156 16 1
156 18 1
156 23 1
156 29 1
156 32 1
156 58 1
156 67 1
156 71 1
156 76 1
156 77 1
156 98 1
156 99 1
156 101 1
156 102 1
156 110 1
156 117 1
156 119 1
156 120 1
156 132 1
156 133 1
156 134 1
156 137 1
156 152 1
157 3 1
157 4 1
157 5 1
157 19 1
157 55 1
157 71 1
157 76 1
157 77 1
157 102 1
157 113 1
157 120 1
157 133 1
157 137 1
157 152 1
157 156 1
158 4 1
158 5 1
158 19 1
158 55 1
158 71 1
158 76 1
158 77 1
158 102 1
158 113 1
158 120 1
158 133 1
158 137 1
158 152 1
158 157 1
159 3 1
159 4 1
159 5 1
159 14 1
159 18 1
159 19 1
159 32 1
159 55 1
159 71 1
159 72 1
159 76 1
159 77 1
159 102 1
159 113 1
159 119 1
159 120 1
159 133 1
159 134 1
159 137 1
159 152 1
159 156 1
159 157 1
159 158 1
160 3 1
160 4 1
160 5 1
160 14 1
160 18 1
160 32 1
160 55 1
160 76 1
160 77 1
160 98 1
160 102 1
160 119 1
160 120 1
160 133 1
160 134 1
160 137 1
160 152 1
160 156 1
160 157 1
160 158 1
160 159 1
161 6 1
161 7 1
161 8 1
161 9 1
161 12 1
161 40 1
161 41 1
161 44 1
161 45 1
161 47 1
161 48 1
161 49 1
161 53 1
161 62 1
161 65 1
161 81 1
161 82 1
161 83 1
161 85 1
161 86 1
161 87 1
161 88 1
161 93 1
161 94 1
161 105 1
161 106 1
161 107 1
161 122 1
161 125 1
161 130 1
161 131 1
161 139 1
161 142 1
161 145 1
161 148 1
161 149 1
161 151 1
162 8 1
162 9 1
162 10 1
162 11 1
162 27 1
162 28 1
162 42 1
162 44 1
162 45 1
162 46 1
162 47 1
162 50 1
162 51 1
162 52 1
162 61 1
162 62 1
162 63 1
162 64 1
162 80 1
162 84 1
162 85 1
162 86 1
162 87 1
162 89 1
162 90 1
162 103 1
162 106 1
162 107 1
162 108 1
162 109 1
162 126 1
162 127 1
162 128 1
162 129 1
162 139 1
162 140 1
162 142 1
162 143 1
162 144 1
162 145 1
162 146 1
162 147 1
162 148 1
162 153 1
163 9 1
163 10 1
163 11 1
163 24 1
163 25 1
163 28 1
163 38 1
163 39 1
163 46 1
163 47 1
163 50 1
163 51 1
163 63 1
163 64 1
163 79 1
163 80 1
163 84 1
163 87 1
163 89 1
163 90 1
163 103 1
163 109 1
163 123 1
163 126 1
163 127 1
163 129 1
163 139 1
163 144 1
163 145 1
163 146 1
163 147 1
163 162 1
164 10 1
164 11 1
164 26 1
164 27 1
164 28 1
164 50 1
164 51 1
164 61 1
164 63 1
164 64 1
164 84 1
164 89 1
164 90 1
164 109 1
164 123 1
164 124 1
164 126 1
164 127 1
164 128 1
164 129 1
164 141 1
164 146 1
164 147 1
164 162 1
164 163 1
165 10 1
165 11 1
165 50 1
165 51 1
165 61 1
165 63 1
165 64 1
165 89 1
165 90 1
165 109 1
165 123 1
165 126 1
165 127 1
165 128 1
165 146 1
165 147 1
165 162 1
165 163 1
165 164 1
166 0 1
166 1 1
166 14 1
166 15 1
166 16 1
166 29 1
166 32 1
166 66 1
166 67 1
166 95 1
166 99 1
166 101 1
166 110 1
166 111 1
166 117 1
166 119 1
166 132 1
166 154 1
166 156 1
167 2 1
167 8 1
167 9 1
167 17 1
167 30 1
167 36 1
167 40 1
167 42 1
167 48 1
167 49 1
167 52 1
167 60 1
167 70 1
167 73 1
167 78 1
167 81 1
167 88 1
167 93 1
167 94 1
167 97 1
167 104 1
167 107 1
167 108 1
167 116 1
167 121 1
167 125 1
167 129 1
167 130 1
167 136 1
167 140 1
167 148 1
167 149 1
167 151 1
167 155 1
168 8 1
168 26 1
168 27 1
168 28 1
168 42 1
168 43 1
168 52 1
168 61 1
168 64 1
168 84 1
168 86 1
168 93 1
168 94 1
168 108 1
168 109 1
168 124 1
168 127 1
168 128 1
168 129 1
168 130 1
168 140 1
168 141 1
168 142 1
168 143 1
168 144 1
168 145 1
168 147 1
168 148 1
168 149 1
168 162 1
169 6 1
169 7 1
169 8 1
169 9 1
169 12 1
169 24 1
169 36 1
169 37 1
169 40 1
169 41 1
169 44 1
169 45 1
169 46 1
169 47 1
169 48 1
169 49 1
169 52 1
169 53 1
169 62 1
169 65 1
169 70 1
169 81 1
169 82 1
169 83 1
169 85 1
169 86 1
169 87 1
169 88 1
169 93 1
169 94 1
169 103 1
169 104 1
169 105 1
169 106 1
169 107 1
169 108 1
169 122 1
169 125 1
169 130 1
169 131 1
169 139 1
169 140 1
169 144 1
169 145 1
169 146 1
169 148 1
169 149 1
169 151 1
169 161 1
169 162 1
170 10 1
170 11 1
170 26 1
170 27 1
170 28 1
170 42 1
170 50 1
170 51 1
170 61 1
170 63 1
170 64 1
170 84 1
170 89 1
170 90 1
170 109 1
170 123 1
170 124 1
170 127 1
170 128 1
170 129 1
170 141 1
170 144 1
170 147 1
170 162 1
170 163 1
170 164 1
170 165 1
170 168 1
171 1 1
171 13 1
171 31 1
171 33 1
171 34 1
171 58 1
171 59 1
171 66 1
171 68 1
171 69 1
171 75 1
171 91 1
171 92 1
171 96 1
171 100 1
171 101 1
171 111 1
171 112 1
171 118 1
171 138 1
171 150 1
172 19 1
172 20 1
172 21 1
172 54 1
172 55 1
172 56 1
172 71 1
172 91 1
172 113 1
172 114 1
172 115 1
172 135 1
173 9 1
173 10 1
173 17 1
173 22 1
173 24 1
173 25 1
173 36 1
173 37 1
173 39 1
173 42 1
173 47 1
173 48 1
173 49 1
173 51 1
173 52 1
173 60 1
173 70 1
173 73 1
173 78 1
173 79 1
173 80 1
173 81 1
173 84 1
173 87 1
173 93 1
173 94 1
173 97 1
173 103 1
173 104 1
173 107 1
173 108 1
173 116 1
173 121 1
173 126 1
173 129 1
173 136 1
173 139 1
173 140 1
173 145 1
173 146 1
173 147 1
173 148 1
173 149 1
173 151 1
173 155 1
173 167 1
173 169 1
174 2 1
174 9 1
174 17 1
174 22 1
174 24 1
174 30 1
174 35 1
174 36 1
174 42 1
174 48 1
174 49 1
174 52 1
174 60 1
174 70 1
174 73 1
174 78 1
174 79 1
174 80 1
174 81 1
174 84 1
174 87 1
174 88 1
174 93 1
174 94 1
174 97 1
174 103 1
174 104 1
174 107 1
174 108 1
174 116 1
174 121 1
174 126 1
174 129 1
174 136 1
174 139 1
174 140 1
174 145 1
174 146 1
174 147 1
174 148 1
174 149 1
174 151 1
174 155 1
174 167 1
174 169 1
174 173 1
175 8 1
175 27 1
175 28 1
175 42 1
175 43 1
175 46 1
175 47 1
175 52 1
175 61 1
175 62 1
175 64 1
175 84 1
175 86 1
175 93 1
175 94 1
175 107 1
175 124 1
175 128 1
175 129 1
175 130 1
175 140 1
175 141 1
175 142 1
175 143 1
175 144 1
175 145 1
175 148 1
175 149 1
175 153 1
175 162 1
175 168 1
176 7 1
176 8 1
176 12 1
176 28 1
176 41 1
176 42 1
176 43 1
176 44 1
176 45 1
176 46 1
176 47 1
176 53 1
176 62 1
176 65 1
176 83 1
176 85 1
176 86 1
176 88 1
176 94 1
176 105 1
176 106 1
176 107 1
176 125 1
176 130 1
176 131 1
176 140 1
176 142 1
176 143 1
176 144 1
176 145 1
176 148 1
176 149 1
176 153 1
176 161 1
176 168 1
176 169 1
176 175 1
177 6 1
177 7 1
177 9 1
177 10 1
177 24 1
177 25 1
177 28 1
177 36 1
177 37 1
177 38 1
177 39 1
177 41 1
177 44 1
177 45 1
177 46 1
177 47 1
177 48 1
177 49 1
177 52 1
177 62 1
177 63 1
177 65 1
177 79 1
177 80 1
177 83 1
177 85 1
177 86 1
177 87 1
177 94 1
177 103 1
177 105 1
177 106 1
177 107 1
177 108 1
177 122 1
177 126 1
177 129 1
177 131 1
177 139 1
177 140 1
177 143 1
177 144 1
177 145 1
177 146 1
177 147 1
177 148 1
177 149 1
177 151 1
177 161 1
177 162 1
177 163 1
177 169 1
177 173 1
177 174 1
178 6 1
178 7 1
178 9 1
178 12 1
178 17 1
178 22 1
178 24 1
178 36 1
178 37 1
178 39 1
178 40 1
178 41 1
178 44 1
178 47 1
178 48 1
178 49 1
178 52 1
178 53 1
178 65 1
178 70 1
178 73 1
178 78 1
178 80 1
178 81 1
178 82 1
178 83 1
178 85 1
178 87 1
178 88 1
178 93 1
178 94 1
178 97 1
178 103 1
178 104 1
178 105 1
178 106 1
178 107 1
178 108 1
178 116 1
178 122 1
178 125 1
178 130 1
178 131 1
178 139 1
178 145 1
178 146 1
178 148 1
178 149 1
178 151 1
178 161 1
178 167 1
178 169 1
178 173 1
178 174 1
178 177 1
179 0 1
179 1 1
179 2 1
179 3 1
179 14 1
179 15 1
179 16 1
179 23 1
179 29 1
179 32 1
179 66 1
179 67 1
179 73 1
179 92 1
179 95 1
179 98 1
179 99 1
179 100 1
179 101 1
179 110 1
179 111 1
179 117 1
179 119 1
179 132 1
179 137 1
179 150 1
179 154 1
179 156 1
179 166 1
180 13 1
180 19 1
180 20 1
180 21 1
180 33 1
180 34 1
180 54 1
180 55 1
180 56 1
180 58 1
180 71 1
180 72 1
180 91 1
180 92 1
180 101 1
180 102 1
180 113 1
180 114 1
180 115 1
180 120 1
180 133 1
180 135 1
180 137 1
180 138 1
180 172 1
181 19 1
181 20 1
181 21 1
181 33 1
181 34 1
181 54 1
181 55 1
181 56 1
181 57 1
181 58 1
181 59 1
181 71 1
181 91 1
181 92 1
181 113 1
181 114 1
181 115 1
181 120 1
181 135 1
181 138 1
181 172 1
181 180 1
182 1 1
182 2 1
182 17 1
182 19 1
182 20 1
182 21 1
182 22 1
182 23 1
182 24 1
182 33 1
182 34 1
182 35 1
182 36 1
182 54 1
182 56 1
182 57 1
182 59 1
182 60 1
182 70 1
182 73 1
182 74 1
182 78 1
182 91 1
182 97 1
182 98 1
182 100 1
182 114 1
182 115 1
182 116 1
182 121 1
182 135 1
182 136 1
182 138 1
182 150 1
182 155 1
182 172 1
182 180 1
182 181 1
183 3 1
183 4 1
183 5 1
183 14 1
183 32 1
183 67 1
183 76 1
183 77 1
183 98 1
183 102 1
183 117 1
183 119 1
183 120 1
183 133 1
183 137 1
183 152 1
183 156 1
183 157 1
183 158 1
183 159 1
183 160 1
184 3 1
184 4 1
184 5 1
184 14 1
184 19 1
184 32 1
184 55 1
184 71 1
184 76 1
184 77 1
184 98 1
184 102 1
184 113 1
184 117 1
184 119 1
184 120 1
184 133 1
184 134 1
184 137 1
184 152 1
184 156 1
184 157 1
184 158 1
184 159 1
184 160 1
184 183 1
185 8 1
185 9 1
185 17 1
185 24 1
185 36 1
185 40 1
185 42 1
185 43 1
185 47 1
185 48 1
185 49 1
185 52 1
185 70 1
185 73 1
185 78 1
185 81 1
185 84 1
185 87 1
185 88 1
185 93 1
185 94 1
185 97 1
185 103 1
185 104 1
185 107 1
185 108 1
185 121 1
185 122 1
185 125 1
185 129 1
185 130 1
185 136 1
185 139 1
185 140 1
185 145 1
185 146 1
185 147 1
185 148 1
185 149 1
185 151 1
185 155 1
185 161 1
185 167 1
185 168 1
185 169 1
185 173 1
185 174 1
185 177 1
185 178 1
186 9 1
186 10 1
186 11 1
186 24 1
186 25 1
186 37 1
186 38 1
186 39 1
186 46 1
186 47 1
186 51 1
186 63 1
186 79 1
186 80 1
186 87 1
186 89 1
186 90 1
186 103 1
186 109 1
186 126 1
186 127 1
186 129 1
186 139 1
186 144 1
186 145 1
186 146 1
186 147 1
186 162 1
186 163 1
186 164 1
186 165 1
186 177 1
187 10 1
187 11 1
187 50 1
187 51 1
187 63 1
187 64 1
187 80 1
187 87 1
187 89 1
187 90 1
187 109 1
187 126 1
187 127 1
187 128 1
187 146 1
187 147 1
187 162 1
187 163 1
187 164 1
187 165 1
187 170 1
187 186 1
188 6 1
188 7 1
188 8 1
188 9 1
188 12 1
188 40 1
188 41 1
188 43 1
188 44 1
188 47 1
188 48 1
188 49 1
188 53 1
188 62 1
188 65 1
188 81 1
188 82 1
188 83 1
188 88 1
188 93 1
188 94 1
188 105 1
188 106 1
188 107 1
188 122 1
188 125 1
188 130 1
188 131 1
188 140 1
188 142 1
188 148 1
188 149 1
188 151 1
188 161 1
188 169 1
188 175 1
188 176 1
188 178 1
188 185 1
189 2 1
189 13 1
189 30 1
189 31 1
189 34 1
189 35 1
189 59 1
189 60 1
189 68 1
189 69 1
189 75 1
189 96 1
189 100 1
189 112 1
189 118 1
189 138 1
189 150 1
189 155 1
189 171 1
190 2 1
190 30 1
190 31 1
190 35 1
190 59 1
190 60 1
190 68 1
190 69 1
190 75 1
190 100 1
190 118 1
190 121 1
190 138 1
190 150 1
190 155 1
190 167 1
190 171 1
190 189 1
191 0 1
191 1 1
191 3 1
191 13 1
191 14 1
191 18 1
191 19 1
191 20 1
191 21 1
191 31 1
191 33 1
191 34 1
191 54 1
191 55 1
191 56 1
191 58 1
191 59 1
191 71 1
191 72 1
191 91 1
191 92 1
191 96 1
191 98 1
191 100 1
191 101 1
191 102 1
191 111 1
191 112 1
191 113 1
191 114 1
191 115 1
191 120 1
191 133 1
191 134 1
191 135 1
191 137 1
191 138 1
191 172 1
191 180 1
191 181 1
191 182 1
192 5 1
192 14 1
192 18 1
192 19 1
192 33 1
192 55 1
192 58 1
192 71 1
192 72 1
192 77 1
192 102 1
192 113 1
192 120 1
192 133 1
192 134 1
192 137 1
192 157 1
192 158 1
192 159 1
192 160 1
192 180 1
192 184 1
192 191 1
193 0 1
193 1 1
193 2 1
193 13 1
193 14 1
193 15 1
193 17 1
193 22 1
193 23 1
193 30 1
193 31 1
193 33 1
193 34 1
193 35 1
193 54 1
193 58 1
193 59 1
193 60 1
193 66 1
193 67 1
193 68 1
193 69 1
193 70 1
193 73 1
193 75 1
193 92 1
193 95 1
193 96 1
193 97 1
193 99 1
193 100 1
193 101 1
193 111 1
193 112 1
193 117 1
193 118 1
193 132 1
193 136 1
193 138 1
193 150 1
193 154 1
193 155 1
193 166 1
193 167 1
193 171 1
193 179 1
193 189 1
193 190 1
194 0 1
194 1 1
194 3 1
194 5 1
194 13 1
194 14 1
194 15 1
194 16 1
194 18 1
194 23 1
194 29 1
194 32 1
194 33 1
194 34 1
194 55 1
194 58 1
194 66 1
194 67 1
194 71 1
194 72 1
194 76 1
194 92 1
194 95 1
194 96 1
194 98 1
194 99 1
194 100 1
194 101 1
194 102 1
194 111 1
194 112 1
194 113 1
194 117 1
194 119 1
194 132 1
194 133 1
194 134 1
194 137 1
194 150 1
194 152 1
194 154 1
194 156 1
194 166 1
194 179 1
194 191 1
194 192 1
194 193 1
195 0 1
195 3 1
195 4 1
195 5 1
195 14 1
195 15 1
195 16 1
195 18 1
195 19 1
195 29 1
195 32 1
195 33 1
195 55 1
195 58 1
195 66 1
195 67 1
195 71 1
195 72 1
195 76 1
195 77 1
195 92 1
195 98 1
195 101 1
195 102 1
195 111 1
195 113 1
195 117 1
195 119 1
195 120 1
195 132 1
195 133 1
195 134 1
195 137 1
195 152 1
195 156 1
195 157 1
195 159 1
195 160 1
195 179 1
195 183 1
195 184 1
195 191 1
195 192 1
195 194 1
196 9 1
196 10 1
196 17 1
196 24 1
196 25 1
196 36 1
196 37 1
196 38 1
196 39 1
196 47 1
196 70 1
196 78 1
196 79 1
196 80 1
196 87 1
196 103 1
196 107 1
196 108 1
196 121 1
196 126 1
196 139 1
196 145 1
196 146 1
196 151 1
196 162 1
196 163 1
196 169 1
196 173 1
196 174 1
196 177 1
196 178 1
196 186 1
197 2 1
197 8 1
197 17 1
197 30 1
197 36 1
197 40 1
197 48 1
197 49 1
197 52 1
197 70 1
197 73 1
197 78 1
197 81 1
197 82 1
197 88 1
197 93 1
197 94 1
197 97 1
197 104 1
197 107 1
197 108 1
197 116 1
197 125 1
197 130 1
197 136 1
197 140 1
197 148 1
197 149 1
197 151 1
197 155 1
197 167 1
197 173 1
197 174 1
197 178 1
197 185 1
197 188 1
198 0 1
198 1 1
198 2 1
198 13 1
198 14 1
198 15 1
198 16 1
198 29 1
198 33 1
198 58 1
198 66 1
198 67 1
198 92 1
198 95 1
198 96 1
198 99 1
198 100 1
198 101 1
198 110 1
198 111 1
198 112 1
198 119 1
198 132 1
198 150 1
198 154 1
198 166 1
198 171 1
198 179 1
198 193 1
198 194 1
199 0 1
199 1 1
199 2 1
199 3 1
199 5 1
199 13 1
199 14 1
199 15 1
199 16 1
199 23 1
199 29 1
199 32 1
199 33 1
199 58 1
199 66 1
199 67 1
199 71 1
199 76 1
199 92 1
199 95 1
199 96 1
199 98 1
199 99 1
199 100 1
199 101 1
199 110 1
199 111 1
199 117 1
199 119 1
199 132 1
199 133 1
199 134 1
199 137 1
199 150 1
199 152 1
199 154 1
199 156 1
199 166 1
199 179 1
199 193 1
199 194 1
199 195 1
199 198 1
200 0 1
200 1 1
200 2 1
200 13 1
200 14 1
200 15 1
200 29 1
200 31 1
200 33 1
200 34 1
200 58 1
200 66 1
200 67 1
200 68 1
200 71 1
200 75 1
200 92 1
200 95 1
200 96 1
200 99 1
200 100 1
200 101 1
200 111 1
200 112 1
200 118 1
200 119 1
200 132 1
200 134 1
200 137 1
200 138 1
200 150 1
200 171 1
200 179 1
200 191 1
200 193 1
200 194 1
200 198 1
200 199 1
201 0 1
201 1 1
201 2 1
201 13 1
201 17 1
201 19 1
201 20 1
201 21 1
201 22 1
201 23 1
201 31 1
201 33 1
201 34 1
201 35 1
201 54 1
201 56 1
201 57 1
201 58 1
201 59 1
201 60 1
201 68 1
201 71 1
201 75 1
201 91 1
201 92 1
201 96 1
201 98 1
201 99 1
201 100 1
201 101 1
201 112 1
201 114 1
201 115 1
201 118 1
201 121 1
201 135 1
201 136 1
201 138 1
201 150 1
201 155 1
201 171 1
201 172 1
201 180 1
201 181 1
201 182 1
201 191 1
201 193 1
202 0 1
202 1 1
202 2 1
202 3 1
202 14 1
202 17 1
202 19 1
202 22 1
202 23 1
202 32 1
202 54 1
202 56 1
202 57 1
202 58 1
202 70 1
202 71 1
202 73 1
202 74 1
202 76 1
202 77 1
202 91 1
202 97 1
202 98 1
202 99 1
202 100 1
202 101 1
202 102 1
202 115 1
202 116 1
202 117 1
202 119 1
202 136 1
202 137 1
202 155 1
202 156 1
202 181 1
202 182 1
202 184 1
202 191 1
202 199 1
202 201 1
203 1 1
203 2 1
203 13 1
203 17 1
203 30 1
203 31 1
203 33 1
203 34 1
203 35 1
203 54 1
203 56 1
203 59 1
203 60 1
203 68 1
203 69 1
203 75 1
203 78 1
203 91 1
203 92 1
203 96 1
203 100 1
203 112 1
203 115 1
203 118 1
203 121 1
203 136 1
203 138 1
203 150 1
203 155 1
203 171 1
203 182 1
203 189 1
203 190 1
203 193 1
203 201 1
204 1 1
204 2 1
204 13 1
204 31 1
204 33 1
204 34 1
204 35 1
204 54 1
204 56 1
204 58 1
204 59 1
204 60 1
204 66 1
204 68 1
204 69 1
204 71 1
204 75 1
204 91 1
204 92 1
204 96 1
204 100 1
204 101 1
204 111 1
204 112 1
204 115 1
204 118 1
204 132 1
204 135 1
204 138 1
204 150 1
204 155 1
204 171 1
204 180 1
204 181 1
204 189 1
204 190 1
204 191 1
204 193 1
204 194 1
204 198 1
204 200 1
204 201 1
204 203 1
205 0 1
205 1 1
205 3 1
205 5 1
205 13 1
205 14 1
205 15 1
205 18 1
205 19 1
205 23 1
205 29 1
205 32 1
205 33 1
205 34 1
205 55 1
205 58 1
205 66 1
205 67 1
205 71 1
205 72 1
205 76 1
205 77 1
205 91 1
205 92 1
205 95 1
205 96 1
205 98 1
205 99 1
205 100 1
205 101 1
205 102 1
205 111 1
205 112 1
205 113 1
205 117 1
205 119 1
205 120 1
205 132 1
205 133 1
205 134 1
205 137 1
205 152 1
205 156 1
205 159 1
205 160 1
205 179 1
205 180 1
205 181 1
205 184 1
205 191 1
205 192 1
205 194 1
205 195 1
205 198 1
205 199 1
205 200 1
205 202 1
205 204 1
206 0 1
206 1 1
206 2 1
206 13 1
206 14 1
206 19 1
206 20 1
206 21 1
206 23 1
206 31 1
206 33 1
206 34 1
206 35 1
206 54 1
206 55 1
206 56 1
206 57 1
206 58 1
206 59 1
206 60 1
206 66 1
206 68 1
206 71 1
206 75 1
206 91 1
206 92 1
206 96 1
206 98 1
206 99 1
206 100 1
206 101 1
206 111 1
206 112 1
206 113 1
206 115 1
206 117 1
206 118 1
206 132 1
206 133 1
206 135 1
206 136 1
206 137 1
206 138 1
206 150 1
206 155 1
206 171 1
206 180 1
206 181 1
206 182 1
206 191 1
206 193 1
206 194 1
206 199 1
206 200 1
206 201 1
206 202 1
206 203 1
206 204 1
206 205 1
207 6 1
207 7 1
207 8 1
207 9 1
207 12 1
207 41 1
207 43 1
207 44 1
207 45 1
207 46 1
207 47 1
207 48 1
207 49 1
207 53 1
207 62 1
207 65 1
207 81 1
207 82 1
207 83 1
207 85 1
207 86 1
207 88 1
207 93 1
207 94 1
207 105 1
207 106 1
207 107 1
207 122 1
207 125 1
207 130 1
207 131 1
207 140 1
207 142 1
207 143 1
207 144 1
207 145 1
207 148 1
207 149 1
207 151 1
207 153 1
207 161 1
207 169 1
207 175 1
207 176 1
207 177 1
207 178 1
207 188 1
208 8 1
208 9 1
208 10 1
208 11 1
208 17 1
208 24 1
208 25 1
208 26 1
208 27 1
208 36 1
208 39 1
208 42 1
208 47 1
208 48 1
208 49 1
208 51 1
208 52 1
208 61 1
208 63 1
208 70 1
208 78 1
208 79 1
208 80 1
208 84 1
208 87 1
208 93 1
208 94 1
208 97 1
208 103 1
208 104 1
208 107 1
208 108 1
208 121 1
208 123 1
208 124 1
208 126 1
208 129 1
208 139 1
208 140 1
208 141 1
208 144 1
208 145 1
208 146 1
208 147 1
208 148 1
208 149 1
208 151 1
208 162 1
208 163 1
208 167 1
208 168 1
208 169 1
208 173 1
208 174 1
208 177 1
208 178 1
208 185 1
208 186 1
208 196 1
208 197 1
209 10 1
209 11 1
209 28 1
209 46 1
209 50 1
209 51 1
209 63 1
209 64 1
209 87 1
209 89 1
209 90 1
209 109 1
209 126 1
209 127 1
209 128 1
209 144 1
209 146 1
209 147 1
209 162 1
209 163 1
209 164 1
209 165 1
209 170 1
209 186 1
209 187 1
210 0 1
210 3 1
210 5 1
210 13 1
210 14 1
210 18 1
210 19 1
210 20 1
210 33 1
210 55 1
210 58 1
210 71 1
210 72 1
210 77 1
210 91 1
210 92 1
210 98 1
210 101 1
210 102 1
210 111 1
210 113 1
210 119 1
210 120 1
210 132 1
210 133 1
210 134 1
210 135 1
210 137 1
210 152 1
210 156 1
210 157 1
210 158 1
210 159 1
210 160 1
210 180 1
210 181 1
210 184 1
210 191 1
210 192 1
210 194 1
210 195 1
210 199 1
210 205 1
210 206 1
211 0 1
211 1 1
211 2 1
211 3 1
211 13 1
211 14 1
211 15 1
211 17 1
211 22 1
211 23 1
211 29 1
211 31 1
211 32 1
211 33 1
211 34 1
211 54 1
211 56 1
211 57 1
211 58 1
211 60 1
211 67 1
211 70 1
211 71 1
211 73 1
211 74 1
211 76 1
211 91 1
211 92 1
211 95 1
211 96 1
211 97 1
211 98 1
211 99 1
211 100 1
211 101 1
211 111 1
211 116 1
211 117 1
211 118 1
211 119 1
211 132 1
211 136 1
211 137 1
211 138 1
211 150 1
211 154 1
211 155 1
211 156 1
211 179 1
211 180 1
211 181 1
211 182 1
211 191 1
211 193 1
211 194 1
211 195 1
211 198 1
211 199 1
211 200 1
211 201 1
211 202 1
211 204 1
211 205 1
211 206 1
211 210 1
212 1 1
212 2 1
212 13 1
212 30 1
212 31 1
212 33 1
212 34 1
212 35 1
212 59 1
212 66 1
212 68 1
212 69 1
212 75 1
212 92 1
212 96 1
212 100 1
212 101 1
212 111 1
212 112 1
212 118 1
212 138 1
212 150 1
212 171 1
212 189 1
212 190 1
212 193 1
212 198 1
212 200 1
212 201 1
212 203 1
212 204 1
212 206 1
213 1 1
213 2 1
213 13 1
213 30 1
213 31 1
213 33 1
213 34 1
213 35 1
213 59 1
213 66 1
213 68 1
213 69 1
213 75 1
213 92 1
213 96 1
213 100 1
213 101 1
213 111 1
213 112 1
213 118 1
213 138 1
213 150 1
213 171 1
213 189 1
213 190 1
213 193 1
213 198 1
213 200 1
213 201 1
213 203 1
213 204 1
213 206 1
213 212 1
214 1 1
214 2 1
214 13 1
214 17 1
214 22 1
214 23 1
214 30 1
214 31 1
214 34 1
214 35 1
214 36 1
214 54 1
214 57 1
214 59 1
214 60 1
214 68 1
214 69 1
214 70 1
214 73 1
214 75 1
214 78 1
214 95 1
214 96 1
214 97 1
214 99 1
214 100 1
214 104 1
214 118 1
214 121 1
214 136 1
214 138 1
214 150 1
214 155 1
214 167 1
214 171 1
214 173 1
214 174 1
214 189 1
214 190 1
214 193 1
214 197 1
214 201 1
214 203 1
214 204 1
214 206 1
214 211 1
214 212 1
214 213 1
215 1 1
215 2 1
215 13 1
215 17 1
215 22 1
215 23 1
215 30 1
215 31 1
215 34 1
215 35 1
215 36 1
215 54 1
215 57 1
215 59 1
215 60 1
215 68 1
215 69 1
215 70 1
215 73 1
215 75 1
215 78 1
215 95 1
215 96 1
215 97 1
215 99 1
215 100 1
215 104 1
215 118 1
215 121 1
215 136 1
215 138 1
215 150 1
215 155 1
215 167 1
215 173 1
215 174 1
215 189 1
215 190 1
215 193 1
215 197 1
215 201 1
215 203 1
215 204 1
215 206 1
215 211 1
215 212 1
215 213 1
215 214 1
216 1 1
216 2 1
216 17 1
216 22 1
216 23 1
216 24 1
216 30 1
216 35 1
216 36 1
216 49 1
216 54 1
216 57 1
216 59 1
216 60 1
216 69 1
216 70 1
216 73 1
216 74 1
216 78 1
216 81 1
216 93 1
216 97 1
216 99 1
216 100 1
216 104 1
216 108 1
216 116 1
216 117 1
216 118 1
216 121 1
216 136 1
216 138 1
216 150 1
216 151 1
216 155 1
216 167 1
216 173 1
216 174 1
216 182 1
216 185 1
216 190 1
216 193 1
216 197 1
216 201 1
216 202 1
216 203 1
216 208 1
216 211 1
216 214 1
216 215 1
217 1 1
217 2 1
217 17 1
217 22 1
217 23 1
217 24 1
217 30 1
217 35 1
217 36 1
217 49 1
217 54 1
217 57 1
217 59 1
217 60 1
217 69 1
217 70 1
217 73 1
217 74 1
217 78 1
217 81 1
217 93 1
217 97 1
217 99 1
217 100 1
217 104 1
217 108 1
217 116 1
217 117 1
217 118 1
217 121 1
217 136 1
217 138 1
217 150 1
217 151 1
217 155 1
217 167 1
217 173 1
217 174 1
217 182 1
217 185 1
217 190 1
217 193 1
217 197 1
217 201 1
217 202 1
217 203 1
217 208 1
217 211 1
217 214 1
217 215 1
217 216 1
218 1 1
218 2 1
218 17 1
218 21 1
218 22 1
218 23 1
218 24 1
218 25 1
218 30 1
218 34 1
218 35 1
218 36 1
218 39 1
218 54 1
218 56 1
218 57 1
218 59 1
218 60 1
218 70 1
218 73 1
218 74 1
218 78 1
218 79 1
218 91 1
218 97 1
218 99 1
218 100 1
218 103 1
218 104 1
218 115 1
218 116 1
218 118 1
218 121 1
218 136 1
218 138 1
218 139 1
218 150 1
218 155 1
218 167 1
218 173 1
218 174 1
218 182 1
218 193 1
218 196 1
218 201 1
218 202 1
218 203 1
218 208 1
218 211 1
218 214 1
218 215 1
218 216 1
218 217 1
219 1 1
219 2 1
219 17 1
219 21 1
219 22 1
219 23 1
219 24 1
219 25 1
219 30 1
219 34 1
219 35 1
219 36 1
219 39 1
219 54 1
219 56 1
219 57 1
219 59 1
219 60 1
219 70 1
219 73 1
219 74 1
219 78 1
219 79 1
219 91 1
219 97 1
219 99 1
219 100 1
219 103 1
219 104 1
219 115 1
219 116 1
219 118 1
219 121 1
219 136 1
219 138 1
219 139 1
219 150 1
219 155 1
219 167 1
219 173 1
219 174 1
219 182 1
219 193 1
219 196 1
219 201 1
219 202 1
219 203 1
219 211 1
219 214 1
219 215 1
219 216 1
219 217 1
219 218 1
220 0 1
220 1 1
220 2 1
220 17 1
220 21 1
220 22 1
220 23 1
220 24 1
220 30 1
220 31 1
220 34 1
220 35 1
220 36 1
220 54 1
220 56 1
220 57 1
220 59 1
220 60 1
220 68 1
220 70 1
220 73 1
220 74 1
220 75 1
220 78 1
220 91 1
220 97 1
220 98 1
220 99 1
220 100 1
220 104 1
220 115 1
220 116 1
220 118 1
220 121 1
220 136 1
220 138 1
220 150 1
220 155 1
220 173 1
220 174 1
220 181 1
220 182 1
220 193 1
220 201 1
220 202 1
220 203 1
220 204 1
220 206 1
220 211 1
220 214 1
220 215 1
220 216 1
220 217 1
220 218 1
220 219 1
221 1 1
221 2 1
221 17 1
221 21 1
221 22 1
221 23 1
221 24 1
221 30 1
221 31 1
221 34 1
221 35 1
221 36 1
221 54 1
221 56 1
221 57 1
221 59 1
221 60 1
221 68 1
221 70 1
221 73 1
221 74 1
221 75 1
221 78 1
221 91 1
221 97 1
221 98 1
221 99 1
221 100 1
221 104 1
221 115 1
221 116 1
221 118 1
221 121 1
221 136 1
221 138 1
221 150 1
221 155 1
221 173 1
221 174 1
221 181 1
221 182 1
221 193 1
221 201 1
221 202 1
221 203 1
221 204 1
221 206 1
221 211 1
221 214 1
221 215 1
221 216 1
221 217 1
221 218 1
221 219 1
221 220 1
222 0 1
222 1 1
222 2 1
222 3 1
222 17 1
222 22 1
222 23 1
222 36 1
222 54 1
222 56 1
222 57 1
222 70 1
222 73 1
222 74 1
222 97 1
222 98 1
222 99 1
222 100 1
222 116 1
222 117 1
222 136 1
222 155 1
222 182 1
222 201 1
222 202 1
222 211 1
222 216 1
222 217 1
222 218 1
222 219 1
222 220 1
222 221 1
223 0 1
223 1 1
223 2 1
223 3 1
223 17 1
223 22 1
223 23 1
223 36 1
223 54 1
223 56 1
223 57 1
223 70 1
223 73 1
223 74 1
223 97 1
223 98 1
223 99 1
223 100 1
223 116 1
223 117 1
223 136 1
223 155 1
223 182 1
223 201 1
223 202 1
223 211 1
223 216 1
223 217 1
223 218 1
223 219 1
223 220 1
223 221 1
223 222 1
224 9 1
224 10 1
224 11 1
224 17 1
224 22 1
224 24 1
224 25 1
224 36 1
224 37 1
224 38 1
224 39 1
224 47 1
224 51 1
224 52 1
224 60 1
224 70 1
224 78 1
224 79 1
224 80 1
224 84 1
224 87 1
224 93 1
224 97 1
224 103 1
224 104 1
224 107 1
224 108 1
224 121 1
224 126 1
224 129 1
224 136 1
224 139 1
224 145 1
224 146 1
224 147 1
224 148 1
224 151 1
224 155 1
224 162 1
224 163 1
224 167 1
224 169 1
224 173 1
224 174 1
224 177 1
224 178 1
224 185 1
224 186 1
224 196 1
224 208 1
224 216 1
224 217 1
224 218 1
224 219 1
224 220 1
224 221 1
225 9 1
225 10 1
225 17 1
225 22 1
225 24 1
225 25 1
225 36 1
225 37 1
225 38 1
225 39 1
225 47 1
225 51 1
225 52 1
225 60 1
225 70 1
225 78 1
225 79 1
225 80 1
225 84 1
225 87 1
225 93 1
225 97 1
225 103 1
225 104 1
225 107 1
225 108 1
225 121 1
225 126 1
225 129 1
225 136 1
225 139 1
225 145 1
225 146 1
225 147 1
225 148 1
225 151 1
225 155 1
225 162 1
225 163 1
225 167 1
225 169 1
225 173 1
225 174 1
225 177 1
225 178 1
225 185 1
225 186 1
225 196 1
225 208 1
225 216 1
225 217 1
225 218 1
225 219 1
225 220 1
225 221 1
225 224 1
226 2 1
226 6 1
226 9 1
226 17 1
226 22 1
226 23 1
226 36 1
226 40 1
226 48 1
226 49 1
226 52 1
226 70 1
226 73 1
226 74 1
226 78 1
226 81 1
226 82 1
226 88 1
226 93 1
226 94 1
226 97 1
226 99 1
226 104 1
226 107 1
226 108 1
226 116 1
226 122 1
226 125 1
226 130 1
226 136 1
226 148 1
226 149 1
226 151 1
226 155 1
226 167 1
226 169 1
226 173 1
226 174 1
226 178 1
226 185 1
226 188 1
226 197 1
226 208 1
226 214 1
226 215 1
226 216 1
226 217 1
227 2 1
227 6 1
227 9 1
227 17 1
227 22 1
227 23 1
227 36 1
227 40 1
227 48 1
227 49 1
227 52 1
227 70 1
227 73 1
227 74 1
227 78 1
227 81 1
227 82 1
227 88 1
227 93 1
227 94 1
227 97 1
227 99 1
227 104 1
227 107 1
227 108 1
227 116 1
227 122 1
227 125 1
227 130 1
227 136 1
227 148 1
227 149 1
227 151 1
227 155 1
227 167 1
227 169 1
227 173 1
227 174 1
227 178 1
227 185 1
227 188 1
227 197 1
227 208 1
227 214 1
227 215 1
227 216 1
227 217 1
227 226 1
228 6 1
228 7 1
228 9 1
228 12 1
228 41 1
228 44 1
228 45 1
228 47 1
228 48 1
228 53 1
228 62 1
228 65 1
228 82 1
228 83 1
228 85 1
228 86 1
228 87 1
228 105 1
228 106 1
228 107 1
228 122 1
228 125 1
228 130 1
228 131 1
228 139 1
228 145 1
228 149 1
228 151 1
228 161 1
228 169 1
228 176 1
228 177 1
228 178 1
228 188 1
228 207 1
229 6 1
229 7 1
229 9 1
229 12 1
229 41 1
229 44 1
229 45 1
229 47 1
229 48 1
229 53 1
229 62 1
229 65 1
229 82 1
229 83 1
229 85 1
229 86 1
229 87 1
229 105 1
229 106 1
229 107 1
229 122 1
229 125 1
229 130 1
229 131 1
229 139 1
229 145 1
229 149 1
229 151 1
229 161 1
229 169 1
229 176 1
229 177 1
229 178 1
229 188 1
229 207 1
229 228 1
230 6 1
230 7 1
230 8 1
230 9 1
230 12 1
230 40 1
230 41 1
230 42 1
230 43 1
230 44 1
230 45 1
230 47 1
230 48 1
230 49 1
230 52 1
230 53 1
230 62 1
230 65 1
230 81 1
230 83 1
230 85 1
230 86 1
230 88 1
230 93 1
230 94 1
230 105 1
230 106 1
230 107 1
230 122 1
230 125 1
230 130 1
230 131 1
230 140 1
230 142 1
230 143 1
230 144 1
230 145 1
230 148 1
230 149 1
230 151 1
230 161 1
230 168 1
230 169 1
230 175 1
230 176 1
230 177 1
230 178 1
230 185 1
230 188 1
230 207 1
230 228 1
230 229 1
231 6 1
231 7 1
231 8 1
231 9 1
231 12 1
231 40 1
231 41 1
231 42 1
231 43 1
231 44 1
231 45 1
231 47 1
231 48 1
231 49 1
231 52 1
231 53 1
231 62 1
231 65 1
231 81 1
231 83 1
231 85 1
231 86 1
231 88 1
231 93 1
231 94 1
231 105 1
231 106 1
231 107 1
231 122 1
231 125 1
231 130 1
231 131 1
231 140 1
231 142 1
231 143 1
231 144 1
231 145 1
231 148 1
231 149 1
231 151 1
231 161 1
231 168 1
231 169 1
231 175 1
231 176 1
231 177 1
231 178 1
231 185 1
231 188 1
231 207 1
231 228 1
231 229 1
231 230 1
232 7 1
232 8 1
232 9 1
232 27 1
232 28 1
232 40 1
232 42 1
232 43 1
232 44 1
232 45 1
232 46 1
232 47 1
232 48 1
232 49 1
232 52 1
232 53 1
232 62 1
232 65 1
232 81 1
232 83 1
232 84 1
232 85 1
232 86 1
232 87 1
232 88 1
232 93 1
232 94 1
232 105 1
232 106 1
232 107 1
232 108 1
232 122 1
232 125 1
232 130 1
232 131 1
232 140 1
232 142 1
232 143 1
232 144 1
232 145 1
232 148 1
232 149 1
232 151 1
232 161 1
232 162 1
232 168 1
232 169 1
232 175 1
232 176 1
232 177 1
232 178 1
232 185 1
232 188 1
232 197 1
232 207 1
232 208 1
232 227 1
232 228 1
232 229 1
232 230 1
232 231 1
233 7 1
233 8 1
233 9 1
233 27 1
233 28 1
233 40 1
233 42 1
233 43 1
233 44 1
233 45 1
233 46 1
233 47 1
233 48 1
233 49 1
233 52 1
233 53 1
233 62 1
233 65 1
233 81 1
233 83 1
233 84 1
233 85 1
233 86 1
233 87 1
233 88 1
233 93 1
233 94 1
233 105 1
233 106 1
233 107 1
233 108 1
233 122 1
233 125 1
233 130 1
233 131 1
233 140 1
233 142 1
233 143 1
233 144 1
233 145 1
233 148 1
233 149 1
233 151 1
233 161 1
233 162 1
233 168 1
233 169 1
233 175 1
233 176 1
233 177 1
233 178 1
233 185 1
233 188 1
233 197 1
233 207 1
233 208 1
233 226 1
233 227 1
233 228 1
233 229 1
233 230 1
233 231 1
233 232 1
234 10 1
234 11 1
234 50 1
234 51 1
234 63 1
234 64 1
234 80 1
234 87 1
234 89 1
234 90 1
234 103 1
234 109 1
234 123 1
234 126 1
234 127 1
234 129 1
234 146 1
234 147 1
234 162 1
234 163 1
234 164 1
234 165 1
234 170 1
234 186 1
234 187 1
234 209 1
235 10 1
235 11 1
235 50 1
235 51 1
235 63 1
235 64 1
235 80 1
235 87 1
235 89 1
235 90 1
235 103 1
235 109 1
235 123 1
235 126 1
235 127 1
235 129 1
235 146 1
235 147 1
235 162 1
235 163 1
235 164 1
235 165 1
235 170 1
235 186 1
235 187 1
235 209 1
235 234 1
236 0 1
236 1 1
236 13 1
236 14 1
236 19 1
236 20 1
236 21 1
236 23 1
236 31 1
236 33 1
236 34 1
236 35 1
236 54 1
236 55 1
236 56 1
236 57 1
236 58 1
236 59 1
236 71 1
236 72 1
236 75 1
236 91 1
236 92 1
236 96 1
236 98 1
236 100 1
236 101 1
236 111 1
236 112 1
236 113 1
236 114 1
236 115 1
236 118 1
236 133 1
236 135 1
236 137 1
236 138 1
236 150 1
236 171 1
236 172 1
236 180 1
236 181 1
236 182 1
236 191 1
236 192 1
236 194 1
236 200 1
236 201 1
236 202 1
236 203 1
236 204 1
236 205 1
236 206 1
236 210 1
236 211 1
236 220 1
236 221 1
237 0 1
237 1 1
237 2 1
237 3 1
237 4 1
237 5 1
237 14 1
237 15 1
237 16 1
237 23 1
237 29 1
237 32 1
237 58 1
237 67 1
237 71 1
237 73 1
237 74 1
237 76 1
237 77 1
237 92 1
237 95 1
237 98 1
237 99 1
237 100 1
237 101 1
237 102 1
237 110 1
237 111 1
237 116 1
237 117 1
237 119 1
237 132 1
237 133 1
237 134 1
237 137 1
237 152 1
237 154 1
237 156 1
237 159 1
237 160 1
237 166 1
237 179 1
237 183 1
237 184 1
237 194 1
237 195 1
237 199 1
237 202 1
237 205 1
237 210 1
237 211 1
237 222 1
237 223 1
238 0 1
238 3 1
238 4 1
238 5 1
238 14 1
238 19 1
238 23 1
238 32 1
238 55 1
238 58 1
238 67 1
238 71 1
238 74 1
238 76 1
238 77 1
238 98 1
238 99 1
238 101 1
238 102 1
238 117 1
238 119 1
238 120 1
238 133 1
238 134 1
238 137 1
238 152 1
238 156 1
238 157 1
238 158 1
238 159 1
238 160 1
238 183 1
238 184 1
238 194 1
238 195 1
238 199 1
238 202 1
238 205 1
238 210 1
238 211 1
238 222 1
238 223 1
238 237 1
239 6 1
239 9 1
239 40 1
239 48 1
239 49 1
239 53 1
239 65 1
239 70 1
239 73 1
239 74 1
239 81 1
239 82 1
239 88 1
239 93 1
239 97 1
239 104 1
239 107 1
239 116 1
239 122 1
239 125 1
239 130 1
239 131 1
239 149 1
239 151 1
239 161 1
239 169 1
239 178 1
239 188 1
239 197 1
239 222 1
239 223 1
239 226 1
239 227 1
239 228 1
239 229 1
240 8 1
240 10 1
240 11 1
240 26 1
240 27 1
240 28 1
240 42 1
240 50 1
240 51 1
240 52 1
240 61 1
240 63 1
240 64 1
240 84 1
240 87 1
240 90 1
240 94 1
240 103 1
240 108 1
240 109 1
240 123 1
240 124 1
240 126 1
240 127 1
240 128 1
240 129 1
240 140 1
240 141 1
240 144 1
240 145 1
240 146 1
240 147 1
240 148 1
240 162 1
240 163 1
240 164 1
240 165 1
240 168 1
240 170 1
240 173 1
240 175 1
240 185 1
240 208 1
240 224 1
240 225 1
240 234 1
240 235 1
241 10 1
241 11 1
241 26 1
241 27 1
241 28 1
241 42 1
241 50 1
241 51 1
241 52 1
241 61 1
241 63 1
241 64 1
241 84 1
241 87 1
241 89 1
241 90 1
241 103 1
241 108 1
241 109 1
241 123 1
241 124 1
241 126 1
241 127 1
241 128 1
241 129 1
241 140 1
241 141 1
241 144 1
241 145 1
241 146 1
241 147 1
241 148 1
241 162 1
241 163 1
241 164 1
241 165 1
241 168 1
241 170 1
241 186 1
241 187 1
241 208 1
241 209 1
241 234 1
241 235 1
241 240 1
242 9 1
242 10 1
242 11 1
242 28 1
242 37 1
242 38 1
242 41 1
242 44 1
242 45 1
242 46 1
242 47 1
242 51 1
242 62 1
242 63 1
242 79 1
242 80 1
242 83 1
242 84 1
242 85 1
242 86 1
242 87 1
242 89 1
242 90 1
242 103 1
242 106 1
242 107 1
242 126 1
242 127 1
242 129 1
242 139 1
242 140 1
242 143 1
242 144 1
242 145 1
242 146 1
242 147 1
242 148 1
242 151 1
242 153 1
242 161 1
242 162 1
242 163 1
242 169 1
242 173 1
242 177 1
242 178 1
242 186 1
242 187 1
242 196 1
242 207 1
242 208 1
242 209 1
242 224 1
242 225 1
242 228 1
242 229 1
242 232 1
242 234 1
242 235 1
243 9 1
243 10 1
243 11 1
243 17 1
243 24 1
243 25 1
243 26 1
243 27 1
243 36 1
243 39 1
243 42 1
243 47 1
243 51 1
243 52 1
243 61 1
243 63 1
243 70 1
243 78 1
243 79 1
243 80 1
243 84 1
243 87 1
243 89 1
243 93 1
243 94 1
243 103 1
243 104 1
243 107 1
243 108 1
243 109 1
243 121 1
243 123 1
243 124 1
243 126 1
243 129 1
243 139 1
243 140 1
243 141 1
243 144 1
243 145 1
243 146 1
243 147 1
243 148 1
243 151 1
243 162 1
243 163 1
243 167 1
243 169 1
243 173 1
243 174 1
243 177 1
243 178 1
243 185 1
243 186 1
243 196 1
243 208 1
243 224 1
243 225 1
243 234 1
243 235 1
243 240 1
243 241 1
243 242 1
244 9 1
244 10 1
244 11 1
244 24 1
244 25 1
244 28 1
244 37 1
244 38 1
244 39 1
244 46 1
244 47 1
244 51 1
244 63 1
244 79 1
244 80 1
244 84 1
244 85 1
244 86 1
244 87 1
244 89 1
244 90 1
244 103 1
244 107 1
244 108 1
244 109 1
244 126 1
244 127 1
244 129 1
244 139 1
244 144 1
244 145 1
244 146 1
244 147 1
244 162 1
244 163 1
244 164 1
244 165 1
244 169 1
244 173 1
244 177 1
244 178 1
244 186 1
244 187 1
244 196 1
244 208 1
244 209 1
244 224 1
244 225 1
244 234 1
244 235 1
244 240 1
244 241 1
244 242 1
244 243 1
245 8 1
245 9 1
245 10 1
245 11 1
245 24 1
245 26 1
245 27 1
245 28 1
245 36 1
245 42 1
245 43 1
245 47 1
245 49 1
245 51 1
245 52 1
245 61 1
245 63 1
245 64 1
245 78 1
245 80 1
245 84 1
245 86 1
245 87 1
245 93 1
245 94 1
245 103 1
245 104 1
245 107 1
245 108 1
245 109 1
245 123 1
245 124 1
245 126 1
245 127 1
245 129 1
245 139 1
245 140 1
245 141 1
245 142 1
245 144 1
245 145 1
245 146 1
245 147 1
245 148 1
245 149 1
245 151 1
245 162 1
245 163 1
245 167 1
245 168 1
245 169 1
245 173 1
245 174 1
245 175 1
245 177 1
245 178 1
245 185 1
245 197 1
245 208 1
245 224 1
245 225 1
245 232 1
245 233 1
245 240 1
245 241 1
245 242 1
245 243 1
245 244 1
