# minsup
1
# graph
G_./2HBG.pdb
# node ID, label
0 A
1 A
2 A
3 A
4 A
5 A
6 A
7 A
8 A
9 A
10 A
11 A
12 A
13 A
14 A
15 A
16 A
17 A
18 A
19 A
20 A
21 A
22 A
23 A
24 A
25 A
26 A
27 A
28 A
29 A
30 C
31 D
32 D
33 D
34 D
35 D
36 D
37 E
38 E
39 E
40 F
41 F
42 F
43 F
44 G
45 G
46 G
47 G
48 G
49 G
50 G
51 G
52 G
53 G
54 G
55 G
56 G
57 G
58 G
59 G
60 G
61 G
62 G
63 G
64 H
65 H
66 H
67 H
68 H
69 I
70 I
71 I
72 I
73 I
74 I
75 I
76 I
77 K
78 K
79 K
80 K
81 K
82 K
83 K
84 K
85 K
86 K
87 K
88 K
89 L
90 L
91 L
92 L
93 L
94 L
95 L
96 L
97 L
98 L
99 L
100 M
101 M
102 M
103 M
104 M
105 N
106 N
107 N
108 P
109 P
110 P
111 Q
112 Q
113 Q
114 Q
115 Q
116 Q
117 Q
118 R
119 R
120 R
121 S
122 S
123 S
124 S
125 S
126 S
127 S
128 S
129 S
130 S
131 T
132 V
133 V
134 V
135 V
136 V
137 V
138 V
139 V
140 V
141 V
142 W
143 W
144 Y
145 Y
146 Y
# node ID1, node ID2, number of bounds
1 0 1
2 0 1
2 1 1
3 0 1
3 1 1
3 2 1
4 2 1
4 3 1
5 4 1
6 4 1
6 5 1
8 7 1
9 7 1
9 8 1
10 7 1
10 8 1
10 9 1
11 6 1
11 8 1
11 10 1
12 6 1
12 8 1
12 10 1
12 11 1
13 4 1
13 5 1
13 6 1
13 10 1
13 11 1
13 12 1
14 2 1
14 4 1
14 5 1
14 6 1
14 11 1
14 12 1
14 13 1
15 2 1
15 3 1
15 4 1
15 13 1
15 14 1
16 15 1
17 15 1
17 16 1
19 7 1
19 18 1
20 4 1
20 6 1
20 7 1
20 11 1
20 13 1
20 14 1
20 19 1
21 1 1
21 3 1
22 0 1
22 1 1
22 2 1
22 3 1
22 21 1
23 0 1
23 1 1
23 2 1
23 3 1
23 4 1
23 19 1
23 20 1
23 21 1
23 22 1
24 0 1
24 1 1
24 2 1
24 3 1
24 15 1
24 19 1
24 21 1
24 22 1
24 23 1
25 1 1
25 2 1
25 15 1
25 19 1
25 20 1
25 21 1
25 22 1
25 23 1
25 24 1
26 0 1
26 1 1
26 2 1
26 15 1
26 19 1
26 21 1
26 22 1
26 23 1
26 24 1
26 25 1
27 0 1
27 1 1
27 2 1
27 3 1
27 14 1
27 15 1
27 16 1
27 19 1
27 21 1
27 22 1
27 23 1
27 24 1
27 25 1
27 26 1
28 15 1
28 16 1
28 18 1
28 19 1
28 23 1
28 24 1
28 25 1
28 26 1
28 27 1
29 15 1
29 16 1
29 17 1
29 18 1
29 25 1
29 26 1
29 27 1
29 28 1
30 4 1
30 6 1
30 7 1
30 8 1
30 10 1
30 11 1
30 12 1
30 13 1
30 14 1
30 19 1
30 20 1
30 25 1
31 2 1
31 3 1
31 4 1
31 5 1
31 6 1
31 14 1
31 20 1
31 23 1
31 24 1
32 4 1
32 5 1
32 6 1
32 11 1
32 12 1
32 13 1
32 14 1
32 20 1
32 30 1
32 31 1
33 7 1
33 8 1
33 9 1
33 10 1
33 11 1
33 12 1
33 13 1
33 30 1
34 0 1
34 2 1
34 15 1
34 16 1
34 27 1
34 29 1
35 0 1
35 1 1
35 2 1
35 3 1
35 19 1
35 21 1
35 22 1
35 23 1
35 24 1
35 25 1
35 26 1
35 27 1
35 28 1
36 0 1
36 2 1
36 15 1
36 16 1
36 17 1
36 18 1
36 19 1
36 24 1
36 25 1
36 26 1
36 27 1
36 28 1
36 29 1
36 34 1
36 35 1
37 0 1
37 1 1
37 2 1
37 15 1
37 16 1
37 17 1
37 24 1
37 26 1
37 27 1
37 28 1
37 29 1
37 34 1
37 36 1
38 7 1
38 18 1
38 19 1
38 20 1
38 25 1
38 26 1
38 27 1
38 28 1
38 29 1
38 30 1
38 36 1
39 3 1
39 4 1
39 6 1
39 19 1
39 20 1
39 21 1
39 22 1
39 23 1
39 24 1
39 25 1
39 30 1
39 31 1
39 35 1
40 7 1
40 8 1
40 9 1
40 10 1
40 11 1
40 12 1
40 13 1
40 19 1
40 20 1
40 30 1
40 33 1
40 38 1
40 39 1
41 7 1
41 8 1
41 9 1
41 10 1
41 11 1
41 12 1
41 13 1
41 18 1
41 30 1
41 33 1
41 40 1
42 7 1
42 8 1
42 9 1
42 10 1
42 11 1
42 12 1
42 30 1
42 33 1
42 40 1
42 41 1
43 7 1
43 8 1
43 18 1
43 19 1
43 25 1
43 26 1
43 27 1
43 28 1
43 29 1
43 30 1
43 36 1
43 38 1
43 40 1
43 41 1
44 0 1
44 1 1
44 2 1
44 15 1
44 16 1
44 24 1
44 25 1
44 26 1
44 27 1
44 28 1
44 29 1
44 34 1
44 35 1
44 36 1
44 37 1
45 2 1
45 3 1
45 4 1
45 5 1
45 6 1
45 13 1
45 14 1
45 20 1
45 31 1
45 32 1
45 39 1
46 2 1
46 3 1
46 4 1
46 5 1
46 6 1
46 11 1
46 12 1
46 13 1
46 14 1
46 15 1
46 20 1
46 30 1
46 31 1
46 32 1
46 39 1
46 45 1
47 4 1
47 5 1
47 6 1
47 10 1
47 11 1
47 12 1
47 13 1
47 14 1
47 20 1
47 30 1
47 31 1
47 32 1
47 39 1
47 40 1
47 45 1
47 46 1
48 4 1
48 5 1
48 6 1
48 10 1
48 11 1
48 12 1
48 13 1
48 14 1
48 19 1
48 20 1
48 30 1
48 31 1
48 32 1
48 33 1
48 39 1
48 40 1
48 41 1
48 43 1
48 45 1
48 46 1
48 47 1
49 8 1
49 9 1
49 10 1
49 11 1
49 12 1
49 33 1
49 40 1
49 41 1
49 42 1
50 7 1
50 8 1
50 9 1
50 10 1
50 11 1
50 12 1
50 30 1
50 33 1
50 40 1
50 41 1
50 42 1
50 49 1
51 6 1
51 8 1
51 9 1
51 10 1
51 11 1
51 12 1
51 13 1
51 30 1
51 33 1
51 40 1
51 41 1
51 42 1
51 47 1
51 48 1
51 49 1
51 50 1
52 4 1
52 6 1
52 8 1
52 10 1
52 11 1
52 12 1
52 13 1
52 14 1
52 19 1
52 20 1
52 30 1
52 32 1
52 33 1
52 40 1
52 41 1
52 42 1
52 43 1
52 45 1
52 46 1
52 47 1
52 48 1
52 49 1
52 50 1
52 51 1
53 2 1
53 3 1
53 4 1
53 5 1
53 6 1
53 13 1
53 14 1
53 15 1
53 24 1
53 27 1
53 31 1
53 32 1
53 34 1
53 36 1
53 37 1
53 45 1
53 46 1
53 47 1
53 48 1
53 52 1
54 0 1
54 1 1
54 2 1
54 3 1
54 15 1
54 16 1
54 24 1
54 27 1
54 34 1
54 36 1
54 37 1
54 44 1
54 53 1
55 15 1
55 16 1
55 17 1
55 27 1
55 29 1
55 34 1
55 36 1
55 37 1
55 44 1
55 54 1
56 15 1
56 16 1
56 17 1
56 18 1
56 28 1
56 29 1
56 36 1
56 41 1
56 43 1
57 9 1
57 17 1
57 41 1
57 49 1
57 56 1
58 8 1
58 9 1
58 12 1
58 18 1
58 33 1
58 41 1
58 42 1
58 43 1
58 49 1
58 50 1
58 51 1
58 52 1
58 56 1
58 57 1
59 7 1
59 18 1
59 19 1
59 20 1
59 23 1
59 24 1
59 25 1
59 26 1
59 27 1
59 28 1
59 29 1
59 30 1
59 35 1
59 36 1
59 38 1
59 39 1
59 40 1
59 43 1
59 48 1
59 52 1
60 3 1
60 4 1
60 20 1
60 21 1
60 22 1
60 23 1
60 31 1
60 39 1
60 45 1
60 46 1
60 47 1
61 3 1
61 20 1
61 21 1
61 22 1
61 23 1
61 24 1
61 31 1
61 35 1
61 39 1
61 60 1
62 15 1
62 16 1
62 17 1
62 18 1
62 19 1
62 25 1
62 26 1
62 27 1
62 28 1
62 29 1
62 36 1
62 37 1
62 38 1
62 43 1
62 44 1
62 55 1
62 56 1
62 59 1
63 15 1
63 16 1
63 17 1
63 18 1
63 28 1
63 29 1
63 36 1
63 43 1
63 55 1
63 56 1
63 57 1
63 62 1
64 7 1
64 8 1
64 9 1
64 10 1
64 19 1
64 30 1
64 33 1
64 38 1
64 40 1
64 41 1
64 42 1
64 43 1
64 49 1
64 50 1
64 59 1
65 0 1
65 2 1
65 3 1
65 14 1
65 15 1
65 16 1
65 17 1
65 27 1
65 29 1
65 34 1
65 36 1
65 37 1
65 44 1
65 53 1
65 54 1
65 55 1
66 16 1
66 17 1
66 18 1
66 29 1
66 41 1
66 43 1
66 49 1
66 56 1
66 57 1
66 58 1
66 62 1
66 63 1
67 8 1
67 9 1
67 18 1
67 41 1
67 42 1
67 43 1
67 49 1
67 56 1
67 57 1
67 58 1
67 63 1
67 66 1
68 4 1
68 6 1
68 19 1
68 20 1
68 21 1
68 23 1
68 30 1
68 31 1
68 39 1
68 40 1
68 45 1
68 46 1
68 47 1
68 48 1
68 59 1
68 60 1
68 61 1
69 0 1
69 1 1
69 2 1
69 3 1
69 4 1
69 14 1
69 15 1
69 21 1
69 22 1
69 23 1
69 24 1
69 25 1
69 26 1
69 27 1
69 28 1
69 31 1
69 34 1
69 35 1
69 36 1
69 37 1
69 39 1
69 44 1
69 45 1
69 46 1
69 53 1
69 54 1
69 59 1
69 60 1
69 61 1
69 65 1
70 2 1
70 3 1
70 4 1
70 5 1
70 6 1
70 13 1
70 14 1
70 15 1
70 20 1
70 23 1
70 24 1
70 25 1
70 27 1
70 30 1
70 31 1
70 32 1
70 39 1
70 45 1
70 46 1
70 47 1
70 48 1
70 52 1
70 53 1
70 60 1
70 61 1
70 68 1
70 69 1
71 6 1
71 7 1
71 8 1
71 9 1
71 10 1
71 11 1
71 12 1
71 13 1
71 19 1
71 20 1
71 30 1
71 33 1
71 40 1
71 41 1
71 42 1
71 46 1
71 47 1
71 48 1
71 49 1
71 50 1
71 51 1
71 52 1
71 59 1
71 64 1
71 68 1
72 2 1
72 3 1
72 4 1
72 6 1
72 12 1
72 13 1
72 14 1
72 15 1
72 16 1
72 17 1
72 19 1
72 20 1
72 24 1
72 25 1
72 26 1
72 27 1
72 28 1
72 29 1
72 30 1
72 31 1
72 32 1
72 34 1
72 36 1
72 37 1
72 43 1
72 45 1
72 46 1
72 47 1
72 48 1
72 52 1
72 53 1
72 54 1
72 56 1
72 59 1
72 62 1
72 65 1
72 69 1
72 70 1
73 8 1
73 9 1
73 18 1
73 29 1
73 38 1
73 41 1
73 42 1
73 43 1
73 49 1
73 56 1
73 57 1
73 58 1
73 62 1
73 63 1
73 64 1
73 66 1
73 67 1
74 2 1
74 3 1
74 4 1
74 5 1
74 6 1
74 20 1
74 21 1
74 22 1
74 23 1
74 24 1
74 30 1
74 31 1
74 32 1
74 39 1
74 45 1
74 46 1
74 47 1
74 48 1
74 60 1
74 61 1
74 68 1
74 69 1
74 70 1
75 2 1
75 14 1
75 15 1
75 16 1
75 17 1
75 18 1
75 19 1
75 24 1
75 25 1
75 26 1
75 27 1
75 28 1
75 29 1
75 34 1
75 35 1
75 36 1
75 37 1
75 38 1
75 43 1
75 44 1
75 53 1
75 54 1
75 55 1
75 56 1
75 59 1
75 62 1
75 63 1
75 65 1
75 66 1
75 69 1
75 72 1
76 15 1
76 16 1
76 17 1
76 18 1
76 27 1
76 28 1
76 29 1
76 36 1
76 38 1
76 43 1
76 56 1
76 57 1
76 58 1
76 59 1
76 62 1
76 63 1
76 66 1
76 67 1
76 72 1
76 73 1
76 75 1
77 2 1
77 3 1
77 4 1
77 5 1
77 6 1
77 14 1
77 15 1
77 20 1
77 23 1
77 24 1
77 31 1
77 32 1
77 39 1
77 45 1
77 46 1
77 47 1
77 48 1
77 53 1
77 60 1
77 61 1
77 65 1
77 68 1
77 69 1
77 70 1
77 72 1
77 74 1
78 4 1
78 5 1
78 6 1
78 7 1
78 8 1
78 10 1
78 11 1
78 12 1
78 13 1
78 14 1
78 19 1
78 20 1
78 30 1
78 32 1
78 33 1
78 39 1
78 40 1
78 41 1
78 42 1
78 45 1
78 46 1
78 47 1
78 48 1
78 50 1
78 51 1
78 52 1
78 59 1
78 68 1
78 70 1
78 71 1
78 72 1
79 4 1
79 6 1
79 7 1
79 8 1
79 10 1
79 11 1
79 12 1
79 13 1
79 14 1
79 19 1
79 20 1
79 30 1
79 32 1
79 33 1
79 39 1
79 40 1
79 45 1
79 46 1
79 47 1
79 48 1
79 50 1
79 51 1
79 52 1
79 59 1
79 60 1
79 64 1
79 68 1
79 70 1
79 71 1
79 74 1
79 78 1
80 6 1
80 7 1
80 8 1
80 10 1
80 11 1
80 12 1
80 13 1
80 19 1
80 20 1
80 30 1
80 33 1
80 38 1
80 39 1
80 40 1
80 41 1
80 42 1
80 43 1
80 47 1
80 48 1
80 50 1
80 51 1
80 52 1
80 59 1
80 64 1
80 68 1
80 71 1
80 78 1
80 79 1
81 4 1
81 6 1
81 11 1
81 12 1
81 13 1
81 14 1
81 15 1
81 30 1
81 32 1
81 41 1
81 46 1
81 47 1
81 48 1
81 51 1
81 52 1
81 53 1
81 56 1
81 58 1
81 66 1
81 70 1
81 71 1
81 72 1
81 75 1
81 78 1
81 79 1
82 15 1
82 16 1
82 17 1
82 27 1
82 29 1
82 34 1
82 36 1
82 37 1
82 44 1
82 53 1
82 54 1
82 55 1
82 56 1
82 62 1
82 63 1
82 65 1
82 72 1
82 75 1
83 15 1
83 16 1
83 17 1
83 18 1
83 27 1
83 28 1
83 29 1
83 34 1
83 36 1
83 37 1
83 43 1
83 44 1
83 55 1
83 56 1
83 57 1
83 62 1
83 63 1
83 65 1
83 66 1
83 72 1
83 73 1
83 75 1
83 76 1
83 82 1
84 17 1
84 18 1
84 29 1
84 41 1
84 43 1
84 49 1
84 56 1
84 57 1
84 58 1
84 63 1
84 66 1
84 67 1
84 73 1
84 76 1
84 83 1
85 8 1
85 9 1
85 18 1
85 41 1
85 42 1
85 43 1
85 49 1
85 50 1
85 57 1
85 58 1
85 64 1
85 66 1
85 67 1
85 73 1
85 84 1
86 8 1
86 9 1
86 18 1
86 29 1
86 38 1
86 41 1
86 43 1
86 49 1
86 56 1
86 57 1
86 58 1
86 59 1
86 62 1
86 63 1
86 64 1
86 66 1
86 67 1
86 73 1
86 76 1
86 84 1
86 85 1
87 2 1
87 3 1
87 4 1
87 20 1
87 21 1
87 22 1
87 23 1
87 24 1
87 25 1
87 31 1
87 35 1
87 39 1
87 45 1
87 60 1
87 61 1
87 68 1
87 69 1
87 70 1
87 74 1
87 77 1
88 1 1
88 2 1
88 3 1
88 19 1
88 20 1
88 21 1
88 22 1
88 23 1
88 24 1
88 25 1
88 26 1
88 27 1
88 28 1
88 31 1
88 35 1
88 36 1
88 38 1
88 39 1
88 59 1
88 60 1
88 61 1
88 68 1
88 69 1
88 70 1
88 74 1
88 87 1
89 0 1
89 1 1
89 2 1
89 3 1
89 15 1
89 22 1
89 23 1
89 24 1
89 25 1
89 26 1
89 27 1
89 28 1
89 29 1
89 34 1
89 35 1
89 36 1
89 37 1
89 44 1
89 54 1
89 55 1
89 62 1
89 65 1
89 69 1
89 72 1
89 75 1
89 82 1
89 88 1
90 6 1
90 7 1
90 8 1
90 9 1
90 10 1
90 11 1
90 12 1
90 13 1
90 14 1
90 19 1
90 20 1
90 30 1
90 33 1
90 38 1
90 39 1
90 40 1
90 41 1
90 42 1
90 43 1
90 46 1
90 47 1
90 48 1
90 49 1
90 50 1
90 51 1
90 52 1
90 58 1
90 59 1
90 64 1
90 68 1
90 71 1
90 72 1
90 78 1
90 79 1
90 80 1
90 81 1
91 7 1
91 8 1
91 9 1
91 10 1
91 11 1
91 12 1
91 19 1
91 20 1
91 30 1
91 33 1
91 38 1
91 40 1
91 41 1
91 42 1
91 43 1
91 48 1
91 49 1
91 50 1
91 51 1
91 52 1
91 58 1
91 59 1
91 64 1
91 71 1
91 73 1
91 78 1
91 79 1
91 80 1
91 85 1
91 90 1
92 6 1
92 8 1
92 9 1
92 10 1
92 11 1
92 12 1
92 13 1
92 14 1
92 20 1
92 30 1
92 32 1
92 33 1
92 40 1
92 41 1
92 42 1
92 46 1
92 47 1
92 48 1
92 49 1
92 50 1
92 51 1
92 52 1
92 53 1
92 58 1
92 66 1
92 71 1
92 72 1
92 78 1
92 79 1
92 80 1
92 81 1
92 90 1
92 91 1
93 2 1
93 4 1
93 5 1
93 6 1
93 11 1
93 12 1
93 13 1
93 14 1
93 15 1
93 19 1
93 20 1
93 27 1
93 30 1
93 31 1
93 32 1
93 39 1
93 40 1
93 43 1
93 45 1
93 46 1
93 47 1
93 48 1
93 51 1
93 52 1
93 53 1
93 59 1
93 65 1
93 68 1
93 69 1
93 70 1
93 71 1
93 72 1
93 74 1
93 75 1
93 77 1
93 78 1
93 79 1
93 80 1
93 81 1
93 90 1
93 92 1
94 0 1
94 1 1
94 2 1
94 3 1
94 14 1
94 15 1
94 16 1
94 24 1
94 25 1
94 26 1
94 27 1
94 28 1
94 29 1
94 34 1
94 36 1
94 37 1
94 44 1
94 53 1
94 54 1
94 55 1
94 62 1
94 65 1
94 69 1
94 72 1
94 75 1
94 77 1
94 82 1
94 83 1
94 89 1
95 7 1
95 8 1
95 10 1
95 11 1
95 13 1
95 18 1
95 19 1
95 20 1
95 25 1
95 26 1
95 27 1
95 28 1
95 30 1
95 36 1
95 38 1
95 39 1
95 40 1
95 41 1
95 43 1
95 48 1
95 52 1
95 59 1
95 62 1
95 64 1
95 71 1
95 72 1
95 73 1
95 75 1
95 76 1
95 78 1
95 79 1
95 80 1
95 81 1
95 86 1
95 88 1
95 90 1
95 91 1
95 92 1
95 93 1
96 4 1
96 6 1
96 7 1
96 11 1
96 13 1
96 14 1
96 19 1
96 20 1
96 23 1
96 24 1
96 25 1
96 26 1
96 27 1
96 28 1
96 30 1
96 31 1
96 35 1
96 36 1
96 38 1
96 39 1
96 40 1
96 43 1
96 46 1
96 47 1
96 48 1
96 52 1
96 53 1
96 59 1
96 60 1
96 64 1
96 68 1
96 69 1
96 70 1
96 71 1
96 72 1
96 74 1
96 75 1
96 78 1
96 79 1
96 80 1
96 81 1
96 88 1
96 90 1
96 91 1
96 92 1
96 93 1
96 95 1
97 2 1
97 4 1
97 6 1
97 7 1
97 19 1
97 20 1
97 21 1
97 22 1
97 23 1
97 24 1
97 25 1
97 26 1
97 27 1
97 28 1
97 30 1
97 31 1
97 35 1
97 36 1
97 38 1
97 39 1
97 40 1
97 43 1
97 46 1
97 47 1
97 48 1
97 52 1
97 53 1
97 59 1
97 60 1
97 61 1
97 68 1
97 69 1
97 70 1
97 71 1
97 72 1
97 74 1
97 75 1
97 78 1
97 79 1
97 80 1
97 87 1
97 88 1
97 90 1
97 93 1
97 95 1
97 96 1
98 14 1
98 15 1
98 16 1
98 17 1
98 18 1
98 26 1
98 27 1
98 28 1
98 29 1
98 36 1
98 37 1
98 38 1
98 43 1
98 44 1
98 53 1
98 55 1
98 56 1
98 57 1
98 58 1
98 59 1
98 62 1
98 63 1
98 66 1
98 67 1
98 72 1
98 73 1
98 75 1
98 76 1
98 81 1
98 82 1
98 83 1
98 84 1
98 86 1
98 93 1
98 95 1
99 16 1
99 17 1
99 18 1
99 28 1
99 29 1
99 36 1
99 43 1
99 56 1
99 57 1
99 58 1
99 62 1
99 63 1
99 66 1
99 67 1
99 73 1
99 75 1
99 76 1
99 83 1
99 84 1
99 85 1
99 86 1
99 98 1
100 7 1
100 8 1
100 9 1
100 10 1
100 18 1
100 19 1
100 30 1
100 33 1
100 38 1
100 40 1
100 41 1
100 42 1
100 43 1
100 49 1
100 50 1
100 51 1
100 52 1
100 58 1
100 59 1
100 64 1
100 67 1
100 71 1
100 73 1
100 80 1
100 85 1
100 86 1
100 90 1
100 91 1
100 92 1
100 95 1
101 2 1
101 14 1
101 15 1
101 16 1
101 17 1
101 26 1
101 27 1
101 28 1
101 29 1
101 34 1
101 36 1
101 37 1
101 44 1
101 53 1
101 54 1
101 55 1
101 56 1
101 62 1
101 63 1
101 65 1
101 69 1
101 72 1
101 75 1
101 76 1
101 82 1
101 83 1
101 89 1
101 93 1
101 94 1
101 98 1
102 14 1
102 15 1
102 16 1
102 17 1
102 18 1
102 27 1
102 28 1
102 29 1
102 34 1
102 36 1
102 37 1
102 43 1
102 44 1
102 53 1
102 54 1
102 55 1
102 56 1
102 62 1
102 63 1
102 65 1
102 66 1
102 72 1
102 75 1
102 76 1
102 81 1
102 82 1
102 83 1
102 84 1
102 93 1
102 94 1
102 98 1
102 99 1
102 101 1
103 2 1
103 3 1
103 4 1
103 5 1
103 6 1
103 13 1
103 14 1
103 19 1
103 20 1
103 21 1
103 22 1
103 23 1
103 24 1
103 25 1
103 26 1
103 27 1
103 30 1
103 31 1
103 32 1
103 35 1
103 39 1
103 40 1
103 45 1
103 46 1
103 47 1
103 48 1
103 52 1
103 53 1
103 59 1
103 60 1
103 61 1
103 68 1
103 69 1
103 70 1
103 71 1
103 72 1
103 74 1
103 77 1
103 78 1
103 79 1
103 80 1
103 87 1
103 88 1
103 90 1
103 93 1
103 95 1
103 96 1
103 97 1
104 1 1
104 2 1
104 3 1
104 4 1
104 19 1
104 20 1
104 21 1
104 22 1
104 23 1
104 24 1
104 25 1
104 26 1
104 27 1
104 31 1
104 35 1
104 39 1
104 45 1
104 59 1
104 60 1
104 61 1
104 68 1
104 69 1
104 70 1
104 74 1
104 77 1
104 87 1
104 88 1
104 96 1
104 97 1
104 103 1
105 2 1
105 3 1
105 4 1
105 5 1
105 6 1
105 11 1
105 12 1
105 13 1
105 14 1
105 15 1
105 20 1
105 30 1
105 31 1
105 32 1
105 45 1
105 46 1
105 47 1
105 48 1
105 52 1
105 53 1
105 70 1
105 72 1
105 74 1
105 77 1
105 78 1
105 79 1
105 81 1
105 92 1
105 93 1
105 96 1
105 103 1
106 8 1
106 9 1
106 41 1
106 42 1
106 49 1
106 50 1
106 51 1
106 57 1
106 58 1
106 66 1
106 67 1
106 73 1
106 84 1
106 85 1
106 86 1
106 91 1
106 92 1
106 99 1
106 100 1
107 1 1
107 2 1
107 3 1
107 20 1
107 21 1
107 22 1
107 23 1
107 24 1
107 25 1
107 26 1
107 31 1
107 35 1
107 39 1
107 60 1
107 61 1
107 68 1
107 69 1
107 70 1
107 74 1
107 87 1
107 88 1
107 97 1
107 103 1
107 104 1
108 7 1
108 8 1
108 9 1
108 10 1
108 30 1
108 33 1
108 40 1
108 41 1
108 42 1
108 49 1
108 50 1
108 64 1
108 71 1
108 80 1
108 85 1
108 90 1
108 91 1
108 95 1
108 100 1
108 106 1
109 6 1
109 8 1
109 9 1
109 10 1
109 11 1
109 12 1
109 13 1
109 30 1
109 33 1
109 40 1
109 41 1
109 42 1
109 47 1
109 48 1
109 49 1
109 50 1
109 51 1
109 52 1
109 71 1
109 78 1
109 79 1
109 80 1
109 81 1
109 90 1
109 91 1
109 92 1
110 7 1
110 8 1
110 18 1
110 19 1
110 20 1
110 25 1
110 26 1
110 28 1
110 30 1
110 38 1
110 40 1
110 41 1
110 43 1
110 48 1
110 52 1
110 59 1
110 62 1
110 64 1
110 71 1
110 73 1
110 75 1
110 76 1
110 79 1
110 80 1
110 86 1
110 90 1
110 91 1
110 95 1
110 96 1
110 97 1
110 100 1
110 103 1
110 108 1
111 0 1
111 1 1
111 2 1
111 3 1
111 15 1
111 21 1
111 22 1
111 23 1
111 24 1
111 25 1
111 26 1
111 27 1
111 28 1
111 34 1
111 35 1
111 36 1
111 37 1
111 44 1
111 54 1
111 65 1
111 69 1
111 75 1
111 77 1
111 87 1
111 88 1
111 89 1
111 94 1
111 104 1
111 107 1
112 0 1
112 1 1
112 2 1
112 3 1
112 15 1
112 21 1
112 22 1
112 23 1
112 24 1
112 25 1
112 26 1
112 27 1
112 31 1
112 34 1
112 35 1
112 37 1
112 44 1
112 53 1
112 54 1
112 65 1
112 69 1
112 70 1
112 77 1
112 87 1
112 88 1
112 89 1
112 94 1
112 104 1
112 107 1
112 111 1
113 7 1
113 8 1
113 9 1
113 10 1
113 33 1
113 40 1
113 41 1
113 42 1
113 43 1
113 49 1
113 50 1
113 58 1
113 64 1
113 67 1
113 71 1
113 73 1
113 80 1
113 85 1
113 86 1
113 90 1
113 91 1
113 95 1
113 100 1
113 106 1
113 108 1
113 110 1
114 2 1
114 4 1
114 6 1
114 11 1
114 12 1
114 13 1
114 14 1
114 15 1
114 16 1
114 17 1
114 27 1
114 28 1
114 29 1
114 30 1
114 32 1
114 36 1
114 46 1
114 47 1
114 48 1
114 52 1
114 53 1
114 56 1
114 59 1
114 62 1
114 65 1
114 66 1
114 69 1
114 70 1
114 72 1
114 75 1
114 76 1
114 77 1
114 78 1
114 81 1
114 82 1
114 83 1
114 90 1
114 92 1
114 93 1
114 94 1
114 95 1
114 96 1
114 98 1
114 101 1
114 102 1
114 103 1
114 105 1
115 14 1
115 15 1
115 16 1
115 17 1
115 27 1
115 28 1
115 29 1
115 34 1
115 36 1
115 37 1
115 44 1
115 53 1
115 54 1
115 55 1
115 56 1
115 62 1
115 63 1
115 65 1
115 66 1
115 72 1
115 75 1
115 76 1
115 81 1
115 82 1
115 83 1
115 93 1
115 94 1
115 98 1
115 99 1
115 101 1
115 102 1
115 114 1
116 18 1
116 19 1
116 28 1
116 29 1
116 36 1
116 38 1
116 40 1
116 41 1
116 43 1
116 56 1
116 59 1
116 62 1
116 63 1
116 64 1
116 66 1
116 67 1
116 73 1
116 75 1
116 76 1
116 85 1
116 86 1
116 91 1
116 95 1
116 98 1
116 99 1
116 100 1
116 110 1
116 113 1
117 16 1
117 17 1
117 18 1
117 29 1
117 43 1
117 56 1
117 57 1
117 58 1
117 62 1
117 63 1
117 66 1
117 67 1
117 73 1
117 75 1
117 76 1
117 83 1
117 84 1
117 85 1
117 86 1
117 98 1
117 99 1
117 102 1
117 115 1
117 116 1
118 0 1
118 1 1
118 2 1
118 3 1
118 15 1
118 21 1
118 22 1
118 23 1
118 24 1
118 25 1
118 26 1
118 27 1
118 28 1
118 31 1
118 34 1
118 35 1
118 36 1
118 37 1
118 44 1
118 53 1
118 54 1
118 55 1
118 65 1
118 69 1
118 70 1
118 72 1
118 75 1
118 77 1
118 82 1
118 88 1
118 89 1
118 94 1
118 101 1
118 104 1
118 107 1
118 111 1
118 112 1
119 16 1
119 17 1
119 18 1
119 29 1
119 41 1
119 56 1
119 57 1
119 58 1
119 62 1
119 63 1
119 66 1
119 67 1
119 73 1
119 75 1
119 76 1
119 81 1
119 83 1
119 84 1
119 85 1
119 86 1
119 92 1
119 98 1
119 99 1
119 102 1
119 106 1
119 114 1
119 115 1
119 117 1
120 3 1
120 4 1
120 5 1
120 6 1
120 13 1
120 19 1
120 20 1
120 23 1
120 30 1
120 31 1
120 32 1
120 39 1
120 45 1
120 46 1
120 47 1
120 48 1
120 52 1
120 60 1
120 61 1
120 68 1
120 69 1
120 70 1
120 71 1
120 74 1
120 77 1
120 78 1
120 79 1
120 80 1
120 87 1
120 88 1
120 90 1
120 93 1
120 96 1
120 97 1
120 103 1
120 104 1
120 105 1
120 107 1
121 0 1
121 1 1
121 2 1
121 3 1
121 22 1
121 23 1
121 24 1
121 25 1
121 26 1
121 27 1
121 28 1
121 34 1
121 35 1
121 36 1
121 37 1
121 44 1
121 54 1
121 55 1
121 65 1
121 69 1
121 75 1
121 88 1
121 89 1
121 94 1
121 101 1
121 111 1
121 112 1
121 118 1
122 7 1
122 8 1
122 9 1
122 10 1
122 11 1
122 19 1
122 20 1
122 30 1
122 33 1
122 40 1
122 41 1
122 42 1
122 48 1
122 49 1
122 50 1
122 51 1
122 52 1
122 59 1
122 64 1
122 71 1
122 78 1
122 79 1
122 80 1
122 90 1
122 91 1
122 95 1
122 96 1
122 100 1
122 108 1
122 109 1
122 110 1
122 113 1
123 7 1
123 8 1
123 9 1
123 10 1
123 11 1
123 12 1
123 33 1
123 40 1
123 41 1
123 42 1
123 49 1
123 50 1
123 51 1
123 58 1
123 64 1
123 71 1
123 80 1
123 85 1
123 90 1
123 91 1
123 92 1
123 100 1
123 106 1
123 108 1
123 109 1
123 113 1
123 122 1
124 7 1
124 8 1
124 9 1
124 10 1
124 11 1
124 12 1
124 13 1
124 30 1
124 33 1
124 40 1
124 41 1
124 42 1
124 47 1
124 48 1
124 49 1
124 50 1
124 51 1
124 52 1
124 64 1
124 71 1
124 78 1
124 79 1
124 80 1
124 90 1
124 91 1
124 92 1
124 100 1
124 108 1
124 109 1
124 113 1
124 122 1
124 123 1
125 0 1
125 2 1
125 3 1
125 4 1
125 14 1
125 15 1
125 16 1
125 27 1
125 31 1
125 34 1
125 36 1
125 37 1
125 44 1
125 46 1
125 53 1
125 54 1
125 55 1
125 65 1
125 69 1
125 70 1
125 72 1
125 75 1
125 77 1
125 82 1
125 89 1
125 93 1
125 94 1
125 101 1
125 102 1
125 105 1
125 111 1
125 112 1
125 114 1
125 115 1
125 118 1
126 6 1
126 7 1
126 8 1
126 10 1
126 11 1
126 13 1
126 19 1
126 20 1
126 25 1
126 26 1
126 27 1
126 28 1
126 30 1
126 38 1
126 39 1
126 40 1
126 43 1
126 46 1
126 47 1
126 48 1
126 52 1
126 59 1
126 60 1
126 64 1
126 68 1
126 70 1
126 71 1
126 72 1
126 74 1
126 78 1
126 79 1
126 80 1
126 88 1
126 90 1
126 91 1
126 92 1
126 93 1
126 95 1
126 96 1
126 97 1
126 100 1
126 103 1
126 104 1
126 108 1
126 110 1
126 116 1
126 120 1
126 122 1
127 4 1
127 6 1
127 7 1
127 19 1
127 20 1
127 21 1
127 22 1
127 23 1
127 24 1
127 25 1
127 26 1
127 27 1
127 30 1
127 31 1
127 35 1
127 38 1
127 39 1
127 40 1
127 43 1
127 46 1
127 47 1
127 48 1
127 52 1
127 59 1
127 60 1
127 61 1
127 68 1
127 70 1
127 71 1
127 74 1
127 78 1
127 79 1
127 80 1
127 87 1
127 88 1
127 90 1
127 91 1
127 93 1
127 95 1
127 96 1
127 97 1
127 103 1
127 104 1
127 107 1
127 110 1
127 120 1
127 122 1
127 126 1
128 14 1
128 15 1
128 16 1
128 17 1
128 18 1
128 19 1
128 24 1
128 25 1
128 26 1
128 27 1
128 28 1
128 29 1
128 30 1
128 36 1
128 37 1
128 38 1
128 43 1
128 44 1
128 52 1
128 53 1
128 55 1
128 56 1
128 59 1
128 62 1
128 63 1
128 65 1
128 66 1
128 72 1
128 73 1
128 75 1
128 76 1
128 81 1
128 82 1
128 83 1
128 84 1
128 86 1
128 89 1
128 93 1
128 94 1
128 95 1
128 96 1
128 97 1
128 98 1
128 99 1
128 101 1
128 102 1
128 110 1
128 114 1
128 115 1
128 116 1
128 117 1
128 119 1
128 126 1
129 16 1
129 17 1
129 18 1
129 28 1
129 29 1
129 36 1
129 37 1
129 38 1
129 43 1
129 44 1
129 55 1
129 56 1
129 57 1
129 62 1
129 63 1
129 66 1
129 67 1
129 73 1
129 75 1
129 76 1
129 82 1
129 83 1
129 84 1
129 86 1
129 98 1
129 99 1
129 101 1
129 102 1
129 115 1
129 116 1
129 117 1
129 119 1
129 128 1
130 16 1
130 17 1
130 18 1
130 29 1
130 56 1
130 57 1
130 62 1
130 63 1
130 66 1
130 67 1
130 73 1
130 76 1
130 83 1
130 84 1
130 86 1
130 98 1
130 99 1
130 102 1
130 115 1
130 117 1
130 119 1
130 128 1
130 129 1
131 0 1
131 1 1
131 2 1
131 3 1
131 4 1
131 5 1
131 14 1
131 15 1
131 20 1
131 21 1
131 22 1
131 23 1
131 24 1
131 25 1
131 26 1
131 27 1
131 31 1
131 32 1
131 35 1
131 39 1
131 45 1
131 46 1
131 53 1
131 60 1
131 61 1
131 68 1
131 69 1
131 70 1
131 72 1
131 74 1
131 77 1
131 87 1
131 88 1
131 89 1
131 93 1
131 94 1
131 96 1
131 97 1
131 103 1
131 104 1
131 105 1
131 107 1
131 111 1
131 112 1
131 118 1
131 120 1
131 125 1
131 127 1
132 0 1
132 1 1
132 2 1
132 3 1
132 4 1
132 15 1
132 21 1
132 22 1
132 23 1
132 24 1
132 25 1
132 26 1
132 27 1
132 31 1
132 35 1
132 39 1
132 44 1
132 53 1
132 54 1
132 60 1
132 61 1
132 65 1
132 69 1
132 70 1
132 72 1
132 74 1
132 77 1
132 87 1
132 88 1
132 89 1
132 94 1
132 97 1
132 103 1
132 104 1
132 107 1
132 111 1
132 112 1
132 118 1
132 121 1
132 125 1
132 131 1
133 4 1
133 5 1
133 6 1
133 10 1
133 11 1
133 12 1
133 13 1
133 14 1
133 19 1
133 20 1
133 30 1
133 31 1
133 32 1
133 39 1
133 40 1
133 45 1
133 46 1
133 47 1
133 48 1
133 51 1
133 52 1
133 53 1
133 59 1
133 60 1
133 68 1
133 70 1
133 71 1
133 72 1
133 74 1
133 77 1
133 78 1
133 79 1
133 80 1
133 81 1
133 87 1
133 90 1
133 91 1
133 92 1
133 93 1
133 95 1
133 96 1
133 97 1
133 103 1
133 104 1
133 105 1
133 109 1
133 114 1
133 120 1
133 126 1
133 127 1
133 131 1
134 7 1
134 8 1
134 9 1
134 10 1
134 18 1
134 33 1
134 40 1
134 41 1
134 42 1
134 43 1
134 49 1
134 50 1
134 51 1
134 52 1
134 57 1
134 58 1
134 64 1
134 66 1
134 67 1
134 71 1
134 73 1
134 84 1
134 85 1
134 86 1
134 90 1
134 91 1
134 92 1
134 95 1
134 99 1
134 100 1
134 106 1
134 108 1
134 110 1
134 113 1
134 116 1
134 122 1
134 123 1
135 6 1
135 7 1
135 8 1
135 9 1
135 10 1
135 11 1
135 12 1
135 13 1
135 14 1
135 20 1
135 30 1
135 33 1
135 40 1
135 41 1
135 42 1
135 46 1
135 47 1
135 48 1
135 49 1
135 50 1
135 51 1
135 52 1
135 58 1
135 64 1
135 71 1
135 78 1
135 79 1
135 80 1
135 81 1
135 90 1
135 91 1
135 92 1
135 93 1
135 95 1
135 96 1
135 100 1
135 106 1
135 108 1
135 109 1
135 113 1
135 122 1
135 123 1
135 124 1
135 126 1
135 133 1
135 134 1
136 4 1
136 6 1
136 11 1
136 12 1
136 13 1
136 14 1
136 15 1
136 17 1
136 19 1
136 20 1
136 27 1
136 28 1
136 29 1
136 30 1
136 32 1
136 36 1
136 40 1
136 41 1
136 43 1
136 46 1
136 47 1
136 48 1
136 51 1
136 52 1
136 53 1
136 56 1
136 58 1
136 59 1
136 62 1
136 66 1
136 70 1
136 71 1
136 72 1
136 75 1
136 76 1
136 78 1
136 79 1
136 80 1
136 81 1
136 83 1
136 90 1
136 92 1
136 93 1
136 95 1
136 96 1
136 97 1
136 98 1
136 101 1
136 102 1
136 103 1
136 105 1
136 109 1
136 114 1
136 115 1
136 119 1
136 125 1
136 126 1
136 128 1
136 133 1
136 135 1
137 2 1
137 3 1
137 4 1
137 6 1
137 13 1
137 14 1
137 15 1
137 16 1
137 17 1
137 27 1
137 29 1
137 32 1
137 34 1
137 36 1
137 37 1
137 45 1
137 46 1
137 48 1
137 52 1
137 53 1
137 54 1
137 55 1
137 56 1
137 65 1
137 69 1
137 70 1
137 72 1
137 75 1
137 77 1
137 81 1
137 82 1
137 83 1
137 93 1
137 94 1
137 98 1
137 101 1
137 102 1
137 105 1
137 114 1
137 115 1
137 118 1
137 125 1
137 128 1
137 131 1
137 136 1
138 0 1
138 1 1
138 2 1
138 3 1
138 4 1
138 14 1
138 15 1
138 16 1
138 23 1
138 24 1
138 25 1
138 26 1
138 27 1
138 28 1
138 29 1
138 31 1
138 34 1
138 36 1
138 37 1
138 44 1
138 45 1
138 46 1
138 53 1
138 54 1
138 55 1
138 62 1
138 65 1
138 69 1
138 70 1
138 72 1
138 75 1
138 77 1
138 81 1
138 82 1
138 83 1
138 89 1
138 93 1
138 94 1
138 96 1
138 98 1
138 101 1
138 102 1
138 103 1
138 105 1
138 111 1
138 112 1
138 114 1
138 115 1
138 118 1
138 121 1
138 125 1
138 128 1
138 131 1
138 132 1
138 136 1
138 137 1
139 15 1
139 16 1
139 17 1
139 26 1
139 27 1
139 28 1
139 29 1
139 34 1
139 36 1
139 37 1
139 44 1
139 53 1
139 54 1
139 55 1
139 56 1
139 62 1
139 63 1
139 65 1
139 72 1
139 75 1
139 76 1
139 82 1
139 83 1
139 89 1
139 94 1
139 98 1
139 99 1
139 101 1
139 102 1
139 114 1
139 115 1
139 117 1
139 118 1
139 119 1
139 125 1
139 128 1
139 129 1
139 130 1
139 137 1
139 138 1
140 14 1
140 15 1
140 16 1
140 17 1
140 18 1
140 29 1
140 36 1
140 43 1
140 52 1
140 53 1
140 55 1
140 56 1
140 57 1
140 58 1
140 62 1
140 63 1
140 65 1
140 66 1
140 72 1
140 73 1
140 75 1
140 76 1
140 81 1
140 82 1
140 83 1
140 84 1
140 86 1
140 92 1
140 93 1
140 98 1
140 99 1
140 101 1
140 102 1
140 114 1
140 115 1
140 117 1
140 119 1
140 128 1
140 129 1
140 130 1
140 136 1
140 137 1
140 138 1
140 139 1
141 16 1
141 17 1
141 18 1
141 29 1
141 56 1
141 57 1
141 58 1
141 62 1
141 63 1
141 66 1
141 67 1
141 73 1
141 75 1
141 76 1
141 83 1
141 84 1
141 86 1
141 98 1
141 99 1
141 101 1
141 102 1
141 114 1
141 115 1
141 117 1
141 119 1
141 128 1
141 129 1
141 130 1
141 139 1
141 140 1
142 1 1
142 2 1
142 3 1
142 4 1
142 5 1
142 6 1
142 13 1
142 14 1
142 15 1
142 20 1
142 22 1
142 23 1
142 24 1
142 25 1
142 26 1
142 27 1
142 31 1
142 32 1
142 35 1
142 39 1
142 45 1
142 46 1
142 47 1
142 48 1
142 53 1
142 54 1
142 60 1
142 61 1
142 65 1
142 68 1
142 69 1
142 70 1
142 72 1
142 74 1
142 75 1
142 77 1
142 87 1
142 88 1
142 89 1
142 93 1
142 94 1
142 96 1
142 97 1
142 103 1
142 104 1
142 105 1
142 107 1
142 111 1
142 112 1
142 114 1
142 118 1
142 120 1
142 125 1
142 127 1
142 131 1
142 132 1
142 133 1
142 136 1
142 137 1
142 138 1
143 0 1
143 1 1
143 2 1
143 3 1
143 4 1
143 15 1
143 19 1
143 20 1
143 21 1
143 22 1
143 23 1
143 24 1
143 25 1
143 26 1
143 27 1
143 28 1
143 30 1
143 31 1
143 35 1
143 36 1
143 38 1
143 39 1
143 43 1
143 44 1
143 46 1
143 53 1
143 59 1
143 60 1
143 61 1
143 62 1
143 65 1
143 68 1
143 69 1
143 70 1
143 72 1
143 74 1
143 75 1
143 77 1
143 87 1
143 88 1
143 89 1
143 93 1
143 94 1
143 95 1
143 96 1
143 97 1
143 103 1
143 104 1
143 107 1
143 110 1
143 111 1
143 112 1
143 114 1
143 118 1
143 120 1
143 121 1
143 125 1
143 126 1
143 127 1
143 128 1
143 131 1
143 132 1
143 133 1
143 137 1
143 138 1
143 142 1
144 8 1
144 9 1
144 12 1
144 17 1
144 18 1
144 41 1
144 42 1
144 43 1
144 49 1
144 51 1
144 52 1
144 56 1
144 57 1
144 58 1
144 63 1
144 66 1
144 67 1
144 73 1
144 76 1
144 81 1
144 83 1
144 84 1
144 85 1
144 86 1
144 92 1
144 98 1
144 99 1
144 100 1
144 106 1
144 117 1
144 119 1
144 130 1
144 134 1
144 135 1
144 136 1
144 140 1
144 141 1
145 7 1
145 8 1
145 9 1
145 18 1
145 19 1
145 28 1
145 29 1
145 30 1
145 38 1
145 40 1
145 41 1
145 43 1
145 49 1
145 56 1
145 58 1
145 59 1
145 62 1
145 64 1
145 66 1
145 67 1
145 71 1
145 73 1
145 75 1
145 76 1
145 80 1
145 84 1
145 85 1
145 86 1
145 90 1
145 91 1
145 95 1
145 96 1
145 97 1
145 98 1
145 99 1
145 100 1
145 106 1
145 108 1
145 110 1
145 113 1
145 116 1
145 117 1
145 122 1
145 126 1
145 128 1
145 129 1
145 134 1
145 136 1
145 144 1
146 2 1
146 14 1
146 15 1
146 18 1
146 19 1
146 20 1
146 22 1
146 23 1
146 24 1
146 25 1
146 26 1
146 27 1
146 28 1
146 29 1
146 30 1
146 35 1
146 36 1
146 37 1
146 38 1
146 39 1
146 43 1
146 44 1
146 48 1
146 53 1
146 56 1
146 59 1
146 62 1
146 65 1
146 69 1
146 70 1
146 72 1
146 75 1
146 76 1
146 83 1
146 88 1
146 89 1
146 93 1
146 94 1
146 95 1
146 96 1
146 97 1
146 98 1
146 101 1
146 102 1
146 103 1
146 104 1
146 110 1
146 111 1
146 112 1
146 114 1
146 115 1
146 116 1
146 118 1
146 121 1
146 125 1
146 126 1
146 127 1
146 128 1
146 129 1
146 131 1
146 132 1
146 133 1
146 136 1
146 137 1
146 138 1
146 139 1
146 140 1
146 142 1
146 143 1
146 145 1
