# minsup
1
# graph
G_portein_file\Bcl-xl\1AF3.pdb
# node ID, label
0 A
1 A
2 A
3 A
4 A
5 A
6 A
7 C
8 D
9 D
10 D
11 D
12 D
13 D
14 E
15 E
16 E
17 E
18 E
19 E
20 E
21 F
22 F
23 F
24 F
25 F
26 F
27 G
28 G
29 G
30 G
31 G
32 G
33 G
34 H
35 I
36 I
37 I
38 K
39 K
40 K
41 K
42 L
43 L
44 L
45 L
46 L
47 L
48 L
49 L
50 L
51 M
52 M
53 M
54 N
55 N
56 N
57 P
58 P
59 Q
60 Q
61 Q
62 Q
63 R
64 R
65 R
66 R
67 R
68 S
69 S
70 S
71 S
72 S
73 S
74 S
75 S
76 T
77 V
78 V
79 V
80 V
81 V
82 V
83 V
84 V
85 V
86 V
87 V
88 V
89 W
90 W
91 W
92 W
93 Y
94 Y
95 Y
96 Y
# node ID1, node ID2, number of bounds
1 0 1
3 1 1
3 2 1
4 2 1
6 5 1
7 4 1
7 5 1
8 5 1
10 0 1
10 1 1
12 7 1
13 6 1
14 1 1
14 10 1
16 11 1
16 15 1
17 4 1
17 7 1
17 12 1
18 12 1
18 17 1
19 13 1
20 19 1
21 5 1
21 8 1
22 15 1
23 3 1
23 11 1
23 16 1
24 3 1
24 4 1
24 23 1
25 1 1
25 3 1
25 4 1
25 5 1
25 21 1
25 24 1
26 2 1
26 3 1
26 4 1
26 7 1
26 24 1
26 25 1
28 0 1
28 1 1
28 3 1
28 10 1
28 14 1
28 21 1
28 24 1
28 25 1
28 26 1
29 11 1
29 16 1
29 23 1
30 1 1
30 3 1
30 24 1
30 28 1
31 3 1
31 4 1
31 5 1
31 7 1
31 17 1
31 21 1
31 22 1
31 24 1
31 25 1
31 26 1
32 3 1
32 4 1
32 5 1
32 7 1
32 17 1
32 21 1
32 24 1
32 25 1
32 26 1
32 28 1
32 31 1
33 19 1
33 20 1
34 13 1
34 15 1
34 19 1
34 23 1
36 3 1
36 23 1
36 24 1
36 25 1
36 26 1
36 28 1
36 30 1
37 5 1
37 6 1
37 7 1
37 22 1
37 31 1
37 32 1
38 4 1
38 7 1
38 8 1
38 10 1
38 21 1
38 27 1
38 28 1
38 31 1
38 32 1
39 27 1
39 38 1
40 0 1
40 1 1
40 8 1
40 21 1
40 35 1
41 7 1
41 12 1
41 17 1
41 18 1
42 5 1
42 6 1
42 8 1
42 21 1
42 25 1
42 40 1
43 4 1
43 5 1
43 7 1
43 8 1
43 21 1
43 25 1
43 31 1
43 32 1
43 37 1
43 38 1
43 42 1
44 4 1
44 7 1
44 21 1
44 27 1
44 32 1
44 38 1
44 39 1
44 43 1
45 0 1
45 1 1
45 8 1
45 10 1
45 14 1
45 21 1
45 25 1
45 28 1
45 36 1
45 40 1
45 42 1
46 3 1
46 11 1
46 16 1
46 23 1
46 24 1
46 26 1
46 29 1
46 36 1
47 4 1
47 7 1
47 12 1
47 17 1
47 26 1
47 31 1
47 32 1
47 37 1
47 43 1
48 5 1
48 7 1
48 17 1
48 18 1
48 37 1
48 47 1
49 6 1
49 13 1
49 19 1
49 24 1
49 25 1
49 34 1
49 36 1
50 6 1
50 13 1
50 19 1
50 23 1
50 29 1
50 34 1
50 36 1
50 49 1
51 0 1
51 35 1
51 40 1
51 42 1
52 7 1
52 12 1
52 17 1
52 18 1
52 41 1
52 48 1
53 5 1
53 6 1
53 13 1
53 15 1
53 22 1
53 24 1
53 25 1
53 26 1
53 31 1
53 37 1
53 49 1
54 11 1
54 15 1
54 16 1
54 22 1
54 23 1
54 24 1
54 29 1
54 34 1
54 46 1
55 3 1
55 11 1
55 23 1
55 29 1
55 30 1
55 36 1
55 46 1
55 50 1
56 19 1
56 20 1
56 33 1
56 55 1
57 35 1
57 40 1
57 51 1
58 13 1
58 19 1
58 20 1
58 33 1
58 34 1
58 49 1
58 50 1
58 56 1
59 6 1
59 42 1
60 27 1
60 38 1
60 39 1
60 43 1
60 44 1
61 15 1
61 16 1
61 22 1
61 46 1
61 54 1
62 19 1
62 20 1
62 33 1
62 50 1
62 56 1
62 58 1
63 0 1
63 1 1
63 8 1
63 10 1
63 14 1
63 21 1
63 25 1
63 28 1
63 38 1
63 40 1
63 42 1
63 43 1
63 45 1
64 2 1
65 2 1
65 4 1
65 64 1
66 3 1
66 11 1
66 23 1
66 24 1
66 25 1
66 29 1
66 30 1
66 36 1
66 46 1
66 55 1
67 5 1
67 7 1
67 37 1
67 48 1
67 53 1
68 6 1
68 13 1
68 19 1
68 49 1
68 59 1
69 7 1
69 8 1
69 21 1
69 32 1
69 38 1
69 42 1
69 43 1
69 44 1
69 60 1
70 27 1
70 38 1
70 39 1
70 43 1
70 44 1
70 60 1
70 69 1
71 27 1
71 38 1
71 39 1
71 44 1
71 60 1
71 69 1
71 70 1
72 9 1
73 1 1
73 2 1
73 3 1
73 4 1
73 7 1
73 10 1
73 21 1
73 24 1
73 25 1
73 26 1
73 28 1
73 31 1
73 32 1
73 36 1
73 38 1
73 43 1
73 45 1
73 47 1
73 63 1
73 66 1
74 4 1
74 7 1
74 12 1
74 17 1
74 18 1
74 32 1
74 37 1
74 41 1
74 47 1
74 48 1
74 52 1
75 5 1
75 6 1
75 37 1
75 48 1
75 49 1
75 53 1
75 67 1
76 5 1
76 6 1
76 13 1
76 15 1
76 34 1
76 37 1
76 49 1
76 50 1
76 53 1
76 59 1
76 68 1
76 75 1
77 5 1
77 6 1
77 8 1
77 21 1
77 25 1
77 31 1
77 32 1
77 37 1
77 40 1
77 42 1
77 43 1
77 45 1
77 49 1
77 53 1
77 59 1
77 69 1
77 75 1
78 5 1
78 6 1
78 8 1
78 21 1
78 37 1
78 38 1
78 40 1
78 42 1
78 43 1
78 53 1
78 69 1
78 72 1
78 75 1
78 77 1
79 9 1
79 72 1
80 0 1
80 35 1
80 40 1
80 42 1
80 45 1
80 51 1
80 57 1
80 63 1
81 15 1
81 16 1
81 22 1
81 23 1
81 46 1
81 54 1
81 61 1
82 3 1
82 15 1
82 16 1
82 22 1
82 23 1
82 24 1
82 26 1
82 31 1
82 46 1
82 53 1
82 54 1
82 61 1
82 81 1
83 11 1
83 23 1
83 29 1
83 30 1
83 34 1
83 36 1
83 46 1
83 50 1
83 55 1
83 58 1
83 66 1
84 1 1
84 3 1
84 10 1
84 14 1
84 24 1
84 25 1
84 26 1
84 28 1
84 30 1
84 36 1
84 45 1
84 55 1
84 63 1
84 66 1
84 73 1
85 4 1
85 7 1
85 12 1
85 17 1
85 26 1
85 31 1
85 32 1
85 38 1
85 39 1
85 41 1
85 43 1
85 44 1
85 47 1
85 52 1
85 74 1
86 7 1
86 12 1
86 17 1
86 18 1
86 41 1
86 44 1
86 47 1
86 48 1
86 52 1
86 71 1
86 74 1
86 85 1
87 5 1
87 7 1
87 17 1
87 31 1
87 32 1
87 37 1
87 43 1
87 47 1
87 48 1
87 52 1
87 67 1
87 69 1
87 74 1
87 75 1
87 78 1
87 85 1
87 86 1
88 0 1
88 33 1
88 40 1
88 45 1
88 51 1
88 80 1
89 8 1
89 9 1
89 27 1
89 38 1
89 43 1
89 44 1
89 69 1
89 70 1
89 71 1
89 72 1
89 78 1
89 87 1
90 1 1
90 3 1
90 24 1
90 30 1
90 36 1
90 55 1
90 56 1
90 66 1
90 83 1
90 84 1
91 5 1
91 6 1
91 15 1
91 22 1
91 31 1
91 37 1
91 49 1
91 53 1
91 67 1
91 75 1
91 76 1
91 77 1
91 87 1
92 19 1
92 20 1
92 29 1
92 33 1
92 34 1
92 50 1
92 55 1
92 56 1
92 58 1
92 62 1
92 83 1
92 90 1
93 8 1
93 21 1
93 32 1
93 38 1
93 39 1
93 40 1
93 43 1
93 44 1
93 60 1
93 63 1
93 69 1
93 70 1
93 77 1
93 78 1
93 89 1
94 7 1
94 12 1
94 27 1
94 38 1
94 39 1
94 44 1
94 60 1
94 69 1
94 70 1
94 71 1
94 85 1
94 86 1
94 89 1
94 93 1
95 15 1
95 22 1
95 37 1
95 53 1
95 61 1
95 67 1
95 75 1
95 76 1
95 91 1
96 5 1
96 6 1
96 13 1
96 15 1
96 19 1
96 22 1
96 24 1
96 34 1
96 49 1
96 50 1
96 53 1
96 54 1
96 75 1
96 76 1
96 82 1
96 91 1
96 95 1
