# minsup
1
# graph
G_portein_file\Bcl-xl\1BXL.pdb
# node ID, label
0 A
1 A
2 A
3 A
4 A
5 A
6 A
7 A
8 A
9 A
10 A
11 A
12 A
13 A
14 A
15 A
16 C
17 D
18 D
19 D
20 D
21 D
22 D
23 D
24 D
25 D
26 D
27 E
28 E
29 E
30 E
31 E
32 E
33 E
34 E
35 E
36 E
37 E
38 E
39 E
40 E
41 E
42 E
43 E
44 E
45 E
46 E
47 F
48 F
49 F
50 F
51 F
52 F
53 F
54 F
55 F
56 F
57 G
58 G
59 G
60 G
61 G
62 G
63 G
64 G
65 G
66 G
67 G
68 G
69 G
70 G
71 G
72 H
73 H
74 H
75 H
76 H
77 H
78 H
79 H
80 I
81 I
82 I
83 I
84 I
85 I
86 I
87 K
88 K
89 K
90 K
91 K
92 L
93 L
94 L
95 L
96 L
97 L
98 L
99 L
100 L
101 L
102 L
103 L
104 L
105 L
106 L
107 M
108 M
109 M
110 M
111 M
112 N
113 N
114 N
115 N
116 N
117 N
118 N
119 N
120 N
121 P
122 P
123 P
124 Q
125 Q
126 Q
127 Q
128 Q
129 Q
130 Q
131 Q
132 Q
133 Q
134 Q
135 Q
136 R
137 R
138 R
139 R
140 R
141 R
142 R
143 R
144 R
145 R
146 R
147 R
148 R
149 S
150 S
151 S
152 S
153 S
154 S
155 S
156 S
157 S
158 S
159 S
160 S
161 S
162 S
163 S
164 S
165 T
166 T
167 T
168 T
169 T
170 T
171 T
172 V
173 V
174 V
175 V
176 V
177 V
178 V
179 V
180 V
181 V
182 V
183 V
184 V
185 V
186 W
187 W
188 W
189 W
190 W
191 Y
192 Y
193 Y
194 Y
195 Y
196 Y
# node ID1, node ID2, number of bounds
1 0 1
3 2 1
4 3 1
7 4 1
10 9 1
11 9 1
11 10 1
12 3 1
12 4 1
13 4 1
13 12 1
14 12 1
14 13 1
15 7 1
16 8 1
16 9 1
18 9 1
19 3 1
19 4 1
19 7 1
20 5 1
20 8 1
22 16 1
23 11 1
24 2 1
25 15 1
26 13 1
26 15 1
26 25 1
27 0 1
27 1 1
27 11 1
27 17 1
28 18 1
29 18 1
29 28 1
30 1 1
31 1 1
31 30 1
32 0 1
32 2 1
32 24 1
32 27 1
32 31 1
33 2 1
33 3 1
33 32 1
34 3 1
34 4 1
34 12 1
34 13 1
34 19 1
35 4 1
35 7 1
35 13 1
35 14 1
35 19 1
35 34 1
36 4 1
36 5 1
36 7 1
36 8 1
36 19 1
36 20 1
36 35 1
37 6 1
38 15 1
38 21 1
38 37 1
39 8 1
39 16 1
39 22 1
40 22 1
40 39 1
41 23 1
42 41 1
43 2 1
43 3 1
43 12 1
43 24 1
44 12 1
44 13 1
44 14 1
45 44 1
46 45 1
47 9 1
47 17 1
47 27 1
48 18 1
48 28 1
49 4 1
49 7 1
49 13 1
49 19 1
49 26 1
49 34 1
49 35 1
49 36 1
50 5 1
50 20 1
51 6 1
51 37 1
51 38 1
52 15 1
52 21 1
52 38 1
53 7 1
53 8 1
53 49 1
53 51 1
54 4 1
54 7 1
54 8 1
54 47 1
54 49 1
54 53 1
55 7 1
55 8 1
55 16 1
55 20 1
55 36 1
55 49 1
55 51 1
55 53 1
55 54 1
56 2 1
56 3 1
56 24 1
56 43 1
58 0 1
58 1 1
58 27 1
58 30 1
58 31 1
58 32 1
58 33 1
59 3 1
59 4 1
59 7 1
59 19 1
59 34 1
59 35 1
59 36 1
59 47 1
59 49 1
59 53 1
59 54 1
59 55 1
60 6 1
61 21 1
61 52 1
62 4 1
62 7 1
62 15 1
62 25 1
62 49 1
62 53 1
62 56 1
63 7 1
63 8 1
63 9 1
63 16 1
63 47 1
63 51 1
63 53 1
63 54 1
63 55 1
64 8 1
64 9 1
64 16 1
64 17 1
64 39 1
64 47 1
64 53 1
64 54 1
64 55 1
64 59 1
64 63 1
65 24 1
65 42 1
65 56 1
66 24 1
66 41 1
66 42 1
66 43 1
66 56 1
66 65 1
67 2 1
67 3 1
67 4 1
67 12 1
67 13 1
67 24 1
67 34 1
67 43 1
67 44 1
67 56 1
68 12 1
68 13 1
68 14 1
68 44 1
68 45 1
68 46 1
69 38 1
69 51 1
70 7 1
70 15 1
70 37 1
70 38 1
70 51 1
70 52 1
70 53 1
70 55 1
70 69 1
71 7 1
71 15 1
71 25 1
71 26 1
71 49 1
71 62 1
72 6 1
72 39 1
73 23 1
73 41 1
73 61 1
74 45 1
74 46 1
75 45 1
75 46 1
75 68 1
75 74 1
76 45 1
76 46 1
76 74 1
76 75 1
77 45 1
77 74 1
77 75 1
77 76 1
78 75 1
78 76 1
78 77 1
79 76 1
79 77 1
79 78 1
80 6 1
80 16 1
80 39 1
80 51 1
80 60 1
80 72 1
81 7 1
81 52 1
81 53 1
81 54 1
81 55 1
81 56 1
81 59 1
81 62 1
82 6 1
82 9 1
82 10 1
82 11 1
82 16 1
82 51 1
82 63 1
82 64 1
83 24 1
83 41 1
83 42 1
83 56 1
83 65 1
83 66 1
83 73 1
84 5 1
84 15 1
84 25 1
84 26 1
84 70 1
84 71 1
85 5 1
85 7 1
85 15 1
85 25 1
85 26 1
85 35 1
85 36 1
85 49 1
85 50 1
85 62 1
85 71 1
85 84 1
86 4 1
86 12 1
86 13 1
86 14 1
86 15 1
86 25 1
86 26 1
86 35 1
86 49 1
86 62 1
86 71 1
86 84 1
86 85 1
87 8 1
87 16 1
87 17 1
87 47 1
87 57 1
87 59 1
87 63 1
87 64 1
88 39 1
88 57 1
88 87 1
89 2 1
89 3 1
89 4 1
89 17 1
89 27 1
89 32 1
89 33 1
89 34 1
89 47 1
89 59 1
89 67 1
90 16 1
90 22 1
90 39 1
90 40 1
90 72 1
90 80 1
91 12 1
91 13 1
91 14 1
91 44 1
91 45 1
91 46 1
91 68 1
91 75 1
92 11 1
92 17 1
92 27 1
92 32 1
92 47 1
92 54 1
92 58 1
92 89 1
93 8 1
93 9 1
93 16 1
93 17 1
93 47 1
93 54 1
93 63 1
93 64 1
93 82 1
93 87 1
93 92 1
94 8 1
94 16 1
94 39 1
94 47 1
94 57 1
94 64 1
94 87 1
94 88 1
94 93 1
95 2 1
95 3 1
95 4 1
95 7 1
95 19 1
95 34 1
95 35 1
95 47 1
95 49 1
95 54 1
95 56 1
95 59 1
95 67 1
95 81 1
95 89 1
95 92 1
96 4 1
96 5 1
96 19 1
96 20 1
96 35 1
96 36 1
96 49 1
96 59 1
97 8 1
97 20 1
97 36 1
97 50 1
97 55 1
97 63 1
97 70 1
97 72 1
98 6 1
98 20 1
98 39 1
98 51 1
98 69 1
98 72 1
98 80 1
98 97 1
99 7 1
99 15 1
99 21 1
99 38 1
99 52 1
99 53 1
99 61 1
99 62 1
99 70 1
99 71 1
99 81 1
99 84 1
100 6 1
100 8 1
100 16 1
100 22 1
100 39 1
100 51 1
100 55 1
100 63 1
100 64 1
100 72 1
100 80 1
100 82 1
100 93 1
100 97 1
100 98 1
101 6 1
101 9 1
101 16 1
101 40 1
101 48 1
101 60 1
101 80 1
101 82 1
101 90 1
101 100 1
102 10 1
102 11 1
102 23 1
102 41 1
102 53 1
102 54 1
102 73 1
102 81 1
102 83 1
102 92 1
103 11 1
103 23 1
103 41 1
103 42 1
103 61 1
103 66 1
103 73 1
103 81 1
103 83 1
103 102 1
104 3 1
104 12 1
104 13 1
104 24 1
104 43 1
104 44 1
104 56 1
104 62 1
104 67 1
105 45 1
105 46 1
105 74 1
105 75 1
106 5 1
106 7 1
106 15 1
106 25 1
106 36 1
106 38 1
106 49 1
106 50 1
106 53 1
106 55 1
106 62 1
106 70 1
106 71 1
106 84 1
106 85 1
106 97 1
106 99 1
107 0 1
108 0 1
108 1 1
108 107 1
109 0 1
109 32 1
109 41 1
109 107 1
109 108 1
110 16 1
110 22 1
110 39 1
110 40 1
110 48 1
110 80 1
110 90 1
110 101 1
111 9 1
111 10 1
111 11 1
111 23 1
111 47 1
111 51 1
111 53 1
111 54 1
111 63 1
111 64 1
111 82 1
111 92 1
111 93 1
111 102 1
112 0 1
112 11 1
112 27 1
112 32 1
112 41 1
112 92 1
112 102 1
112 103 1
112 109 1
112 111 1
113 18 1
113 28 1
113 29 1
113 30 1
114 21 1
114 37 1
114 38 1
114 51 1
114 52 1
114 70 1
114 99 1
115 21 1
115 52 1
115 61 1
115 62 1
115 81 1
115 99 1
116 11 1
116 23 1
116 41 1
116 73 1
116 83 1
116 102 1
116 103 1
116 109 1
116 111 1
116 112 1
117 24 1
117 42 1
117 65 1
117 66 1
117 83 1
118 2 1
118 3 1
118 4 1
118 12 1
118 13 1
118 14 1
118 34 1
118 43 1
118 44 1
118 67 1
118 95 1
118 104 1
119 3 1
119 4 1
119 12 1
119 13 1
119 14 1
119 34 1
119 35 1
119 44 1
119 67 1
119 104 1
119 118 1
120 12 1
120 13 1
120 15 1
120 25 1
120 26 1
120 62 1
120 71 1
120 84 1
120 85 1
120 86 1
120 104 1
120 115 1
121 0 1
121 1 1
121 30 1
121 31 1
121 58 1
121 108 1
122 6 1
122 60 1
122 80 1
122 101 1
122 110 1
123 23 1
123 41 1
123 42 1
123 66 1
123 73 1
123 83 1
123 102 1
123 103 1
123 116 1
123 117 1
124 0 1
124 1 1
124 11 1
124 27 1
124 92 1
124 108 1
124 109 1
124 112 1
124 116 1
125 57 1
125 87 1
125 88 1
125 93 1
125 94 1
126 18 1
126 28 1
126 48 1
127 2 1
127 3 1
127 4 1
127 32 1
127 33 1
127 34 1
127 59 1
127 67 1
127 89 1
127 95 1
127 118 1
127 119 1
128 20 1
128 69 1
128 72 1
128 80 1
128 97 1
128 98 1
129 6 1
129 37 1
129 51 1
129 60 1
129 80 1
130 37 1
130 38 1
130 51 1
130 69 1
130 70 1
130 99 1
130 114 1
130 129 1
131 16 1
131 22 1
131 40 1
131 48 1
131 90 1
131 101 1
131 110 1
131 122 1
131 126 1
132 24 1
132 41 1
132 42 1
132 65 1
132 66 1
132 83 1
132 103 1
132 109 1
132 117 1
132 123 1
133 14 1
133 44 1
133 45 1
133 46 1
133 68 1
133 74 1
133 75 1
133 91 1
133 105 1
134 38 1
134 50 1
134 69 1
134 70 1
134 97 1
134 98 1
134 106 1
134 128 1
134 130 1
135 5 1
135 15 1
135 38 1
135 50 1
135 70 1
135 71 1
135 84 1
135 85 1
135 99 1
135 106 1
135 134 1
136 0 1
136 9 1
136 10 1
136 11 1
136 17 1
136 27 1
136 92 1
136 102 1
136 109 1
136 111 1
136 112 1
136 116 1
136 124 1
137 1 1
137 18 1
137 28 1
137 29 1
137 30 1
137 113 1
138 3 1
138 4 1
138 19 1
138 34 1
138 35 1
138 47 1
138 49 1
138 54 1
138 59 1
138 67 1
138 87 1
138 89 1
138 95 1
138 118 1
138 119 1
138 127 1
139 5 1
139 19 1
139 20 1
139 26 1
139 35 1
139 36 1
139 49 1
139 50 1
139 59 1
139 71 1
139 84 1
139 85 1
139 86 1
139 96 1
139 106 1
140 5 1
140 20 1
140 36 1
140 49 1
140 50 1
140 96 1
140 97 1
140 139 1
141 5 1
141 20 1
141 36 1
141 49 1
141 50 1
141 85 1
141 96 1
141 139 1
141 140 1
142 15 1
142 21 1
142 38 1
142 52 1
142 61 1
142 99 1
142 114 1
142 115 1
143 7 1
143 15 1
143 38 1
143 49 1
143 52 1
143 53 1
143 54 1
143 62 1
143 70 1
143 71 1
143 81 1
143 85 1
143 99 1
143 106 1
143 115 1
143 120 1
143 142 1
144 6 1
144 9 1
144 10 1
144 16 1
144 82 1
144 101 1
144 110 1
144 111 1
144 122 1
144 131 1
145 12 1
145 13 1
145 14 1
145 26 1
145 44 1
145 45 1
145 46 1
145 68 1
145 86 1
145 91 1
145 133 1
146 45 1
146 46 1
146 68 1
146 74 1
146 75 1
146 76 1
146 77 1
146 78 1
146 91 1
146 105 1
146 133 1
147 15 1
147 38 1
147 52 1
147 69 1
147 70 1
147 84 1
147 85 1
147 99 1
147 106 1
147 114 1
147 130 1
147 134 1
147 135 1
147 142 1
148 12 1
148 13 1
148 14 1
148 25 1
148 26 1
148 43 1
148 44 1
148 56 1
148 62 1
148 67 1
148 71 1
148 86 1
148 104 1
148 120 1
148 145 1
149 0 1
149 107 1
149 108 1
149 109 1
150 0 1
150 11 1
150 27 1
150 41 1
150 102 1
150 108 1
150 109 1
150 112 1
150 116 1
150 124 1
150 132 1
150 136 1
150 149 1
151 0 1
151 1 1
151 11 1
151 27 1
151 32 1
151 58 1
151 92 1
151 108 1
151 109 1
151 112 1
151 116 1
151 124 1
151 136 1
151 150 1
152 16 1
152 17 1
152 47 1
152 64 1
152 87 1
152 92 1
152 93 1
152 94 1
152 125 1
153 47 1
153 57 1
153 87 1
153 88 1
153 93 1
153 94 1
153 125 1
153 152 1
154 48 1
154 57 1
154 87 1
154 88 1
154 93 1
154 94 1
154 125 1
154 126 1
154 152 1
154 153 1
155 18 1
155 28 1
155 48 1
155 93 1
155 126 1
155 152 1
155 154 1
156 9 1
156 10 1
156 18 1
156 28 1
156 48 1
156 93 1
156 101 1
156 126 1
156 131 1
156 144 1
156 152 1
156 154 1
156 155 1
157 2 1
157 3 1
157 17 1
157 27 1
157 31 1
157 32 1
157 33 1
157 58 1
157 89 1
157 92 1
157 95 1
157 112 1
157 127 1
157 151 1
158 5 1
158 20 1
158 36 1
158 50 1
158 96 1
158 97 1
158 128 1
158 135 1
158 139 1
158 140 1
158 141 1
159 8 1
159 20 1
159 39 1
159 72 1
159 80 1
159 97 1
159 98 1
159 100 1
159 128 1
159 158 1
160 6 1
160 37 1
160 51 1
160 69 1
160 72 1
160 80 1
160 98 1
160 100 1
160 129 1
160 130 1
161 4 1
161 7 1
161 8 1
161 16 1
161 19 1
161 35 1
161 36 1
161 47 1
161 49 1
161 53 1
161 54 1
161 55 1
161 59 1
161 63 1
161 64 1
161 81 1
161 87 1
161 93 1
161 95 1
161 100 1
161 138 1
162 6 1
162 8 1
162 16 1
162 22 1
162 39 1
162 40 1
162 64 1
162 72 1
162 80 1
162 82 1
162 90 1
162 100 1
162 101 1
162 110 1
162 122 1
162 131 1
163 9 1
163 10 1
163 16 1
163 18 1
163 48 1
163 82 1
163 93 1
163 101 1
163 110 1
163 111 1
163 131 1
163 144 1
163 155 1
163 156 1
163 162 1
164 12 1
164 13 1
164 14 1
164 26 1
164 44 1
164 45 1
164 46 1
164 68 1
164 86 1
164 91 1
164 104 1
164 119 1
164 120 1
164 133 1
164 145 1
164 148 1
165 1 1
165 29 1
165 30 1
165 113 1
165 121 1
165 137 1
166 0 1
166 2 1
166 31 1
166 32 1
166 33 1
166 58 1
166 89 1
166 121 1
166 151 1
166 157 1
167 8 1
167 16 1
167 20 1
167 39 1
167 51 1
167 55 1
167 63 1
167 64 1
167 72 1
167 80 1
167 97 1
167 98 1
167 100 1
167 128 1
167 158 1
167 159 1
167 160 1
167 162 1
168 6 1
168 40 1
168 60 1
168 72 1
168 80 1
168 90 1
168 98 1
168 101 1
168 110 1
168 122 1
168 160 1
168 162 1
169 6 1
169 37 1
169 51 1
169 60 1
169 72 1
169 80 1
169 122 1
169 129 1
169 160 1
169 168 1
170 9 1
170 10 1
170 11 1
170 23 1
170 41 1
170 73 1
170 82 1
170 102 1
170 103 1
170 111 1
170 112 1
170 116 1
170 136 1
171 24 1
171 43 1
171 56 1
171 65 1
171 66 1
171 67 1
171 83 1
171 104 1
171 117 1
172 9 1
172 10 1
172 11 1
172 17 1
172 27 1
172 47 1
172 54 1
172 63 1
172 64 1
172 82 1
172 89 1
172 92 1
172 93 1
172 102 1
172 111 1
172 112 1
172 136 1
172 151 1
172 152 1
172 161 1
172 170 1
173 9 1
173 10 1
173 11 1
173 17 1
173 18 1
173 27 1
173 47 1
173 64 1
173 87 1
173 92 1
173 93 1
173 111 1
173 112 1
173 136 1
173 151 1
173 152 1
173 155 1
173 156 1
173 163 1
173 172 1
174 18 1
174 28 1
174 29 1
174 48 1
174 113 1
174 126 1
174 137 1
174 155 1
174 156 1
174 163 1
175 2 1
175 3 1
175 24 1
175 32 1
175 33 1
175 43 1
175 56 1
175 66 1
175 67 1
175 89 1
175 92 1
175 95 1
175 118 1
175 127 1
175 138 1
175 157 1
175 166 1
175 171 1
176 15 1
176 37 1
176 38 1
176 51 1
176 52 1
176 53 1
176 55 1
176 69 1
176 70 1
176 97 1
176 99 1
176 106 1
176 114 1
176 129 1
176 130 1
176 134 1
176 135 1
176 147 1
176 160 1
177 7 1
177 37 1
177 38 1
177 51 1
177 52 1
177 53 1
177 55 1
177 70 1
177 81 1
177 99 1
177 106 1
177 114 1
177 129 1
177 130 1
177 142 1
177 143 1
177 147 1
177 160 1
177 176 1
178 21 1
178 52 1
178 61 1
178 62 1
178 73 1
178 81 1
178 83 1
178 99 1
178 103 1
178 115 1
178 142 1
178 143 1
179 3 1
179 4 1
179 7 1
179 19 1
179 34 1
179 35 1
179 36 1
179 49 1
179 53 1
179 54 1
179 55 1
179 56 1
179 59 1
179 62 1
179 71 1
179 81 1
179 95 1
179 138 1
179 143 1
179 161 1
180 8 1
180 16 1
180 22 1
180 39 1
180 57 1
180 63 1
180 64 1
180 87 1
180 88 1
180 90 1
180 93 1
180 94 1
180 100 1
180 110 1
180 125 1
180 131 1
180 153 1
180 162 1
180 167 1
181 16 1
181 22 1
181 39 1
181 40 1
181 48 1
181 90 1
181 94 1
181 100 1
181 101 1
181 110 1
181 131 1
181 154 1
181 162 1
181 180 1
182 16 1
182 40 1
182 48 1
182 82 1
182 101 1
182 110 1
182 122 1
182 131 1
182 144 1
182 156 1
182 162 1
182 163 1
182 168 1
182 181 1
183 9 1
183 10 1
183 16 1
183 39 1
183 40 1
183 48 1
183 63 1
183 64 1
183 82 1
183 93 1
183 100 1
183 101 1
183 110 1
183 122 1
183 131 1
183 144 1
183 156 1
183 162 1
183 163 1
183 180 1
183 181 1
183 182 1
184 2 1
184 3 1
184 4 1
184 12 1
184 24 1
184 43 1
184 56 1
184 65 1
184 66 1
184 67 1
184 89 1
184 95 1
184 104 1
184 118 1
184 127 1
184 148 1
184 171 1
184 175 1
185 15 1
185 20 1
185 38 1
185 50 1
185 51 1
185 55 1
185 69 1
185 70 1
185 97 1
185 98 1
185 99 1
185 106 1
185 128 1
185 130 1
185 134 1
185 135 1
185 147 1
185 158 1
185 160 1
185 167 1
185 176 1
185 177 1
186 16 1
186 17 1
186 18 1
186 48 1
186 57 1
186 87 1
186 93 1
186 94 1
186 126 1
186 131 1
186 152 1
186 153 1
186 154 1
186 155 1
186 156 1
186 163 1
186 173 1
186 174 1
186 180 1
186 181 1
186 183 1
187 7 1
187 56 1
187 62 1
187 66 1
187 71 1
187 81 1
187 83 1
187 104 1
187 115 1
187 120 1
187 143 1
187 148 1
187 171 1
187 178 1
187 179 1
188 9 1
188 10 1
188 11 1
188 37 1
188 51 1
188 63 1
188 82 1
188 102 1
188 111 1
188 116 1
188 144 1
188 163 1
188 170 1
188 172 1
189 23 1
189 41 1
189 42 1
189 61 1
189 65 1
189 66 1
189 73 1
189 83 1
189 102 1
189 103 1
189 115 1
189 116 1
189 117 1
189 123 1
189 132 1
189 178 1
190 2 1
190 3 1
190 24 1
190 32 1
190 43 1
190 56 1
190 65 1
190 66 1
190 83 1
190 89 1
190 112 1
190 117 1
190 132 1
190 157 1
190 171 1
190 175 1
190 184 1
191 17 1
191 47 1
191 57 1
191 64 1
191 87 1
191 88 1
191 93 1
191 94 1
191 125 1
191 138 1
191 152 1
191 153 1
191 154 1
191 173 1
191 186 1
192 22 1
192 57 1
192 87 1
192 88 1
192 94 1
192 125 1
192 126 1
192 152 1
192 153 1
192 154 1
192 155 1
192 180 1
192 181 1
192 186 1
192 191 1
193 5 1
193 7 1
193 15 1
193 19 1
193 20 1
193 35 1
193 36 1
193 49 1
193 50 1
193 55 1
193 71 1
193 84 1
193 85 1
193 96 1
193 97 1
193 106 1
193 135 1
193 139 1
193 140 1
193 141 1
193 158 1
193 185 1
194 6 1
194 37 1
194 51 1
194 60 1
194 80 1
194 82 1
194 101 1
194 122 1
194 129 1
194 130 1
194 144 1
194 160 1
194 168 1
194 169 1
194 188 1
195 10 1
195 11 1
195 23 1
195 41 1
195 53 1
195 73 1
195 102 1
195 103 1
195 111 1
195 112 1
195 116 1
195 136 1
195 170 1
195 177 1
195 188 1
196 3 1
196 4 1
196 12 1
196 13 1
196 14 1
196 24 1
196 34 1
196 43 1
196 44 1
196 56 1
196 62 1
196 67 1
196 86 1
196 95 1
196 104 1
196 118 1
196 119 1
196 120 1
196 127 1
196 148 1
196 164 1
196 171 1
196 175 1
196 179 1
196 184 1
196 187 1
