# minsup
1
# graph
G_portein_file\Bcl-xl\1G5J.pdb
# node ID, label
0 A
1 A
2 A
3 A
4 A
5 A
6 A
7 A
8 A
9 A
10 A
11 A
12 A
13 A
14 A
15 A
16 A
17 C
18 D
19 D
20 D
21 D
22 D
23 D
24 D
25 D
26 D
27 D
28 E
29 E
30 E
31 E
32 E
33 E
34 E
35 E
36 E
37 E
38 E
39 E
40 E
41 E
42 E
43 E
44 E
45 E
46 E
47 E
48 E
49 E
50 F
51 F
52 F
53 F
54 F
55 F
56 F
57 F
58 F
59 F
60 F
61 F
62 G
63 G
64 G
65 G
66 G
67 G
68 G
69 G
70 G
71 G
72 G
73 G
74 G
75 H
76 H
77 I
78 I
79 I
80 I
81 K
82 K
83 K
84 K
85 K
86 K
87 K
88 L
89 L
90 L
91 L
92 L
93 L
94 L
95 L
96 L
97 L
98 L
99 L
100 L
101 L
102 L
103 L
104 M
105 M
106 M
107 M
108 M
109 M
110 N
111 N
112 N
113 N
114 N
115 N
116 N
117 N
118 N
119 P
120 P
121 P
122 Q
123 Q
124 Q
125 Q
126 Q
127 Q
128 Q
129 Q
130 Q
131 Q
132 Q
133 R
134 R
135 R
136 R
137 R
138 R
139 R
140 R
141 R
142 R
143 R
144 R
145 R
146 R
147 R
148 S
149 S
150 S
151 S
152 S
153 S
154 S
155 S
156 S
157 S
158 S
159 S
160 S
161 S
162 S
163 S
164 S
165 S
166 T
167 T
168 T
169 T
170 T
171 T
172 T
173 V
174 V
175 V
176 V
177 V
178 V
179 V
180 V
181 V
182 V
183 V
184 V
185 V
186 V
187 W
188 W
189 W
190 W
191 W
192 W
193 Y
194 Y
195 Y
196 Y
197 Y
198 Y
199 Y
# node ID1, node ID2, number of bounds
3 2 1
4 3 1
7 4 1
8 5 1
10 9 1
11 9 1
11 10 1
12 3 1
12 4 1
13 3 1
13 4 1
13 12 1
14 4 1
14 12 1
14 13 1
16 6 1
16 15 1
17 8 1
17 9 1
18 9 1
20 4 1
20 7 1
20 13 1
21 5 1
21 8 1
23 17 1
24 11 1
25 2 1
27 26 1
28 9 1
28 10 1
28 11 1
28 18 1
29 19 1
30 18 1
30 19 1
30 29 1
31 1 1
31 28 1
32 1 1
32 31 1
33 1 1
33 2 1
33 25 1
33 32 1
34 1 1
34 2 1
34 3 1
34 18 1
34 28 1
34 31 1
34 33 1
35 3 1
35 4 1
35 12 1
35 13 1
35 14 1
35 20 1
36 4 1
36 7 1
36 13 1
36 14 1
36 20 1
36 35 1
37 4 1
37 5 1
37 7 1
37 8 1
37 20 1
37 36 1
38 6 1
38 16 1
39 16 1
39 22 1
39 38 1
40 8 1
40 17 1
40 21 1
40 23 1
41 23 1
41 40 1
42 24 1
43 42 1
44 2 1
44 3 1
44 12 1
44 25 1
45 12 1
45 13 1
45 14 1
46 36 1
46 45 1
47 46 1
48 5 1
48 15 1
48 16 1
48 39 1
49 26 1
49 27 1
50 9 1
50 18 1
50 28 1
51 19 1
52 4 1
52 5 1
52 7 1
52 20 1
52 35 1
52 36 1
52 37 1
52 49 1
53 5 1
53 8 1
53 21 1
53 37 1
53 40 1
53 52 1
54 6 1
54 16 1
54 38 1
55 22 1
55 39 1
56 7 1
56 55 1
57 7 1
57 8 1
57 9 1
57 11 1
57 18 1
57 50 1
57 56 1
58 5 1
58 7 1
58 8 1
58 17 1
58 37 1
58 52 1
58 53 1
58 56 1
58 57 1
59 3 1
59 25 1
59 44 1
60 4 1
60 7 1
60 13 1
60 26 1
60 27 1
60 36 1
60 49 1
60 52 1
61 12 1
61 13 1
61 14 1
61 27 1
61 44 1
61 45 1
61 59 1
61 60 1
63 1 1
63 2 1
63 31 1
63 32 1
63 33 1
63 34 1
64 3 1
64 4 1
64 7 1
64 13 1
64 20 1
64 35 1
64 36 1
64 37 1
64 50 1
64 52 1
64 56 1
64 57 1
64 58 1
64 60 1
65 6 1
66 22 1
66 26 1
66 39 1
66 55 1
67 4 1
67 7 1
67 26 1
67 27 1
67 49 1
67 52 1
67 56 1
67 59 1
67 60 1
67 61 1
67 64 1
67 66 1
68 7 1
68 8 1
68 9 1
68 17 1
68 40 1
68 50 1
68 53 1
68 54 1
68 56 1
68 57 1
68 58 1
69 7 1
69 8 1
69 9 1
69 17 1
69 18 1
69 40 1
69 50 1
69 53 1
69 56 1
69 57 1
69 58 1
69 68 1
70 25 1
70 43 1
70 44 1
70 59 1
71 25 1
71 42 1
71 43 1
71 59 1
71 70 1
72 2 1
72 3 1
72 4 1
72 12 1
72 13 1
72 14 1
72 25 1
72 35 1
72 44 1
72 59 1
72 61 1
73 14 1
73 45 1
73 46 1
74 5 1
74 15 1
74 16 1
74 39 1
74 48 1
74 54 1
74 55 1
74 56 1
74 58 1
75 6 1
75 15 1
76 11 1
76 24 1
76 42 1
76 55 1
77 6 1
77 40 1
77 65 1
77 75 1
78 4 1
78 7 1
78 55 1
78 56 1
78 57 1
78 58 1
78 59 1
78 64 1
78 67 1
79 6 1
79 9 1
79 10 1
79 11 1
79 17 1
79 54 1
79 68 1
79 69 1
80 25 1
80 42 1
80 43 1
80 59 1
80 70 1
80 71 1
80 76 1
81 8 1
81 17 1
81 18 1
81 50 1
81 57 1
81 58 1
81 62 1
81 68 1
81 69 1
82 8 1
82 23 1
82 40 1
82 62 1
82 81 1
83 2 1
83 3 1
83 18 1
83 28 1
83 33 1
83 34 1
83 35 1
83 50 1
84 23 1
84 40 1
84 41 1
84 77 1
85 12 1
85 13 1
85 14 1
85 45 1
85 46 1
85 73 1
86 12 1
86 27 1
86 61 1
86 67 1
87 27 1
87 61 1
87 86 1
88 9 1
88 11 1
88 18 1
88 28 1
88 34 1
88 50 1
88 57 1
88 83 1
89 8 1
89 9 1
89 17 1
89 18 1
89 28 1
89 50 1
89 57 1
89 58 1
89 68 1
89 69 1
89 79 1
89 81 1
89 88 1
90 8 1
90 17 1
90 40 1
90 50 1
90 62 1
90 69 1
90 81 1
90 82 1
90 89 1
91 2 1
91 3 1
91 4 1
91 7 1
91 13 1
91 20 1
91 35 1
91 36 1
91 50 1
91 56 1
91 57 1
91 59 1
91 64 1
91 67 1
91 72 1
91 78 1
91 83 1
91 88 1
92 4 1
92 20 1
92 36 1
92 37 1
92 46 1
92 52 1
92 53 1
92 64 1
93 5 1
93 8 1
93 15 1
93 16 1
93 17 1
93 21 1
93 40 1
93 53 1
93 75 1
93 77 1
94 6 1
94 15 1
94 16 1
94 21 1
94 75 1
94 77 1
94 93 1
95 7 1
95 16 1
95 22 1
95 38 1
95 39 1
95 48 1
95 54 1
95 55 1
95 56 1
95 66 1
95 74 1
95 78 1
96 8 1
96 17 1
96 21 1
96 23 1
96 40 1
96 53 1
96 58 1
96 68 1
96 69 1
96 77 1
96 79 1
96 81 1
96 89 1
96 93 1
97 6 1
97 9 1
97 10 1
97 17 1
97 40 1
97 65 1
97 68 1
97 77 1
97 79 1
97 96 1
98 11 1
98 24 1
98 42 1
98 76 1
98 78 1
98 80 1
99 11 1
99 24 1
99 42 1
99 55 1
99 76 1
99 78 1
99 80 1
99 98 1
100 3 1
100 12 1
100 13 1
100 25 1
100 44 1
100 59 1
100 61 1
100 70 1
100 72 1
100 86 1
100 87 1
101 46 1
101 47 1
101 73 1
101 85 1
102 15 1
102 16 1
102 75 1
102 94 1
103 5 1
103 7 1
103 26 1
103 39 1
103 48 1
103 52 1
103 53 1
103 55 1
103 56 1
103 58 1
103 60 1
103 74 1
103 95 1
104 0 1
105 0 1
105 24 1
105 42 1
105 98 1
105 104 1
106 0 1
106 42 1
106 71 1
106 80 1
106 98 1
106 104 1
106 105 1
107 17 1
107 23 1
107 40 1
107 41 1
107 77 1
107 84 1
107 97 1
108 9 1
108 10 1
108 11 1
108 54 1
108 56 1
108 57 1
108 58 1
108 68 1
108 69 1
108 78 1
108 79 1
108 88 1
108 98 1
108 99 1
109 7 1
109 26 1
109 48 1
109 49 1
109 52 1
109 60 1
109 67 1
109 103 1
110 0 1
110 10 1
110 11 1
110 18 1
110 28 1
110 50 1
110 57 1
110 83 1
110 88 1
110 98 1
110 106 1
110 108 1
111 18 1
111 29 1
111 30 1
111 31 1
111 34 1
112 16 1
112 22 1
112 38 1
112 39 1
112 54 1
112 55 1
112 74 1
112 95 1
113 26 1
113 55 1
113 59 1
113 66 1
113 67 1
113 78 1
113 80 1
113 86 1
113 99 1
114 0 1
114 11 1
114 24 1
114 42 1
114 76 1
114 80 1
114 98 1
114 99 1
114 105 1
114 106 1
114 108 1
114 110 1
115 25 1
115 42 1
115 43 1
115 59 1
115 70 1
115 71 1
115 80 1
115 113 1
116 2 1
116 3 1
116 4 1
116 12 1
116 13 1
116 14 1
116 35 1
116 44 1
116 45 1
116 72 1
116 91 1
116 100 1
117 3 1
117 12 1
117 13 1
117 14 1
117 44 1
117 45 1
117 61 1
117 72 1
117 100 1
117 116 1
118 15 1
118 75 1
118 94 1
118 102 1
119 1 1
119 31 1
119 32 1
119 33 1
119 63 1
120 6 1
120 65 1
120 75 1
120 77 1
120 97 1
120 107 1
121 24 1
121 42 1
121 43 1
121 71 1
121 76 1
121 80 1
121 98 1
121 99 1
121 114 1
121 115 1
122 0 1
122 11 1
122 28 1
122 31 1
122 88 1
122 105 1
122 106 1
122 110 1
122 114 1
123 8 1
123 62 1
123 81 1
123 82 1
123 90 1
124 19 1
124 51 1
125 2 1
125 3 1
125 4 1
125 18 1
125 34 1
125 35 1
125 50 1
125 64 1
125 72 1
125 83 1
125 88 1
125 91 1
125 116 1
126 15 1
126 16 1
126 21 1
126 75 1
126 77 1
126 93 1
126 94 1
126 102 1
127 6 1
127 16 1
127 38 1
127 54 1
127 65 1
127 75 1
127 77 1
127 102 1
127 118 1
128 6 1
128 15 1
128 16 1
128 38 1
128 39 1
128 54 1
128 74 1
128 95 1
128 102 1
128 112 1
128 127 1
129 17 1
129 23 1
129 40 1
129 41 1
129 51 1
129 79 1
129 84 1
129 97 1
129 107 1
129 120 1
129 124 1
130 25 1
130 42 1
130 43 1
130 59 1
130 70 1
130 71 1
130 80 1
130 99 1
130 106 1
130 115 1
130 121 1
131 14 1
131 36 1
131 45 1
131 46 1
131 73 1
131 85 1
131 101 1
132 15 1
132 16 1
132 38 1
132 39 1
132 48 1
132 54 1
132 74 1
132 95 1
132 102 1
132 112 1
132 128 1
133 9 1
133 10 1
133 11 1
133 18 1
133 28 1
133 50 1
133 88 1
133 98 1
133 106 1
133 108 1
133 110 1
133 114 1
133 122 1
134 1 1
134 29 1
134 30 1
134 31 1
134 34 1
134 111 1
135 2 1
135 3 1
135 4 1
135 7 1
135 18 1
135 20 1
135 35 1
135 36 1
135 50 1
135 57 1
135 64 1
135 81 1
135 83 1
135 88 1
135 89 1
135 91 1
135 125 1
136 5 1
136 20 1
136 36 1
136 37 1
136 46 1
136 52 1
136 60 1
136 64 1
136 92 1
136 109 1
136 131 1
137 5 1
137 20 1
137 36 1
137 37 1
137 52 1
137 53 1
137 92 1
137 136 1
138 5 1
138 21 1
138 37 1
138 53 1
138 92 1
138 136 1
138 137 1
139 22 1
139 39 1
139 55 1
139 66 1
139 74 1
139 95 1
139 112 1
140 7 1
140 26 1
140 52 1
140 55 1
140 56 1
140 57 1
140 58 1
140 60 1
140 64 1
140 66 1
140 67 1
140 78 1
140 95 1
140 103 1
140 109 1
140 113 1
141 6 1
141 9 1
141 10 1
141 17 1
141 65 1
141 79 1
141 97 1
141 108 1
141 120 1
141 129 1
142 4 1
142 12 1
142 13 1
142 14 1
142 35 1
142 36 1
142 45 1
142 46 1
142 73 1
142 85 1
142 101 1
142 131 1
143 46 1
143 47 1
143 73 1
143 85 1
143 101 1
143 131 1
143 142 1
144 15 1
144 16 1
144 39 1
144 48 1
144 74 1
144 95 1
144 102 1
144 103 1
144 128 1
144 132 1
145 15 1
145 16 1
145 39 1
145 48 1
145 55 1
145 74 1
145 95 1
145 103 1
145 109 1
145 112 1
145 128 1
145 132 1
145 139 1
145 144 1
146 7 1
146 22 1
146 26 1
146 39 1
146 48 1
146 49 1
146 55 1
146 56 1
146 60 1
146 66 1
146 67 1
146 74 1
146 95 1
146 103 1
146 109 1
146 139 1
146 140 1
146 144 1
146 145 1
147 26 1
147 48 1
147 49 1
147 60 1
147 74 1
147 95 1
147 103 1
147 109 1
147 140 1
147 145 1
147 146 1
148 0 1
148 42 1
148 104 1
148 105 1
148 106 1
148 114 1
148 121 1
148 130 1
149 0 1
149 11 1
149 24 1
149 28 1
149 42 1
149 88 1
149 98 1
149 105 1
149 106 1
149 110 1
149 114 1
149 122 1
149 133 1
149 148 1
150 0 1
150 1 1
150 11 1
150 28 1
150 31 1
150 33 1
150 34 1
150 83 1
150 88 1
150 106 1
150 110 1
150 122 1
150 133 1
150 149 1
151 17 1
151 18 1
151 50 1
151 51 1
151 62 1
151 69 1
151 81 1
151 82 1
151 88 1
151 89 1
151 90 1
151 123 1
152 62 1
152 81 1
152 82 1
152 89 1
152 90 1
152 123 1
152 151 1
153 51 1
153 62 1
153 82 1
153 90 1
153 124 1
153 151 1
153 152 1
154 19 1
154 29 1
154 30 1
154 51 1
154 90 1
154 124 1
154 151 1
154 153 1
155 9 1
155 19 1
155 29 1
155 51 1
155 124 1
155 153 1
155 154 1
156 1 1
156 2 1
156 3 1
156 25 1
156 28 1
156 31 1
156 33 1
156 34 1
156 63 1
156 83 1
156 88 1
156 106 1
156 110 1
156 122 1
156 125 1
156 133 1
156 134 1
156 150 1
157 5 1
157 8 1
157 21 1
157 40 1
157 53 1
157 93 1
157 96 1
157 126 1
157 137 1
157 138 1
158 15 1
158 21 1
158 40 1
158 75 1
158 77 1
158 93 1
158 94 1
158 126 1
158 157 1
159 6 1
159 15 1
159 16 1
159 38 1
159 54 1
159 74 1
159 75 1
159 77 1
159 94 1
159 102 1
159 112 1
159 118 1
159 127 1
159 128 1
159 132 1
160 4 1
160 7 1
160 8 1
160 17 1
160 20 1
160 37 1
160 50 1
160 52 1
160 53 1
160 56 1
160 57 1
160 58 1
160 64 1
160 68 1
160 69 1
160 78 1
160 81 1
160 89 1
160 91 1
160 96 1
160 135 1
161 6 1
161 8 1
161 17 1
161 21 1
161 23 1
161 40 1
161 41 1
161 77 1
161 84 1
161 93 1
161 96 1
161 97 1
161 107 1
161 120 1
161 129 1
162 9 1
162 10 1
162 17 1
162 51 1
162 79 1
162 89 1
162 97 1
162 108 1
162 129 1
162 141 1
162 155 1
163 4 1
163 12 1
163 13 1
163 14 1
163 27 1
163 36 1
163 45 1
163 46 1
163 60 1
163 61 1
163 73 1
163 85 1
163 117 1
163 131 1
163 142 1
163 143 1
164 7 1
164 26 1
164 27 1
164 48 1
164 49 1
164 52 1
164 55 1
164 56 1
164 60 1
164 66 1
164 67 1
164 78 1
164 95 1
164 103 1
164 109 1
164 113 1
164 140 1
164 145 1
164 146 1
164 147 1
165 12 1
165 13 1
165 27 1
165 45 1
165 49 1
165 60 1
165 61 1
165 86 1
165 87 1
165 100 1
165 163 1
166 1 1
166 28 1
166 29 1
166 30 1
166 31 1
166 34 1
166 111 1
166 122 1
166 134 1
166 150 1
166 156 1
167 1 1
167 2 1
167 31 1
167 32 1
167 33 1
167 34 1
167 63 1
167 119 1
167 134 1
167 156 1
167 166 1
168 6 1
168 15 1
168 17 1
168 21 1
168 23 1
168 40 1
168 75 1
168 77 1
168 84 1
168 93 1
168 94 1
168 96 1
168 126 1
168 157 1
168 158 1
168 161 1
169 6 1
169 41 1
169 65 1
169 75 1
169 77 1
169 84 1
169 94 1
169 97 1
169 107 1
169 120 1
169 129 1
169 161 1
169 168 1
170 6 1
170 54 1
170 65 1
170 75 1
170 77 1
170 94 1
170 97 1
170 120 1
170 127 1
170 159 1
170 169 1
171 9 1
171 10 1
171 11 1
171 24 1
171 42 1
171 76 1
171 79 1
171 98 1
171 99 1
171 105 1
171 108 1
171 110 1
171 114 1
171 133 1
171 149 1
172 25 1
172 43 1
172 44 1
172 59 1
172 70 1
172 71 1
172 72 1
172 80 1
172 100 1
172 115 1
172 130 1
173 9 1
173 10 1
173 11 1
173 18 1
173 28 1
173 50 1
173 56 1
173 57 1
173 68 1
173 69 1
173 79 1
173 83 1
173 88 1
173 89 1
173 91 1
173 108 1
173 110 1
173 133 1
173 149 1
173 150 1
173 151 1
173 160 1
173 162 1
173 171 1
174 9 1
174 10 1
174 11 1
174 18 1
174 19 1
174 28 1
174 50 1
174 57 1
174 69 1
174 79 1
174 83 1
174 88 1
174 89 1
174 108 1
174 110 1
174 133 1
174 151 1
174 155 1
174 162 1
174 173 1
175 18 1
175 19 1
175 28 1
175 29 1
175 30 1
175 51 1
175 111 1
175 124 1
175 151 1
175 153 1
175 154 1
175 155 1
175 166 1
175 174 1
176 2 1
176 3 1
176 25 1
176 33 1
176 34 1
176 44 1
176 59 1
176 72 1
176 83 1
176 88 1
176 91 1
176 110 1
176 125 1
176 135 1
176 150 1
176 156 1
176 167 1
176 172 1
177 15 1
177 16 1
177 38 1
177 39 1
177 48 1
177 54 1
177 55 1
177 56 1
177 58 1
177 74 1
177 95 1
177 102 1
177 103 1
177 112 1
177 127 1
177 128 1
177 132 1
177 139 1
177 144 1
177 145 1
177 146 1
177 159 1
178 16 1
178 38 1
178 39 1
178 54 1
178 55 1
178 56 1
178 58 1
178 74 1
178 95 1
178 108 1
178 112 1
178 128 1
178 132 1
178 139 1
178 145 1
178 146 1
178 159 1
178 177 1
179 22 1
179 26 1
179 55 1
179 56 1
179 66 1
179 67 1
179 78 1
179 80 1
179 95 1
179 99 1
179 113 1
179 139 1
179 140 1
179 146 1
179 164 1
180 3 1
180 4 1
180 7 1
180 20 1
180 35 1
180 36 1
180 50 1
180 52 1
180 56 1
180 57 1
180 58 1
180 60 1
180 64 1
180 67 1
180 78 1
180 83 1
180 91 1
180 113 1
180 135 1
180 140 1
180 160 1
180 164 1
181 8 1
181 17 1
181 21 1
181 23 1
181 40 1
181 62 1
181 68 1
181 69 1
181 81 1
181 82 1
181 84 1
181 89 1
181 90 1
181 96 1
181 97 1
181 107 1
181 123 1
181 129 1
181 151 1
181 152 1
181 161 1
182 17 1
182 23 1
182 40 1
182 41 1
182 51 1
182 84 1
182 90 1
182 96 1
182 97 1
182 107 1
182 129 1
182 161 1
182 181 1
183 6 1
183 17 1
183 41 1
183 51 1
183 65 1
183 79 1
183 97 1
183 107 1
183 120 1
183 129 1
183 141 1
183 161 1
183 162 1
183 169 1
183 182 1
184 6 1
184 9 1
184 10 1
184 17 1
184 40 1
184 51 1
184 68 1
184 69 1
184 79 1
184 89 1
184 96 1
184 97 1
184 107 1
184 120 1
184 129 1
184 141 1
184 155 1
184 161 1
184 162 1
184 174 1
184 181 1
184 182 1
184 183 1
185 2 1
185 3 1
185 12 1
185 25 1
185 33 1
185 44 1
185 59 1
185 70 1
185 71 1
185 72 1
185 83 1
185 91 1
185 100 1
185 116 1
185 117 1
185 125 1
185 156 1
185 172 1
185 176 1
186 4 1
186 12 1
186 13 1
186 26 1
186 27 1
186 49 1
186 60 1
186 61 1
186 67 1
186 86 1
186 109 1
186 113 1
186 140 1
186 163 1
186 164 1
186 165 1
187 18 1
187 19 1
187 29 1
187 51 1
187 62 1
187 81 1
187 89 1
187 90 1
187 124 1
187 151 1
187 152 1
187 153 1
187 154 1
187 155 1
187 162 1
187 174 1
187 175 1
187 181 1
187 184 1
188 4 1
188 7 1
188 56 1
188 59 1
188 60 1
188 61 1
188 67 1
188 78 1
188 80 1
188 86 1
188 91 1
188 100 1
188 113 1
188 115 1
188 140 1
188 164 1
188 172 1
188 179 1
188 180 1
188 185 1
188 186 1
189 9 1
189 10 1
189 11 1
189 24 1
189 38 1
189 54 1
189 68 1
189 79 1
189 98 1
189 108 1
189 114 1
189 133 1
189 141 1
189 162 1
189 171 1
189 173 1
189 184 1
190 42 1
190 43 1
190 70 1
190 71 1
190 76 1
190 80 1
190 98 1
190 99 1
190 113 1
190 115 1
190 121 1
190 130 1
190 179 1
191 25 1
191 33 1
191 42 1
191 43 1
191 44 1
191 59 1
191 70 1
191 71 1
191 80 1
191 106 1
191 110 1
191 115 1
191 130 1
191 149 1
191 150 1
191 156 1
191 172 1
191 176 1
191 185 1
191 188 1
192 15 1
192 16 1
192 75 1
192 94 1
192 102 1
192 118 1
192 126 1
192 128 1
192 132 1
192 144 1
192 159 1
192 177 1
193 18 1
193 50 1
193 62 1
193 69 1
193 81 1
193 82 1
193 89 1
193 90 1
193 123 1
193 135 1
193 151 1
193 152 1
193 160 1
193 173 1
193 174 1
193 187 1
194 23 1
194 51 1
194 62 1
194 81 1
194 82 1
194 90 1
194 123 1
194 124 1
194 151 1
194 152 1
194 153 1
194 154 1
194 181 1
194 182 1
194 187 1
194 193 1
195 5 1
195 36 1
195 37 1
195 52 1
195 53 1
195 92 1
195 103 1
195 109 1
195 136 1
195 137 1
195 138 1
195 157 1
196 6 1
196 38 1
196 54 1
196 65 1
196 77 1
196 79 1
196 97 1
196 120 1
196 127 1
196 128 1
196 141 1
196 159 1
196 169 1
196 170 1
196 177 1
196 189 1
197 9 1
197 10 1
197 11 1
197 24 1
197 42 1
197 76 1
197 98 1
197 99 1
197 108 1
197 110 1
197 114 1
197 149 1
197 171 1
197 178 1
197 189 1
198 3 1
198 4 1
198 12 1
198 13 1
198 14 1
198 35 1
198 44 1
198 59 1
198 61 1
198 67 1
198 72 1
198 86 1
198 91 1
198 100 1
198 116 1
198 117 1
198 163 1
198 165 1
198 172 1
198 176 1
198 180 1
198 185 1
198 186 1
198 188 1
199 5 1
199 15 1
199 16 1
199 39 1
199 48 1
199 53 1
199 58 1
199 74 1
199 93 1
199 94 1
199 95 1
199 102 1
199 103 1
199 126 1
199 128 1
199 132 1
199 144 1
199 145 1
199 146 1
199 159 1
199 177 1
199 178 1
199 192 1
