# minsup
1
# graph
G_portein_file\Bcl-xl\1LXL.pdb
# node ID, label
0 A
1 A
2 A
3 A
4 A
5 A
6 A
7 A
8 A
9 A
10 A
11 A
12 A
13 A
14 A
15 A
16 A
17 A
18 A
19 A
20 A
21 C
22 D
23 D
24 D
25 D
26 D
27 D
28 D
29 D
30 D
31 D
32 E
33 E
34 E
35 E
36 E
37 E
38 E
39 E
40 E
41 E
42 E
43 E
44 E
45 E
46 E
47 E
48 E
49 E
50 E
51 E
52 E
53 E
54 F
55 F
56 F
57 F
58 F
59 F
60 F
61 F
62 F
63 F
64 G
65 G
66 G
67 G
68 G
69 G
70 G
71 G
72 G
73 G
74 G
75 G
76 G
77 G
78 G
79 H
80 H
81 H
82 H
83 H
84 H
85 H
86 H
87 H
88 H
89 I
90 I
91 I
92 I
93 I
94 I
95 K
96 K
97 K
98 K
99 K
100 L
101 L
102 L
103 L
104 L
105 L
106 L
107 L
108 L
109 L
110 L
111 L
112 L
113 L
114 L
115 L
116 M
117 M
118 M
119 M
120 M
121 M
122 M
123 N
124 N
125 N
126 N
127 N
128 N
129 N
130 N
131 N
132 N
133 N
134 P
135 P
136 P
137 P
138 P
139 P
140 P
141 Q
142 Q
143 Q
144 Q
145 Q
146 Q
147 Q
148 Q
149 Q
150 Q
151 R
152 R
153 R
154 R
155 R
156 R
157 R
158 R
159 R
160 R
161 R
162 R
163 S
164 S
165 S
166 S
167 S
168 S
169 S
170 S
171 S
172 S
173 S
174 S
175 S
176 S
177 S
178 S
179 S
180 S
181 S
182 S
183 S
184 S
185 T
186 T
187 T
188 T
189 T
190 T
191 T
192 T
193 T
194 V
195 V
196 V
197 V
198 V
199 V
200 V
201 V
202 V
203 V
204 V
205 V
206 V
207 V
208 V
209 W
210 W
211 W
212 W
213 W
214 W
215 Y
216 Y
217 Y
218 Y
219 Y
220 Y
# node ID1, node ID2, number of bounds
5 3 1
5 4 1
8 7 1
9 7 1
9 8 1
10 9 1
13 10 1
13 11 1
16 12 1
16 15 1
17 15 1
17 16 1
18 9 1
19 18 1
20 18 1
20 19 1
21 14 1
21 15 1
22 15 1
24 3 1
24 4 1
24 5 1
25 6 1
26 10 1
27 11 1
29 14 1
29 21 1
30 17 1
31 8 1
32 15 1
32 17 1
32 22 1
33 1 1
33 23 1
34 1 1
34 23 1
34 33 1
35 1 1
35 33 1
35 34 1
36 1 1
36 35 1
37 36 1
38 36 1
38 37 1
39 37 1
39 38 1
40 6 1
40 25 1
41 9 1
41 10 1
41 18 1
41 26 1
42 10 1
42 13 1
42 26 1
42 41 1
43 10 1
43 13 1
43 26 1
43 42 1
44 12 1
45 28 1
45 44 1
46 14 1
46 21 1
46 29 1
47 29 1
47 46 1
48 30 1
49 48 1
50 8 1
50 9 1
50 31 1
51 18 1
51 19 1
51 20 1
53 52 1
54 14 1
54 15 1
54 21 1
54 22 1
54 32 1
55 23 1
55 33 1
55 47 1
56 10 1
56 13 1
56 26 1
56 41 1
56 42 1
56 43 1
57 11 1
57 13 1
57 14 1
57 27 1
57 43 1
58 12 1
58 44 1
59 28 1
59 45 1
60 13 1
60 57 1
60 59 1
61 10 1
61 13 1
61 14 1
61 22 1
61 54 1
61 60 1
62 11 1
62 13 1
62 14 1
62 21 1
62 56 1
62 57 1
62 60 1
62 61 1
63 9 1
63 31 1
63 50 1
64 29 1
65 1 1
65 36 1
65 37 1
65 38 1
65 39 1
66 2 1
67 3 1
67 4 1
67 5 1
67 24 1
68 4 1
68 5 1
68 67 1
69 9 1
69 10 1
69 13 1
69 26 1
69 41 1
69 42 1
69 43 1
69 54 1
69 56 1
69 61 1
69 62 1
70 12 1
71 28 1
71 45 1
71 59 1
72 10 1
72 13 1
72 56 1
72 60 1
72 61 1
72 63 1
73 13 1
73 14 1
73 15 1
73 21 1
73 46 1
73 54 1
73 57 1
73 58 1
73 60 1
73 61 1
73 62 1
74 13 1
74 14 1
74 15 1
74 21 1
74 22 1
74 46 1
74 54 1
74 60 1
74 61 1
74 62 1
74 69 1
74 73 1
75 31 1
75 49 1
75 63 1
76 31 1
76 48 1
76 49 1
76 63 1
76 75 1
77 8 1
77 9 1
77 10 1
77 18 1
77 31 1
77 41 1
77 50 1
77 63 1
78 20 1
78 51 1
78 52 1
79 3 1
79 24 1
80 5 1
80 67 1
80 68 1
81 46 1
81 58 1
82 17 1
82 30 1
82 48 1
82 59 1
82 71 1
83 53 1
84 53 1
84 83 1
85 53 1
85 83 1
85 84 1
86 53 1
86 83 1
86 84 1
86 85 1
87 84 1
87 85 1
87 86 1
88 84 1
88 85 1
88 86 1
88 87 1
89 2 1
89 66 1
90 7 1
90 8 1
90 40 1
91 12 1
91 21 1
91 46 1
91 58 1
91 70 1
91 81 1
92 13 1
92 59 1
92 60 1
92 61 1
92 62 1
92 63 1
92 72 1
93 12 1
93 15 1
93 16 1
93 17 1
93 21 1
93 58 1
93 73 1
93 74 1
93 91 1
94 31 1
94 48 1
94 49 1
94 63 1
94 75 1
94 76 1
94 82 1
94 92 1
95 14 1
95 21 1
95 22 1
95 54 1
95 64 1
95 69 1
95 74 1
96 29 1
96 64 1
96 95 1
97 7 1
97 8 1
97 9 1
97 10 1
97 22 1
97 32 1
97 41 1
97 54 1
97 77 1
98 29 1
98 46 1
98 47 1
99 20 1
99 51 1
99 52 1
99 78 1
100 7 1
100 15 1
100 17 1
100 22 1
100 32 1
100 54 1
100 61 1
100 97 1
101 14 1
101 15 1
101 21 1
101 22 1
101 54 1
101 61 1
101 73 1
101 74 1
101 93 1
101 95 1
101 100 1
102 14 1
102 21 1
102 22 1
102 29 1
102 46 1
102 54 1
102 64 1
102 74 1
102 95 1
102 96 1
102 101 1
103 3 1
103 24 1
103 79 1
104 6 1
104 25 1
104 68 1
104 80 1
105 8 1
105 9 1
105 10 1
105 13 1
105 22 1
105 26 1
105 41 1
105 42 1
105 54 1
105 61 1
105 69 1
105 77 1
105 92 1
105 97 1
105 100 1
106 26 1
106 42 1
106 43 1
106 56 1
106 69 1
107 11 1
107 27 1
107 45 1
107 57 1
107 58 1
107 62 1
107 73 1
107 81 1
108 12 1
108 27 1
108 44 1
108 58 1
108 81 1
108 91 1
108 107 1
109 11 1
109 13 1
109 28 1
109 44 1
109 45 1
109 59 1
109 60 1
109 71 1
109 92 1
109 107 1
110 14 1
110 15 1
110 21 1
110 29 1
110 46 1
110 57 1
110 61 1
110 62 1
110 73 1
110 74 1
110 81 1
110 91 1
110 93 1
110 95 1
110 101 1
110 107 1
110 108 1
111 12 1
111 15 1
111 16 1
111 21 1
111 46 1
111 70 1
111 91 1
111 93 1
111 110 1
112 16 1
112 17 1
112 30 1
112 48 1
112 60 1
112 61 1
112 82 1
112 92 1
112 94 1
112 100 1
113 17 1
113 30 1
113 48 1
113 49 1
113 59 1
113 71 1
113 82 1
113 92 1
113 94 1
113 112 1
114 9 1
114 31 1
114 50 1
114 63 1
114 72 1
114 77 1
115 52 1
115 53 1
115 83 1
115 84 1
115 85 1
115 99 1
116 0 1
117 0 1
117 116 1
118 0 1
118 32 1
118 48 1
118 90 1
118 117 1
119 37 1
119 38 1
119 39 1
119 65 1
120 7 1
120 8 1
120 9 1
120 31 1
120 32 1
120 90 1
120 97 1
120 100 1
120 118 1
121 21 1
121 29 1
121 46 1
121 47 1
121 98 1
121 111 1
122 15 1
122 16 1
122 17 1
122 30 1
122 44 1
122 58 1
122 60 1
122 61 1
122 62 1
122 73 1
122 74 1
122 82 1
122 93 1
122 100 1
122 112 1
122 113 1
123 17 1
123 22 1
123 30 1
123 32 1
123 48 1
123 100 1
123 112 1
123 113 1
123 118 1
123 120 1
123 122 1
124 1 1
124 33 1
124 34 1
124 35 1
125 2 1
125 66 1
125 89 1
126 2 1
126 66 1
126 79 1
126 89 1
126 125 1
127 4 1
127 5 1
127 67 1
127 68 1
127 80 1
128 28 1
128 44 1
128 45 1
128 58 1
128 59 1
128 82 1
128 109 1
129 13 1
129 28 1
129 59 1
129 71 1
129 72 1
129 92 1
129 94 1
129 109 1
129 113 1
130 17 1
130 30 1
130 48 1
130 82 1
130 94 1
130 112 1
130 113 1
130 118 1
130 122 1
130 123 1
131 48 1
131 49 1
131 63 1
131 75 1
131 76 1
131 94 1
131 129 1
132 8 1
132 9 1
132 10 1
132 18 1
132 19 1
132 20 1
132 41 1
132 50 1
132 77 1
132 105 1
132 114 1
133 8 1
133 9 1
133 18 1
133 19 1
133 20 1
133 41 1
133 50 1
133 77 1
133 132 1
134 1 1
134 33 1
134 34 1
134 35 1
134 36 1
134 65 1
135 2 1
135 38 1
135 39 1
135 89 1
135 119 1
136 2 1
136 66 1
136 79 1
136 89 1
136 125 1
136 126 1
137 3 1
137 4 1
137 5 1
137 24 1
137 67 1
137 127 1
138 7 1
138 8 1
138 32 1
138 40 1
138 90 1
138 97 1
138 100 1
138 118 1
138 120 1
138 123 1
139 12 1
139 70 1
139 81 1
139 91 1
139 111 1
139 121 1
140 30 1
140 48 1
140 49 1
140 76 1
140 82 1
140 94 1
140 112 1
140 113 1
140 130 1
140 131 1
141 0 1
141 32 1
141 90 1
141 100 1
141 118 1
141 120 1
141 123 1
141 138 1
142 64 1
142 95 1
142 96 1
142 102 1
143 23 1
143 55 1
144 7 1
144 8 1
144 9 1
144 10 1
144 18 1
144 22 1
144 41 1
144 54 1
144 69 1
144 77 1
144 97 1
144 105 1
144 120 1
144 132 1
144 133 1
145 27 1
145 57 1
145 58 1
145 81 1
145 91 1
145 107 1
145 108 1
146 12 1
146 44 1
146 58 1
146 108 1
147 44 1
147 45 1
147 58 1
147 107 1
147 108 1
147 109 1
147 128 1
147 145 1
147 146 1
148 21 1
148 23 1
148 29 1
148 46 1
148 47 1
148 55 1
148 93 1
148 98 1
148 111 1
148 121 1
148 139 1
148 143 1
149 31 1
149 48 1
149 49 1
149 75 1
149 76 1
149 94 1
149 113 1
149 131 1
149 140 1
150 51 1
150 52 1
150 78 1
150 99 1
150 115 1
151 15 1
151 16 1
151 17 1
151 22 1
151 32 1
151 100 1
151 112 1
151 118 1
151 122 1
151 123 1
151 130 1
151 141 1
152 1 1
152 33 1
152 34 1
152 35 1
152 124 1
152 134 1
153 6 1
153 25 1
153 40 1
153 90 1
153 104 1
154 8 1
154 9 1
154 10 1
154 22 1
154 26 1
154 41 1
154 42 1
154 54 1
154 61 1
154 69 1
154 77 1
154 95 1
154 97 1
154 105 1
154 132 1
154 144 1
155 26 1
155 42 1
155 43 1
155 56 1
155 106 1
156 11 1
156 27 1
156 43 1
156 56 1
156 57 1
156 106 1
156 155 1
157 11 1
157 27 1
157 57 1
157 107 1
157 155 1
157 156 1
158 28 1
158 45 1
158 59 1
158 71 1
158 109 1
158 128 1
158 129 1
159 13 1
159 28 1
159 59 1
159 60 1
159 61 1
159 71 1
159 72 1
159 92 1
159 109 1
159 113 1
159 129 1
159 158 1
160 12 1
160 15 1
160 16 1
160 17 1
160 21 1
160 23 1
160 91 1
160 93 1
160 111 1
160 122 1
160 148 1
161 19 1
161 20 1
161 51 1
161 78 1
161 99 1
161 150 1
162 52 1
162 53 1
162 78 1
162 83 1
162 99 1
162 115 1
162 150 1
163 0 1
163 116 1
163 117 1
163 118 1
164 0 1
164 32 1
164 117 1
164 118 1
164 123 1
164 130 1
164 138 1
164 141 1
164 151 1
165 0 1
165 7 1
165 17 1
165 32 1
165 48 1
165 90 1
165 97 1
165 100 1
165 112 1
165 118 1
165 120 1
165 123 1
165 130 1
165 138 1
165 141 1
165 151 1
165 164 1
166 21 1
166 22 1
166 54 1
166 64 1
166 74 1
166 95 1
166 100 1
166 101 1
166 102 1
166 142 1
167 54 1
167 64 1
167 95 1
167 96 1
167 101 1
167 102 1
167 142 1
167 166 1
168 55 1
168 64 1
168 95 1
168 96 1
168 101 1
168 102 1
168 142 1
168 143 1
168 166 1
168 167 1
169 23 1
169 55 1
169 143 1
169 166 1
169 168 1
170 23 1
170 33 1
170 34 1
170 55 1
170 124 1
170 143 1
170 148 1
170 168 1
170 169 1
171 36 1
171 37 1
171 38 1
171 39 1
171 65 1
171 119 1
172 2 1
172 39 1
172 89 1
172 119 1
172 125 1
172 135 1
173 3 1
173 66 1
173 79 1
173 103 1
173 126 1
173 136 1
174 3 1
174 4 1
174 5 1
174 24 1
174 67 1
174 79 1
174 103 1
174 127 1
174 137 1
175 5 1
175 67 1
175 68 1
175 80 1
175 104 1
175 127 1
176 5 1
176 25 1
176 68 1
176 80 1
176 104 1
176 127 1
176 175 1
177 5 1
177 6 1
177 25 1
177 68 1
177 80 1
177 104 1
177 127 1
177 175 1
177 176 1
178 11 1
178 27 1
178 57 1
178 62 1
178 107 1
178 145 1
178 156 1
178 157 1
179 11 1
179 27 1
179 57 1
179 81 1
179 91 1
179 107 1
179 108 1
179 145 1
179 178 1
180 12 1
180 44 1
180 58 1
180 81 1
180 91 1
180 108 1
180 128 1
180 145 1
180 146 1
180 147 1
181 10 1
181 13 1
181 14 1
181 21 1
181 26 1
181 43 1
181 54 1
181 56 1
181 57 1
181 60 1
181 61 1
181 62 1
181 69 1
181 73 1
181 74 1
181 92 1
181 95 1
181 101 1
181 105 1
181 110 1
181 154 1
182 14 1
182 21 1
182 29 1
182 46 1
182 47 1
182 91 1
182 93 1
182 98 1
182 110 1
182 111 1
182 121 1
182 139 1
182 148 1
183 15 1
183 16 1
183 21 1
183 23 1
183 55 1
183 93 1
183 101 1
183 111 1
183 121 1
183 148 1
183 160 1
183 170 1
183 182 1
184 18 1
184 19 1
184 20 1
184 51 1
184 78 1
184 99 1
184 161 1
185 1 1
185 33 1
185 34 1
185 35 1
185 124 1
185 134 1
185 152 1
186 1 1
186 36 1
186 37 1
186 38 1
186 39 1
186 65 1
186 119 1
186 134 1
186 152 1
186 171 1
187 2 1
187 38 1
187 39 1
187 89 1
187 119 1
187 135 1
187 172 1
188 4 1
188 5 1
188 67 1
188 68 1
188 80 1
188 104 1
188 127 1
188 137 1
188 174 1
188 175 1
188 176 1
188 177 1
189 11 1
189 14 1
189 27 1
189 46 1
189 57 1
189 58 1
189 62 1
189 73 1
189 81 1
189 91 1
189 107 1
189 108 1
189 110 1
189 145 1
189 178 1
189 179 1
190 12 1
190 46 1
190 70 1
190 81 1
190 91 1
190 108 1
190 111 1
190 121 1
190 139 1
190 148 1
190 182 1
191 12 1
191 58 1
191 70 1
191 81 1
191 91 1
191 93 1
191 108 1
191 111 1
191 139 1
191 146 1
191 160 1
191 180 1
191 190 1
192 15 1
192 16 1
192 17 1
192 30 1
192 44 1
192 48 1
192 82 1
192 112 1
192 113 1
192 122 1
192 123 1
192 130 1
192 151 1
193 31 1
193 50 1
193 63 1
193 75 1
193 76 1
193 77 1
193 94 1
193 114 1
193 131 1
193 149 1
194 15 1
194 16 1
194 17 1
194 22 1
194 32 1
194 54 1
194 61 1
194 73 1
194 74 1
194 93 1
194 97 1
194 100 1
194 101 1
194 112 1
194 122 1
194 123 1
194 141 1
194 151 1
194 165 1
194 166 1
194 192 1
195 15 1
195 16 1
195 17 1
195 22 1
195 32 1
195 54 1
195 74 1
195 93 1
195 100 1
195 101 1
195 122 1
195 123 1
195 141 1
195 151 1
195 166 1
195 183 1
195 194 1
196 23 1
196 33 1
196 34 1
196 35 1
196 55 1
196 124 1
196 152 1
196 170 1
196 183 1
196 185 1
197 4 1
197 5 1
197 67 1
197 68 1
197 80 1
197 127 1
197 137 1
197 174 1
197 175 1
197 176 1
197 177 1
197 188 1
198 6 1
198 25 1
198 40 1
198 90 1
198 120 1
198 138 1
198 153 1
199 7 1
199 8 1
199 9 1
199 31 1
199 50 1
199 63 1
199 77 1
199 90 1
199 97 1
199 100 1
199 105 1
199 120 1
199 132 1
199 133 1
199 138 1
199 144 1
199 154 1
199 165 1
200 27 1
200 44 1
200 45 1
200 58 1
200 59 1
200 107 1
200 108 1
200 109 1
200 128 1
200 145 1
200 146 1
200 147 1
200 158 1
200 179 1
200 180 1
200 189 1
201 44 1
201 45 1
201 58 1
201 59 1
201 60 1
201 62 1
201 73 1
201 107 1
201 108 1
201 109 1
201 122 1
201 128 1
201 147 1
201 158 1
201 180 1
201 200 1
202 28 1
202 48 1
202 59 1
202 60 1
202 71 1
202 72 1
202 82 1
202 92 1
202 94 1
202 109 1
202 112 1
202 113 1
202 128 1
202 129 1
202 131 1
202 140 1
202 158 1
202 159 1
203 9 1
203 10 1
203 13 1
203 42 1
203 56 1
203 60 1
203 61 1
203 62 1
203 63 1
203 69 1
203 72 1
203 92 1
203 105 1
203 129 1
203 154 1
203 159 1
203 181 1
204 14 1
204 21 1
204 29 1
204 46 1
204 47 1
204 73 1
204 74 1
204 95 1
204 96 1
204 98 1
204 101 1
204 102 1
204 110 1
204 121 1
204 142 1
204 148 1
204 166 1
204 167 1
204 182 1
205 14 1
205 21 1
205 29 1
205 46 1
205 47 1
205 55 1
205 96 1
205 98 1
205 101 1
205 102 1
205 110 1
205 111 1
205 121 1
205 148 1
205 168 1
205 182 1
205 183 1
205 204 1
206 23 1
206 47 1
206 55 1
206 70 1
206 93 1
206 111 1
206 121 1
206 139 1
206 148 1
206 160 1
206 182 1
206 183 1
206 190 1
206 205 1
207 15 1
207 16 1
207 21 1
207 23 1
207 29 1
207 46 1
207 47 1
207 55 1
207 73 1
207 74 1
207 91 1
207 93 1
207 101 1
207 110 1
207 111 1
207 121 1
207 139 1
207 148 1
207 160 1
207 182 1
207 183 1
207 190 1
207 204 1
207 205 1
207 206 1
208 7 1
208 8 1
208 9 1
208 31 1
208 50 1
208 63 1
208 76 1
208 77 1
208 97 1
208 105 1
208 114 1
208 120 1
208 132 1
208 133 1
208 144 1
208 193 1
208 199 1
209 22 1
209 23 1
209 55 1
209 64 1
209 95 1
209 101 1
209 102 1
209 143 1
209 148 1
209 166 1
209 167 1
209 168 1
209 169 1
209 170 1
209 183 1
209 195 1
209 205 1
209 207 1
210 3 1
210 24 1
210 66 1
210 79 1
210 103 1
210 126 1
210 136 1
210 173 1
211 13 1
211 60 1
211 63 1
211 71 1
211 72 1
211 92 1
211 94 1
211 113 1
211 114 1
211 129 1
211 131 1
211 159 1
211 202 1
211 203 1
212 12 1
212 15 1
212 16 1
212 17 1
212 44 1
212 58 1
212 73 1
212 93 1
212 112 1
212 122 1
212 146 1
212 151 1
212 160 1
212 183 1
212 192 1
212 194 1
212 201 1
213 30 1
213 48 1
213 49 1
213 71 1
213 75 1
213 76 1
213 82 1
213 94 1
213 112 1
213 113 1
213 129 1
213 130 1
213 131 1
213 140 1
213 149 1
213 202 1
213 211 1
214 8 1
214 31 1
214 48 1
214 50 1
214 63 1
214 75 1
214 76 1
214 77 1
214 94 1
214 114 1
214 120 1
214 131 1
214 149 1
214 165 1
214 193 1
214 199 1
214 208 1
214 211 1
215 22 1
215 54 1
215 64 1
215 74 1
215 95 1
215 96 1
215 97 1
215 101 1
215 102 1
215 105 1
215 142 1
215 144 1
215 154 1
215 166 1
215 167 1
215 168 1
215 195 1
215 204 1
215 209 1
216 29 1
216 47 1
216 55 1
216 64 1
216 95 1
216 96 1
216 98 1
216 102 1
216 142 1
216 143 1
216 166 1
216 167 1
216 168 1
216 169 1
216 204 1
216 205 1
216 209 1
216 215 1
217 11 1
217 43 1
217 56 1
217 57 1
217 106 1
217 155 1
217 156 1
217 157 1
218 12 1
218 16 1
218 44 1
218 58 1
218 93 1
218 122 1
218 146 1
218 147 1
218 160 1
218 180 1
218 191 1
218 192 1
218 201 1
218 212 1
219 15 1
219 16 1
219 17 1
219 30 1
219 44 1
219 48 1
219 59 1
219 60 1
219 82 1
219 112 1
219 113 1
219 122 1
219 123 1
219 128 1
219 130 1
219 192 1
219 194 1
219 201 1
219 212 1
219 218 1
220 9 1
220 10 1
220 41 1
220 42 1
220 50 1
220 63 1
220 72 1
220 77 1
220 105 1
220 114 1
220 132 1
220 133 1
220 193 1
220 199 1
220 203 1
220 208 1
220 211 1
