# minsup
1
# graph
G_portein_file\Bcl-xl\1MAZ.pdb
# node ID, label
0 A
1 A
2 A
3 A
4 A
5 A
6 A
7 A
8 A
9 A
10 C
11 D
12 D
13 D
14 D
15 D
16 D
17 D
18 E
19 E
20 E
21 E
22 E
23 E
24 E
25 E
26 E
27 E
28 E
29 F
30 F
31 F
32 F
33 F
34 F
35 F
36 F
37 F
38 G
39 G
40 G
41 G
42 G
43 G
44 G
45 G
46 G
47 H
48 I
49 I
50 I
51 I
52 K
53 K
54 K
55 K
56 L
57 L
58 L
59 L
60 L
61 L
62 L
63 L
64 L
65 L
66 L
67 L
68 L
69 M
70 M
71 N
72 N
73 N
74 N
75 N
76 P
77 P
78 Q
79 Q
80 Q
81 Q
82 Q
83 Q
84 Q
85 Q
86 Q
87 R
88 R
89 R
90 R
91 R
92 R
93 S
94 S
95 S
96 S
97 S
98 S
99 S
100 S
101 S
102 S
103 S
104 T
105 T
106 T
107 T
108 T
109 V
110 V
111 V
112 V
113 V
114 V
115 V
116 V
117 V
118 V
119 V
120 V
121 W
122 W
123 W
124 W
125 W
126 Y
127 Y
128 Y
129 Y
130 Y
# node ID1, node ID2, number of bounds
1 0 1
2 0 1
2 1 1
3 2 1
5 3 1
8 7 1
9 7 1
9 8 1
10 6 1
10 7 1
11 0 1
11 7 1
12 3 1
15 10 1
16 9 1
17 1 1
18 7 1
18 9 1
18 11 1
19 2 1
19 3 1
19 12 1
20 3 1
20 12 1
20 19 1
21 3 1
21 5 1
21 12 1
21 19 1
21 20 1
22 4 1
23 14 1
23 22 1
24 6 1
24 10 1
24 15 1
25 15 1
25 24 1
26 16 1
27 26 1
28 1 1
28 2 1
28 17 1
29 7 1
29 11 1
29 18 1
29 19 1
30 3 1
30 5 1
30 12 1
30 19 1
30 20 1
30 21 1
31 5 1
31 6 1
31 13 1
32 4 1
32 22 1
33 5 1
33 14 1
33 23 1
34 5 1
34 6 1
34 33 1
35 3 1
35 5 1
35 6 1
35 7 1
35 29 1
35 34 1
36 5 1
36 6 1
36 10 1
36 21 1
36 31 1
36 34 1
36 35 1
37 1 1
37 2 1
37 17 1
37 28 1
39 2 1
39 3 1
39 5 1
39 12 1
39 19 1
39 20 1
39 21 1
39 29 1
39 30 1
39 34 1
39 35 1
39 36 1
40 4 1
41 14 1
41 23 1
41 33 1
42 3 1
42 5 1
42 30 1
42 34 1
42 39 1
43 5 1
43 6 1
43 7 1
43 10 1
43 24 1
43 29 1
43 31 1
43 32 1
43 34 1
43 35 1
43 36 1
44 5 1
44 6 1
44 7 1
44 10 1
44 24 1
44 29 1
44 34 1
44 35 1
44 36 1
44 39 1
44 43 1
45 17 1
45 27 1
45 28 1
45 37 1
46 17 1
46 26 1
46 27 1
46 37 1
46 45 1
47 16 1
47 22 1
47 26 1
47 33 1
48 4 1
48 24 1
48 32 1
48 40 1
49 5 1
49 33 1
49 34 1
49 35 1
49 36 1
49 39 1
49 42 1
50 7 1
50 8 1
50 9 1
50 10 1
50 32 1
50 43 1
50 44 1
50 48 1
51 17 1
51 26 1
51 27 1
51 37 1
51 45 1
51 46 1
51 47 1
51 49 1
52 6 1
52 10 1
52 11 1
52 12 1
52 29 1
52 35 1
52 38 1
52 39 1
52 43 1
52 44 1
53 38 1
53 52 1
54 0 1
54 1 1
54 2 1
54 3 1
54 11 1
54 18 1
54 19 1
54 29 1
55 10 1
55 15 1
55 24 1
55 25 1
56 0 1
56 7 1
56 9 1
56 11 1
56 18 1
56 29 1
56 35 1
56 54 1
57 6 1
57 7 1
57 10 1
57 11 1
57 29 1
57 35 1
57 36 1
57 43 1
57 44 1
57 50 1
57 52 1
57 56 1
58 6 1
58 10 1
58 11 1
58 29 1
58 38 1
58 44 1
58 52 1
58 53 1
58 57 1
59 0 1
59 1 1
59 2 1
59 3 1
59 11 1
59 12 1
59 19 1
59 20 1
59 29 1
59 35 1
59 37 1
59 39 1
59 49 1
59 54 1
59 56 1
60 3 1
60 12 1
60 20 1
60 21 1
60 30 1
60 39 1
61 13 1
61 23 1
61 31 1
61 32 1
61 36 1
62 13 1
62 22 1
62 32 1
62 48 1
62 61 1
63 5 1
63 14 1
63 23 1
63 33 1
63 34 1
63 36 1
63 41 1
63 49 1
63 61 1
64 6 1
64 10 1
64 15 1
64 24 1
64 31 1
64 35 1
64 36 1
64 43 1
64 44 1
64 48 1
64 50 1
64 57 1
64 61 1
64 62 1
65 7 1
65 8 1
65 10 1
65 24 1
65 25 1
65 48 1
65 50 1
65 64 1
66 8 1
66 9 1
66 16 1
66 26 1
66 34 1
66 35 1
66 47 1
66 49 1
66 51 1
67 9 1
67 16 1
67 26 1
67 33 1
67 34 1
67 41 1
67 47 1
67 49 1
67 51 1
67 66 1
68 2 1
68 17 1
68 28 1
68 37 1
69 10 1
69 15 1
69 24 1
69 25 1
69 48 1
69 55 1
69 65 1
70 7 1
70 8 1
70 9 1
70 16 1
70 22 1
70 32 1
70 34 1
70 35 1
70 36 1
70 43 1
70 50 1
70 66 1
71 9 1
71 11 1
71 18 1
71 26 1
71 56 1
71 66 1
71 70 1
72 14 1
72 22 1
72 23 1
72 32 1
72 33 1
72 34 1
72 41 1
72 47 1
72 63 1
73 5 1
73 14 1
73 33 1
73 41 1
73 42 1
73 49 1
73 51 1
73 63 1
73 67 1
74 9 1
74 16 1
74 26 1
74 47 1
74 51 1
74 66 1
74 67 1
74 70 1
74 71 1
75 17 1
75 26 1
75 27 1
75 37 1
75 45 1
75 46 1
75 51 1
75 73 1
76 4 1
76 40 1
76 48 1
76 65 1
76 69 1
77 16 1
77 26 1
77 27 1
77 46 1
77 47 1
77 51 1
77 66 1
77 67 1
77 74 1
77 75 1
78 9 1
78 18 1
78 56 1
78 71 1
78 74 1
79 38 1
79 52 1
79 53 1
79 57 1
79 58 1
80 65 1
81 0 1
81 1 1
81 2 1
81 3 1
81 11 1
81 19 1
81 29 1
81 39 1
81 54 1
81 56 1
81 59 1
82 13 1
82 31 1
82 32 1
82 48 1
82 61 1
82 62 1
83 4 1
83 22 1
83 32 1
84 22 1
84 23 1
84 32 1
84 62 1
84 63 1
84 72 1
84 82 1
84 83 1
85 10 1
85 15 1
85 24 1
85 25 1
85 55 1
85 65 1
85 69 1
85 80 1
86 17 1
86 26 1
86 27 1
86 45 1
86 46 1
86 51 1
86 67 1
86 75 1
86 77 1
87 7 1
87 8 1
87 9 1
87 11 1
87 18 1
87 56 1
87 66 1
87 70 1
87 71 1
87 74 1
87 78 1
88 1 1
88 2 1
88 3 1
88 11 1
88 12 1
88 19 1
88 20 1
88 29 1
88 35 1
88 39 1
88 52 1
88 54 1
88 56 1
88 57 1
88 59 1
88 81 1
89 12 1
89 20 1
89 21 1
89 30 1
89 60 1
90 14 1
90 23 1
90 33 1
90 41 1
90 63 1
90 72 1
91 5 1
91 14 1
91 30 1
91 33 1
91 34 1
91 35 1
91 41 1
91 42 1
91 49 1
91 63 1
91 67 1
91 73 1
92 7 1
92 8 1
92 9 1
92 10 1
92 50 1
92 65 1
92 70 1
92 76 1
92 80 1
92 85 1
93 9 1
93 18 1
93 56 1
93 71 1
93 74 1
93 78 1
93 87 1
94 7 1
94 10 1
94 11 1
94 29 1
94 44 1
94 52 1
94 56 1
94 57 1
94 58 1
94 79 1
94 80 1
95 29 1
95 38 1
95 52 1
95 53 1
95 57 1
95 58 1
95 79 1
95 94 1
96 38 1
96 52 1
96 53 1
96 58 1
96 79 1
96 80 1
96 85 1
96 94 1
96 95 1
97 58 1
97 80 1
97 85 1
97 94 1
97 95 1
97 96 1
98 6 1
98 13 1
98 24 1
98 31 1
98 36 1
98 61 1
98 62 1
98 64 1
98 82 1
99 13 1
99 31 1
99 48 1
99 61 1
99 62 1
99 82 1
99 98 1
100 4 1
100 22 1
100 32 1
100 48 1
100 62 1
100 72 1
100 82 1
100 83 1
100 84 1
101 3 1
101 5 1
101 6 1
101 10 1
101 12 1
101 21 1
101 29 1
101 30 1
101 31 1
101 34 1
101 35 1
101 36 1
101 39 1
101 43 1
101 44 1
101 49 1
101 52 1
101 57 1
101 59 1
101 64 1
101 88 1
101 91 1
102 6 1
102 10 1
102 15 1
102 24 1
102 25 1
102 48 1
102 50 1
102 55 1
102 64 1
102 65 1
102 69 1
102 85 1
103 7 1
103 8 1
103 10 1
103 50 1
103 57 1
103 65 1
103 70 1
103 80 1
103 85 1
103 92 1
103 97 1
104 6 1
104 13 1
104 24 1
104 31 1
104 32 1
104 36 1
104 43 1
104 48 1
104 61 1
104 62 1
104 64 1
104 82 1
104 98 1
104 99 1
105 4 1
105 40 1
105 48 1
105 55 1
105 62 1
105 65 1
105 69 1
105 76 1
105 102 1
106 4 1
106 32 1
106 40 1
106 48 1
106 62 1
106 65 1
106 76 1
106 83 1
106 100 1
106 105 1
107 7 1
107 8 1
107 9 1
107 16 1
107 22 1
107 47 1
107 50 1
107 66 1
107 67 1
107 70 1
107 71 1
107 74 1
107 87 1
108 17 1
108 28 1
108 37 1
108 45 1
108 46 1
108 51 1
108 68 1
108 75 1
108 86 1
109 7 1
109 8 1
109 9 1
109 11 1
109 18 1
109 29 1
109 35 1
109 43 1
109 44 1
109 50 1
109 54 1
109 56 1
109 57 1
109 59 1
109 66 1
109 70 1
109 71 1
109 78 1
109 87 1
109 93 1
109 94 1
110 7 1
110 8 1
110 9 1
110 11 1
110 18 1
110 29 1
110 44 1
110 50 1
110 52 1
110 54 1
110 56 1
110 57 1
110 70 1
110 71 1
110 87 1
110 94 1
110 103 1
110 109 1
111 0 1
111 1 1
111 2 1
111 17 1
111 28 1
111 37 1
111 54 1
111 56 1
111 59 1
111 81 1
111 88 1
111 108 1
112 22 1
112 23 1
112 32 1
112 33 1
112 61 1
112 62 1
112 63 1
112 72 1
112 82 1
112 83 1
112 84 1
112 99 1
112 100 1
112 104 1
113 5 1
113 22 1
113 23 1
113 32 1
113 33 1
113 34 1
113 36 1
113 43 1
113 61 1
113 62 1
113 63 1
113 70 1
113 72 1
113 83 1
113 84 1
113 90 1
113 100 1
113 104 1
113 112 1
114 14 1
114 33 1
114 41 1
114 42 1
114 47 1
114 49 1
114 51 1
114 63 1
114 67 1
114 73 1
114 77 1
114 90 1
114 91 1
115 3 1
115 5 1
115 12 1
115 19 1
115 20 1
115 21 1
115 30 1
115 34 1
115 35 1
115 36 1
115 39 1
115 42 1
115 49 1
115 59 1
115 73 1
115 88 1
115 91 1
115 101 1
116 6 1
116 10 1
116 15 1
116 24 1
116 36 1
116 38 1
116 43 1
116 44 1
116 52 1
116 53 1
116 55 1
116 57 1
116 58 1
116 64 1
116 69 1
116 85 1
116 96 1
116 102 1
117 10 1
117 15 1
117 24 1
117 25 1
117 55 1
117 58 1
117 64 1
117 65 1
117 69 1
117 80 1
117 85 1
117 96 1
117 102 1
117 116 1
118 10 1
118 25 1
118 50 1
118 65 1
118 69 1
118 76 1
118 80 1
118 85 1
118 92 1
118 102 1
118 103 1
118 105 1
118 117 1
119 7 1
119 8 1
119 10 1
119 24 1
119 43 1
119 44 1
119 50 1
119 57 1
119 58 1
119 64 1
119 65 1
119 69 1
119 80 1
119 85 1
119 92 1
119 94 1
119 97 1
119 102 1
119 103 1
119 110 1
119 116 1
119 117 1
119 118 1
120 1 1
120 2 1
120 17 1
120 28 1
120 37 1
120 46 1
120 54 1
120 59 1
120 68 1
120 81 1
120 108 1
120 111 1
121 10 1
121 11 1
121 38 1
121 52 1
121 57 1
121 58 1
121 79 1
121 80 1
121 85 1
121 94 1
121 95 1
121 96 1
121 97 1
121 103 1
121 110 1
121 119 1
122 3 1
122 5 1
122 34 1
122 37 1
122 42 1
122 49 1
122 51 1
122 67 1
122 68 1
122 73 1
122 75 1
122 91 1
122 108 1
122 114 1
122 115 1
123 4 1
123 7 1
123 8 1
123 9 1
123 22 1
123 32 1
123 43 1
123 50 1
123 66 1
123 70 1
123 74 1
123 83 1
123 87 1
123 92 1
123 103 1
123 107 1
123 109 1
123 119 1
124 26 1
124 27 1
124 41 1
124 45 1
124 46 1
124 47 1
124 51 1
124 66 1
124 67 1
124 73 1
124 75 1
124 77 1
124 86 1
124 114 1
124 122 1
125 1 1
125 2 1
125 17 1
125 26 1
125 28 1
125 37 1
125 45 1
125 46 1
125 51 1
125 54 1
125 59 1
125 68 1
125 75 1
125 86 1
125 108 1
125 111 1
125 120 1
125 122 1
126 11 1
126 29 1
126 44 1
126 52 1
126 53 1
126 54 1
126 57 1
126 58 1
126 79 1
126 81 1
126 88 1
126 94 1
126 95 1
126 96 1
126 109 1
126 110 1
126 121 1
127 10 1
127 15 1
127 38 1
127 52 1
127 53 1
127 58 1
127 79 1
127 94 1
127 95 1
127 96 1
127 97 1
127 116 1
127 117 1
127 121 1
127 126 1
128 4 1
128 8 1
128 22 1
128 32 1
128 40 1
128 50 1
128 70 1
128 83 1
128 84 1
128 92 1
128 100 1
128 106 1
128 107 1
128 123 1
129 7 1
129 8 1
129 9 1
129 16 1
129 22 1
129 26 1
129 32 1
129 34 1
129 47 1
129 66 1
129 67 1
129 70 1
129 72 1
129 74 1
129 83 1
129 107 1
129 113 1
129 123 1
129 128 1
130 2 1
130 3 1
130 17 1
130 19 1
130 28 1
130 37 1
130 42 1
130 59 1
130 68 1
130 81 1
130 108 1
130 111 1
130 120 1
130 122 1
