# minsup
1
# graph
G_portein_file\Bcl-xl\1PQ0.pdb
# node ID, label
0 A
1 A
2 A
3 A
4 A
5 A
6 A
7 A
8 A
9 C
10 D
11 D
12 D
13 D
14 D
15 D
16 D
17 D
18 E
19 E
20 E
21 E
22 E
23 E
24 E
25 E
26 E
27 E
28 F
29 F
30 F
31 F
32 F
33 F
34 F
35 F
36 F
37 G
38 G
39 G
40 G
41 G
42 G
43 G
44 G
45 G
46 G
47 H
48 H
49 I
50 I
51 I
52 I
53 K
54 K
55 K
56 K
57 L
58 L
59 L
60 L
61 L
62 L
63 L
64 L
65 L
66 L
67 L
68 L
69 L
70 M
71 M
72 N
73 N
74 N
75 N
76 N
77 P
78 P
79 Q
80 Q
81 Q
82 Q
83 Q
84 Q
85 Q
86 R
87 R
88 R
89 R
90 R
91 R
92 S
93 S
94 S
95 S
96 S
97 S
98 S
99 S
100 S
101 S
102 S
103 T
104 T
105 T
106 T
107 T
108 V
109 V
110 V
111 V
112 V
113 V
114 V
115 V
116 V
117 V
118 V
119 V
120 W
121 W
122 W
123 W
124 W
125 Y
126 Y
127 Y
128 Y
129 Y
# node ID1, node ID2, number of bounds
1 0 1
2 0 1
2 1 1
3 2 1
5 3 1
8 7 1
9 6 1
9 7 1
10 0 1
10 7 1
11 3 1
14 9 1
15 8 1
16 1 1
17 1 1
17 2 1
17 16 1
18 7 1
18 8 1
18 10 1
19 2 1
19 3 1
19 11 1
20 3 1
20 11 1
20 19 1
21 3 1
21 5 1
21 11 1
21 19 1
21 20 1
22 4 1
23 13 1
23 22 1
24 6 1
24 9 1
24 14 1
25 14 1
25 24 1
26 15 1
27 26 1
28 7 1
28 10 1
28 18 1
28 19 1
29 3 1
29 5 1
29 11 1
29 19 1
29 20 1
29 21 1
30 5 1
30 6 1
30 12 1
31 4 1
31 22 1
32 13 1
32 23 1
33 5 1
33 6 1
33 32 1
34 3 1
34 5 1
34 6 1
34 28 1
34 33 1
35 5 1
35 6 1
35 9 1
35 30 1
35 33 1
35 34 1
36 1 1
36 2 1
36 3 1
36 16 1
36 17 1
38 2 1
38 3 1
38 5 1
38 11 1
38 19 1
38 20 1
38 21 1
38 28 1
38 29 1
38 33 1
38 34 1
38 35 1
39 4 1
40 13 1
40 23 1
40 32 1
41 3 1
41 5 1
41 29 1
41 33 1
41 38 1
42 5 1
42 6 1
42 7 1
42 9 1
42 24 1
42 28 1
42 30 1
42 33 1
42 34 1
42 35 1
43 5 1
43 6 1
43 7 1
43 9 1
43 24 1
43 28 1
43 33 1
43 34 1
43 35 1
43 38 1
43 42 1
44 16 1
44 17 1
44 27 1
44 36 1
45 16 1
45 26 1
45 27 1
45 36 1
45 44 1
46 1 1
46 2 1
46 3 1
46 16 1
46 17 1
46 19 1
46 36 1
47 12 1
47 24 1
47 31 1
48 15 1
48 22 1
48 26 1
48 32 1
48 40 1
49 4 1
49 9 1
49 24 1
49 31 1
49 39 1
49 47 1
50 3 1
50 5 1
50 26 1
50 32 1
50 33 1
50 34 1
50 35 1
50 38 1
50 41 1
51 7 1
51 8 1
51 9 1
51 31 1
51 42 1
51 43 1
51 49 1
52 16 1
52 26 1
52 27 1
52 36 1
52 44 1
52 45 1
52 48 1
52 50 1
53 6 1
53 9 1
53 10 1
53 11 1
53 28 1
53 37 1
53 38 1
53 42 1
53 43 1
54 37 1
54 53 1
55 0 1
55 1 1
55 2 1
55 3 1
55 10 1
55 18 1
55 19 1
55 28 1
55 46 1
56 9 1
56 14 1
56 24 1
56 25 1
56 49 1
57 0 1
57 7 1
57 8 1
57 10 1
57 18 1
57 28 1
57 34 1
57 55 1
58 6 1
58 7 1
58 9 1
58 10 1
58 18 1
58 28 1
58 34 1
58 35 1
58 42 1
58 43 1
58 51 1
58 53 1
58 57 1
59 6 1
59 9 1
59 28 1
59 37 1
59 43 1
59 53 1
59 54 1
59 58 1
60 0 1
60 1 1
60 2 1
60 3 1
60 10 1
60 11 1
60 19 1
60 20 1
60 28 1
60 34 1
60 36 1
60 38 1
60 46 1
60 50 1
60 55 1
60 57 1
61 11 1
61 20 1
61 21 1
61 29 1
61 38 1
62 12 1
62 23 1
62 30 1
62 31 1
62 35 1
62 47 1
63 12 1
63 22 1
63 31 1
63 47 1
63 49 1
63 62 1
64 5 1
64 13 1
64 23 1
64 32 1
64 33 1
64 35 1
64 40 1
64 50 1
64 62 1
65 6 1
65 9 1
65 14 1
65 24 1
65 30 1
65 34 1
65 35 1
65 42 1
65 43 1
65 47 1
65 49 1
65 51 1
65 58 1
65 62 1
65 63 1
66 7 1
66 9 1
66 25 1
66 39 1
66 49 1
66 51 1
66 65 1
67 8 1
67 15 1
67 26 1
67 33 1
67 34 1
67 48 1
67 50 1
67 52 1
68 8 1
68 15 1
68 26 1
68 32 1
68 33 1
68 40 1
68 48 1
68 50 1
68 52 1
68 67 1
69 2 1
69 3 1
69 16 1
69 17 1
69 36 1
69 46 1
70 9 1
70 14 1
70 24 1
70 25 1
70 49 1
70 56 1
70 66 1
71 7 1
71 8 1
71 15 1
71 22 1
71 31 1
71 33 1
71 34 1
71 35 1
71 42 1
71 51 1
71 57 1
71 67 1
72 7 1
72 8 1
72 10 1
72 18 1
72 26 1
72 57 1
72 67 1
72 71 1
73 13 1
73 22 1
73 23 1
73 31 1
73 32 1
73 33 1
73 40 1
73 48 1
73 64 1
74 5 1
74 13 1
74 32 1
74 40 1
74 41 1
74 50 1
74 52 1
74 64 1
74 68 1
75 8 1
75 15 1
75 26 1
75 48 1
75 52 1
75 67 1
75 68 1
75 71 1
75 72 1
76 16 1
76 26 1
76 27 1
76 36 1
76 44 1
76 45 1
76 52 1
76 74 1
77 4 1
77 39 1
77 49 1
77 66 1
77 70 1
78 15 1
78 26 1
78 27 1
78 45 1
78 48 1
78 52 1
78 67 1
78 68 1
78 75 1
78 76 1
79 37 1
79 53 1
79 54 1
79 58 1
79 59 1
80 0 1
80 1 1
80 2 1
80 3 1
80 10 1
80 19 1
80 28 1
80 46 1
80 55 1
80 57 1
80 60 1
81 12 1
81 31 1
81 47 1
81 49 1
81 62 1
81 63 1
82 4 1
82 22 1
82 31 1
83 22 1
83 23 1
83 31 1
83 63 1
83 64 1
83 73 1
83 81 1
83 82 1
84 9 1
84 14 1
84 24 1
84 25 1
84 56 1
84 66 1
84 70 1
84 77 1
85 16 1
85 26 1
85 27 1
85 44 1
85 45 1
85 52 1
85 68 1
85 76 1
85 78 1
86 7 1
86 8 1
86 10 1
86 18 1
86 57 1
86 67 1
86 71 1
86 72 1
86 75 1
87 1 1
87 2 1
87 3 1
87 10 1
87 11 1
87 19 1
87 20 1
87 28 1
87 34 1
87 38 1
87 46 1
87 53 1
87 55 1
87 57 1
87 58 1
87 60 1
87 80 1
88 11 1
88 20 1
88 21 1
88 29 1
88 61 1
89 13 1
89 23 1
89 32 1
89 40 1
89 64 1
89 73 1
90 5 1
90 13 1
90 32 1
90 33 1
90 34 1
90 40 1
90 41 1
90 50 1
90 64 1
90 68 1
90 74 1
91 4 1
91 7 1
91 8 1
91 9 1
91 51 1
91 66 1
91 71 1
91 77 1
91 84 1
92 7 1
92 9 1
92 10 1
92 28 1
92 43 1
92 53 1
92 57 1
92 58 1
92 59 1
92 79 1
93 37 1
93 53 1
93 54 1
93 58 1
93 59 1
93 79 1
93 92 1
94 37 1
94 53 1
94 54 1
94 59 1
94 79 1
94 84 1
94 92 1
94 93 1
95 59 1
95 84 1
95 92 1
95 94 1
96 6 1
96 12 1
96 30 1
96 35 1
96 62 1
96 65 1
96 81 1
97 12 1
97 30 1
97 47 1
97 49 1
97 62 1
97 63 1
97 81 1
97 96 1
98 4 1
98 22 1
98 31 1
98 47 1
98 49 1
98 63 1
98 81 1
98 82 1
98 83 1
99 3 1
99 5 1
99 6 1
99 9 1
99 11 1
99 21 1
99 28 1
99 29 1
99 30 1
99 33 1
99 34 1
99 35 1
99 38 1
99 42 1
99 43 1
99 50 1
99 53 1
99 58 1
99 60 1
99 65 1
99 87 1
99 90 1
100 6 1
100 9 1
100 14 1
100 24 1
100 25 1
100 43 1
100 47 1
100 49 1
100 51 1
100 56 1
100 65 1
100 66 1
100 70 1
100 77 1
100 84 1
101 7 1
101 9 1
101 51 1
101 58 1
101 66 1
101 71 1
101 84 1
101 91 1
101 95 1
102 7 1
102 8 1
102 51 1
102 66 1
102 67 1
102 71 1
102 72 1
102 86 1
102 91 1
102 101 1
103 6 1
103 12 1
103 24 1
103 30 1
103 31 1
103 35 1
103 42 1
103 47 1
103 49 1
103 62 1
103 63 1
103 65 1
103 81 1
103 96 1
103 97 1
104 4 1
104 39 1
104 47 1
104 49 1
104 56 1
104 63 1
104 66 1
104 70 1
104 77 1
104 100 1
105 4 1
105 31 1
105 39 1
105 47 1
105 49 1
105 63 1
105 66 1
105 77 1
105 82 1
105 98 1
105 104 1
106 7 1
106 8 1
106 15 1
106 22 1
106 48 1
106 51 1
106 67 1
106 68 1
106 71 1
106 72 1
106 75 1
106 86 1
106 102 1
107 16 1
107 17 1
107 36 1
107 44 1
107 45 1
107 46 1
107 52 1
107 69 1
107 76 1
107 85 1
108 7 1
108 8 1
108 10 1
108 18 1
108 28 1
108 34 1
108 42 1
108 43 1
108 51 1
108 55 1
108 57 1
108 58 1
108 60 1
108 67 1
108 71 1
108 72 1
108 86 1
108 92 1
108 102 1
109 7 1
109 8 1
109 10 1
109 18 1
109 28 1
109 43 1
109 51 1
109 53 1
109 55 1
109 57 1
109 58 1
109 71 1
109 72 1
109 86 1
109 92 1
109 101 1
109 102 1
109 108 1
110 0 1
110 1 1
110 2 1
110 16 1
110 17 1
110 19 1
110 36 1
110 46 1
110 55 1
110 57 1
110 60 1
110 80 1
110 87 1
110 107 1
111 12 1
111 22 1
111 23 1
111 31 1
111 32 1
111 62 1
111 63 1
111 64 1
111 73 1
111 81 1
111 82 1
111 83 1
111 97 1
111 98 1
111 103 1
112 5 1
112 22 1
112 23 1
112 31 1
112 32 1
112 33 1
112 35 1
112 42 1
112 62 1
112 63 1
112 64 1
112 71 1
112 73 1
112 83 1
112 89 1
112 98 1
112 103 1
112 111 1
113 13 1
113 26 1
113 32 1
113 40 1
113 41 1
113 48 1
113 50 1
113 52 1
113 64 1
113 68 1
113 73 1
113 74 1
113 78 1
113 89 1
113 90 1
114 3 1
114 5 1
114 11 1
114 19 1
114 20 1
114 21 1
114 29 1
114 33 1
114 34 1
114 35 1
114 38 1
114 41 1
114 42 1
114 50 1
114 60 1
114 74 1
114 87 1
114 90 1
114 99 1
115 6 1
115 9 1
115 14 1
115 24 1
115 25 1
115 35 1
115 37 1
115 42 1
115 43 1
115 53 1
115 54 1
115 56 1
115 58 1
115 59 1
115 65 1
115 70 1
115 84 1
115 94 1
115 100 1
116 9 1
116 14 1
116 24 1
116 25 1
116 56 1
116 59 1
116 65 1
116 66 1
116 70 1
116 84 1
116 94 1
116 100 1
116 115 1
117 9 1
117 25 1
117 51 1
117 66 1
117 70 1
117 77 1
117 84 1
117 91 1
117 100 1
117 101 1
117 104 1
117 116 1
118 7 1
118 9 1
118 24 1
118 42 1
118 43 1
118 51 1
118 58 1
118 65 1
118 66 1
118 70 1
118 84 1
118 91 1
118 92 1
118 95 1
118 100 1
118 101 1
118 102 1
118 109 1
118 115 1
118 116 1
118 117 1
119 1 1
119 2 1
119 3 1
119 16 1
119 17 1
119 36 1
119 44 1
119 45 1
119 46 1
119 55 1
119 60 1
119 69 1
119 80 1
119 107 1
119 110 1
120 10 1
120 37 1
120 53 1
120 58 1
120 59 1
120 84 1
120 92 1
120 93 1
120 94 1
120 95 1
120 101 1
120 109 1
120 118 1
121 3 1
121 5 1
121 33 1
121 36 1
121 41 1
121 50 1
121 52 1
121 68 1
121 69 1
121 74 1
121 76 1
121 90 1
121 107 1
121 113 1
121 114 1
122 4 1
122 7 1
122 8 1
122 22 1
122 31 1
122 42 1
122 51 1
122 67 1
122 71 1
122 75 1
122 82 1
122 86 1
122 91 1
122 101 1
122 102 1
122 106 1
122 108 1
123 26 1
123 27 1
123 40 1
123 44 1
123 45 1
123 48 1
123 52 1
123 68 1
123 74 1
123 76 1
123 78 1
123 85 1
123 113 1
123 121 1
124 1 1
124 2 1
124 16 1
124 17 1
124 26 1
124 36 1
124 44 1
124 45 1
124 52 1
124 55 1
124 69 1
124 76 1
124 85 1
124 107 1
124 110 1
124 119 1
125 10 1
125 28 1
125 43 1
125 53 1
125 54 1
125 55 1
125 58 1
125 59 1
125 79 1
125 80 1
125 87 1
125 92 1
125 93 1
125 94 1
125 108 1
125 109 1
125 120 1
126 9 1
126 14 1
126 37 1
126 53 1
126 54 1
126 59 1
126 79 1
126 92 1
126 93 1
126 94 1
126 95 1
126 115 1
126 116 1
126 120 1
126 125 1
127 4 1
127 22 1
127 31 1
127 39 1
127 51 1
127 71 1
127 82 1
127 83 1
127 91 1
127 98 1
127 102 1
127 105 1
127 106 1
127 111 1
127 122 1
128 7 1
128 8 1
128 15 1
128 22 1
128 26 1
128 31 1
128 33 1
128 48 1
128 67 1
128 68 1
128 71 1
128 72 1
128 73 1
128 75 1
128 102 1
128 106 1
128 112 1
128 122 1
128 127 1
129 1 1
129 2 1
129 3 1
129 16 1
129 17 1
129 19 1
129 20 1
129 36 1
129 38 1
129 46 1
129 60 1
129 69 1
129 80 1
129 87 1
129 107 1
129 110 1
129 119 1
129 121 1
