# minsup
1
# graph
G_portein_file\Bcl-xl\1PQ1.pdb
# node ID, label
0 A
1 A
2 A
3 A
4 A
5 A
6 A
7 A
8 A
9 A
10 A
11 A
12 C
13 D
14 D
15 D
16 D
17 D
18 D
19 D
20 D
21 D
22 D
23 D
24 E
25 E
26 E
27 E
28 E
29 E
30 E
31 E
32 E
33 E
34 E
35 E
36 E
37 E
38 E
39 F
40 F
41 F
42 F
43 F
44 F
45 F
46 F
47 F
48 F
49 F
50 F
51 G
52 G
53 G
54 G
55 G
56 G
57 G
58 G
59 G
60 G
61 G
62 H
63 H
64 I
65 I
66 I
67 I
68 I
69 I
70 I
71 I
72 K
73 K
74 K
75 K
76 L
77 L
78 L
79 L
80 L
81 L
82 L
83 L
84 L
85 L
86 L
87 L
88 L
89 L
90 L
91 M
92 M
93 M
94 M
95 N
96 N
97 N
98 N
99 N
100 N
101 N
102 P
103 P
104 P
105 P
106 Q
107 Q
108 Q
109 Q
110 Q
111 Q
112 Q
113 Q
114 Q
115 Q
116 R
117 R
118 R
119 R
120 R
121 R
122 R
123 R
124 R
125 R
126 R
127 R
128 R
129 R
130 R
131 R
132 S
133 S
134 S
135 S
136 S
137 S
138 S
139 S
140 S
141 S
142 S
143 S
144 S
145 S
146 T
147 T
148 T
149 T
150 T
151 T
152 T
153 V
154 V
155 V
156 V
157 V
158 V
159 V
160 V
161 V
162 V
163 V
164 V
165 V
166 V
167 W
168 W
169 W
170 W
171 W
172 Y
173 Y
174 Y
175 Y
176 Y
177 Y
178 Y
179 Y
# node ID1, node ID2, number of bounds
1 0 1
2 0 1
2 1 1
3 2 1
6 3 1
7 4 1
9 8 1
10 6 1
12 7 1
12 8 1
13 0 1
14 2 1
14 3 1
15 4 1
15 7 1
17 12 1
18 9 1
19 1 1
20 2 1
20 19 1
22 6 1
23 11 1
24 0 1
24 8 1
24 9 1
24 13 1
25 19 1
25 20 1
26 2 1
26 3 1
26 14 1
27 3 1
27 14 1
27 26 1
28 3 1
28 4 1
28 6 1
28 7 1
28 14 1
28 26 1
28 27 1
29 5 1
30 10 1
30 16 1
30 29 1
31 7 1
31 12 1
31 15 1
31 17 1
32 17 1
32 31 1
33 18 1
34 33 1
35 10 1
35 29 1
35 30 1
36 4 1
36 6 1
36 10 1
36 22 1
37 22 1
38 22 1
38 37 1
39 8 1
39 13 1
39 24 1
40 8 1
41 3 1
41 6 1
41 14 1
41 26 1
41 27 1
41 28 1
42 4 1
42 7 1
42 15 1
42 28 1
42 31 1
42 36 1
43 5 1
43 10 1
43 29 1
43 35 1
44 10 1
44 16 1
44 30 1
45 6 1
45 7 1
45 10 1
45 44 1
46 3 1
46 6 1
46 7 1
46 39 1
46 45 1
47 4 1
47 6 1
47 7 1
47 10 1
47 12 1
47 28 1
47 42 1
47 43 1
47 45 1
47 46 1
48 2 1
48 19 1
48 20 1
49 3 1
49 6 1
49 22 1
49 27 1
49 37 1
49 38 1
49 41 1
50 11 1
50 23 1
52 2 1
52 3 1
52 6 1
52 14 1
52 26 1
52 27 1
52 28 1
52 39 1
52 41 1
52 45 1
52 46 1
52 47 1
53 5 1
54 16 1
54 30 1
54 44 1
55 3 1
55 6 1
55 22 1
55 37 1
55 38 1
55 41 1
55 45 1
55 46 1
55 48 1
55 49 1
55 52 1
56 6 1
56 7 1
56 8 1
56 12 1
56 31 1
56 39 1
56 43 1
56 45 1
56 46 1
56 47 1
57 6 1
57 7 1
57 8 1
57 12 1
57 31 1
57 39 1
57 42 1
57 45 1
57 46 1
57 47 1
57 52 1
57 56 1
58 19 1
58 20 1
58 25 1
58 34 1
58 48 1
59 19 1
59 25 1
59 33 1
59 34 1
59 48 1
59 58 1
60 1 1
60 2 1
60 3 1
60 19 1
60 20 1
60 26 1
60 48 1
61 6 1
61 22 1
61 36 1
61 37 1
61 38 1
61 41 1
61 45 1
61 49 1
61 55 1
62 5 1
62 15 1
62 35 1
63 9 1
63 18 1
63 33 1
63 44 1
64 0 1
64 1 1
64 19 1
64 20 1
64 25 1
65 5 1
65 31 1
65 43 1
65 53 1
65 62 1
66 6 1
66 22 1
66 44 1
66 45 1
66 46 1
66 47 1
66 55 1
66 61 1
67 5 1
67 8 1
67 9 1
67 12 1
67 43 1
67 56 1
67 57 1
68 19 1
68 33 1
68 34 1
68 48 1
68 58 1
68 59 1
68 63 1
68 66 1
69 10 1
69 21 1
69 30 1
69 35 1
69 36 1
70 4 1
70 10 1
70 30 1
70 35 1
70 36 1
70 42 1
70 47 1
70 69 1
71 4 1
71 6 1
71 22 1
71 36 1
71 37 1
71 38 1
71 41 1
71 49 1
71 55 1
71 61 1
72 7 1
72 12 1
72 13 1
72 14 1
72 39 1
72 51 1
72 52 1
72 56 1
72 57 1
73 17 1
73 31 1
73 51 1
73 72 1
74 0 1
74 1 1
74 2 1
74 3 1
74 13 1
74 24 1
74 26 1
74 39 1
75 17 1
75 31 1
75 32 1
75 65 1
76 0 1
76 8 1
76 9 1
76 13 1
76 24 1
76 39 1
76 46 1
76 74 1
77 7 1
77 8 1
77 12 1
77 13 1
77 39 1
77 46 1
77 56 1
77 57 1
77 67 1
77 72 1
77 76 1
78 7 1
78 12 1
78 13 1
78 31 1
78 39 1
78 51 1
78 57 1
78 72 1
78 73 1
78 77 1
79 0 1
79 1 1
79 2 1
79 3 1
79 13 1
79 14 1
79 26 1
79 27 1
79 39 1
79 46 1
79 48 1
79 52 1
79 60 1
79 66 1
79 74 1
79 76 1
80 3 1
80 14 1
80 27 1
80 28 1
80 41 1
80 52 1
81 4 1
81 7 1
81 15 1
81 31 1
81 35 1
81 42 1
81 47 1
81 62 1
81 65 1
81 70 1
82 5 1
82 15 1
82 35 1
82 43 1
82 62 1
82 65 1
82 69 1
82 70 1
82 81 1
83 6 1
83 10 1
83 16 1
83 29 1
83 30 1
83 35 1
83 36 1
83 44 1
83 45 1
83 54 1
83 61 1
83 66 1
83 69 1
83 70 1
84 5 1
84 7 1
84 12 1
84 15 1
84 17 1
84 31 1
84 42 1
84 43 1
84 46 1
84 47 1
84 56 1
84 57 1
84 65 1
84 67 1
84 77 1
84 81 1
84 82 1
85 5 1
85 8 1
85 12 1
85 32 1
85 65 1
85 67 1
85 84 1
86 9 1
86 18 1
86 33 1
86 45 1
86 46 1
86 63 1
86 66 1
86 68 1
87 9 1
87 18 1
87 33 1
87 44 1
87 63 1
87 66 1
87 68 1
87 86 1
88 2 1
88 19 1
88 20 1
88 48 1
88 60 1
89 21 1
89 35 1
89 69 1
89 70 1
90 4 1
90 6 1
90 10 1
90 22 1
90 30 1
90 36 1
90 37 1
90 42 1
90 44 1
90 45 1
90 47 1
90 55 1
90 61 1
90 66 1
90 69 1
90 70 1
90 71 1
90 83 1
91 9 1
91 18 1
91 33 1
91 63 1
91 86 1
91 87 1
92 0 1
92 1 1
92 2 1
92 19 1
92 24 1
92 64 1
92 74 1
92 76 1
93 12 1
93 17 1
93 31 1
93 32 1
93 65 1
93 75 1
93 85 1
94 8 1
94 9 1
94 18 1
94 29 1
94 43 1
94 45 1
94 46 1
94 56 1
94 57 1
94 67 1
94 76 1
94 86 1
95 9 1
95 13 1
95 24 1
95 33 1
95 76 1
95 86 1
95 87 1
95 91 1
95 92 1
95 94 1
96 10 1
96 16 1
96 29 1
96 30 1
96 35 1
96 43 1
96 44 1
96 63 1
96 69 1
96 83 1
97 22 1
97 38 1
97 44 1
97 48 1
97 54 1
97 55 1
97 61 1
97 66 1
97 68 1
97 87 1
98 9 1
98 18 1
98 33 1
98 63 1
98 68 1
98 86 1
98 87 1
98 91 1
98 94 1
98 95 1
99 19 1
99 33 1
99 34 1
99 48 1
99 58 1
99 59 1
99 68 1
99 97 1
100 6 1
100 22 1
100 37 1
100 38 1
100 49 1
100 55 1
100 61 1
100 66 1
100 71 1
100 88 1
100 97 1
101 11 1
101 23 1
101 50 1
102 0 1
102 1 1
102 19 1
102 64 1
102 74 1
102 92 1
103 5 1
103 53 1
103 65 1
103 85 1
103 93 1
104 18 1
104 33 1
104 34 1
104 59 1
104 63 1
104 68 1
104 86 1
104 87 1
104 91 1
104 98 1
104 99 1
105 10 1
105 21 1
105 35 1
105 62 1
105 69 1
105 70 1
105 81 1
105 82 1
105 89 1
106 9 1
106 24 1
106 76 1
106 91 1
106 95 1
106 98 1
107 51 1
107 72 1
107 73 1
107 77 1
107 78 1
108 8 1
108 13 1
108 24 1
108 40 1
108 77 1
109 0 1
109 1 1
109 2 1
109 3 1
109 13 1
109 26 1
109 39 1
109 52 1
109 60 1
109 74 1
109 76 1
109 79 1
109 92 1
110 15 1
110 35 1
110 42 1
110 62 1
110 65 1
110 70 1
110 81 1
110 82 1
110 105 1
111 5 1
111 29 1
111 35 1
111 43 1
111 53 1
111 65 1
112 10 1
112 29 1
112 30 1
112 35 1
112 43 1
112 69 1
112 70 1
112 83 1
112 96 1
112 105 1
112 111 1
113 12 1
113 17 1
113 31 1
113 32 1
113 75 1
113 85 1
113 93 1
113 103 1
114 19 1
114 33 1
114 34 1
114 58 1
114 59 1
114 68 1
114 87 1
114 91 1
114 99 1
114 104 1
115 10 1
115 30 1
115 35 1
115 36 1
115 44 1
115 61 1
115 69 1
115 70 1
115 71 1
115 83 1
115 89 1
115 90 1
115 105 1
116 8 1
116 9 1
116 13 1
116 24 1
116 39 1
116 76 1
116 86 1
116 91 1
116 94 1
116 95 1
116 98 1
116 106 1
117 19 1
117 20 1
117 25 1
117 64 1
118 1 1
118 2 1
118 3 1
118 13 1
118 14 1
118 26 1
118 27 1
118 39 1
118 41 1
118 46 1
118 52 1
118 72 1
118 74 1
118 76 1
118 77 1
118 79 1
118 109 1
119 4 1
119 14 1
119 27 1
119 28 1
119 41 1
119 49 1
119 52 1
119 71 1
119 80 1
120 4 1
120 7 1
120 14 1
120 27 1
120 28 1
120 41 1
120 42 1
120 80 1
120 119 1
121 4 1
121 15 1
121 28 1
121 42 1
121 80 1
121 119 1
121 120 1
122 10 1
122 16 1
122 30 1
122 44 1
122 54 1
122 83 1
122 96 1
122 115 1
123 6 1
123 22 1
123 37 1
123 44 1
123 45 1
123 46 1
123 49 1
123 54 1
123 55 1
123 61 1
123 66 1
123 71 1
123 83 1
123 90 1
123 97 1
123 100 1
124 5 1
124 8 1
124 9 1
124 12 1
124 67 1
124 85 1
124 94 1
124 103 1
124 113 1
125 10 1
125 21 1
125 35 1
125 69 1
125 70 1
125 82 1
125 89 1
125 105 1
125 110 1
126 10 1
126 21 1
126 30 1
126 35 1
126 36 1
126 69 1
126 70 1
126 82 1
126 89 1
126 90 1
126 105 1
126 110 1
126 115 1
126 125 1
127 6 1
127 10 1
127 16 1
127 22 1
127 30 1
127 36 1
127 37 1
127 44 1
127 45 1
127 49 1
127 54 1
127 55 1
127 61 1
127 66 1
127 70 1
127 71 1
127 83 1
127 90 1
127 97 1
127 115 1
127 122 1
127 123 1
127 126 1
128 6 1
128 10 1
128 22 1
128 36 1
128 37 1
128 49 1
128 55 1
128 61 1
128 70 1
128 71 1
128 83 1
128 90 1
128 100 1
128 115 1
128 123 1
128 127 1
129 11 1
129 38 1
129 49 1
129 50 1
129 100 1
129 101 1
130 11 1
130 23 1
130 38 1
130 50 1
130 88 1
130 101 1
130 129 1
131 23 1
131 101 1
132 24 1
132 33 1
132 91 1
132 95 1
132 98 1
132 106 1
132 116 1
133 9 1
133 24 1
133 74 1
133 76 1
133 86 1
133 91 1
133 92 1
133 95 1
133 98 1
133 106 1
133 116 1
133 132 1
134 8 1
134 12 1
134 13 1
134 39 1
134 57 1
134 72 1
134 76 1
134 77 1
134 78 1
134 107 1
134 108 1
135 39 1
135 51 1
135 72 1
135 73 1
135 77 1
135 78 1
135 107 1
135 134 1
136 51 1
136 72 1
136 73 1
136 78 1
136 107 1
136 108 1
136 134 1
136 135 1
137 40 1
137 108 1
137 134 1
137 136 1
138 8 1
138 40 1
138 108 1
138 124 1
138 137 1
139 4 1
139 7 1
139 15 1
139 31 1
139 42 1
139 81 1
139 84 1
139 110 1
139 120 1
139 121 1
140 15 1
140 31 1
140 62 1
140 65 1
140 75 1
140 81 1
140 82 1
140 105 1
140 110 1
140 139 1
141 5 1
141 29 1
141 35 1
141 43 1
141 53 1
141 62 1
141 65 1
141 69 1
141 82 1
141 96 1
141 105 1
141 111 1
141 112 1
142 3 1
142 6 1
142 7 1
142 12 1
142 14 1
142 28 1
142 39 1
142 41 1
142 42 1
142 45 1
142 46 1
142 47 1
142 52 1
142 56 1
142 57 1
142 66 1
142 72 1
142 77 1
142 79 1
142 84 1
142 90 1
142 118 1
142 120 1
142 123 1
143 5 1
143 7 1
143 12 1
143 15 1
143 17 1
143 31 1
143 32 1
143 57 1
143 65 1
143 67 1
143 75 1
143 81 1
143 84 1
143 85 1
143 93 1
143 103 1
143 113 1
143 140 1
144 8 1
144 12 1
144 40 1
144 67 1
144 77 1
144 85 1
144 94 1
144 108 1
144 113 1
144 124 1
144 137 1
144 138 1
145 8 1
145 9 1
145 67 1
145 85 1
145 86 1
145 94 1
145 116 1
145 124 1
145 138 1
145 144 1
146 5 1
146 7 1
146 12 1
146 15 1
146 17 1
146 31 1
146 42 1
146 62 1
146 65 1
146 75 1
146 81 1
146 82 1
146 84 1
146 110 1
146 139 1
146 140 1
146 141 1
146 143 1
147 5 1
147 53 1
147 62 1
147 65 1
147 75 1
147 82 1
147 85 1
147 93 1
147 103 1
147 140 1
147 141 1
147 143 1
147 146 1
148 5 1
148 43 1
148 53 1
148 62 1
148 65 1
148 82 1
148 103 1
148 111 1
148 141 1
148 147 1
149 8 1
149 9 1
149 18 1
149 33 1
149 63 1
149 67 1
149 86 1
149 87 1
149 91 1
149 94 1
149 95 1
149 98 1
149 116 1
149 145 1
150 19 1
150 20 1
150 25 1
150 48 1
150 58 1
150 59 1
150 60 1
150 64 1
150 68 1
150 88 1
150 99 1
150 114 1
150 117 1
151 22 1
151 37 1
151 38 1
151 49 1
151 55 1
151 61 1
151 100 1
151 129 1
151 130 1
152 11 1
152 37 1
152 38 1
152 49 1
152 50 1
152 55 1
152 88 1
152 100 1
152 129 1
152 130 1
152 151 1
153 8 1
153 9 1
153 13 1
153 24 1
153 39 1
153 46 1
153 56 1
153 57 1
153 67 1
153 74 1
153 76 1
153 77 1
153 79 1
153 86 1
153 94 1
153 95 1
153 108 1
153 116 1
153 133 1
153 134 1
153 145 1
154 8 1
154 9 1
154 13 1
154 24 1
154 39 1
154 40 1
154 57 1
154 74 1
154 76 1
154 77 1
154 94 1
154 95 1
154 108 1
154 116 1
154 134 1
154 137 1
154 144 1
154 145 1
154 153 1
155 19 1
155 25 1
155 59 1
155 64 1
155 92 1
155 102 1
155 117 1
155 150 1
156 0 1
156 1 1
156 2 1
156 19 1
156 20 1
156 26 1
156 48 1
156 60 1
156 64 1
156 74 1
156 76 1
156 79 1
156 92 1
156 102 1
156 109 1
156 118 1
156 133 1
156 150 1
157 10 1
157 29 1
157 30 1
157 35 1
157 43 1
157 44 1
157 45 1
157 47 1
157 69 1
157 70 1
157 82 1
157 83 1
157 90 1
157 96 1
157 105 1
157 111 1
157 112 1
157 115 1
157 122 1
157 126 1
157 127 1
157 141 1
158 6 1
158 10 1
158 29 1
158 30 1
158 35 1
158 43 1
158 44 1
158 45 1
158 47 1
158 56 1
158 66 1
158 69 1
158 70 1
158 83 1
158 90 1
158 94 1
158 96 1
158 112 1
158 115 1
158 122 1
158 123 1
158 127 1
158 141 1
158 157 1
159 16 1
159 22 1
159 44 1
159 54 1
159 55 1
159 61 1
159 63 1
159 66 1
159 68 1
159 83 1
159 87 1
159 97 1
159 122 1
159 123 1
159 127 1
160 3 1
160 6 1
160 14 1
160 22 1
160 28 1
160 41 1
160 45 1
160 46 1
160 47 1
160 49 1
160 52 1
160 55 1
160 56 1
160 61 1
160 66 1
160 79 1
160 90 1
160 97 1
160 100 1
160 118 1
160 123 1
160 142 1
161 7 1
161 12 1
161 17 1
161 31 1
161 47 1
161 51 1
161 56 1
161 57 1
161 72 1
161 73 1
161 75 1
161 77 1
161 78 1
161 84 1
161 85 1
161 93 1
161 107 1
161 113 1
161 134 1
161 135 1
161 143 1
161 146 1
162 7 1
162 12 1
162 17 1
162 31 1
162 32 1
162 73 1
162 75 1
162 78 1
162 84 1
162 85 1
162 93 1
162 113 1
162 143 1
162 161 1
163 12 1
163 32 1
163 67 1
163 85 1
163 93 1
163 103 1
163 113 1
163 124 1
163 143 1
163 144 1
163 162 1
164 8 1
164 12 1
164 31 1
164 40 1
164 56 1
164 57 1
164 67 1
164 77 1
164 78 1
164 84 1
164 85 1
164 93 1
164 108 1
164 113 1
164 124 1
164 134 1
164 137 1
164 138 1
164 143 1
164 144 1
164 145 1
164 154 1
164 161 1
164 162 1
164 163 1
165 1 1
165 2 1
165 3 1
165 19 1
165 20 1
165 48 1
165 58 1
165 59 1
165 60 1
165 64 1
165 74 1
165 79 1
165 88 1
165 109 1
165 150 1
165 156 1
166 11 1
166 20 1
166 23 1
166 50 1
166 88 1
166 101 1
166 129 1
166 130 1
166 151 1
166 152 1
167 40 1
167 77 1
167 78 1
167 108 1
167 113 1
167 134 1
167 135 1
167 136 1
167 137 1
167 144 1
167 154 1
167 164 1
168 6 1
168 22 1
168 38 1
168 45 1
168 48 1
168 49 1
168 55 1
168 61 1
168 66 1
168 68 1
168 88 1
168 97 1
168 99 1
168 100 1
168 123 1
168 150 1
168 152 1
168 159 1
168 160 1
169 8 1
169 9 1
169 29 1
169 43 1
169 56 1
169 67 1
169 86 1
169 94 1
169 98 1
169 116 1
169 124 1
169 144 1
169 145 1
169 149 1
169 153 1
169 164 1
170 33 1
170 34 1
170 54 1
170 58 1
170 59 1
170 63 1
170 68 1
170 86 1
170 87 1
170 97 1
170 99 1
170 104 1
170 114 1
170 159 1
170 168 1
171 1 1
171 2 1
171 19 1
171 20 1
171 33 1
171 48 1
171 58 1
171 59 1
171 64 1
171 68 1
171 74 1
171 79 1
171 88 1
171 92 1
171 95 1
171 99 1
171 102 1
171 114 1
171 133 1
171 150 1
171 155 1
171 156 1
171 165 1
171 168 1
172 13 1
172 39 1
172 51 1
172 57 1
172 72 1
172 73 1
172 74 1
172 77 1
172 78 1
172 107 1
172 118 1
172 134 1
172 135 1
172 136 1
172 153 1
172 154 1
172 167 1
173 17 1
173 51 1
173 72 1
173 73 1
173 78 1
173 107 1
173 134 1
173 135 1
173 136 1
173 161 1
173 162 1
173 167 1
173 172 1
174 4 1
174 6 1
174 14 1
174 27 1
174 28 1
174 41 1
174 42 1
174 49 1
174 61 1
174 71 1
174 80 1
174 90 1
174 119 1
174 120 1
174 121 1
174 139 1
175 5 1
175 29 1
175 43 1
175 53 1
175 65 1
175 67 1
175 85 1
175 103 1
175 111 1
175 112 1
175 124 1
175 141 1
175 147 1
175 148 1
175 169 1
176 8 1
176 9 1
176 18 1
176 29 1
176 33 1
176 63 1
176 86 1
176 87 1
176 91 1
176 94 1
176 95 1
176 96 1
176 98 1
176 145 1
176 149 1
176 158 1
176 169 1
177 2 1
177 3 1
177 20 1
177 26 1
177 48 1
177 55 1
177 60 1
177 79 1
177 88 1
177 100 1
177 130 1
177 150 1
177 152 1
177 156 1
177 165 1
177 166 1
177 168 1
178 11 1
178 37 1
178 38 1
178 49 1
178 50 1
178 55 1
178 60 1
178 88 1
178 100 1
178 129 1
178 130 1
178 151 1
178 152 1
178 166 1
178 168 1
178 177 1
179 11 1
179 23 1
179 50 1
179 101 1
179 131 1
179 166 1
