# minsup
1
# graph
G_portein_file\Bcl-xl\1R2D.pdb
# node ID, label
0 A
1 A
2 A
3 A
4 A
5 A
6 A
7 A
8 A
9 A
10 C
11 D
12 D
13 D
14 D
15 D
16 D
17 E
18 E
19 E
20 E
21 E
22 E
23 E
24 E
25 E
26 E
27 E
28 F
29 F
30 F
31 F
32 F
33 F
34 F
35 F
36 G
37 G
38 G
39 G
40 G
41 G
42 G
43 G
44 G
45 G
46 H
47 I
48 I
49 I
50 K
51 K
52 K
53 K
54 L
55 L
56 L
57 L
58 L
59 L
60 L
61 L
62 L
63 L
64 L
65 M
66 M
67 N
68 N
69 N
70 N
71 P
72 Q
73 Q
74 Q
75 Q
76 Q
77 Q
78 R
79 R
80 R
81 R
82 R
83 S
84 S
85 S
86 S
87 S
88 S
89 S
90 S
91 T
92 T
93 T
94 V
95 V
96 V
97 V
98 V
99 V
100 V
101 V
102 V
103 V
104 V
105 V
106 W
107 W
108 W
109 W
110 W
111 Y
112 Y
113 Y
114 Y
115 Y
# node ID1, node ID2, number of bounds
1 0 1
2 0 1
2 1 1
3 2 1
5 3 1
8 7 1
9 7 1
9 8 1
10 6 1
10 7 1
11 7 1
12 3 1
14 10 1
15 9 1
16 1 1
17 7 1
17 9 1
17 11 1
18 2 1
18 3 1
18 12 1
19 3 1
19 12 1
19 18 1
20 3 1
20 5 1
20 12 1
20 18 1
20 19 1
21 4 1
22 13 1
22 21 1
23 6 1
23 10 1
23 14 1
24 14 1
24 23 1
25 15 1
26 25 1
27 1 1
27 2 1
27 16 1
28 7 1
28 11 1
28 17 1
28 18 1
29 3 1
29 5 1
29 12 1
29 18 1
29 19 1
29 20 1
30 4 1
30 21 1
31 5 1
31 13 1
31 22 1
32 5 1
32 6 1
32 31 1
33 3 1
33 5 1
33 6 1
33 7 1
33 28 1
33 32 1
34 5 1
34 6 1
34 10 1
34 20 1
34 32 1
34 33 1
35 1 1
35 2 1
35 3 1
35 16 1
35 27 1
37 2 1
37 3 1
37 5 1
37 12 1
37 18 1
37 19 1
37 20 1
37 28 1
37 29 1
37 32 1
37 33 1
37 34 1
38 4 1
39 13 1
39 22 1
39 31 1
40 3 1
40 5 1
40 29 1
40 32 1
40 37 1
41 5 1
41 6 1
41 7 1
41 10 1
41 23 1
41 28 1
41 30 1
41 32 1
41 33 1
41 34 1
42 5 1
42 6 1
42 7 1
42 10 1
42 23 1
42 28 1
42 32 1
42 33 1
42 34 1
42 37 1
42 41 1
43 16 1
43 26 1
43 27 1
43 35 1
44 16 1
44 25 1
44 26 1
44 35 1
44 43 1
45 1 1
45 2 1
45 3 1
45 16 1
45 18 1
45 27 1
45 35 1
46 15 1
46 21 1
46 25 1
46 31 1
46 39 1
47 5 1
47 31 1
47 32 1
47 33 1
47 34 1
47 37 1
47 40 1
48 7 1
48 8 1
48 9 1
48 10 1
48 30 1
48 41 1
48 42 1
49 16 1
49 25 1
49 26 1
49 35 1
49 43 1
49 44 1
49 46 1
49 47 1
50 6 1
50 10 1
50 11 1
50 12 1
50 28 1
50 33 1
50 36 1
50 37 1
50 41 1
50 42 1
51 36 1
51 50 1
52 0 1
52 1 1
52 2 1
52 3 1
52 11 1
52 17 1
52 18 1
52 28 1
52 45 1
53 10 1
53 14 1
53 23 1
53 24 1
54 0 1
54 7 1
54 9 1
54 11 1
54 17 1
54 28 1
54 33 1
54 52 1
55 6 1
55 7 1
55 10 1
55 11 1
55 17 1
55 28 1
55 33 1
55 34 1
55 41 1
55 42 1
55 48 1
55 50 1
55 54 1
56 6 1
56 10 1
56 11 1
56 28 1
56 36 1
56 42 1
56 50 1
56 51 1
56 55 1
57 1 1
57 2 1
57 3 1
57 11 1
57 12 1
57 18 1
57 19 1
57 28 1
57 33 1
57 35 1
57 37 1
57 45 1
57 47 1
57 52 1
57 54 1
58 3 1
58 12 1
58 19 1
58 20 1
58 29 1
58 37 1
59 5 1
59 13 1
59 22 1
59 31 1
59 32 1
59 34 1
59 39 1
59 47 1
60 6 1
60 10 1
60 14 1
60 23 1
60 33 1
60 34 1
60 41 1
60 42 1
60 48 1
60 55 1
61 7 1
61 8 1
61 10 1
61 23 1
61 24 1
61 38 1
61 48 1
61 60 1
62 8 1
62 9 1
62 15 1
62 25 1
62 32 1
62 33 1
62 46 1
62 47 1
62 49 1
63 9 1
63 15 1
63 25 1
63 31 1
63 32 1
63 39 1
63 46 1
63 47 1
63 49 1
63 62 1
64 2 1
64 3 1
64 16 1
64 27 1
64 35 1
64 45 1
65 10 1
65 14 1
65 23 1
65 24 1
65 53 1
65 61 1
66 7 1
66 8 1
66 9 1
66 15 1
66 21 1
66 30 1
66 32 1
66 33 1
66 34 1
66 41 1
66 48 1
66 62 1
67 13 1
67 21 1
67 22 1
67 30 1
67 31 1
67 32 1
67 39 1
67 46 1
67 59 1
68 5 1
68 13 1
68 31 1
68 39 1
68 40 1
68 47 1
68 49 1
68 63 1
69 9 1
69 15 1
69 25 1
69 46 1
69 49 1
69 62 1
69 63 1
69 66 1
70 16 1
70 25 1
70 26 1
70 35 1
70 43 1
70 44 1
70 49 1
70 68 1
71 15 1
71 25 1
71 26 1
71 44 1
71 46 1
71 49 1
71 62 1
71 63 1
71 69 1
71 70 1
72 12 1
72 36 1
72 50 1
72 51 1
72 55 1
72 56 1
73 0 1
73 1 1
73 2 1
73 3 1
73 11 1
73 18 1
73 28 1
73 37 1
73 45 1
73 52 1
73 54 1
73 57 1
74 4 1
74 21 1
74 30 1
75 21 1
75 22 1
75 30 1
75 59 1
75 67 1
75 74 1
76 10 1
76 14 1
76 23 1
76 24 1
76 53 1
76 61 1
76 65 1
77 16 1
77 25 1
77 26 1
77 43 1
77 44 1
77 49 1
77 63 1
77 70 1
77 71 1
78 7 1
78 8 1
78 9 1
78 11 1
78 17 1
78 54 1
78 62 1
78 66 1
78 69 1
79 1 1
79 2 1
79 3 1
79 11 1
79 12 1
79 18 1
79 19 1
79 28 1
79 33 1
79 37 1
79 45 1
79 50 1
79 52 1
79 54 1
79 55 1
79 57 1
79 73 1
80 13 1
80 22 1
80 31 1
80 39 1
80 59 1
80 67 1
81 5 1
81 13 1
81 29 1
81 31 1
81 32 1
81 33 1
81 39 1
81 40 1
81 47 1
81 59 1
81 63 1
81 68 1
82 4 1
82 7 1
82 8 1
82 9 1
82 10 1
82 48 1
82 61 1
82 66 1
82 76 1
83 7 1
83 10 1
83 11 1
83 28 1
83 42 1
83 50 1
83 51 1
83 54 1
83 55 1
83 56 1
83 72 1
84 28 1
84 36 1
84 50 1
84 51 1
84 55 1
84 56 1
84 72 1
84 83 1
85 36 1
85 50 1
85 51 1
85 56 1
85 72 1
85 76 1
85 83 1
85 84 1
86 56 1
86 76 1
86 83 1
86 84 1
86 85 1
87 4 1
87 21 1
87 30 1
87 67 1
87 74 1
87 75 1
88 3 1
88 5 1
88 6 1
88 10 1
88 12 1
88 20 1
88 28 1
88 29 1
88 32 1
88 33 1
88 34 1
88 37 1
88 41 1
88 42 1
88 47 1
88 50 1
88 55 1
88 57 1
88 60 1
88 79 1
88 81 1
89 6 1
89 10 1
89 14 1
89 23 1
89 24 1
89 42 1
89 48 1
89 53 1
89 60 1
89 61 1
89 65 1
89 76 1
90 7 1
90 8 1
90 10 1
90 48 1
90 55 1
90 61 1
90 66 1
90 76 1
90 82 1
90 86 1
91 4 1
91 30 1
91 38 1
91 61 1
91 74 1
91 87 1
92 7 1
92 8 1
92 9 1
92 15 1
92 21 1
92 46 1
92 48 1
92 62 1
92 63 1
92 66 1
92 69 1
92 78 1
93 16 1
93 27 1
93 35 1
93 43 1
93 44 1
93 45 1
93 49 1
93 64 1
93 70 1
93 77 1
94 7 1
94 8 1
94 9 1
94 11 1
94 17 1
94 28 1
94 33 1
94 41 1
94 42 1
94 48 1
94 52 1
94 54 1
94 55 1
94 57 1
94 62 1
94 66 1
94 78 1
94 83 1
95 7 1
95 8 1
95 9 1
95 11 1
95 17 1
95 28 1
95 42 1
95 48 1
95 50 1
95 52 1
95 54 1
95 55 1
95 66 1
95 78 1
95 83 1
95 90 1
95 94 1
96 0 1
96 1 1
96 2 1
96 16 1
96 27 1
96 35 1
96 45 1
96 52 1
96 54 1
96 57 1
96 73 1
96 79 1
96 93 1
97 21 1
97 22 1
97 30 1
97 31 1
97 59 1
97 67 1
97 74 1
97 75 1
97 87 1
98 5 1
98 21 1
98 22 1
98 30 1
98 31 1
98 32 1
98 34 1
98 41 1
98 59 1
98 66 1
98 67 1
98 74 1
98 75 1
98 80 1
98 87 1
98 97 1
99 13 1
99 25 1
99 31 1
99 39 1
99 40 1
99 46 1
99 47 1
99 49 1
99 59 1
99 63 1
99 67 1
99 68 1
99 71 1
99 80 1
99 81 1
100 3 1
100 5 1
100 12 1
100 18 1
100 19 1
100 20 1
100 29 1
100 32 1
100 33 1
100 34 1
100 37 1
100 40 1
100 47 1
100 57 1
100 68 1
100 79 1
100 81 1
100 88 1
101 6 1
101 10 1
101 14 1
101 23 1
101 24 1
101 34 1
101 36 1
101 41 1
101 42 1
101 50 1
101 51 1
101 53 1
101 55 1
101 56 1
101 60 1
101 65 1
101 76 1
101 85 1
101 89 1
102 10 1
102 14 1
102 23 1
102 24 1
102 53 1
102 56 1
102 60 1
102 61 1
102 65 1
102 76 1
102 85 1
102 89 1
102 101 1
103 10 1
103 24 1
103 48 1
103 61 1
103 65 1
103 76 1
103 82 1
103 89 1
103 90 1
103 102 1
104 7 1
104 8 1
104 10 1
104 23 1
104 41 1
104 42 1
104 48 1
104 55 1
104 60 1
104 61 1
104 65 1
104 76 1
104 82 1
104 83 1
104 86 1
104 89 1
104 90 1
104 95 1
104 101 1
104 102 1
104 103 1
105 1 1
105 2 1
105 3 1
105 16 1
105 27 1
105 35 1
105 44 1
105 45 1
105 52 1
105 57 1
105 64 1
105 73 1
105 93 1
105 96 1
106 10 1
106 11 1
106 36 1
106 50 1
106 55 1
106 56 1
106 76 1
106 83 1
106 84 1
106 85 1
106 86 1
106 90 1
106 95 1
106 104 1
107 3 1
107 5 1
107 32 1
107 35 1
107 40 1
107 47 1
107 49 1
107 63 1
107 64 1
107 68 1
107 70 1
107 81 1
107 93 1
107 99 1
107 100 1
108 4 1
108 7 1
108 8 1
108 9 1
108 21 1
108 30 1
108 41 1
108 48 1
108 62 1
108 66 1
108 74 1
108 78 1
108 82 1
108 90 1
108 92 1
108 94 1
108 104 1
109 25 1
109 26 1
109 39 1
109 43 1
109 44 1
109 46 1
109 49 1
109 63 1
109 68 1
109 70 1
109 71 1
109 77 1
109 99 1
109 107 1
110 1 1
110 2 1
110 16 1
110 25 1
110 27 1
110 35 1
110 43 1
110 44 1
110 49 1
110 64 1
110 70 1
110 77 1
110 93 1
110 96 1
110 105 1
111 11 1
111 28 1
111 42 1
111 50 1
111 51 1
111 52 1
111 55 1
111 56 1
111 72 1
111 73 1
111 79 1
111 83 1
111 84 1
111 85 1
111 94 1
111 95 1
111 106 1
112 10 1
112 14 1
112 36 1
112 50 1
112 51 1
112 56 1
112 72 1
112 83 1
112 84 1
112 85 1
112 86 1
112 101 1
112 102 1
112 106 1
112 111 1
113 4 1
113 8 1
113 21 1
113 30 1
113 38 1
113 48 1
113 66 1
113 74 1
113 75 1
113 82 1
113 87 1
113 91 1
113 92 1
113 97 1
113 108 1
114 7 1
114 8 1
114 9 1
114 15 1
114 21 1
114 25 1
114 30 1
114 32 1
114 46 1
114 62 1
114 63 1
114 66 1
114 67 1
114 69 1
114 92 1
114 98 1
114 108 1
114 113 1
115 2 1
115 3 1
115 16 1
115 18 1
115 27 1
115 35 1
115 45 1
115 57 1
115 64 1
115 73 1
115 79 1
115 93 1
115 96 1
115 105 1
115 107 1
