# minsup
1
# graph
G_portein_file\Bcl-xl\1R2E.pdb
# node ID, label
0 A
1 A
2 A
3 A
4 A
5 A
6 A
7 A
8 A
9 C
10 D
11 D
12 D
13 D
14 D
15 D
16 E
17 E
18 E
19 E
20 E
21 E
22 E
23 E
24 E
25 F
26 F
27 F
28 F
29 F
30 F
31 F
32 F
33 G
34 G
35 G
36 G
37 G
38 G
39 G
40 G
41 H
42 I
43 I
44 I
45 K
46 K
47 K
48 K
49 L
50 L
51 L
52 L
53 L
54 L
55 L
56 L
57 L
58 L
59 L
60 M
61 M
62 N
63 N
64 N
65 N
66 P
67 Q
68 Q
69 Q
70 Q
71 Q
72 Q
73 R
74 R
75 R
76 R
77 S
78 S
79 S
80 S
81 S
82 S
83 S
84 T
85 T
86 T
87 V
88 V
89 V
90 V
91 V
92 V
93 V
94 V
95 V
96 V
97 V
98 V
99 W
100 W
101 W
102 W
103 W
104 Y
105 Y
106 Y
107 Y
108 Y
# node ID1, node ID2, number of bounds
1 0 1
2 1 1
4 2 1
7 6 1
8 6 1
8 7 1
9 5 1
9 6 1
10 6 1
11 2 1
13 9 1
14 8 1
15 0 1
16 6 1
16 8 1
16 10 1
17 2 1
17 11 1
18 2 1
18 4 1
18 11 1
18 17 1
19 3 1
20 12 1
20 19 1
21 5 1
21 9 1
21 13 1
22 13 1
22 21 1
23 14 1
24 23 1
25 6 1
25 10 1
25 16 1
26 2 1
26 4 1
26 11 1
26 17 1
26 18 1
27 3 1
27 19 1
28 4 1
28 12 1
28 20 1
29 4 1
29 5 1
29 28 1
30 2 1
30 4 1
30 5 1
30 6 1
30 25 1
30 29 1
31 4 1
31 5 1
31 9 1
31 18 1
31 29 1
31 30 1
32 0 1
32 1 1
32 2 1
32 15 1
34 1 1
34 2 1
34 4 1
34 11 1
34 17 1
34 18 1
34 25 1
34 26 1
34 29 1
34 30 1
34 31 1
35 12 1
35 20 1
35 28 1
36 2 1
36 4 1
36 26 1
36 29 1
36 34 1
37 4 1
37 5 1
37 6 1
37 9 1
37 21 1
37 25 1
37 27 1
37 29 1
37 30 1
37 31 1
38 4 1
38 5 1
38 6 1
38 9 1
38 21 1
38 25 1
38 29 1
38 30 1
38 31 1
38 34 1
38 37 1
39 15 1
39 24 1
39 32 1
40 15 1
40 23 1
40 24 1
40 32 1
40 39 1
41 14 1
41 19 1
41 23 1
41 28 1
41 35 1
42 2 1
42 4 1
42 28 1
42 29 1
42 30 1
42 31 1
42 34 1
42 36 1
43 6 1
43 7 1
43 8 1
43 9 1
43 27 1
43 37 1
43 38 1
44 15 1
44 23 1
44 24 1
44 32 1
44 39 1
44 40 1
44 41 1
44 42 1
45 5 1
45 9 1
45 10 1
45 11 1
45 25 1
45 30 1
45 33 1
45 34 1
45 37 1
45 38 1
46 33 1
46 45 1
47 0 1
47 1 1
47 2 1
47 10 1
47 16 1
47 25 1
48 9 1
48 13 1
48 21 1
48 22 1
49 6 1
49 8 1
49 10 1
49 16 1
49 25 1
49 30 1
49 47 1
50 5 1
50 6 1
50 9 1
50 10 1
50 16 1
50 25 1
50 30 1
50 31 1
50 37 1
50 38 1
50 43 1
50 45 1
50 49 1
51 5 1
51 9 1
51 10 1
51 25 1
51 33 1
51 38 1
51 45 1
51 46 1
51 50 1
52 0 1
52 1 1
52 2 1
52 10 1
52 11 1
52 17 1
52 25 1
52 30 1
52 32 1
52 34 1
52 42 1
52 47 1
52 49 1
53 1 1
53 2 1
53 11 1
53 17 1
53 25 1
53 26 1
53 34 1
53 47 1
53 52 1
54 4 1
54 12 1
54 20 1
54 28 1
54 29 1
54 31 1
54 35 1
54 42 1
55 5 1
55 9 1
55 13 1
55 21 1
55 30 1
55 31 1
55 37 1
55 38 1
55 43 1
55 50 1
56 6 1
56 7 1
56 9 1
56 21 1
56 22 1
56 43 1
56 55 1
57 7 1
57 8 1
57 14 1
57 23 1
57 29 1
57 30 1
57 41 1
57 42 1
57 44 1
58 8 1
58 14 1
58 23 1
58 28 1
58 29 1
58 35 1
58 41 1
58 42 1
58 44 1
58 57 1
59 1 1
59 2 1
59 15 1
59 32 1
60 9 1
60 13 1
60 21 1
60 22 1
60 48 1
60 56 1
61 6 1
61 7 1
61 8 1
61 14 1
61 19 1
61 27 1
61 29 1
61 30 1
61 31 1
61 37 1
61 43 1
61 49 1
61 57 1
62 12 1
62 19 1
62 20 1
62 27 1
62 28 1
62 29 1
62 35 1
62 41 1
62 54 1
63 4 1
63 12 1
63 28 1
63 35 1
63 36 1
63 42 1
63 44 1
63 58 1
64 8 1
64 14 1
64 23 1
64 41 1
64 44 1
64 57 1
64 58 1
64 61 1
65 15 1
65 23 1
65 24 1
65 32 1
65 39 1
65 40 1
65 44 1
65 63 1
66 14 1
66 23 1
66 24 1
66 40 1
66 41 1
66 44 1
66 57 1
66 58 1
66 64 1
66 65 1
67 33 1
67 45 1
67 46 1
67 50 1
67 51 1
68 0 1
68 1 1
68 2 1
68 10 1
68 25 1
68 34 1
68 47 1
68 49 1
68 52 1
68 53 1
69 3 1
69 19 1
69 27 1
70 19 1
70 20 1
70 27 1
70 54 1
70 62 1
70 69 1
71 9 1
71 13 1
71 21 1
71 22 1
71 48 1
71 56 1
71 60 1
72 15 1
72 23 1
72 24 1
72 39 1
72 40 1
72 44 1
72 58 1
72 65 1
72 66 1
73 0 1
73 1 1
73 2 1
73 10 1
73 11 1
73 17 1
73 25 1
73 26 1
73 30 1
73 34 1
73 45 1
73 47 1
73 49 1
73 50 1
73 52 1
73 53 1
73 68 1
74 12 1
74 20 1
74 28 1
74 35 1
74 54 1
74 62 1
75 4 1
75 12 1
75 28 1
75 29 1
75 30 1
75 35 1
75 36 1
75 42 1
75 54 1
75 58 1
75 63 1
76 3 1
76 6 1
76 7 1
76 8 1
76 9 1
76 43 1
76 56 1
76 61 1
76 71 1
77 6 1
77 9 1
77 10 1
77 25 1
77 38 1
77 45 1
77 46 1
77 49 1
77 50 1
77 51 1
77 67 1
78 25 1
78 33 1
78 45 1
78 46 1
78 50 1
78 51 1
78 67 1
78 77 1
79 33 1
79 45 1
79 46 1
79 51 1
79 67 1
79 71 1
79 77 1
79 78 1
80 3 1
80 19 1
80 27 1
80 62 1
80 69 1
80 70 1
81 2 1
81 4 1
81 5 1
81 9 1
81 11 1
81 18 1
81 25 1
81 26 1
81 29 1
81 30 1
81 31 1
81 34 1
81 37 1
81 38 1
81 42 1
81 45 1
81 50 1
81 52 1
81 55 1
81 73 1
81 75 1
82 5 1
82 9 1
82 13 1
82 21 1
82 22 1
82 38 1
82 43 1
82 48 1
82 55 1
82 56 1
82 60 1
82 71 1
83 6 1
83 7 1
83 9 1
83 43 1
83 50 1
83 56 1
83 61 1
83 71 1
83 76 1
84 3 1
84 27 1
84 56 1
84 69 1
84 80 1
85 6 1
85 7 1
85 8 1
85 14 1
85 19 1
85 41 1
85 43 1
85 57 1
85 58 1
85 61 1
85 64 1
86 15 1
86 32 1
86 39 1
86 40 1
86 44 1
86 59 1
86 65 1
86 72 1
87 6 1
87 7 1
87 8 1
87 10 1
87 16 1
87 25 1
87 30 1
87 37 1
87 38 1
87 43 1
87 47 1
87 49 1
87 50 1
87 52 1
87 57 1
87 61 1
87 77 1
88 6 1
88 7 1
88 8 1
88 10 1
88 16 1
88 25 1
88 38 1
88 43 1
88 45 1
88 47 1
88 49 1
88 50 1
88 61 1
88 77 1
88 83 1
88 87 1
89 0 1
89 1 1
89 15 1
89 32 1
89 47 1
89 49 1
89 52 1
89 53 1
89 68 1
89 73 1
89 86 1
90 19 1
90 20 1
90 27 1
90 28 1
90 54 1
90 62 1
90 69 1
90 70 1
90 80 1
91 4 1
91 19 1
91 20 1
91 27 1
91 28 1
91 29 1
91 31 1
91 37 1
91 54 1
91 61 1
91 62 1
91 69 1
91 70 1
91 74 1
91 80 1
91 90 1
92 12 1
92 23 1
92 28 1
92 35 1
92 36 1
92 41 1
92 42 1
92 44 1
92 54 1
92 58 1
92 62 1
92 63 1
92 66 1
92 74 1
92 75 1
93 2 1
93 4 1
93 11 1
93 17 1
93 18 1
93 26 1
93 29 1
93 30 1
93 31 1
93 34 1
93 36 1
93 42 1
93 52 1
93 53 1
93 63 1
93 73 1
93 75 1
93 81 1
94 5 1
94 9 1
94 13 1
94 21 1
94 22 1
94 31 1
94 33 1
94 37 1
94 38 1
94 45 1
94 46 1
94 48 1
94 50 1
94 51 1
94 55 1
94 60 1
94 71 1
94 79 1
94 82 1
95 5 1
95 9 1
95 13 1
95 21 1
95 22 1
95 48 1
95 51 1
95 55 1
95 56 1
95 60 1
95 71 1
95 79 1
95 82 1
95 94 1
96 9 1
96 22 1
96 43 1
96 56 1
96 60 1
96 71 1
96 76 1
96 82 1
96 83 1
96 95 1
97 6 1
97 7 1
97 9 1
97 21 1
97 37 1
97 38 1
97 43 1
97 50 1
97 55 1
97 56 1
97 60 1
97 71 1
97 76 1
97 77 1
97 82 1
97 83 1
97 88 1
97 94 1
97 95 1
97 96 1
98 0 1
98 1 1
98 2 1
98 15 1
98 32 1
98 40 1
98 47 1
98 52 1
98 59 1
98 68 1
98 86 1
98 89 1
99 9 1
99 10 1
99 33 1
99 45 1
99 50 1
99 51 1
99 71 1
99 77 1
99 78 1
99 79 1
99 83 1
99 88 1
99 97 1
100 2 1
100 4 1
100 29 1
100 32 1
100 36 1
100 42 1
100 44 1
100 58 1
100 59 1
100 63 1
100 65 1
100 75 1
100 86 1
100 92 1
100 93 1
101 3 1
101 6 1
101 7 1
101 8 1
101 19 1
101 27 1
101 37 1
101 43 1
101 57 1
101 61 1
101 64 1
101 69 1
101 76 1
101 83 1
101 85 1
101 87 1
101 97 1
102 23 1
102 24 1
102 35 1
102 39 1
102 40 1
102 41 1
102 44 1
102 58 1
102 63 1
102 65 1
102 66 1
102 72 1
102 92 1
102 100 1
103 0 1
103 1 1
103 15 1
103 23 1
103 32 1
103 39 1
103 40 1
103 44 1
103 52 1
103 59 1
103 65 1
103 72 1
103 86 1
103 89 1
103 98 1
104 10 1
104 25 1
104 34 1
104 38 1
104 45 1
104 46 1
104 47 1
104 50 1
104 51 1
104 67 1
104 68 1
104 73 1
104 77 1
104 78 1
104 79 1
104 87 1
104 88 1
104 99 1
105 9 1
105 13 1
105 33 1
105 45 1
105 46 1
105 51 1
105 67 1
105 77 1
105 78 1
105 79 1
105 94 1
105 95 1
105 99 1
105 104 1
106 3 1
106 7 1
106 19 1
106 27 1
106 43 1
106 61 1
106 69 1
106 70 1
106 76 1
106 80 1
106 84 1
106 85 1
106 90 1
106 101 1
107 6 1
107 7 1
107 8 1
107 14 1
107 19 1
107 23 1
107 27 1
107 29 1
107 41 1
107 57 1
107 58 1
107 61 1
107 62 1
107 64 1
107 85 1
107 91 1
107 101 1
107 106 1
108 0 1
108 1 1
108 2 1
108 15 1
108 32 1
108 52 1
108 53 1
108 59 1
108 68 1
108 73 1
108 86 1
108 89 1
108 98 1
108 100 1
