# minsup
1
# graph
G_portein_file\Bcl-xl\1R2G.pdb
# node ID, label
0 A
1 A
2 A
3 A
4 A
5 A
6 A
7 A
8 C
9 D
10 D
11 D
12 D
13 D
14 E
15 E
16 E
17 E
18 E
19 E
20 E
21 F
22 F
23 F
24 F
25 F
26 F
27 F
28 F
29 G
30 G
31 G
32 G
33 G
34 G
35 G
36 G
37 H
38 I
39 I
40 I
41 I
42 K
43 K
44 K
45 K
46 L
47 L
48 L
49 L
50 L
51 L
52 L
53 L
54 L
55 M
56 M
57 N
58 N
59 N
60 N
61 P
62 P
63 Q
64 Q
65 Q
66 R
67 R
68 R
69 R
70 R
71 S
72 S
73 S
74 S
75 S
76 S
77 S
78 S
79 T
80 T
81 V
82 V
83 V
84 V
85 V
86 V
87 V
88 V
89 V
90 V
91 V
92 W
93 W
94 W
95 W
96 Y
97 Y
98 Y
99 Y
# node ID1, node ID2, number of bounds
1 0 1
3 1 1
3 2 1
4 2 1
6 5 1
7 5 1
7 6 1
8 4 1
8 5 1
9 5 1
10 1 1
11 2 1
12 8 1
13 7 1
14 0 1
14 1 1
14 10 1
16 15 1
17 4 1
17 8 1
17 12 1
18 12 1
18 17 1
19 13 1
20 19 1
21 5 1
21 9 1
21 14 1
22 2 1
22 3 1
22 4 1
22 11 1
23 15 1
24 16 1
25 3 1
25 4 1
25 24 1
26 1 1
26 3 1
26 4 1
26 5 1
26 21 1
26 25 1
27 2 1
27 3 1
27 4 1
27 8 1
27 22 1
27 25 1
27 26 1
28 0 1
28 1 1
30 0 1
30 1 1
30 3 1
30 10 1
30 14 1
30 21 1
30 25 1
30 26 1
30 27 1
31 16 1
31 24 1
32 1 1
32 3 1
32 25 1
32 30 1
33 3 1
33 4 1
33 5 1
33 8 1
33 17 1
33 21 1
33 22 1
33 23 1
33 25 1
33 26 1
33 27 1
34 2 1
34 3 1
34 4 1
34 5 1
34 8 1
34 17 1
34 21 1
34 25 1
34 26 1
34 27 1
34 30 1
34 33 1
35 20 1
35 28 1
36 19 1
36 20 1
36 28 1
36 35 1
37 13 1
37 15 1
37 19 1
37 24 1
38 36 1
39 3 1
39 24 1
39 25 1
39 26 1
39 27 1
39 30 1
39 32 1
40 5 1
40 6 1
40 7 1
40 8 1
40 23 1
40 33 1
40 34 1
41 19 1
41 20 1
41 28 1
41 35 1
41 36 1
41 37 1
41 39 1
42 4 1
42 8 1
42 9 1
42 10 1
42 21 1
42 29 1
42 30 1
42 33 1
42 34 1
43 29 1
43 42 1
44 0 1
44 1 1
44 9 1
44 14 1
44 21 1
44 38 1
45 8 1
45 12 1
45 17 1
45 18 1
46 5 1
46 7 1
46 9 1
46 21 1
46 26 1
46 38 1
46 44 1
47 4 1
47 5 1
47 8 1
47 9 1
47 21 1
47 26 1
47 33 1
47 34 1
47 40 1
47 42 1
47 46 1
48 4 1
48 8 1
48 21 1
48 29 1
48 34 1
48 42 1
48 43 1
48 47 1
49 0 1
49 1 1
49 9 1
49 10 1
49 14 1
49 21 1
49 26 1
49 28 1
49 30 1
49 39 1
49 44 1
49 46 1
50 3 1
50 16 1
50 24 1
50 25 1
50 27 1
50 31 1
50 39 1
51 2 1
51 4 1
51 8 1
51 12 1
51 17 1
51 22 1
51 27 1
51 33 1
51 34 1
51 40 1
51 47 1
52 5 1
52 6 1
52 8 1
52 17 1
52 18 1
52 40 1
52 51 1
53 6 1
53 7 1
53 13 1
53 19 1
53 25 1
53 26 1
53 37 1
53 39 1
53 41 1
54 7 1
54 13 1
54 19 1
54 24 1
54 31 1
54 37 1
54 39 1
54 41 1
54 53 1
55 7 1
55 13 1
55 19 1
55 38 1
55 46 1
55 53 1
56 5 1
56 6 1
56 7 1
56 13 1
56 15 1
56 23 1
56 25 1
56 26 1
56 27 1
56 33 1
56 40 1
56 53 1
57 15 1
57 16 1
57 23 1
57 24 1
57 25 1
57 31 1
57 37 1
57 50 1
58 24 1
58 31 1
58 32 1
58 39 1
58 41 1
58 54 1
59 7 1
59 13 1
59 19 1
59 37 1
59 41 1
59 53 1
59 54 1
59 55 1
59 56 1
60 19 1
60 20 1
60 28 1
60 35 1
60 36 1
60 41 1
60 58 1
61 9 1
61 38 1
61 44 1
61 46 1
61 55 1
62 13 1
62 19 1
62 20 1
62 36 1
62 37 1
62 41 1
62 53 1
62 54 1
62 59 1
62 60 1
63 7 1
63 38 1
63 46 1
63 55 1
63 59 1
63 61 1
64 29 1
64 42 1
64 43 1
64 47 1
64 48 1
65 0 1
65 1 1
65 9 1
65 14 1
65 21 1
65 30 1
65 44 1
65 46 1
65 49 1
65 61 1
66 0 1
66 1 1
66 9 1
66 10 1
66 14 1
66 21 1
66 26 1
66 30 1
66 42 1
66 44 1
66 46 1
66 47 1
66 49 1
66 65 1
67 2 1
67 22 1
68 2 1
68 11 1
68 22 1
68 67 1
69 3 1
69 24 1
69 25 1
69 26 1
69 27 1
69 31 1
69 32 1
69 39 1
69 50 1
69 58 1
70 5 1
70 6 1
70 7 1
70 8 1
70 40 1
70 52 1
70 56 1
71 7 1
71 13 1
71 19 1
71 38 1
71 46 1
71 53 1
71 55 1
71 59 1
71 63 1
72 8 1
72 9 1
72 21 1
72 34 1
72 42 1
72 43 1
72 47 1
72 48 1
72 64 1
73 21 1
73 29 1
73 42 1
73 43 1
73 47 1
73 48 1
73 64 1
73 72 1
74 29 1
74 42 1
74 43 1
74 48 1
74 64 1
74 72 1
74 73 1
75 2 1
75 4 1
75 11 1
75 22 1
75 27 1
75 67 1
75 68 1
76 1 1
76 2 1
76 3 1
76 4 1
76 10 1
76 21 1
76 22 1
76 25 1
76 26 1
76 27 1
76 30 1
76 33 1
76 34 1
76 39 1
76 42 1
76 47 1
76 49 1
76 51 1
76 66 1
76 69 1
77 4 1
77 8 1
77 12 1
77 17 1
77 18 1
77 34 1
77 40 1
77 45 1
77 51 1
77 52 1
78 5 1
78 6 1
78 8 1
78 40 1
78 47 1
78 52 1
78 70 1
79 5 1
79 6 1
79 7 1
79 13 1
79 15 1
79 37 1
79 40 1
79 53 1
79 54 1
79 56 1
79 59 1
79 71 1
80 28 1
80 35 1
80 36 1
80 41 1
80 60 1
81 5 1
81 6 1
81 7 1
81 9 1
81 21 1
81 26 1
81 33 1
81 34 1
81 40 1
81 44 1
81 46 1
81 47 1
81 49 1
81 53 1
81 56 1
81 61 1
81 72 1
82 5 1
82 6 1
82 7 1
82 9 1
82 21 1
82 40 1
82 42 1
82 46 1
82 47 1
82 56 1
82 72 1
82 78 1
82 81 1
83 0 1
83 14 1
83 28 1
83 38 1
83 44 1
83 46 1
83 49 1
83 61 1
83 65 1
83 66 1
83 80 1
84 15 1
84 16 1
84 23 1
84 24 1
84 50 1
84 57 1
85 3 1
85 15 1
85 16 1
85 23 1
85 24 1
85 25 1
85 27 1
85 33 1
85 50 1
85 56 1
85 57 1
85 84 1
86 24 1
86 31 1
86 32 1
86 37 1
86 39 1
86 41 1
86 50 1
86 54 1
86 57 1
86 58 1
86 62 1
86 69 1
87 1 1
87 3 1
87 10 1
87 14 1
87 25 1
87 26 1
87 27 1
87 30 1
87 32 1
87 39 1
87 49 1
87 58 1
87 66 1
87 69 1
87 76 1
88 4 1
88 8 1
88 12 1
88 17 1
88 18 1
88 29 1
88 33 1
88 34 1
88 42 1
88 43 1
88 45 1
88 47 1
88 48 1
88 51 1
88 74 1
88 77 1
89 8 1
89 12 1
89 17 1
89 18 1
89 45 1
89 48 1
89 51 1
89 52 1
89 74 1
89 77 1
89 88 1
90 5 1
90 6 1
90 8 1
90 17 1
90 33 1
90 34 1
90 40 1
90 47 1
90 48 1
90 51 1
90 52 1
90 70 1
90 72 1
90 77 1
90 78 1
90 82 1
90 88 1
90 89 1
91 0 1
91 28 1
91 36 1
91 44 1
91 49 1
91 65 1
91 80 1
91 83 1
92 9 1
92 29 1
92 42 1
92 47 1
92 48 1
92 72 1
92 73 1
92 74 1
92 78 1
92 82 1
92 90 1
93 1 1
93 3 1
93 25 1
93 28 1
93 32 1
93 39 1
93 41 1
93 54 1
93 58 1
93 60 1
93 69 1
93 80 1
93 86 1
93 87 1
94 5 1
94 6 1
94 7 1
94 15 1
94 23 1
94 33 1
94 40 1
94 53 1
94 56 1
94 70 1
94 78 1
94 79 1
94 81 1
94 90 1
95 19 1
95 20 1
95 31 1
95 35 1
95 36 1
95 37 1
95 41 1
95 54 1
95 58 1
95 60 1
95 62 1
95 86 1
95 93 1
96 9 1
96 21 1
96 34 1
96 42 1
96 43 1
96 44 1
96 47 1
96 48 1
96 64 1
96 65 1
96 66 1
96 72 1
96 73 1
96 81 1
96 82 1
96 92 1
97 8 1
97 12 1
97 29 1
97 42 1
97 43 1
97 48 1
97 64 1
97 72 1
97 73 1
97 74 1
97 88 1
97 89 1
97 92 1
97 96 1
98 2 1
98 3 1
98 22 1
98 67 1
98 68 1
99 5 1
99 6 1
99 7 1
99 13 1
99 15 1
99 19 1
99 23 1
99 37 1
99 53 1
99 54 1
99 56 1
99 57 1
99 59 1
99 79 1
99 85 1
99 94 1
