# minsup
1
# graph
G_portein_file\Bcl-xl\1R2H.pdb
# node ID, label
0 A
1 A
2 A
3 A
4 A
5 A
6 A
7 A
8 A
9 C
10 D
11 D
12 D
13 D
14 D
15 D
16 E
17 E
18 E
19 E
20 E
21 E
22 E
23 E
24 E
25 E
26 E
27 F
28 F
29 F
30 F
31 F
32 F
33 F
34 F
35 G
36 G
37 G
38 G
39 G
40 G
41 G
42 G
43 G
44 H
45 I
46 I
47 I
48 K
49 K
50 K
51 K
52 L
53 L
54 L
55 L
56 L
57 L
58 L
59 L
60 L
61 L
62 M
63 M
64 N
65 N
66 N
67 N
68 P
69 P
70 Q
71 Q
72 Q
73 Q
74 Q
75 Q
76 R
77 R
78 R
79 R
80 S
81 S
82 S
83 S
84 S
85 S
86 S
87 S
88 T
89 T
90 T
91 T
92 V
93 V
94 V
95 V
96 V
97 V
98 V
99 V
100 V
101 V
102 V
103 V
104 W
105 W
106 W
107 W
108 W
109 Y
110 Y
111 Y
112 Y
# node ID1, node ID2, number of bounds
1 0 1
2 0 1
2 1 1
3 2 1
7 6 1
8 6 1
8 7 1
9 5 1
9 6 1
10 0 1
10 6 1
11 3 1
13 9 1
14 8 1
15 1 1
16 6 1
16 8 1
16 10 1
17 2 1
17 3 1
17 11 1
18 3 1
18 11 1
18 17 1
19 3 1
19 11 1
19 17 1
19 18 1
20 4 1
21 12 1
21 20 1
22 5 1
22 9 1
22 13 1
23 13 1
23 22 1
24 14 1
25 24 1
26 1 1
26 2 1
26 15 1
27 6 1
27 10 1
27 16 1
27 17 1
28 3 1
28 11 1
28 17 1
28 18 1
28 19 1
29 4 1
29 20 1
30 12 1
30 21 1
31 5 1
31 21 1
31 30 1
32 3 1
32 5 1
32 6 1
32 27 1
32 31 1
33 5 1
33 9 1
33 31 1
33 32 1
34 1 1
34 2 1
34 3 1
34 15 1
34 26 1
36 2 1
36 3 1
36 11 1
36 17 1
36 18 1
36 19 1
36 27 1
36 28 1
36 31 1
36 32 1
36 33 1
37 4 1
38 12 1
38 21 1
38 30 1
39 3 1
39 28 1
39 31 1
39 34 1
39 36 1
40 5 1
40 6 1
40 9 1
40 22 1
40 27 1
40 29 1
40 31 1
40 32 1
40 33 1
41 5 1
41 6 1
41 9 1
41 22 1
41 27 1
41 31 1
41 32 1
41 33 1
41 36 1
41 40 1
42 15 1
42 25 1
42 26 1
42 34 1
43 15 1
43 24 1
43 25 1
43 34 1
43 42 1
44 14 1
44 20 1
44 24 1
44 30 1
44 38 1
45 3 1
45 30 1
45 31 1
45 32 1
45 33 1
45 36 1
45 39 1
46 6 1
46 7 1
46 8 1
46 9 1
46 29 1
46 40 1
46 41 1
47 15 1
47 24 1
47 25 1
47 34 1
47 42 1
47 43 1
47 44 1
47 45 1
48 5 1
48 9 1
48 10 1
48 11 1
48 27 1
48 32 1
48 35 1
48 36 1
48 40 1
48 41 1
49 35 1
49 48 1
50 0 1
50 1 1
50 2 1
50 3 1
50 10 1
50 16 1
50 17 1
50 27 1
51 9 1
51 13 1
51 22 1
51 23 1
52 0 1
52 6 1
52 8 1
52 10 1
52 16 1
52 27 1
52 32 1
52 50 1
53 5 1
53 6 1
53 9 1
53 10 1
53 16 1
53 27 1
53 32 1
53 33 1
53 40 1
53 41 1
53 46 1
53 48 1
53 52 1
54 5 1
54 9 1
54 10 1
54 27 1
54 35 1
54 41 1
54 48 1
54 49 1
54 53 1
55 0 1
55 1 1
55 2 1
55 3 1
55 10 1
55 11 1
55 17 1
55 18 1
55 27 1
55 32 1
55 34 1
55 36 1
55 45 1
55 50 1
55 52 1
56 12 1
56 21 1
56 30 1
56 31 1
56 33 1
56 38 1
56 45 1
57 3 1
57 19 1
57 28 1
57 30 1
57 31 1
57 32 1
57 33 1
57 36 1
57 39 1
57 40 1
57 41 1
57 45 1
57 56 1
58 5 1
58 9 1
58 13 1
58 22 1
58 32 1
58 33 1
58 40 1
58 41 1
58 46 1
58 53 1
59 6 1
59 7 1
59 9 1
59 22 1
59 23 1
59 37 1
59 46 1
59 58 1
60 7 1
60 8 1
60 14 1
60 24 1
60 31 1
60 32 1
60 44 1
60 45 1
60 47 1
61 8 1
61 14 1
61 24 1
61 30 1
61 31 1
61 38 1
61 44 1
61 45 1
61 47 1
61 60 1
62 9 1
62 13 1
62 22 1
62 23 1
62 51 1
62 59 1
63 6 1
63 7 1
63 8 1
63 14 1
63 20 1
63 29 1
63 31 1
63 32 1
63 33 1
63 40 1
63 46 1
63 52 1
63 60 1
64 12 1
64 20 1
64 21 1
64 29 1
64 30 1
64 31 1
64 38 1
64 44 1
64 56 1
65 12 1
65 30 1
65 38 1
65 39 1
65 45 1
65 47 1
65 57 1
65 61 1
66 8 1
66 14 1
66 24 1
66 44 1
66 47 1
66 60 1
66 61 1
66 63 1
67 15 1
67 24 1
67 25 1
67 34 1
67 42 1
67 43 1
67 47 1
67 65 1
68 4 1
68 37 1
68 59 1
68 62 1
69 14 1
69 24 1
69 25 1
69 43 1
69 44 1
69 47 1
69 60 1
69 61 1
69 66 1
69 67 1
70 11 1
70 35 1
70 48 1
70 49 1
70 53 1
70 54 1
71 0 1
71 1 1
71 2 1
71 3 1
71 10 1
71 17 1
71 27 1
71 36 1
71 50 1
71 52 1
71 55 1
72 4 1
72 20 1
72 29 1
73 20 1
73 21 1
73 29 1
73 56 1
73 64 1
73 72 1
74 9 1
74 13 1
74 22 1
74 23 1
74 51 1
74 59 1
74 62 1
74 68 1
75 15 1
75 24 1
75 25 1
75 42 1
75 43 1
75 47 1
75 61 1
75 67 1
75 69 1
76 1 1
76 2 1
76 3 1
76 10 1
76 11 1
76 17 1
76 18 1
76 27 1
76 32 1
76 36 1
76 48 1
76 50 1
76 52 1
76 53 1
76 55 1
76 71 1
77 12 1
77 21 1
77 30 1
77 38 1
77 56 1
77 64 1
78 12 1
78 30 1
78 31 1
78 32 1
78 38 1
78 39 1
78 45 1
78 56 1
78 57 1
78 61 1
78 65 1
79 6 1
79 7 1
79 8 1
79 9 1
79 46 1
79 59 1
79 63 1
79 68 1
79 74 1
80 6 1
80 9 1
80 10 1
80 27 1
80 41 1
80 48 1
80 52 1
80 53 1
80 54 1
80 70 1
81 27 1
81 35 1
81 48 1
81 49 1
81 53 1
81 54 1
81 70 1
81 80 1
82 35 1
82 48 1
82 49 1
82 54 1
82 70 1
82 74 1
82 80 1
82 81 1
83 54 1
83 74 1
83 80 1
83 81 1
83 82 1
84 4 1
84 20 1
84 29 1
84 64 1
84 72 1
84 73 1
85 3 1
85 5 1
85 9 1
85 11 1
85 19 1
85 27 1
85 28 1
85 31 1
85 32 1
85 33 1
85 36 1
85 40 1
85 41 1
85 45 1
85 48 1
85 53 1
85 55 1
85 57 1
85 58 1
85 76 1
85 78 1
86 5 1
86 9 1
86 13 1
86 22 1
86 23 1
86 41 1
86 46 1
86 51 1
86 58 1
86 59 1
86 62 1
86 68 1
86 74 1
87 6 1
87 7 1
87 9 1
87 46 1
87 53 1
87 59 1
87 63 1
87 74 1
87 79 1
87 83 1
88 4 1
88 23 1
88 37 1
88 51 1
88 59 1
88 62 1
88 68 1
88 86 1
89 4 1
89 29 1
89 37 1
89 59 1
89 68 1
89 72 1
89 84 1
89 88 1
90 6 1
90 7 1
90 8 1
90 14 1
90 20 1
90 44 1
90 46 1
90 60 1
90 61 1
90 63 1
90 66 1
91 15 1
91 26 1
91 34 1
91 42 1
91 43 1
91 47 1
91 67 1
91 75 1
92 6 1
92 7 1
92 8 1
92 10 1
92 16 1
92 27 1
92 32 1
92 40 1
92 41 1
92 46 1
92 50 1
92 52 1
92 53 1
92 55 1
92 60 1
92 63 1
92 80 1
93 6 1
93 7 1
93 8 1
93 10 1
93 16 1
93 27 1
93 41 1
93 46 1
93 48 1
93 50 1
93 52 1
93 53 1
93 63 1
93 80 1
93 87 1
93 92 1
94 0 1
94 1 1
94 2 1
94 15 1
94 17 1
94 26 1
94 34 1
94 50 1
94 52 1
94 55 1
94 71 1
94 76 1
94 91 1
95 20 1
95 21 1
95 29 1
95 30 1
95 56 1
95 64 1
95 72 1
95 73 1
95 84 1
96 20 1
96 21 1
96 29 1
96 30 1
96 31 1
96 33 1
96 40 1
96 56 1
96 57 1
96 63 1
96 64 1
96 72 1
96 73 1
96 77 1
96 84 1
96 95 1
97 12 1
97 24 1
97 30 1
97 38 1
97 39 1
97 44 1
97 45 1
97 47 1
97 56 1
97 61 1
97 64 1
97 65 1
97 69 1
97 77 1
97 78 1
98 3 1
98 11 1
98 17 1
98 18 1
98 28 1
98 31 1
98 32 1
98 33 1
98 36 1
98 39 1
98 45 1
98 55 1
98 57 1
98 65 1
98 76 1
98 78 1
98 85 1
99 5 1
99 9 1
99 13 1
99 22 1
99 33 1
99 35 1
99 40 1
99 41 1
99 48 1
99 49 1
99 51 1
99 53 1
99 54 1
99 58 1
99 62 1
99 74 1
99 82 1
99 86 1
100 9 1
100 13 1
100 22 1
100 23 1
100 51 1
100 54 1
100 58 1
100 59 1
100 62 1
100 74 1
100 82 1
100 86 1
100 99 1
101 9 1
101 23 1
101 46 1
101 59 1
101 62 1
101 68 1
101 74 1
101 79 1
101 86 1
101 87 1
101 88 1
101 100 1
102 6 1
102 7 1
102 9 1
102 22 1
102 40 1
102 41 1
102 46 1
102 53 1
102 54 1
102 58 1
102 59 1
102 62 1
102 74 1
102 79 1
102 80 1
102 83 1
102 86 1
102 87 1
102 93 1
102 99 1
102 100 1
102 101 1
103 1 1
103 2 1
103 15 1
103 26 1
103 34 1
103 43 1
103 50 1
103 55 1
103 71 1
103 91 1
103 94 1
104 9 1
104 10 1
104 35 1
104 48 1
104 53 1
104 54 1
104 74 1
104 80 1
104 81 1
104 82 1
104 83 1
104 87 1
104 93 1
104 102 1
105 3 1
105 31 1
105 34 1
105 39 1
105 45 1
105 47 1
105 57 1
105 61 1
105 65 1
105 67 1
105 78 1
105 91 1
105 97 1
105 98 1
106 4 1
106 6 1
106 7 1
106 8 1
106 20 1
106 29 1
106 40 1
106 46 1
106 60 1
106 63 1
106 72 1
106 79 1
106 87 1
106 90 1
106 92 1
106 102 1
107 24 1
107 25 1
107 38 1
107 42 1
107 43 1
107 44 1
107 47 1
107 61 1
107 65 1
107 67 1
107 69 1
107 75 1
107 97 1
107 105 1
108 1 1
108 2 1
108 15 1
108 24 1
108 26 1
108 34 1
108 42 1
108 43 1
108 47 1
108 50 1
108 67 1
108 75 1
108 91 1
108 94 1
108 103 1
108 105 1
109 10 1
109 27 1
109 41 1
109 48 1
109 49 1
109 50 1
109 53 1
109 54 1
109 70 1
109 71 1
109 76 1
109 80 1
109 81 1
109 82 1
109 92 1
109 93 1
109 104 1
110 9 1
110 13 1
110 35 1
110 48 1
110 49 1
110 54 1
110 70 1
110 80 1
110 81 1
110 82 1
110 83 1
110 99 1
110 100 1
110 104 1
110 109 1
111 4 1
111 7 1
111 20 1
111 29 1
111 37 1
111 46 1
111 63 1
111 72 1
111 73 1
111 79 1
111 84 1
111 89 1
111 90 1
111 106 1
112 6 1
112 7 1
112 8 1
112 14 1
112 20 1
112 24 1
112 29 1
112 31 1
112 44 1
112 60 1
112 61 1
112 63 1
112 64 1
112 66 1
112 90 1
112 96 1
112 106 1
112 111 1
