# minsup
1
# graph
G_portein_file\Bcl-xl\1R2I.pdb
# node ID, label
0 A
1 A
2 A
3 A
4 A
5 A
6 A
7 A
8 A
9 C
10 D
11 D
12 D
13 D
14 D
15 D
16 E
17 E
18 E
19 E
20 E
21 E
22 E
23 E
24 E
25 E
26 F
27 F
28 F
29 F
30 F
31 F
32 F
33 G
34 G
35 G
36 G
37 G
38 G
39 G
40 G
41 G
42 H
43 I
44 I
45 I
46 K
47 K
48 K
49 K
50 L
51 L
52 L
53 L
54 L
55 L
56 L
57 L
58 L
59 L
60 L
61 M
62 M
63 N
64 N
65 N
66 N
67 P
68 Q
69 Q
70 Q
71 Q
72 Q
73 Q
74 R
75 R
76 R
77 R
78 S
79 S
80 S
81 S
82 S
83 S
84 S
85 S
86 T
87 T
88 T
89 V
90 V
91 V
92 V
93 V
94 V
95 V
96 V
97 V
98 V
99 V
100 V
101 W
102 W
103 W
104 W
105 W
106 Y
107 Y
108 Y
109 Y
# node ID1, node ID2, number of bounds
1 0 1
2 1 1
4 2 1
7 6 1
8 6 1
8 7 1
9 5 1
9 6 1
10 6 1
11 2 1
13 9 1
14 8 1
15 0 1
16 6 1
16 8 1
16 10 1
17 1 1
17 2 1
17 11 1
18 2 1
18 11 1
18 17 1
19 2 1
19 4 1
19 11 1
19 18 1
20 3 1
21 12 1
21 20 1
22 5 1
22 9 1
22 13 1
23 13 1
23 22 1
24 14 1
25 24 1
26 6 1
26 10 1
26 16 1
26 17 1
27 2 1
27 4 1
27 11 1
27 17 1
27 18 1
27 19 1
28 3 1
28 20 1
29 12 1
29 21 1
30 4 1
30 5 1
30 29 1
31 2 1
31 4 1
31 5 1
31 26 1
31 30 1
32 0 1
32 1 1
32 2 1
32 15 1
34 1 1
34 2 1
34 4 1
34 11 1
34 17 1
34 18 1
34 19 1
34 26 1
34 27 1
34 30 1
34 31 1
35 3 1
36 12 1
36 21 1
36 29 1
37 2 1
37 4 1
37 27 1
37 30 1
37 34 1
38 4 1
38 5 1
38 6 1
38 9 1
38 22 1
38 26 1
38 28 1
38 30 1
38 31 1
39 4 1
39 5 1
39 6 1
39 9 1
39 22 1
39 26 1
39 30 1
39 31 1
39 34 1
39 38 1
40 15 1
40 25 1
40 32 1
41 15 1
41 24 1
41 25 1
41 32 1
41 40 1
42 14 1
42 20 1
42 24 1
42 29 1
42 36 1
43 4 1
43 29 1
43 30 1
43 31 1
43 34 1
43 37 1
44 6 1
44 7 1
44 8 1
44 9 1
44 28 1
44 38 1
44 39 1
45 15 1
45 24 1
45 25 1
45 32 1
45 40 1
45 41 1
45 42 1
45 43 1
46 5 1
46 9 1
46 10 1
46 11 1
46 26 1
46 31 1
46 33 1
46 34 1
46 38 1
46 39 1
47 33 1
47 46 1
48 0 1
48 1 1
48 2 1
48 10 1
48 16 1
48 17 1
48 26 1
49 9 1
49 13 1
49 22 1
49 23 1
50 6 1
50 8 1
50 10 1
50 16 1
50 26 1
50 31 1
50 48 1
51 5 1
51 6 1
51 9 1
51 10 1
51 16 1
51 26 1
51 31 1
51 38 1
51 39 1
51 44 1
51 46 1
51 50 1
52 5 1
52 9 1
52 10 1
52 26 1
52 33 1
52 39 1
52 46 1
52 47 1
52 51 1
53 0 1
53 1 1
53 2 1
53 10 1
53 11 1
53 17 1
53 18 1
53 26 1
53 31 1
53 32 1
53 34 1
53 43 1
53 48 1
53 50 1
54 4 1
54 12 1
54 21 1
54 29 1
54 30 1
54 36 1
54 43 1
55 4 1
55 5 1
55 9 1
55 19 1
55 30 1
55 31 1
55 34 1
55 38 1
55 39 1
55 43 1
55 51 1
55 54 1
56 5 1
56 9 1
56 13 1
56 22 1
56 31 1
56 38 1
56 39 1
56 44 1
56 51 1
56 55 1
57 6 1
57 7 1
57 9 1
57 22 1
57 23 1
57 35 1
57 44 1
57 56 1
58 7 1
58 8 1
58 14 1
58 24 1
58 30 1
58 31 1
58 42 1
58 43 1
58 45 1
59 8 1
59 14 1
59 24 1
59 29 1
59 30 1
59 36 1
59 42 1
59 43 1
59 45 1
59 58 1
60 1 1
60 2 1
60 15 1
60 32 1
61 9 1
61 13 1
61 22 1
61 23 1
61 49 1
61 57 1
62 6 1
62 7 1
62 8 1
62 14 1
62 20 1
62 28 1
62 30 1
62 31 1
62 38 1
62 44 1
62 55 1
62 58 1
63 12 1
63 20 1
63 21 1
63 28 1
63 29 1
63 30 1
63 36 1
63 42 1
63 54 1
64 12 1
64 29 1
64 36 1
64 37 1
64 43 1
64 45 1
64 59 1
65 8 1
65 14 1
65 24 1
65 42 1
65 45 1
65 58 1
65 59 1
65 62 1
66 15 1
66 24 1
66 25 1
66 32 1
66 40 1
66 41 1
66 45 1
66 64 1
67 14 1
67 24 1
67 25 1
67 41 1
67 42 1
67 45 1
67 58 1
67 59 1
67 65 1
67 66 1
68 11 1
68 33 1
68 46 1
68 47 1
68 51 1
68 52 1
69 0 1
69 1 1
69 2 1
69 10 1
69 17 1
69 26 1
69 34 1
69 48 1
69 50 1
69 53 1
70 3 1
70 20 1
70 28 1
71 20 1
71 21 1
71 28 1
71 54 1
71 63 1
71 70 1
72 9 1
72 13 1
72 22 1
72 23 1
72 49 1
72 57 1
72 61 1
73 15 1
73 24 1
73 25 1
73 40 1
73 41 1
73 45 1
73 59 1
73 66 1
73 67 1
74 0 1
74 1 1
74 2 1
74 10 1
74 11 1
74 17 1
74 18 1
74 26 1
74 31 1
74 34 1
74 46 1
74 48 1
74 50 1
74 51 1
74 53 1
74 69 1
75 12 1
75 21 1
75 29 1
75 36 1
75 54 1
75 63 1
76 4 1
76 12 1
76 29 1
76 30 1
76 31 1
76 36 1
76 37 1
76 43 1
76 54 1
76 59 1
76 64 1
77 6 1
77 7 1
77 8 1
77 9 1
77 44 1
77 57 1
77 62 1
77 72 1
78 6 1
78 9 1
78 10 1
78 26 1
78 39 1
78 46 1
78 47 1
78 50 1
78 51 1
78 52 1
78 68 1
78 74 1
79 26 1
79 33 1
79 46 1
79 47 1
79 51 1
79 52 1
79 68 1
79 78 1
80 33 1
80 46 1
80 47 1
80 52 1
80 68 1
80 72 1
80 78 1
80 79 1
81 52 1
81 72 1
81 78 1
81 79 1
81 80 1
82 3 1
82 20 1
82 28 1
82 63 1
82 70 1
82 71 1
83 2 1
83 4 1
83 5 1
83 9 1
83 11 1
83 19 1
83 26 1
83 27 1
83 30 1
83 31 1
83 34 1
83 38 1
83 39 1
83 43 1
83 46 1
83 51 1
83 53 1
83 55 1
83 56 1
83 74 1
83 76 1
84 5 1
84 9 1
84 13 1
84 22 1
84 23 1
84 39 1
84 44 1
84 49 1
84 56 1
84 57 1
84 61 1
84 72 1
85 6 1
85 7 1
85 9 1
85 44 1
85 51 1
85 57 1
85 62 1
85 72 1
85 77 1
85 81 1
86 3 1
86 28 1
86 35 1
86 57 1
86 70 1
86 82 1
87 6 1
87 7 1
87 8 1
87 14 1
87 20 1
87 42 1
87 44 1
87 58 1
87 59 1
87 62 1
87 65 1
88 15 1
88 32 1
88 40 1
88 41 1
88 45 1
88 60 1
88 66 1
88 73 1
89 6 1
89 7 1
89 8 1
89 10 1
89 16 1
89 26 1
89 31 1
89 38 1
89 39 1
89 44 1
89 48 1
89 50 1
89 51 1
89 53 1
89 58 1
89 62 1
89 78 1
90 6 1
90 7 1
90 8 1
90 10 1
90 16 1
90 26 1
90 39 1
90 44 1
90 46 1
90 48 1
90 50 1
90 51 1
90 62 1
90 78 1
90 85 1
90 89 1
91 0 1
91 1 1
91 15 1
91 17 1
91 32 1
91 48 1
91 50 1
91 53 1
91 69 1
91 74 1
91 88 1
92 20 1
92 21 1
92 28 1
92 29 1
92 54 1
92 63 1
92 70 1
92 71 1
92 82 1
93 4 1
93 20 1
93 21 1
93 28 1
93 29 1
93 30 1
93 38 1
93 54 1
93 55 1
93 62 1
93 63 1
93 70 1
93 71 1
93 75 1
93 82 1
93 92 1
94 12 1
94 24 1
94 29 1
94 36 1
94 37 1
94 42 1
94 43 1
94 45 1
94 54 1
94 59 1
94 63 1
94 64 1
94 67 1
94 75 1
94 76 1
95 2 1
95 4 1
95 11 1
95 17 1
95 18 1
95 19 1
95 27 1
95 30 1
95 31 1
95 34 1
95 37 1
95 43 1
95 53 1
95 55 1
95 64 1
95 74 1
95 76 1
95 83 1
96 5 1
96 9 1
96 13 1
96 22 1
96 23 1
96 33 1
96 38 1
96 39 1
96 46 1
96 47 1
96 49 1
96 51 1
96 52 1
96 55 1
96 56 1
96 61 1
96 72 1
96 80 1
96 84 1
97 9 1
97 13 1
97 22 1
97 23 1
97 49 1
97 52 1
97 56 1
97 57 1
97 61 1
97 72 1
97 80 1
97 84 1
97 96 1
98 9 1
98 23 1
98 44 1
98 57 1
98 61 1
98 72 1
98 77 1
98 84 1
98 85 1
98 97 1
99 6 1
99 7 1
99 9 1
99 22 1
99 38 1
99 39 1
99 44 1
99 51 1
99 52 1
99 56 1
99 57 1
99 61 1
99 72 1
99 77 1
99 78 1
99 81 1
99 84 1
99 85 1
99 90 1
99 96 1
99 97 1
99 98 1
100 0 1
100 1 1
100 2 1
100 15 1
100 32 1
100 41 1
100 48 1
100 53 1
100 60 1
100 69 1
100 88 1
100 91 1
101 9 1
101 10 1
101 33 1
101 46 1
101 51 1
101 52 1
101 72 1
101 78 1
101 79 1
101 80 1
101 81 1
101 85 1
101 90 1
101 99 1
102 2 1
102 4 1
102 30 1
102 32 1
102 37 1
102 43 1
102 45 1
102 59 1
102 60 1
102 64 1
102 66 1
102 76 1
102 88 1
102 94 1
102 95 1
103 3 1
103 6 1
103 7 1
103 8 1
103 20 1
103 28 1
103 38 1
103 44 1
103 58 1
103 62 1
103 65 1
103 70 1
103 77 1
103 85 1
103 87 1
103 89 1
103 99 1
104 24 1
104 25 1
104 36 1
104 40 1
104 41 1
104 42 1
104 45 1
104 59 1
104 64 1
104 66 1
104 67 1
104 73 1
104 94 1
104 102 1
105 0 1
105 1 1
105 15 1
105 24 1
105 32 1
105 40 1
105 41 1
105 45 1
105 48 1
105 53 1
105 60 1
105 66 1
105 73 1
105 88 1
105 91 1
105 100 1
106 10 1
106 26 1
106 39 1
106 46 1
106 47 1
106 48 1
106 51 1
106 52 1
106 68 1
106 69 1
106 74 1
106 78 1
106 79 1
106 80 1
106 89 1
106 90 1
106 101 1
107 9 1
107 13 1
107 33 1
107 46 1
107 47 1
107 52 1
107 68 1
107 78 1
107 79 1
107 80 1
107 81 1
107 96 1
107 97 1
107 101 1
107 106 1
108 3 1
108 7 1
108 20 1
108 28 1
108 35 1
108 44 1
108 62 1
108 70 1
108 71 1
108 77 1
108 82 1
108 86 1
108 87 1
108 103 1
109 6 1
109 7 1
109 8 1
109 14 1
109 20 1
109 24 1
109 28 1
109 30 1
109 42 1
109 58 1
109 59 1
109 62 1
109 63 1
109 65 1
109 87 1
109 93 1
109 103 1
109 108 1
