# minsup
1
# graph
G_portein_file\Bcl-xl\1YSG.pdb
# node ID, label
0 A
1 A
2 A
3 A
4 A
5 A
6 A
7 A
8 A
9 A
10 A
11 A
12 A
13 A
14 A
15 C
16 D
17 D
18 D
19 D
20 D
21 D
22 D
23 D
24 E
25 E
26 E
27 E
28 E
29 E
30 E
31 E
32 E
33 E
34 E
35 E
36 E
37 E
38 E
39 E
40 E
41 E
42 E
43 E
44 F
45 F
46 F
47 F
48 F
49 F
50 F
51 F
52 F
53 F
54 G
55 G
56 G
57 G
58 G
59 G
60 G
61 G
62 G
63 G
64 G
65 G
66 H
67 H
68 H
69 H
70 I
71 I
72 I
73 I
74 K
75 K
76 K
77 K
78 K
79 L
80 L
81 L
82 L
83 L
84 L
85 L
86 L
87 L
88 L
89 L
90 L
91 L
92 L
93 M
94 M
95 M
96 M
97 M
98 N
99 N
100 N
101 N
102 N
103 N
104 N
105 N
106 P
107 P
108 P
109 Q
110 Q
111 Q
112 Q
113 Q
114 Q
115 Q
116 Q
117 Q
118 Q
119 R
120 R
121 R
122 R
123 R
124 R
125 R
126 R
127 R
128 R
129 R
130 S
131 S
132 S
133 S
134 S
135 S
136 S
137 S
138 S
139 S
140 S
141 S
142 S
143 S
144 S
145 S
146 T
147 T
148 T
149 T
150 T
151 T
152 T
153 V
154 V
155 V
156 V
157 V
158 V
159 V
160 V
161 V
162 V
163 V
164 V
165 V
166 W
167 W
168 W
169 W
170 W
171 Y
172 Y
173 Y
174 Y
175 Y
176 Y
# node ID1, node ID2, number of bounds
3 2 1
4 3 1
7 4 1
10 9 1
11 9 1
11 10 1
13 12 1
14 12 1
14 13 1
15 8 1
15 9 1
18 4 1
18 7 1
19 5 1
21 15 1
22 11 1
23 2 1
23 3 1
24 9 1
24 10 1
24 11 1
24 16 1
25 17 1
26 17 1
26 25 1
27 1 1
28 1 1
28 27 1
29 2 1
29 28 1
30 2 1
30 3 1
30 23 1
30 29 1
31 3 1
31 4 1
31 18 1
32 4 1
32 7 1
32 18 1
32 31 1
33 4 1
33 5 1
33 7 1
33 18 1
33 32 1
34 6 1
35 5 1
35 20 1
35 34 1
36 8 1
36 15 1
36 21 1
37 21 1
37 36 1
38 22 1
39 38 1
40 2 1
40 3 1
40 14 1
40 23 1
41 12 1
41 13 1
41 14 1
43 42 1
44 8 1
44 16 1
44 24 1
45 17 1
46 4 1
46 5 1
46 7 1
46 18 1
46 31 1
46 32 1
46 33 1
47 5 1
47 7 1
47 19 1
47 33 1
47 46 1
48 6 1
48 34 1
49 7 1
49 20 1
49 34 1
49 35 1
50 7 1
50 8 1
50 35 1
50 49 1
51 7 1
51 8 1
51 9 1
51 11 1
51 44 1
51 50 1
52 7 1
52 8 1
52 15 1
52 47 1
52 50 1
52 51 1
53 2 1
53 3 1
53 4 1
53 23 1
53 40 1
54 21 1
55 1 1
55 28 1
55 29 1
56 3 1
56 4 1
56 7 1
56 18 1
56 31 1
56 32 1
56 33 1
56 44 1
56 46 1
56 50 1
56 51 1
56 52 1
57 6 1
58 20 1
58 35 1
58 49 1
59 4 1
59 7 1
59 46 1
59 49 1
59 50 1
59 51 1
59 53 1
60 7 1
60 8 1
60 9 1
60 10 1
60 15 1
60 44 1
60 48 1
60 50 1
60 51 1
60 52 1
61 8 1
61 9 1
61 15 1
61 16 1
61 36 1
61 44 1
61 50 1
61 51 1
61 52 1
61 56 1
61 60 1
62 23 1
62 39 1
62 53 1
63 23 1
63 38 1
63 39 1
63 40 1
63 53 1
63 62 1
64 2 1
64 3 1
64 4 1
64 12 1
64 13 1
64 14 1
64 23 1
64 31 1
64 40 1
64 53 1
65 42 1
66 6 1
66 48 1
66 57 1
67 11 1
67 22 1
67 38 1
68 43 1
69 42 1
69 43 1
69 68 1
70 6 1
70 15 1
70 36 1
70 48 1
70 57 1
70 66 1
71 7 1
71 49 1
71 50 1
71 51 1
71 52 1
71 53 1
71 59 1
72 6 1
72 9 1
72 10 1
72 11 1
72 15 1
72 48 1
72 60 1
72 61 1
73 23 1
73 38 1
73 39 1
73 53 1
73 62 1
73 63 1
73 67 1
73 71 1
74 8 1
74 15 1
74 16 1
74 44 1
74 54 1
74 56 1
74 61 1
75 21 1
75 54 1
75 74 1
76 2 1
76 3 1
76 4 1
76 16 1
76 30 1
76 31 1
76 44 1
76 64 1
77 21 1
77 36 1
77 37 1
78 41 1
78 42 1
78 65 1
79 9 1
79 11 1
79 16 1
79 24 1
79 44 1
79 51 1
79 76 1
80 8 1
80 9 1
80 15 1
80 16 1
80 24 1
80 44 1
80 51 1
80 60 1
80 61 1
80 74 1
80 79 1
81 8 1
81 15 1
81 16 1
81 21 1
81 36 1
81 44 1
81 54 1
81 61 1
81 74 1
81 75 1
81 80 1
82 2 1
82 3 1
82 4 1
82 7 1
82 18 1
82 31 1
82 32 1
82 44 1
82 51 1
82 53 1
82 56 1
82 64 1
82 71 1
82 76 1
82 79 1
83 18 1
83 32 1
83 33 1
83 46 1
83 47 1
83 56 1
84 5 1
84 19 1
84 35 1
84 47 1
84 48 1
84 52 1
85 6 1
85 19 1
85 48 1
85 66 1
85 70 1
85 84 1
86 5 1
86 7 1
86 20 1
86 35 1
86 49 1
86 50 1
86 52 1
86 58 1
86 59 1
86 71 1
87 8 1
87 9 1
87 15 1
87 21 1
87 36 1
87 48 1
87 52 1
87 60 1
87 61 1
87 66 1
87 70 1
87 72 1
87 80 1
87 84 1
87 85 1
88 6 1
88 9 1
88 10 1
88 15 1
88 45 1
88 70 1
88 72 1
89 10 1
89 11 1
89 22 1
89 38 1
89 51 1
89 67 1
89 71 1
89 73 1
89 79 1
90 22 1
90 38 1
90 39 1
90 49 1
90 67 1
90 71 1
90 73 1
90 89 1
91 3 1
91 14 1
91 23 1
91 40 1
91 41 1
91 53 1
91 64 1
92 42 1
92 43 1
92 68 1
92 69 1
93 0 1
94 0 1
94 93 1
95 0 1
95 22 1
95 38 1
95 73 1
95 89 1
95 94 1
96 15 1
96 21 1
96 36 1
96 37 1
96 45 1
96 70 1
96 77 1
96 88 1
97 9 1
97 10 1
97 11 1
97 34 1
97 48 1
97 50 1
97 51 1
97 52 1
97 60 1
97 61 1
97 67 1
97 72 1
97 79 1
97 89 1
98 9 1
98 10 1
98 11 1
98 16 1
98 22 1
98 24 1
98 38 1
98 79 1
98 89 1
98 95 1
98 97 1
99 25 1
99 26 1
99 27 1
100 20 1
100 34 1
100 35 1
100 48 1
100 49 1
100 50 1
100 86 1
101 20 1
101 49 1
101 53 1
101 58 1
101 59 1
101 71 1
101 73 1
101 86 1
101 90 1
102 10 1
102 11 1
102 22 1
102 38 1
102 67 1
102 89 1
102 90 1
102 95 1
102 97 1
102 98 1
103 39 1
103 53 1
103 62 1
103 63 1
103 73 1
103 101 1
104 2 1
104 3 1
104 12 1
104 13 1
104 14 1
104 31 1
104 40 1
104 41 1
104 64 1
104 91 1
105 12 1
105 13 1
105 14 1
105 64 1
105 104 1
106 1 1
106 27 1
106 28 1
106 55 1
107 6 1
107 57 1
107 66 1
107 70 1
107 88 1
108 22 1
108 38 1
108 39 1
108 63 1
108 67 1
108 73 1
108 89 1
108 90 1
108 102 1
108 103 1
109 0 1
109 11 1
109 24 1
109 79 1
109 94 1
109 95 1
109 98 1
109 102 1
110 54 1
110 74 1
110 75 1
110 81 1
111 17 1
111 25 1
111 26 1
111 45 1
112 2 1
112 3 1
112 4 1
112 30 1
112 31 1
112 44 1
112 56 1
112 64 1
112 76 1
112 82 1
112 104 1
112 105 1
113 19 1
113 48 1
113 66 1
113 70 1
113 84 1
113 85 1
114 6 1
114 34 1
114 48 1
114 57 1
114 85 1
115 34 1
115 35 1
115 48 1
115 49 1
115 84 1
115 85 1
115 86 1
115 100 1
115 113 1
115 114 1
116 15 1
116 17 1
116 21 1
116 36 1
116 37 1
116 45 1
116 77 1
116 88 1
116 96 1
116 111 1
117 23 1
117 38 1
117 39 1
117 62 1
117 63 1
117 73 1
117 90 1
117 95 1
117 103 1
117 108 1
118 41 1
118 42 1
118 43 1
118 65 1
118 78 1
118 92 1
119 9 1
119 10 1
119 11 1
119 16 1
119 24 1
119 79 1
119 89 1
119 97 1
119 98 1
119 102 1
119 109 1
120 1 1
120 25 1
120 26 1
120 27 1
120 99 1
120 106 1
121 2 1
121 3 1
121 4 1
121 18 1
121 31 1
121 32 1
121 44 1
121 56 1
121 64 1
121 74 1
121 76 1
121 82 1
121 112 1
122 5 1
122 18 1
122 32 1
122 33 1
122 46 1
122 47 1
122 83 1
123 5 1
123 33 1
123 46 1
123 47 1
123 83 1
123 122 1
124 5 1
124 19 1
124 47 1
124 83 1
124 84 1
124 122 1
124 123 1
125 20 1
125 35 1
125 49 1
125 58 1
125 86 1
125 100 1
125 101 1
126 7 1
126 20 1
126 35 1
126 49 1
126 50 1
126 51 1
126 58 1
126 59 1
126 71 1
126 86 1
126 100 1
126 101 1
126 125 1
127 6 1
127 9 1
127 10 1
127 11 1
127 15 1
127 72 1
127 88 1
127 97 1
128 13 1
128 14 1
128 41 1
128 42 1
128 65 1
128 78 1
128 118 1
129 42 1
129 43 1
129 65 1
129 68 1
129 69 1
129 92 1
129 118 1
130 0 1
130 93 1
130 94 1
130 95 1
131 0 1
131 94 1
131 95 1
131 98 1
131 102 1
131 109 1
131 119 1
131 130 1
132 0 1
132 11 1
132 16 1
132 24 1
132 30 1
132 79 1
132 89 1
132 95 1
132 98 1
132 102 1
132 109 1
132 119 1
132 131 1
133 15 1
133 16 1
133 44 1
133 54 1
133 61 1
133 74 1
133 75 1
133 80 1
133 81 1
133 110 1
134 54 1
134 74 1
134 75 1
134 80 1
134 81 1
134 110 1
134 133 1
135 45 1
135 54 1
135 74 1
135 75 1
135 80 1
135 81 1
135 110 1
135 111 1
135 116 1
135 133 1
135 134 1
136 17 1
136 25 1
136 26 1
136 45 1
136 111 1
136 133 1
136 135 1
137 17 1
137 25 1
137 45 1
137 88 1
137 111 1
137 116 1
137 136 1
138 2 1
138 29 1
138 30 1
138 55 1
138 76 1
139 5 1
139 19 1
139 47 1
139 84 1
139 113 1
139 123 1
139 124 1
140 19 1
140 47 1
140 66 1
140 70 1
140 84 1
140 85 1
140 113 1
140 139 1
141 6 1
141 34 1
141 48 1
141 57 1
141 66 1
141 85 1
141 100 1
141 113 1
141 114 1
141 115 1
142 4 1
142 7 1
142 8 1
142 15 1
142 18 1
142 33 1
142 44 1
142 46 1
142 50 1
142 51 1
142 52 1
142 56 1
142 60 1
142 61 1
142 71 1
142 74 1
142 80 1
142 82 1
142 87 1
142 121 1
143 8 1
143 15 1
143 21 1
143 36 1
143 37 1
143 66 1
143 70 1
143 77 1
143 87 1
143 88 1
143 96 1
143 116 1
144 9 1
144 10 1
144 11 1
144 15 1
144 45 1
144 72 1
144 88 1
144 97 1
144 116 1
144 119 1
144 127 1
144 137 1
145 12 1
145 13 1
145 14 1
145 41 1
145 65 1
145 78 1
145 91 1
145 104 1
145 118 1
145 128 1
146 1 1
146 26 1
146 27 1
146 28 1
146 99 1
146 106 1
146 120 1
147 28 1
147 29 1
147 30 1
147 55 1
147 106 1
147 138 1
148 8 1
148 19 1
148 47 1
148 48 1
148 52 1
148 66 1
148 70 1
148 84 1
148 85 1
148 87 1
148 113 1
148 139 1
148 140 1
149 6 1
149 57 1
149 66 1
149 70 1
149 85 1
149 88 1
149 107 1
149 143 1
150 6 1
150 48 1
150 57 1
150 66 1
150 70 1
150 85 1
150 107 1
150 114 1
150 141 1
150 149 1
151 9 1
151 10 1
151 11 1
151 22 1
151 67 1
151 89 1
151 90 1
151 97 1
151 98 1
151 102 1
151 119 1
152 23 1
152 40 1
152 53 1
152 62 1
152 63 1
152 64 1
152 73 1
152 91 1
152 103 1
152 117 1
153 9 1
153 10 1
153 11 1
153 16 1
153 24 1
153 44 1
153 51 1
153 60 1
153 61 1
153 72 1
153 76 1
153 79 1
153 80 1
153 89 1
153 97 1
153 98 1
153 119 1
153 132 1
153 133 1
153 142 1
153 144 1
154 9 1
154 10 1
154 11 1
154 16 1
154 24 1
154 44 1
154 61 1
154 74 1
154 79 1
154 80 1
154 81 1
154 97 1
154 98 1
154 119 1
154 133 1
154 144 1
154 153 1
155 17 1
155 25 1
155 26 1
155 45 1
155 99 1
155 111 1
155 136 1
155 137 1
156 2 1
156 3 1
156 4 1
156 23 1
156 30 1
156 40 1
156 44 1
156 53 1
156 64 1
156 76 1
156 79 1
156 82 1
156 112 1
156 121 1
156 132 1
156 138 1
156 152 1
157 19 1
157 34 1
157 35 1
157 48 1
157 49 1
157 50 1
157 52 1
157 84 1
157 85 1
157 86 1
157 100 1
157 113 1
157 114 1
157 115 1
157 141 1
157 148 1
158 7 1
158 34 1
158 35 1
158 48 1
158 49 1
158 50 1
158 51 1
158 52 1
158 60 1
158 71 1
158 84 1
158 86 1
158 97 1
158 100 1
158 115 1
158 125 1
158 126 1
158 141 1
158 157 1
159 20 1
159 49 1
159 58 1
159 59 1
159 67 1
159 71 1
159 73 1
159 86 1
159 90 1
159 100 1
159 101 1
159 103 1
159 125 1
159 126 1
160 3 1
160 4 1
160 7 1
160 32 1
160 46 1
160 50 1
160 51 1
160 52 1
160 53 1
160 56 1
160 59 1
160 71 1
160 82 1
160 86 1
160 101 1
160 121 1
160 126 1
160 142 1
160 156 1
161 8 1
161 15 1
161 21 1
161 36 1
161 60 1
161 61 1
161 74 1
161 75 1
161 77 1
161 80 1
161 81 1
161 87 1
161 96 1
161 110 1
161 116 1
161 133 1
161 134 1
161 143 1
162 8 1
162 15 1
162 21 1
162 36 1
162 37 1
162 45 1
162 75 1
162 77 1
162 81 1
162 87 1
162 88 1
162 96 1
162 116 1
162 135 1
162 143 1
162 161 1
163 15 1
163 17 1
163 37 1
163 45 1
163 72 1
163 88 1
163 96 1
163 111 1
163 116 1
163 127 1
163 137 1
163 143 1
163 144 1
163 162 1
164 9 1
164 10 1
164 15 1
164 36 1
164 45 1
164 60 1
164 61 1
164 72 1
164 80 1
164 87 1
164 88 1
164 96 1
164 116 1
164 127 1
164 137 1
164 143 1
164 144 1
164 154 1
164 161 1
164 162 1
164 163 1
165 2 1
165 3 1
165 4 1
165 23 1
165 30 1
165 40 1
165 53 1
165 63 1
165 64 1
165 76 1
165 82 1
165 91 1
165 104 1
165 112 1
165 152 1
165 156 1
166 16 1
166 17 1
166 45 1
166 54 1
166 80 1
166 81 1
166 111 1
166 116 1
166 133 1
166 134 1
166 135 1
166 136 1
166 137 1
166 144 1
166 154 1
166 162 1
166 164 1
167 7 1
167 53 1
167 58 1
167 59 1
167 62 1
167 63 1
167 71 1
167 73 1
167 101 1
167 103 1
167 126 1
167 152 1
167 159 1
167 160 1
167 165 1
168 6 1
168 9 1
168 10 1
168 11 1
168 34 1
168 48 1
168 60 1
168 72 1
168 89 1
168 97 1
168 102 1
168 114 1
168 119 1
168 127 1
168 144 1
168 151 1
168 153 1
169 22 1
169 38 1
169 39 1
169 58 1
169 62 1
169 63 1
169 67 1
169 73 1
169 89 1
169 90 1
169 101 1
169 103 1
169 108 1
169 117 1
169 159 1
169 167 1
170 2 1
170 3 1
170 23 1
170 30 1
170 38 1
170 40 1
170 53 1
170 62 1
170 63 1
170 64 1
170 73 1
170 91 1
170 103 1
170 117 1
170 152 1
170 156 1
170 165 1
170 167 1
171 16 1
171 44 1
171 61 1
171 74 1
171 75 1
171 76 1
171 80 1
171 81 1
171 110 1
171 121 1
171 133 1
171 134 1
171 135 1
171 153 1
171 154 1
171 166 1
172 21 1
172 45 1
172 54 1
172 74 1
172 75 1
172 81 1
172 110 1
172 111 1
172 116 1
172 133 1
172 134 1
172 135 1
172 136 1
172 161 1
172 162 1
172 166 1
173 5 1
173 7 1
173 32 1
173 33 1
173 46 1
173 47 1
173 83 1
173 122 1
173 123 1
173 124 1
173 139 1
174 6 1
174 10 1
174 34 1
174 48 1
174 72 1
174 97 1
174 114 1
174 115 1
174 127 1
174 141 1
174 150 1
174 157 1
174 158 1
174 168 1
175 10 1
175 11 1
175 22 1
175 34 1
175 38 1
175 67 1
175 89 1
175 90 1
175 97 1
175 98 1
175 102 1
175 119 1
175 151 1
175 158 1
175 168 1
176 3 1
176 4 1
176 12 1
176 13 1
176 14 1
176 23 1
176 31 1
176 40 1
176 41 1
176 53 1
176 64 1
176 82 1
176 91 1
176 104 1
176 105 1
176 112 1
176 145 1
176 152 1
176 165 1
