# minsup
1
# graph
G_portein_file\Bcl-xl\1YSI.pdb
# node ID, label
0 A
1 A
2 A
3 A
4 A
5 A
6 A
7 A
8 A
9 A
10 A
11 A
12 A
13 A
14 A
15 C
16 D
17 D
18 D
19 D
20 D
21 D
22 D
23 D
24 E
25 E
26 E
27 E
28 E
29 E
30 E
31 E
32 E
33 E
34 E
35 E
36 E
37 E
38 E
39 E
40 E
41 E
42 E
43 E
44 F
45 F
46 F
47 F
48 F
49 F
50 F
51 F
52 F
53 F
54 G
55 G
56 G
57 G
58 G
59 G
60 G
61 G
62 G
63 G
64 G
65 G
66 H
67 H
68 H
69 H
70 H
71 H
72 H
73 H
74 I
75 I
76 I
77 I
78 K
79 K
80 K
81 K
82 K
83 L
84 L
85 L
86 L
87 L
88 L
89 L
90 L
91 L
92 L
93 L
94 L
95 L
96 L
97 M
98 M
99 M
100 M
101 M
102 N
103 N
104 N
105 N
106 N
107 N
108 N
109 N
110 P
111 P
112 P
113 Q
114 Q
115 Q
116 Q
117 Q
118 Q
119 Q
120 Q
121 Q
122 Q
123 R
124 R
125 R
126 R
127 R
128 R
129 R
130 R
131 R
132 R
133 R
134 S
135 S
136 S
137 S
138 S
139 S
140 S
141 S
142 S
143 S
144 S
145 S
146 S
147 S
148 S
149 S
150 T
151 T
152 T
153 T
154 T
155 T
156 T
157 V
158 V
159 V
160 V
161 V
162 V
163 V
164 V
165 V
166 V
167 V
168 V
169 V
170 W
171 W
172 W
173 W
174 W
175 Y
176 Y
177 Y
178 Y
179 Y
180 Y
# node ID1, node ID2, number of bounds
3 2 1
4 3 1
7 4 1
7 5 1
10 9 1
11 9 1
11 10 1
13 12 1
14 12 1
14 13 1
15 8 1
15 9 1
18 4 1
19 5 1
21 15 1
22 11 1
23 2 1
24 9 1
24 10 1
24 11 1
24 16 1
25 17 1
26 17 1
26 25 1
27 1 1
28 1 1
28 27 1
29 2 1
29 28 1
30 2 1
30 23 1
30 29 1
31 3 1
31 4 1
31 18 1
32 3 1
32 4 1
32 18 1
32 31 1
33 4 1
33 5 1
33 7 1
33 18 1
33 31 1
33 32 1
34 6 1
35 20 1
35 34 1
36 8 1
36 15 1
36 21 1
37 21 1
37 36 1
38 22 1
39 38 1
40 2 1
40 3 1
40 13 1
40 23 1
41 12 1
41 13 1
41 14 1
43 42 1
44 16 1
44 24 1
45 17 1
46 4 1
46 5 1
46 7 1
46 18 1
46 31 1
46 32 1
46 33 1
47 5 1
47 7 1
47 19 1
48 6 1
48 34 1
48 35 1
49 7 1
49 20 1
49 34 1
49 35 1
50 7 1
50 8 1
50 47 1
50 49 1
51 4 1
51 7 1
51 8 1
51 9 1
51 11 1
51 44 1
51 50 1
52 5 1
52 7 1
52 8 1
52 15 1
52 47 1
52 50 1
52 51 1
53 2 1
53 3 1
53 23 1
53 40 1
54 21 1
55 1 1
55 28 1
55 29 1
56 3 1
56 4 1
56 7 1
56 8 1
56 18 1
56 31 1
56 32 1
56 33 1
56 44 1
56 46 1
56 51 1
56 52 1
57 6 1
58 20 1
58 49 1
59 4 1
59 7 1
59 46 1
59 50 1
59 51 1
59 53 1
60 7 1
60 8 1
60 9 1
60 10 1
60 11 1
60 15 1
60 44 1
60 48 1
60 50 1
60 51 1
60 52 1
61 8 1
61 9 1
61 15 1
61 16 1
61 36 1
61 44 1
61 50 1
61 51 1
61 52 1
61 56 1
61 60 1
62 23 1
62 39 1
62 53 1
63 0 1
63 23 1
63 38 1
63 39 1
63 40 1
63 53 1
63 62 1
64 2 1
64 3 1
64 4 1
64 12 1
64 23 1
64 31 1
64 40 1
64 53 1
65 14 1
65 41 1
65 42 1
65 43 1
66 6 1
66 48 1
66 57 1
67 11 1
67 22 1
67 38 1
67 49 1
68 42 1
68 43 1
68 65 1
69 42 1
69 43 1
69 68 1
70 43 1
70 68 1
70 69 1
71 68 1
71 69 1
71 70 1
72 68 1
72 69 1
72 70 1
72 71 1
73 70 1
73 71 1
73 72 1
74 6 1
74 15 1
74 36 1
74 48 1
74 57 1
74 66 1
75 4 1
75 7 1
75 49 1
75 50 1
75 51 1
75 52 1
75 53 1
75 59 1
76 6 1
76 9 1
76 10 1
76 11 1
76 15 1
76 48 1
76 60 1
76 61 1
77 23 1
77 38 1
77 39 1
77 53 1
77 62 1
77 63 1
77 67 1
77 75 1
78 8 1
78 15 1
78 16 1
78 44 1
78 54 1
78 56 1
78 61 1
79 21 1
79 54 1
79 78 1
80 2 1
80 3 1
80 4 1
80 16 1
80 30 1
80 31 1
80 44 1
81 21 1
81 36 1
81 37 1
82 14 1
82 41 1
82 42 1
82 43 1
82 65 1
83 9 1
83 11 1
83 16 1
83 24 1
83 44 1
83 51 1
83 80 1
84 8 1
84 9 1
84 15 1
84 16 1
84 24 1
84 44 1
84 51 1
84 60 1
84 61 1
84 78 1
84 83 1
85 8 1
85 15 1
85 16 1
85 21 1
85 36 1
85 44 1
85 54 1
85 61 1
85 78 1
85 79 1
85 84 1
86 2 1
86 3 1
86 4 1
86 7 1
86 18 1
86 31 1
86 32 1
86 44 1
86 46 1
86 51 1
86 53 1
86 56 1
86 59 1
86 64 1
86 75 1
86 80 1
86 83 1
87 4 1
87 5 1
87 18 1
87 32 1
87 33 1
87 46 1
87 56 1
88 5 1
88 19 1
88 35 1
88 47 1
88 48 1
88 52 1
88 66 1
89 6 1
89 19 1
89 48 1
89 66 1
89 74 1
89 88 1
90 7 1
90 20 1
90 34 1
90 35 1
90 47 1
90 49 1
90 50 1
90 58 1
90 75 1
90 88 1
91 8 1
91 9 1
91 15 1
91 21 1
91 36 1
91 48 1
91 52 1
91 60 1
91 61 1
91 66 1
91 74 1
91 76 1
91 84 1
91 89 1
92 6 1
92 9 1
92 10 1
92 15 1
92 45 1
92 74 1
92 76 1
92 91 1
93 10 1
93 11 1
93 22 1
93 38 1
93 51 1
93 67 1
93 75 1
93 77 1
93 83 1
94 22 1
94 38 1
94 39 1
94 49 1
94 67 1
94 75 1
94 77 1
94 93 1
95 23 1
95 40 1
95 53 1
95 62 1
95 64 1
96 42 1
96 43 1
96 65 1
96 68 1
96 69 1
96 70 1
97 0 1
98 0 1
98 97 1
99 0 1
99 22 1
99 38 1
99 63 1
99 77 1
99 93 1
99 98 1
100 15 1
100 21 1
100 36 1
100 37 1
100 45 1
100 74 1
100 81 1
100 92 1
101 9 1
101 10 1
101 11 1
101 34 1
101 48 1
101 50 1
101 51 1
101 52 1
101 60 1
101 61 1
101 67 1
101 76 1
101 83 1
101 93 1
102 9 1
102 10 1
102 11 1
102 16 1
102 22 1
102 24 1
102 38 1
102 83 1
102 93 1
102 99 1
102 101 1
103 25 1
103 26 1
103 27 1
104 20 1
104 34 1
104 35 1
104 48 1
104 49 1
104 50 1
104 90 1
105 7 1
105 20 1
105 49 1
105 53 1
105 58 1
105 59 1
105 75 1
105 77 1
105 94 1
106 10 1
106 11 1
106 22 1
106 38 1
106 67 1
106 93 1
106 94 1
106 99 1
106 101 1
106 102 1
107 38 1
107 39 1
107 53 1
107 62 1
107 63 1
107 77 1
107 105 1
108 3 1
108 12 1
108 13 1
108 14 1
108 40 1
108 53 1
108 64 1
108 95 1
109 2 1
109 3 1
109 12 1
109 13 1
109 14 1
109 40 1
109 41 1
109 64 1
109 95 1
109 108 1
110 1 1
110 27 1
110 28 1
110 29 1
110 55 1
111 6 1
111 57 1
111 66 1
111 74 1
112 22 1
112 38 1
112 39 1
112 63 1
112 67 1
112 77 1
112 93 1
112 94 1
112 106 1
112 107 1
113 0 1
113 11 1
113 24 1
113 83 1
113 98 1
113 99 1
113 102 1
113 106 1
114 54 1
114 78 1
114 79 1
114 85 1
115 17 1
115 25 1
115 26 1
115 45 1
116 2 1
116 3 1
116 4 1
116 30 1
116 31 1
116 44 1
116 64 1
116 80 1
116 86 1
116 108 1
116 109 1
117 19 1
117 47 1
117 48 1
117 66 1
117 74 1
117 88 1
117 89 1
118 6 1
118 34 1
118 48 1
118 57 1
118 89 1
119 34 1
119 35 1
119 48 1
119 88 1
119 89 1
119 90 1
119 104 1
119 117 1
119 118 1
120 15 1
120 17 1
120 21 1
120 36 1
120 37 1
120 45 1
120 81 1
120 92 1
120 100 1
120 115 1
121 23 1
121 38 1
121 39 1
121 53 1
121 62 1
121 63 1
121 77 1
121 94 1
121 99 1
121 107 1
121 112 1
122 42 1
122 43 1
122 65 1
122 68 1
122 82 1
122 96 1
123 9 1
123 10 1
123 11 1
123 16 1
123 24 1
123 83 1
123 93 1
123 101 1
123 102 1
123 106 1
123 113 1
124 1 1
124 25 1
124 26 1
124 27 1
124 103 1
124 110 1
125 2 1
125 3 1
125 4 1
125 18 1
125 31 1
125 32 1
125 44 1
125 46 1
125 51 1
125 56 1
125 64 1
125 78 1
125 80 1
125 86 1
125 116 1
126 5 1
126 18 1
126 32 1
126 33 1
126 46 1
126 87 1
127 5 1
127 33 1
127 46 1
127 47 1
127 87 1
127 126 1
128 5 1
128 19 1
128 33 1
128 47 1
128 87 1
128 126 1
128 127 1
129 20 1
129 35 1
129 49 1
129 58 1
129 90 1
129 104 1
129 105 1
130 7 1
130 20 1
130 49 1
130 50 1
130 51 1
130 58 1
130 59 1
130 75 1
130 90 1
130 105 1
130 129 1
131 6 1
131 9 1
131 10 1
131 11 1
131 15 1
131 76 1
131 92 1
131 101 1
132 12 1
132 13 1
132 14 1
132 41 1
132 65 1
132 82 1
132 122 1
133 42 1
133 43 1
133 65 1
133 68 1
133 69 1
133 70 1
133 96 1
133 122 1
134 0 1
134 97 1
134 98 1
134 99 1
135 0 1
135 98 1
135 99 1
135 102 1
135 106 1
135 113 1
135 123 1
135 134 1
136 0 1
136 11 1
136 16 1
136 24 1
136 30 1
136 83 1
136 93 1
136 99 1
136 102 1
136 106 1
136 113 1
136 123 1
136 135 1
137 15 1
137 16 1
137 44 1
137 54 1
137 61 1
137 78 1
137 79 1
137 84 1
137 85 1
137 114 1
138 54 1
138 78 1
138 79 1
138 84 1
138 85 1
138 114 1
138 137 1
139 45 1
139 54 1
139 78 1
139 79 1
139 84 1
139 85 1
139 114 1
139 115 1
139 120 1
139 137 1
139 138 1
140 17 1
140 25 1
140 26 1
140 45 1
140 115 1
140 137 1
140 139 1
141 17 1
141 25 1
141 45 1
141 92 1
141 115 1
141 120 1
141 140 1
142 2 1
142 28 1
142 29 1
142 30 1
142 55 1
142 80 1
143 5 1
143 19 1
143 47 1
143 88 1
143 117 1
143 127 1
143 128 1
144 19 1
144 47 1
144 66 1
144 74 1
144 88 1
144 89 1
144 117 1
144 143 1
145 6 1
145 34 1
145 48 1
145 57 1
145 66 1
145 88 1
145 89 1
145 104 1
145 117 1
145 118 1
145 119 1
146 4 1
146 7 1
146 8 1
146 15 1
146 18 1
146 33 1
146 44 1
146 46 1
146 50 1
146 51 1
146 52 1
146 56 1
146 60 1
146 61 1
146 75 1
146 78 1
146 84 1
146 86 1
146 91 1
146 125 1
147 8 1
147 15 1
147 21 1
147 36 1
147 37 1
147 61 1
147 66 1
147 74 1
147 76 1
147 81 1
147 91 1
147 92 1
147 100 1
147 120 1
148 9 1
148 10 1
148 11 1
148 15 1
148 45 1
148 76 1
148 92 1
148 101 1
148 120 1
148 123 1
148 131 1
148 141 1
149 12 1
149 13 1
149 14 1
149 41 1
149 65 1
149 82 1
149 122 1
149 132 1
150 1 1
150 26 1
150 27 1
150 28 1
150 103 1
150 110 1
150 124 1
151 28 1
151 29 1
151 30 1
151 55 1
151 110 1
151 142 1
152 5 1
152 8 1
152 19 1
152 47 1
152 48 1
152 52 1
152 60 1
152 66 1
152 74 1
152 88 1
152 89 1
152 91 1
152 117 1
152 143 1
152 144 1
153 6 1
153 57 1
153 66 1
153 74 1
153 89 1
153 92 1
153 111 1
153 147 1
154 6 1
154 48 1
154 57 1
154 66 1
154 74 1
154 89 1
154 111 1
154 118 1
154 145 1
154 153 1
155 9 1
155 10 1
155 11 1
155 22 1
155 38 1
155 67 1
155 93 1
155 94 1
155 101 1
155 102 1
155 106 1
155 123 1
156 23 1
156 40 1
156 53 1
156 62 1
156 63 1
156 64 1
156 77 1
156 95 1
156 107 1
156 121 1
157 9 1
157 10 1
157 11 1
157 16 1
157 24 1
157 44 1
157 51 1
157 60 1
157 61 1
157 76 1
157 80 1
157 83 1
157 84 1
157 93 1
157 101 1
157 102 1
157 123 1
157 136 1
157 137 1
157 146 1
157 148 1
158 9 1
158 10 1
158 11 1
158 16 1
158 24 1
158 44 1
158 61 1
158 78 1
158 83 1
158 84 1
158 85 1
158 101 1
158 102 1
158 123 1
158 137 1
158 148 1
158 157 1
159 17 1
159 25 1
159 26 1
159 45 1
159 103 1
159 115 1
159 140 1
159 141 1
160 2 1
160 3 1
160 23 1
160 30 1
160 40 1
160 44 1
160 53 1
160 64 1
160 80 1
160 83 1
160 86 1
160 116 1
160 125 1
160 136 1
160 142 1
160 156 1
161 19 1
161 34 1
161 35 1
161 47 1
161 48 1
161 49 1
161 88 1
161 89 1
161 90 1
161 104 1
161 117 1
161 118 1
161 119 1
161 145 1
161 152 1
162 7 1
162 34 1
162 35 1
162 48 1
162 49 1
162 50 1
162 52 1
162 60 1
162 88 1
162 89 1
162 90 1
162 101 1
162 104 1
162 118 1
162 119 1
162 129 1
162 145 1
162 152 1
162 161 1
163 20 1
163 49 1
163 58 1
163 59 1
163 75 1
163 77 1
163 90 1
163 94 1
163 105 1
163 107 1
163 129 1
163 130 1
164 3 1
164 4 1
164 7 1
164 31 1
164 46 1
164 50 1
164 51 1
164 52 1
164 53 1
164 56 1
164 59 1
164 75 1
164 86 1
164 105 1
164 125 1
164 130 1
164 146 1
165 8 1
165 15 1
165 21 1
165 36 1
165 52 1
165 60 1
165 61 1
165 78 1
165 79 1
165 81 1
165 84 1
165 85 1
165 91 1
165 100 1
165 114 1
165 120 1
165 137 1
165 138 1
165 147 1
166 8 1
166 15 1
166 21 1
166 36 1
166 37 1
166 45 1
166 79 1
166 81 1
166 85 1
166 91 1
166 92 1
166 100 1
166 120 1
166 139 1
166 147 1
166 165 1
167 15 1
167 17 1
167 37 1
167 45 1
167 76 1
167 92 1
167 100 1
167 115 1
167 120 1
167 131 1
167 141 1
167 147 1
167 148 1
167 166 1
168 9 1
168 10 1
168 15 1
168 36 1
168 45 1
168 60 1
168 61 1
168 76 1
168 84 1
168 91 1
168 92 1
168 100 1
168 120 1
168 131 1
168 141 1
168 147 1
168 148 1
168 158 1
168 165 1
168 166 1
168 167 1
169 2 1
169 3 1
169 23 1
169 40 1
169 53 1
169 63 1
169 64 1
169 80 1
169 86 1
169 95 1
169 108 1
169 109 1
169 116 1
169 156 1
169 160 1
170 16 1
170 17 1
170 45 1
170 54 1
170 84 1
170 85 1
170 115 1
170 120 1
170 137 1
170 138 1
170 139 1
170 140 1
170 141 1
170 148 1
170 158 1
170 166 1
170 168 1
171 7 1
171 53 1
171 58 1
171 59 1
171 75 1
171 77 1
171 95 1
171 105 1
171 107 1
171 130 1
171 156 1
171 163 1
171 164 1
171 169 1
172 6 1
172 9 1
172 10 1
172 11 1
172 34 1
172 48 1
172 60 1
172 76 1
172 93 1
172 101 1
172 106 1
172 118 1
172 123 1
172 131 1
172 148 1
172 155 1
172 157 1
172 162 1
173 22 1
173 38 1
173 39 1
173 58 1
173 62 1
173 63 1
173 67 1
173 77 1
173 93 1
173 94 1
173 105 1
173 107 1
173 112 1
173 121 1
173 163 1
173 171 1
174 0 1
174 2 1
174 3 1
174 23 1
174 30 1
174 38 1
174 40 1
174 53 1
174 62 1
174 63 1
174 77 1
174 95 1
174 99 1
174 107 1
174 121 1
174 156 1
174 160 1
174 169 1
174 171 1
175 16 1
175 44 1
175 61 1
175 78 1
175 79 1
175 80 1
175 84 1
175 85 1
175 114 1
175 125 1
175 137 1
175 138 1
175 139 1
175 157 1
175 158 1
175 170 1
176 21 1
176 37 1
176 45 1
176 54 1
176 78 1
176 79 1
176 85 1
176 114 1
176 115 1
176 120 1
176 137 1
176 138 1
176 139 1
176 140 1
176 165 1
176 166 1
176 170 1
177 5 1
177 32 1
177 33 1
177 46 1
177 47 1
177 87 1
177 126 1
177 127 1
177 128 1
178 6 1
178 10 1
178 34 1
178 48 1
178 57 1
178 76 1
178 89 1
178 101 1
178 118 1
178 119 1
178 131 1
178 145 1
178 154 1
178 161 1
178 162 1
178 172 1
179 9 1
179 10 1
179 11 1
179 22 1
179 34 1
179 38 1
179 50 1
179 67 1
179 93 1
179 94 1
179 101 1
179 102 1
179 104 1
179 106 1
179 123 1
179 155 1
179 162 1
179 172 1
180 3 1
180 40 1
180 53 1
180 64 1
180 95 1
180 108 1
180 109 1
180 156 1
180 169 1
180 171 1
