# minsup
1
# graph
G_portein_file\Bcl-xl\2BZW.pdb
# node ID, label
0 A
1 A
2 A
3 A
4 A
5 A
6 A
7 D
8 D
9 E
10 E
11 E
12 E
13 E
14 F
15 F
16 F
17 F
18 F
19 F
20 G
21 G
22 G
23 G
24 G
25 G
26 I
27 I
28 I
29 L
30 L
31 L
32 L
33 L
34 M
35 M
36 N
37 N
38 P
39 Q
40 Q
41 R
42 R
43 R
44 R
45 R
46 S
47 S
48 S
49 T
50 V
51 V
52 V
53 V
54 V
55 W
56 W
57 W
58 Y
59 Y
# node ID1, node ID2, number of bounds
1 0 1
2 1 1
6 5 1
7 0 1
7 1 1
8 2 1
9 6 1
10 6 1
10 9 1
12 8 1
13 2 1
13 8 1
13 12 1
14 6 1
14 9 1
15 10 1
16 2 1
16 15 1
17 1 1
17 2 1
17 3 1
17 16 1
18 2 1
18 3 1
18 14 1
18 16 1
18 17 1
19 1 1
19 2 1
19 8 1
19 12 1
19 13 1
20 0 1
20 1 1
20 2 1
20 7 1
20 16 1
20 17 1
20 18 1
21 1 1
21 2 1
21 8 1
21 12 1
21 13 1
21 16 1
21 19 1
21 20 1
22 2 1
22 3 1
22 4 1
22 14 1
22 16 1
22 17 1
22 18 1
23 2 1
23 3 1
23 4 1
23 16 1
23 17 1
23 18 1
23 20 1
23 22 1
24 2 1
24 5 1
24 6 1
24 9 1
24 10 1
24 14 1
24 15 1
24 16 1
24 18 1
25 8 1
25 12 1
25 13 1
25 19 1
25 21 1
26 1 1
26 2 1
26 13 1
26 15 1
26 16 1
26 17 1
26 18 1
26 20 1
26 21 1
27 4 1
27 14 1
27 22 1
27 23 1
28 11 1
28 26 1
29 0 1
29 1 1
29 7 1
29 17 1
29 20 1
29 26 1
30 2 1
30 8 1
30 9 1
30 10 1
30 15 1
30 16 1
30 24 1
30 26 1
31 11 1
31 16 1
31 17 1
31 26 1
31 28 1
32 11 1
32 15 1
32 26 1
32 28 1
32 31 1
33 2 1
33 8 1
33 10 1
33 15 1
33 16 1
33 18 1
33 24 1
33 30 1
34 4 1
34 9 1
34 14 1
34 16 1
34 17 1
34 22 1
34 23 1
34 27 1
34 31 1
35 2 1
35 8 1
35 12 1
35 13 1
35 19 1
35 21 1
35 24 1
35 25 1
35 30 1
35 33 1
36 9 1
36 10 1
36 14 1
36 15 1
36 24 1
36 30 1
37 2 1
37 8 1
37 13 1
37 15 1
37 19 1
37 21 1
37 25 1
37 26 1
37 28 1
37 32 1
38 11 1
38 28 1
38 31 1
38 32 1
39 5 1
39 6 1
39 9 1
39 10 1
39 14 1
39 24 1
39 30 1
39 36 1
40 5 1
40 6 1
40 9 1
40 10 1
40 14 1
40 24 1
40 30 1
40 33 1
40 36 1
40 39 1
41 2 1
41 8 1
41 12 1
41 13 1
41 15 1
41 16 1
41 17 1
41 19 1
41 21 1
41 26 1
41 30 1
41 33 1
41 35 1
41 37 1
42 5 1
42 6 1
42 10 1
42 24 1
42 30 1
42 33 1
42 39 1
42 40 1
43 5 1
43 6 1
43 10 1
43 15 1
43 24 1
43 30 1
43 33 1
43 35 1
43 36 1
43 39 1
43 40 1
43 42 1
44 2 1
44 8 1
44 10 1
44 12 1
44 13 1
44 15 1
44 16 1
44 19 1
44 21 1
44 24 1
44 26 1
44 30 1
44 33 1
44 35 1
44 37 1
44 41 1
44 42 1
44 43 1
45 8 1
45 12 1
45 13 1
45 19 1
45 21 1
45 24 1
45 30 1
45 33 1
45 35 1
45 41 1
45 43 1
45 44 1
46 1 1
46 2 1
46 3 1
46 7 1
46 16 1
46 17 1
46 18 1
46 20 1
46 22 1
46 23 1
46 26 1
46 29 1
46 41 1
47 4 1
47 27 1
47 31 1
47 34 1
48 2 1
48 8 1
48 12 1
48 13 1
48 16 1
48 19 1
48 21 1
48 25 1
48 26 1
48 30 1
48 33 1
48 35 1
48 37 1
48 41 1
48 44 1
48 45 1
49 4 1
49 27 1
49 31 1
49 32 1
49 34 1
49 47 1
50 4 1
50 17 1
50 22 1
50 23 1
50 27 1
50 31 1
50 34 1
50 47 1
51 5 1
51 6 1
51 9 1
51 10 1
51 14 1
51 15 1
51 16 1
51 18 1
51 24 1
51 30 1
51 33 1
51 36 1
51 39 1
51 40 1
51 42 1
51 43 1
51 44 1
52 2 1
52 6 1
52 9 1
52 10 1
52 14 1
52 15 1
52 16 1
52 18 1
52 22 1
52 24 1
52 26 1
52 30 1
52 33 1
52 34 1
52 36 1
52 39 1
52 40 1
52 41 1
52 43 1
52 44 1
52 51 1
53 8 1
53 15 1
53 21 1
53 26 1
53 28 1
53 30 1
53 32 1
53 37 1
53 41 1
53 44 1
54 0 1
54 1 1
54 2 1
54 7 1
54 13 1
54 16 1
54 17 1
54 18 1
54 19 1
54 20 1
54 21 1
54 26 1
54 29 1
54 37 1
54 41 1
54 46 1
54 48 1
55 1 1
55 2 1
55 8 1
55 13 1
55 16 1
55 19 1
55 21 1
55 25 1
55 26 1
55 28 1
55 37 1
55 41 1
55 48 1
55 53 1
55 54 1
56 4 1
56 9 1
56 14 1
56 22 1
56 27 1
56 31 1
56 34 1
56 47 1
56 49 1
56 50 1
57 11 1
57 28 1
57 32 1
57 37 1
57 38 1
57 53 1
57 55 1
58 4 1
58 9 1
58 11 1
58 16 1
58 31 1
58 32 1
58 34 1
58 36 1
58 47 1
58 49 1
58 52 1
58 56 1
59 5 1
59 6 1
59 10 1
59 24 1
59 30 1
59 33 1
59 39 1
59 40 1
59 42 1
59 43 1
59 44 1
59 45 1
59 51 1
59 52 1
