# minsup
1
# graph
G_./1AF3.pdb
# node ID, label
0 A
1 A
2 A
3 A
4 A
5 A
6 A
7 A
8 A
9 C
10 D
11 D
12 D
13 D
14 D
15 D
16 D
17 D
18 E
19 E
20 E
21 E
22 E
23 E
24 E
25 E
26 E
27 F
28 F
29 F
30 F
31 F
32 F
33 F
34 F
35 G
36 G
37 G
38 G
39 G
40 G
41 G
42 G
43 H
44 I
45 I
46 I
47 I
48 K
49 K
50 K
51 K
52 L
53 L
54 L
55 L
56 L
57 L
58 L
59 L
60 L
61 L
62 M
63 M
64 M
65 N
66 N
67 N
68 N
69 P
70 P
71 Q
72 Q
73 Q
74 Q
75 Q
76 Q
77 Q
78 R
79 R
80 R
81 R
82 R
83 R
84 S
85 S
86 S
87 S
88 S
89 S
90 S
91 S
92 S
93 S
94 T
95 T
96 T
97 V
98 V
99 V
100 V
101 V
102 V
103 V
104 V
105 V
106 V
107 V
108 V
109 W
110 W
111 W
112 W
113 W
114 Y
115 Y
116 Y
117 Y
# node ID1, node ID2, number of bounds
1 0 1
2 0 1
2 1 1
5 1 1
5 2 1
5 3 1
6 2 1
6 3 1
6 5 1
7 4 1
7 5 1
7 6 1
8 4 1
8 5 1
8 7 1
9 5 1
9 6 1
9 7 1
9 8 1
10 0 1
10 1 1
10 2 1
10 6 1
10 7 1
10 8 1
10 9 1
11 7 1
11 10 1
12 1 1
12 2 1
12 3 1
12 5 1
12 6 1
12 10 1
13 5 1
14 6 1
14 9 1
15 7 1
15 8 1
16 0 1
16 1 1
16 2 1
17 0 1
17 1 1
17 2 1
17 16 1
18 0 1
18 1 1
18 2 1
18 5 1
18 10 1
18 12 1
18 17 1
19 1 1
19 2 1
19 3 1
19 5 1
19 6 1
19 12 1
19 18 1
20 1 1
20 2 1
20 3 1
20 5 1
20 6 1
20 9 1
20 12 1
20 18 1
20 19 1
21 4 1
21 5 1
21 7 1
21 8 1
21 15 1
22 3 1
22 5 1
22 13 1
22 21 1
23 3 1
23 6 1
23 7 1
23 9 1
23 14 1
24 6 1
24 9 1
24 14 1
24 23 1
25 8 1
25 15 1
25 16 1
25 21 1
26 15 1
26 16 1
26 25 1
27 0 1
27 1 1
27 2 1
27 5 1
27 6 1
27 7 1
27 8 1
27 9 1
27 10 1
27 12 1
27 18 1
27 19 1
27 20 1
28 1 1
28 2 1
28 3 1
28 5 1
28 6 1
28 12 1
28 18 1
28 19 1
28 20 1
28 27 1
29 4 1
29 5 1
29 6 1
29 7 1
29 8 1
29 9 1
29 15 1
29 21 1
29 22 1
29 23 1
30 3 1
30 5 1
30 13 1
30 15 1
30 21 1
30 22 1
30 25 1
30 29 1
31 1 1
31 2 1
31 3 1
31 5 1
31 6 1
31 7 1
31 8 1
31 9 1
31 10 1
31 12 1
31 13 1
31 15 1
31 18 1
31 19 1
31 20 1
31 21 1
31 22 1
31 25 1
31 27 1
31 28 1
31 29 1
31 30 1
32 1 1
32 2 1
32 3 1
32 5 1
32 6 1
32 7 1
32 8 1
32 9 1
32 10 1
32 12 1
32 18 1
32 19 1
32 20 1
32 21 1
32 22 1
32 23 1
32 25 1
32 27 1
32 28 1
32 29 1
32 30 1
32 31 1
33 2 1
33 3 1
33 5 1
33 6 1
33 7 1
33 8 1
33 9 1
33 10 1
33 12 1
33 19 1
33 20 1
33 21 1
33 22 1
33 23 1
33 27 1
33 28 1
33 29 1
33 30 1
33 31 1
33 32 1
34 0 1
34 1 1
34 2 1
34 5 1
34 16 1
34 17 1
34 18 1
34 19 1
34 25 1
34 26 1
34 28 1
34 31 1
34 32 1
35 6 1
35 9 1
35 14 1
35 23 1
35 24 1
35 27 1
36 0 1
36 1 1
36 2 1
36 3 1
36 5 1
36 6 1
36 9 1
36 10 1
36 12 1
36 18 1
36 19 1
36 20 1
36 27 1
36 28 1
36 31 1
36 32 1
36 33 1
36 34 1
37 5 1
37 13 1
37 15 1
37 21 1
37 22 1
37 25 1
37 26 1
37 30 1
37 31 1
38 1 1
38 2 1
38 3 1
38 5 1
38 12 1
38 13 1
38 17 1
38 18 1
38 19 1
38 20 1
38 22 1
38 25 1
38 28 1
38 30 1
38 31 1
38 32 1
38 33 1
38 34 1
38 36 1
38 37 1
39 2 1
39 3 1
39 4 1
39 5 1
39 6 1
39 7 1
39 8 1
39 9 1
39 10 1
39 12 1
39 14 1
39 20 1
39 21 1
39 22 1
39 23 1
39 27 1
39 28 1
39 29 1
39 30 1
39 31 1
39 32 1
39 33 1
39 36 1
39 38 1
40 2 1
40 3 1
40 5 1
40 6 1
40 7 1
40 8 1
40 9 1
40 10 1
40 12 1
40 14 1
40 18 1
40 19 1
40 20 1
40 23 1
40 27 1
40 28 1
40 29 1
40 31 1
40 32 1
40 33 1
40 35 1
40 36 1
40 39 1
41 16 1
41 17 1
41 25 1
41 26 1
41 34 1
41 38 1
42 0 1
42 1 1
42 15 1
42 16 1
42 17 1
42 25 1
42 26 1
42 34 1
42 38 1
42 41 1
43 5 1
43 8 1
43 13 1
43 15 1
43 21 1
43 22 1
43 25 1
43 26 1
43 29 1
43 30 1
43 31 1
43 32 1
43 37 1
43 42 1
44 0 1
44 1 1
44 10 1
44 16 1
45 1 1
45 2 1
45 3 1
45 5 1
45 6 1
45 7 1
45 8 1
45 12 1
45 13 1
45 15 1
45 16 1
45 17 1
45 18 1
45 19 1
45 20 1
45 21 1
45 22 1
45 25 1
45 26 1
45 27 1
45 28 1
45 30 1
45 31 1
45 32 1
45 33 1
45 34 1
45 36 1
45 37 1
45 38 1
45 39 1
45 40 1
45 41 1
45 42 1
45 43 1
46 4 1
46 6 1
46 7 1
46 8 1
46 9 1
46 10 1
46 11 1
46 14 1
46 21 1
46 23 1
46 24 1
46 27 1
46 29 1
46 31 1
46 32 1
46 33 1
46 39 1
46 40 1
47 5 1
47 8 1
47 15 1
47 16 1
47 17 1
47 25 1
47 26 1
47 30 1
47 31 1
47 32 1
47 34 1
47 37 1
47 38 1
47 41 1
47 42 1
47 43 1
47 45 1
48 1 1
48 2 1
48 5 1
48 6 1
48 7 1
48 9 1
48 10 1
48 12 1
48 14 1
48 18 1
48 19 1
48 20 1
48 23 1
48 27 1
48 28 1
48 31 1
48 32 1
48 33 1
48 35 1
48 36 1
48 39 1
48 40 1
48 46 1
49 6 1
49 9 1
49 10 1
49 12 1
49 14 1
49 20 1
49 23 1
49 27 1
49 35 1
49 36 1
49 39 1
49 40 1
49 48 1
50 0 1
50 1 1
50 2 1
50 5 1
50 8 1
50 10 1
50 12 1
50 16 1
50 17 1
50 18 1
50 19 1
50 27 1
50 31 1
50 32 1
50 34 1
50 36 1
50 40 1
50 42 1
50 44 1
50 45 1
50 48 1
51 6 1
51 9 1
51 14 1
51 23 1
51 24 1
51 40 1
51 46 1
52 0 1
52 1 1
52 2 1
52 5 1
52 7 1
52 8 1
52 10 1
52 16 1
52 18 1
52 25 1
52 27 1
52 31 1
52 32 1
52 33 1
52 34 1
52 36 1
52 39 1
52 40 1
52 42 1
52 44 1
52 45 1
52 46 1
52 47 1
52 48 1
52 50 1
53 1 1
53 2 1
53 5 1
53 6 1
53 7 1
53 8 1
53 9 1
53 10 1
53 11 1
53 12 1
53 14 1
53 18 1
53 20 1
53 23 1
53 27 1
53 28 1
53 31 1
53 32 1
53 33 1
53 35 1
53 36 1
53 39 1
53 40 1
53 45 1
53 46 1
53 48 1
53 49 1
53 50 1
53 52 1
54 6 1
54 7 1
54 9 1
54 10 1
54 12 1
54 14 1
54 18 1
54 20 1
54 23 1
54 24 1
54 27 1
54 32 1
54 33 1
54 35 1
54 36 1
54 39 1
54 40 1
54 46 1
54 48 1
54 49 1
54 51 1
54 52 1
54 53 1
55 0 1
55 1 1
55 2 1
55 5 1
55 8 1
55 10 1
55 12 1
55 16 1
55 17 1
55 18 1
55 19 1
55 20 1
55 27 1
55 28 1
55 31 1
55 32 1
55 33 1
55 34 1
55 36 1
55 38 1
55 39 1
55 40 1
55 42 1
55 44 1
55 45 1
55 47 1
55 48 1
55 50 1
55 52 1
55 53 1
55 54 1
56 3 1
56 5 1
56 6 1
56 13 1
56 21 1
56 22 1
56 28 1
56 29 1
56 30 1
56 31 1
56 32 1
56 33 1
56 37 1
56 38 1
56 39 1
56 40 1
56 43 1
56 45 1
57 3 1
57 4 1
57 5 1
57 6 1
57 7 1
57 8 1
57 9 1
57 14 1
57 20 1
57 21 1
57 23 1
57 24 1
57 27 1
57 29 1
57 31 1
57 32 1
57 33 1
57 36 1
57 39 1
57 40 1
57 46 1
57 48 1
57 49 1
57 51 1
57 53 1
57 54 1
57 56 1
58 4 1
58 6 1
58 7 1
58 8 1
58 9 1
58 11 1
58 14 1
58 23 1
58 24 1
58 29 1
58 33 1
58 39 1
58 40 1
58 46 1
58 51 1
58 53 1
58 54 1
58 57 1
59 5 1
59 7 1
59 8 1
59 10 1
59 15 1
59 21 1
59 22 1
59 25 1
59 26 1
59 27 1
59 29 1
59 30 1
59 31 1
59 32 1
59 33 1
59 34 1
59 37 1
59 38 1
59 39 1
59 40 1
59 42 1
59 43 1
59 45 1
59 46 1
59 47 1
59 50 1
59 52 1
59 53 1
59 55 1
59 56 1
60 5 1
60 8 1
60 13 1
60 15 1
60 16 1
60 21 1
60 22 1
60 25 1
60 26 1
60 29 1
60 30 1
60 31 1
60 32 1
60 33 1
60 34 1
60 37 1
60 38 1
60 39 1
60 41 1
60 42 1
60 43 1
60 45 1
60 47 1
60 52 1
60 56 1
60 59 1
61 0 1
61 1 1
61 2 1
61 16 1
61 17 1
61 18 1
61 19 1
61 28 1
61 34 1
61 36 1
61 38 1
61 41 1
61 42 1
61 45 1
61 47 1
61 50 1
61 55 1
62 0 1
62 1 1
62 2 1
62 10 1
62 16 1
62 17 1
62 18 1
62 27 1
62 34 1
62 41 1
62 42 1
62 44 1
62 47 1
62 50 1
62 52 1
62 55 1
63 4 1
63 6 1
63 7 1
63 9 1
63 14 1
63 23 1
63 24 1
63 39 1
63 40 1
63 46 1
63 51 1
63 54 1
63 57 1
63 58 1
64 4 1
64 5 1
64 6 1
64 7 1
64 8 1
64 9 1
64 10 1
64 15 1
64 21 1
64 22 1
64 25 1
64 27 1
64 29 1
64 30 1
64 31 1
64 32 1
64 33 1
64 39 1
64 40 1
64 43 1
64 45 1
64 46 1
64 48 1
64 52 1
64 53 1
64 55 1
64 56 1
64 57 1
64 58 1
64 59 1
64 60 1
65 4 1
65 5 1
65 8 1
65 13 1
65 15 1
65 21 1
65 22 1
65 25 1
65 29 1
65 30 1
65 31 1
65 32 1
65 33 1
65 37 1
65 38 1
65 39 1
65 43 1
65 45 1
65 56 1
65 59 1
65 60 1
65 64 1
66 2 1
66 5 1
66 13 1
66 16 1
66 17 1
66 22 1
66 25 1
66 26 1
66 28 1
66 30 1
66 31 1
66 32 1
66 33 1
66 34 1
66 36 1
66 37 1
66 38 1
66 41 1
66 42 1
66 43 1
66 45 1
66 47 1
66 55 1
66 56 1
66 59 1
66 60 1
66 61 1
66 65 1
67 7 1
67 8 1
67 15 1
67 21 1
67 25 1
67 26 1
67 29 1
67 30 1
67 31 1
67 32 1
67 39 1
67 42 1
67 43 1
67 45 1
67 46 1
67 47 1
67 52 1
67 59 1
67 60 1
67 64 1
67 65 1
68 16 1
68 17 1
68 25 1
68 26 1
68 34 1
68 37 1
68 38 1
68 41 1
68 42 1
68 43 1
68 45 1
68 47 1
68 59 1
68 60 1
68 61 1
68 66 1
68 67 1
69 0 1
69 1 1
69 10 1
69 16 1
69 17 1
69 34 1
69 42 1
69 44 1
69 50 1
69 52 1
69 55 1
69 62 1
70 8 1
70 15 1
70 16 1
70 25 1
70 26 1
70 30 1
70 34 1
70 37 1
70 41 1
70 42 1
70 43 1
70 45 1
70 47 1
70 59 1
70 60 1
70 66 1
70 67 1
70 68 1
71 7 1
71 8 1
71 10 1
71 15 1
71 25 1
71 27 1
71 42 1
71 43 1
71 44 1
71 47 1
71 50 1
71 52 1
71 59 1
71 60 1
71 62 1
71 64 1
71 67 1
71 69 1
71 70 1
72 2 1
72 6 1
72 9 1
72 10 1
72 12 1
72 14 1
72 18 1
72 19 1
72 20 1
72 23 1
72 27 1
72 28 1
72 32 1
72 35 1
72 36 1
72 39 1
72 40 1
72 48 1
72 49 1
72 53 1
72 54 1
72 55 1
72 57 1
73 0 1
73 1 1
73 2 1
73 10 1
73 12 1
73 16 1
73 17 1
73 18 1
73 19 1
73 27 1
73 28 1
73 32 1
73 34 1
73 36 1
73 44 1
73 48 1
73 50 1
73 52 1
73 53 1
73 55 1
73 61 1
73 62 1
73 69 1
73 72 1
74 4 1
74 7 1
74 8 1
74 15 1
74 21 1
74 22 1
74 29 1
74 39 1
74 43 1
74 46 1
74 56 1
74 59 1
74 64 1
74 65 1
74 67 1
75 4 1
75 13 1
75 15 1
75 21 1
75 22 1
75 29 1
75 30 1
75 31 1
75 33 1
75 37 1
75 39 1
75 43 1
75 46 1
75 56 1
75 57 1
75 59 1
75 60 1
75 64 1
75 65 1
75 74 1
76 6 1
76 7 1
76 9 1
76 11 1
76 14 1
76 23 1
76 24 1
76 35 1
76 39 1
76 40 1
76 46 1
76 48 1
76 49 1
76 51 1
76 53 1
76 54 1
76 57 1
76 58 1
76 63 1
77 15 1
77 16 1
77 17 1
77 25 1
77 26 1
77 34 1
77 37 1
77 41 1
77 42 1
77 43 1
77 45 1
77 47 1
77 59 1
77 60 1
77 66 1
77 67 1
77 68 1
77 70 1
77 71 1
78 0 1
78 1 1
78 2 1
78 5 1
78 6 1
78 10 1
78 12 1
78 17 1
78 18 1
78 19 1
78 20 1
78 27 1
78 28 1
78 31 1
78 32 1
78 33 1
78 34 1
78 36 1
78 38 1
78 39 1
78 40 1
78 44 1
78 45 1
78 48 1
78 49 1
78 50 1
78 52 1
78 53 1
78 54 1
78 55 1
78 61 1
78 62 1
78 72 1
78 73 1
79 2 1
79 3 1
79 5 1
79 6 1
79 12 1
79 19 1
79 20 1
79 23 1
79 28 1
79 31 1
79 32 1
79 33 1
79 36 1
79 39 1
79 40 1
79 48 1
79 49 1
79 57 1
80 3 1
80 5 1
80 6 1
80 12 1
80 19 1
80 20 1
80 23 1
80 28 1
80 31 1
80 32 1
80 33 1
80 36 1
80 39 1
80 40 1
80 56 1
80 57 1
80 79 1
81 5 1
81 13 1
81 21 1
81 22 1
81 29 1
81 30 1
81 31 1
81 37 1
81 38 1
81 43 1
81 45 1
81 56 1
81 60 1
81 65 1
81 66 1
81 75 1
82 1 1
82 2 1
82 3 1
82 5 1
82 6 1
82 12 1
82 13 1
82 18 1
82 19 1
82 20 1
82 21 1
82 22 1
82 25 1
82 28 1
82 30 1
82 31 1
82 32 1
82 33 1
82 34 1
82 36 1
82 37 1
82 38 1
82 39 1
82 40 1
82 43 1
82 45 1
82 47 1
82 55 1
82 56 1
82 59 1
82 60 1
82 61 1
82 64 1
82 65 1
82 66 1
82 68 1
82 70 1
82 78 1
82 81 1
83 4 1
83 6 1
83 7 1
83 8 1
83 9 1
83 10 1
83 11 1
83 21 1
83 23 1
83 24 1
83 27 1
83 29 1
83 32 1
83 33 1
83 39 1
83 40 1
83 46 1
83 51 1
83 53 1
83 54 1
83 57 1
83 58 1
83 59 1
83 63 1
83 64 1
83 74 1
83 76 1
84 7 1
84 8 1
84 10 1
84 15 1
84 25 1
84 26 1
84 42 1
84 43 1
84 47 1
84 50 1
84 52 1
84 59 1
84 60 1
84 62 1
84 64 1
84 67 1
84 69 1
84 70 1
84 71 1
84 77 1
85 1 1
85 6 1
85 7 1
85 8 1
85 9 1
85 10 1
85 11 1
85 12 1
85 18 1
85 23 1
85 27 1
85 32 1
85 33 1
85 35 1
85 36 1
85 39 1
85 40 1
85 46 1
85 48 1
85 49 1
85 50 1
85 52 1
85 53 1
85 54 1
85 55 1
85 57 1
85 58 1
85 64 1
85 72 1
85 73 1
85 76 1
85 78 1
85 83 1
86 6 1
86 9 1
86 10 1
86 12 1
86 14 1
86 18 1
86 23 1
86 27 1
86 35 1
86 36 1
86 39 1
86 40 1
86 48 1
86 49 1
86 50 1
86 53 1
86 54 1
86 57 1
86 72 1
86 73 1
86 76 1
86 78 1
86 85 1
87 6 1
87 7 1
87 9 1
87 10 1
87 11 1
87 14 1
87 23 1
87 24 1
87 27 1
87 35 1
87 40 1
87 48 1
87 49 1
87 51 1
87 53 1
87 54 1
87 57 1
87 58 1
87 63 1
87 72 1
87 76 1
87 85 1
87 86 1
88 7 1
88 8 1
88 9 1
88 10 1
88 11 1
88 27 1
88 46 1
88 52 1
88 53 1
88 54 1
88 58 1
88 64 1
88 71 1
88 76 1
88 83 1
88 85 1
88 87 1
89 4 1
89 7 1
89 21 1
89 22 1
89 29 1
89 30 1
89 31 1
89 33 1
89 39 1
89 46 1
89 56 1
89 57 1
89 58 1
89 64 1
89 65 1
89 74 1
89 75 1
89 83 1
90 1 1
90 2 1
90 3 1
90 5 1
90 6 1
90 7 1
90 8 1
90 9 1
90 10 1
90 12 1
90 18 1
90 19 1
90 20 1
90 22 1
90 23 1
90 27 1
90 28 1
90 29 1
90 30 1
90 31 1
90 32 1
90 33 1
90 36 1
90 38 1
90 39 1
90 40 1
90 45 1
90 46 1
90 48 1
90 49 1
90 50 1
90 52 1
90 53 1
90 54 1
90 55 1
90 56 1
90 57 1
90 59 1
90 64 1
90 65 1
90 66 1
90 72 1
90 73 1
90 78 1
90 79 1
90 80 1
90 82 1
90 85 1
90 86 1
91 4 1
91 6 1
91 7 1
91 9 1
91 14 1
91 23 1
91 24 1
91 29 1
91 33 1
91 35 1
91 39 1
91 40 1
91 46 1
91 48 1
91 49 1
91 51 1
91 53 1
91 54 1
91 57 1
91 58 1
91 63 1
91 64 1
91 76 1
91 83 1
91 85 1
91 86 1
91 87 1
91 90 1
92 4 1
92 6 1
92 7 1
92 8 1
92 9 1
92 10 1
92 11 1
92 23 1
92 24 1
92 27 1
92 29 1
92 32 1
92 33 1
92 39 1
92 40 1
92 46 1
92 48 1
92 52 1
92 53 1
92 54 1
92 57 1
92 58 1
92 63 1
92 64 1
92 71 1
92 76 1
92 83 1
92 85 1
92 87 1
92 88 1
92 91 1
93 4 1
93 7 1
93 8 1
93 9 1
93 10 1
93 11 1
93 15 1
93 21 1
93 27 1
93 29 1
93 31 1
93 32 1
93 33 1
93 39 1
93 40 1
93 43 1
93 46 1
93 52 1
93 53 1
93 57 1
93 58 1
93 59 1
93 60 1
93 64 1
93 67 1
93 71 1
93 74 1
93 76 1
93 83 1
93 84 1
93 85 1
93 88 1
93 89 1
93 91 1
93 92 1
94 4 1
94 6 1
94 7 1
94 9 1
94 14 1
94 23 1
94 24 1
94 29 1
94 39 1
94 46 1
94 51 1
94 57 1
94 58 1
94 63 1
94 74 1
94 76 1
94 83 1
94 89 1
94 91 1
94 92 1
95 4 1
95 7 1
95 8 1
95 15 1
95 21 1
95 25 1
95 29 1
95 31 1
95 32 1
95 33 1
95 39 1
95 43 1
95 45 1
95 46 1
95 47 1
95 52 1
95 53 1
95 59 1
95 60 1
95 64 1
95 65 1
95 67 1
95 70 1
95 71 1
95 74 1
95 75 1
95 83 1
95 84 1
95 89 1
95 92 1
95 93 1
96 0 1
96 1 1
96 2 1
96 16 1
96 17 1
96 25 1
96 26 1
96 34 1
96 38 1
96 41 1
96 42 1
96 45 1
96 47 1
96 50 1
96 55 1
96 60 1
96 61 1
96 62 1
96 66 1
96 68 1
96 69 1
96 70 1
96 73 1
96 77 1
96 82 1
97 0 1
97 1 1
97 2 1
97 5 1
97 6 1
97 7 1
97 8 1
97 9 1
97 10 1
97 11 1
97 12 1
97 15 1
97 18 1
97 25 1
97 27 1
97 31 1
97 32 1
97 33 1
97 36 1
97 39 1
97 40 1
97 43 1
97 45 1
97 46 1
97 48 1
97 50 1
97 52 1
97 53 1
97 54 1
97 55 1
97 57 1
97 58 1
97 59 1
97 60 1
97 62 1
97 64 1
97 67 1
97 71 1
97 73 1
97 78 1
97 83 1
97 84 1
97 85 1
97 86 1
97 88 1
97 90 1
97 92 1
97 93 1
97 95 1
98 1 1
98 6 1
98 7 1
98 8 1
98 9 1
98 10 1
98 11 1
98 27 1
98 31 1
98 32 1
98 33 1
98 36 1
98 39 1
98 40 1
98 44 1
98 46 1
98 48 1
98 50 1
98 52 1
98 53 1
98 54 1
98 55 1
98 57 1
98 58 1
98 59 1
98 62 1
98 64 1
98 67 1
98 71 1
98 72 1
98 73 1
98 76 1
98 78 1
98 83 1
98 84 1
98 85 1
98 86 1
98 87 1
98 88 1
98 90 1
98 92 1
98 93 1
98 95 1
98 97 1
99 7 1
99 11 1
99 46 1
99 58 1
99 76 1
99 83 1
99 88 1
99 92 1
99 93 1
99 98 1
100 0 1
100 1 1
100 2 1
100 10 1
100 12 1
100 16 1
100 17 1
100 18 1
100 25 1
100 27 1
100 32 1
100 34 1
100 36 1
100 38 1
100 41 1
100 42 1
100 44 1
100 45 1
100 47 1
100 50 1
100 52 1
100 53 1
100 55 1
100 59 1
100 61 1
100 62 1
100 69 1
100 71 1
100 73 1
100 77 1
100 78 1
100 84 1
100 85 1
100 96 1
100 97 1
100 98 1
101 3 1
101 4 1
101 5 1
101 6 1
101 13 1
101 21 1
101 22 1
101 29 1
101 30 1
101 31 1
101 32 1
101 33 1
101 37 1
101 39 1
101 40 1
101 43 1
101 45 1
101 46 1
101 56 1
101 57 1
101 59 1
101 60 1
101 64 1
101 65 1
101 74 1
101 75 1
101 81 1
101 82 1
101 89 1
101 90 1
101 94 1
101 95 1
102 3 1
102 4 1
102 5 1
102 6 1
102 7 1
102 8 1
102 9 1
102 13 1
102 15 1
102 21 1
102 22 1
102 25 1
102 29 1
102 30 1
102 31 1
102 32 1
102 33 1
102 37 1
102 38 1
102 39 1
102 40 1
102 43 1
102 45 1
102 46 1
102 56 1
102 57 1
102 59 1
102 60 1
102 64 1
102 65 1
102 66 1
102 67 1
102 74 1
102 75 1
102 81 1
102 82 1
102 89 1
102 90 1
102 93 1
102 95 1
102 101 1
103 5 1
103 13 1
103 15 1
103 21 1
103 22 1
103 25 1
103 26 1
103 30 1
103 31 1
103 32 1
103 34 1
103 37 1
103 38 1
103 41 1
103 42 1
103 43 1
103 45 1
103 47 1
103 56 1
103 59 1
103 60 1
103 65 1
103 66 1
103 67 1
103 68 1
103 70 1
103 77 1
103 81 1
103 82 1
103 96 1
103 101 1
103 102 1
104 1 1
104 2 1
104 3 1
104 5 1
104 6 1
104 8 1
104 10 1
104 12 1
104 16 1
104 17 1
104 18 1
104 19 1
104 20 1
104 22 1
104 25 1
104 27 1
104 28 1
104 30 1
104 31 1
104 32 1
104 33 1
104 34 1
104 36 1
104 37 1
104 38 1
104 39 1
104 40 1
104 42 1
104 43 1
104 45 1
104 47 1
104 48 1
104 50 1
104 52 1
104 53 1
104 55 1
104 56 1
104 57 1
104 59 1
104 60 1
104 61 1
104 64 1
104 65 1
104 66 1
104 67 1
104 73 1
104 78 1
104 79 1
104 82 1
104 90 1
104 96 1
104 97 1
104 98 1
104 100 1
104 102 1
104 103 1
105 3 1
105 6 1
105 7 1
105 9 1
105 10 1
105 12 1
105 14 1
105 20 1
105 23 1
105 24 1
105 27 1
105 31 1
105 32 1
105 33 1
105 35 1
105 36 1
105 39 1
105 40 1
105 46 1
105 48 1
105 49 1
105 51 1
105 53 1
105 54 1
105 57 1
105 58 1
105 63 1
105 64 1
105 72 1
105 76 1
105 79 1
105 80 1
105 83 1
105 85 1
105 86 1
105 87 1
105 90 1
105 91 1
105 92 1
105 94 1
105 97 1
105 98 1
106 6 1
106 7 1
106 9 1
106 14 1
106 23 1
106 24 1
106 33 1
106 35 1
106 39 1
106 40 1
106 46 1
106 48 1
106 49 1
106 51 1
106 53 1
106 54 1
106 57 1
106 58 1
106 63 1
106 72 1
106 76 1
106 83 1
106 85 1
106 86 1
106 87 1
106 91 1
106 92 1
106 94 1
106 105 1
107 4 1
107 6 1
107 7 1
107 8 1
107 9 1
107 10 1
107 11 1
107 14 1
107 23 1
107 24 1
107 27 1
107 29 1
107 32 1
107 33 1
107 35 1
107 39 1
107 40 1
107 46 1
107 48 1
107 49 1
107 51 1
107 52 1
107 53 1
107 54 1
107 57 1
107 58 1
107 63 1
107 64 1
107 76 1
107 83 1
107 85 1
107 86 1
107 87 1
107 88 1
107 90 1
107 91 1
107 92 1
107 93 1
107 94 1
107 95 1
107 97 1
107 98 1
107 99 1
107 105 1
107 106 1
108 0 1
108 1 1
108 2 1
108 16 1
108 17 1
108 18 1
108 19 1
108 34 1
108 36 1
108 38 1
108 41 1
108 42 1
108 44 1
108 45 1
108 47 1
108 50 1
108 52 1
108 55 1
108 61 1
108 62 1
108 66 1
108 68 1
108 69 1
108 73 1
108 77 1
108 78 1
108 96 1
108 100 1
108 104 1
109 6 1
109 7 1
109 9 1
109 10 1
109 11 1
109 14 1
109 23 1
109 24 1
109 27 1
109 35 1
109 39 1
109 40 1
109 46 1
109 48 1
109 49 1
109 52 1
109 53 1
109 54 1
109 57 1
109 58 1
109 63 1
109 72 1
109 76 1
109 83 1
109 85 1
109 86 1
109 87 1
109 88 1
109 91 1
109 92 1
109 97 1
109 98 1
109 99 1
109 105 1
109 106 1
109 107 1
110 1 1
110 2 1
110 5 1
110 12 1
110 13 1
110 16 1
110 17 1
110 18 1
110 19 1
110 20 1
110 25 1
110 26 1
110 28 1
110 30 1
110 31 1
110 32 1
110 33 1
110 34 1
110 36 1
110 37 1
110 38 1
110 41 1
110 42 1
110 43 1
110 45 1
110 47 1
110 50 1
110 55 1
110 56 1
110 59 1
110 60 1
110 61 1
110 65 1
110 66 1
110 68 1
110 70 1
110 77 1
110 78 1
110 81 1
110 82 1
110 90 1
110 96 1
110 100 1
110 103 1
110 104 1
110 108 1
111 4 1
111 6 1
111 7 1
111 8 1
111 9 1
111 10 1
111 15 1
111 21 1
111 25 1
111 27 1
111 29 1
111 31 1
111 32 1
111 33 1
111 39 1
111 40 1
111 43 1
111 45 1
111 46 1
111 52 1
111 53 1
111 57 1
111 58 1
111 59 1
111 60 1
111 64 1
111 65 1
111 67 1
111 71 1
111 74 1
111 75 1
111 83 1
111 84 1
111 88 1
111 89 1
111 90 1
111 91 1
111 92 1
111 93 1
111 94 1
111 95 1
111 97 1
111 98 1
111 101 1
111 102 1
111 107 1
112 8 1
112 13 1
112 15 1
112 16 1
112 25 1
112 26 1
112 30 1
112 31 1
112 34 1
112 37 1
112 38 1
112 41 1
112 42 1
112 43 1
112 45 1
112 47 1
112 56 1
112 59 1
112 60 1
112 65 1
112 66 1
112 67 1
112 68 1
112 70 1
112 77 1
112 81 1
112 82 1
112 84 1
112 95 1
112 96 1
112 103 1
112 104 1
112 110 1
113 0 1
113 1 1
113 2 1
113 16 1
113 17 1
113 18 1
113 25 1
113 26 1
113 27 1
113 32 1
113 34 1
113 38 1
113 41 1
113 42 1
113 44 1
113 45 1
113 47 1
113 50 1
113 52 1
113 55 1
113 59 1
113 60 1
113 61 1
113 62 1
113 66 1
113 67 1
113 68 1
113 69 1
113 70 1
113 71 1
113 73 1
113 77 1
113 78 1
113 82 1
113 84 1
113 96 1
113 97 1
113 100 1
113 103 1
113 104 1
113 108 1
113 110 1
113 112 1
114 0 1
114 1 1
114 2 1
114 6 1
114 7 1
114 9 1
114 10 1
114 12 1
114 18 1
114 19 1
114 20 1
114 27 1
114 28 1
114 32 1
114 33 1
114 35 1
114 36 1
114 39 1
114 40 1
114 46 1
114 48 1
114 49 1
114 50 1
114 52 1
114 53 1
114 54 1
114 55 1
114 57 1
114 72 1
114 73 1
114 78 1
114 85 1
114 86 1
114 87 1
114 88 1
114 90 1
114 92 1
114 97 1
114 98 1
114 100 1
114 104 1
114 105 1
114 106 1
114 107 1
114 109 1
115 6 1
115 9 1
115 10 1
115 14 1
115 23 1
115 24 1
115 27 1
115 35 1
115 39 1
115 40 1
115 48 1
115 49 1
115 51 1
115 53 1
115 54 1
115 57 1
115 58 1
115 63 1
115 72 1
115 76 1
115 85 1
115 86 1
115 87 1
115 91 1
115 92 1
115 98 1
115 105 1
115 106 1
115 107 1
115 109 1
115 114 1
116 4 1
116 7 1
116 8 1
116 9 1
116 15 1
116 21 1
116 22 1
116 29 1
116 31 1
116 33 1
116 39 1
116 43 1
116 46 1
116 57 1
116 58 1
116 59 1
116 64 1
116 65 1
116 67 1
116 74 1
116 75 1
116 83 1
116 89 1
116 92 1
116 93 1
116 94 1
116 95 1
116 101 1
116 102 1
116 107 1
116 111 1
117 4 1
117 5 1
117 7 1
117 8 1
117 15 1
117 21 1
117 22 1
117 25 1
117 29 1
117 30 1
117 31 1
117 32 1
117 33 1
117 37 1
117 39 1
117 40 1
117 43 1
117 45 1
117 46 1
117 47 1
117 52 1
117 56 1
117 57 1
117 59 1
117 60 1
117 64 1
117 65 1
117 66 1
117 67 1
117 70 1
117 71 1
117 74 1
117 75 1
117 77 1
117 81 1
117 82 1
117 83 1
117 84 1
117 89 1
117 90 1
117 92 1
117 93 1
117 95 1
117 97 1
117 98 1
117 101 1
117 102 1
117 103 1
117 104 1
117 111 1
117 112 1
117 116 1
