# minsup
1
# graph
G_./1G5J.pdb
# node ID, label
0 A
1 A
2 A
3 A
4 A
5 A
6 A
7 A
8 A
9 A
10 A
11 A
12 A
13 A
14 A
15 A
16 A
17 C
18 D
19 D
20 D
21 D
22 D
23 D
24 D
25 D
26 D
27 D
28 E
29 E
30 E
31 E
32 E
33 E
34 E
35 E
36 E
37 E
38 E
39 E
40 E
41 E
42 E
43 E
44 E
45 E
46 E
47 E
48 E
49 E
50 F
51 F
52 F
53 F
54 F
55 F
56 F
57 F
58 F
59 F
60 F
61 F
62 G
63 G
64 G
65 G
66 G
67 G
68 G
69 G
70 G
71 G
72 G
73 G
74 G
75 H
76 H
77 I
78 I
79 I
80 I
81 K
82 K
83 K
84 K
85 K
86 K
87 K
88 L
89 L
90 L
91 L
92 L
93 L
94 L
95 L
96 L
97 L
98 L
99 L
100 L
101 L
102 L
103 L
104 M
105 M
106 M
107 M
108 M
109 M
110 N
111 N
112 N
113 N
114 N
115 N
116 N
117 N
118 N
119 P
120 P
121 P
122 Q
123 Q
124 Q
125 Q
126 Q
127 Q
128 Q
129 Q
130 Q
131 Q
132 Q
133 R
134 R
135 R
136 R
137 R
138 R
139 R
140 R
141 R
142 R
143 R
144 R
145 R
146 R
147 R
148 S
149 S
150 S
151 S
152 S
153 S
154 S
155 S
156 S
157 S
158 S
159 S
160 S
161 S
162 S
163 S
164 S
165 S
166 T
167 T
168 T
169 T
170 T
171 T
172 T
173 V
174 V
175 V
176 V
177 V
178 V
179 V
180 V
181 V
182 V
183 V
184 V
185 V
186 V
187 W
188 W
189 W
190 W
191 W
192 W
193 Y
194 Y
195 Y
196 Y
197 Y
198 Y
199 Y
# node ID1, node ID2, number of bounds
1 0 1
2 1 1
3 2 1
4 2 1
4 3 1
7 3 1
7 4 1
7 5 1
8 5 1
8 6 1
8 7 1
9 6 1
9 7 1
9 8 1
10 0 1
10 6 1
10 9 1
11 0 1
11 7 1
11 9 1
11 10 1
12 2 1
12 3 1
12 4 1
13 2 1
13 3 1
13 4 1
13 7 1
13 12 1
14 2 1
14 3 1
14 4 1
14 12 1
14 13 1
15 5 1
15 6 1
15 8 1
16 5 1
16 6 1
16 7 1
16 8 1
16 15 1
17 5 1
17 6 1
17 7 1
17 8 1
17 9 1
17 10 1
17 11 1
17 15 1
17 16 1
18 2 1
18 3 1
18 4 1
18 7 1
18 8 1
18 9 1
18 10 1
18 11 1
18 17 1
19 9 1
19 10 1
19 18 1
20 3 1
20 4 1
20 5 1
20 7 1
20 8 1
20 12 1
20 13 1
20 14 1
20 18 1
21 5 1
21 6 1
21 8 1
21 15 1
21 16 1
21 17 1
23 6 1
23 8 1
23 17 1
23 21 1
24 0 1
24 9 1
24 10 1
24 11 1
25 0 1
25 1 1
25 2 1
25 3 1
25 12 1
26 4 1
26 7 1
26 13 1
26 22 1
27 4 1
27 7 1
27 12 1
27 13 1
27 14 1
27 26 1
28 0 1
28 1 1
28 2 1
28 3 1
28 9 1
28 10 1
28 11 1
28 18 1
28 19 1
28 25 1
29 18 1
29 19 1
29 28 1
30 1 1
30 18 1
30 19 1
30 28 1
30 29 1
31 0 1
31 1 1
31 2 1
31 18 1
31 19 1
31 28 1
31 29 1
31 30 1
32 0 1
32 1 1
32 2 1
32 25 1
32 31 1
33 0 1
33 1 1
33 2 1
33 3 1
33 18 1
33 25 1
33 28 1
33 31 1
33 32 1
34 1 1
34 2 1
34 3 1
34 4 1
34 18 1
34 25 1
34 28 1
34 29 1
34 30 1
34 31 1
34 32 1
34 33 1
35 2 1
35 3 1
35 4 1
35 7 1
35 12 1
35 13 1
35 14 1
35 18 1
35 20 1
35 34 1
36 3 1
36 4 1
36 5 1
36 7 1
36 8 1
36 12 1
36 13 1
36 14 1
36 20 1
36 26 1
36 27 1
36 35 1
37 3 1
37 4 1
37 5 1
37 7 1
37 8 1
37 13 1
37 17 1
37 20 1
37 21 1
37 26 1
37 35 1
37 36 1
38 6 1
38 9 1
38 10 1
38 11 1
38 15 1
38 16 1
38 22 1
38 24 1
39 5 1
39 7 1
39 15 1
39 16 1
39 22 1
39 26 1
39 38 1
40 5 1
40 6 1
40 8 1
40 9 1
40 15 1
40 16 1
40 17 1
40 21 1
40 23 1
41 6 1
41 8 1
41 17 1
41 21 1
41 23 1
41 40 1
42 0 1
42 10 1
42 11 1
42 22 1
42 24 1
42 25 1
43 24 1
43 25 1
43 42 1
44 2 1
44 3 1
44 4 1
44 12 1
44 13 1
44 14 1
44 25 1
44 33 1
44 34 1
44 35 1
44 43 1
45 3 1
45 4 1
45 12 1
45 13 1
45 14 1
45 20 1
45 27 1
45 35 1
45 36 1
45 44 1
46 4 1
46 12 1
46 13 1
46 14 1
46 20 1
46 27 1
46 35 1
46 36 1
46 37 1
46 45 1
47 46 1
48 5 1
48 7 1
48 15 1
48 16 1
48 21 1
48 22 1
48 26 1
48 37 1
48 39 1
49 4 1
49 7 1
49 12 1
49 13 1
49 20 1
49 22 1
49 26 1
49 27 1
49 36 1
49 37 1
49 45 1
49 46 1
49 48 1
50 2 1
50 3 1
50 4 1
50 7 1
50 8 1
50 9 1
50 10 1
50 11 1
50 17 1
50 18 1
50 19 1
50 20 1
50 28 1
50 29 1
50 30 1
50 34 1
50 35 1
50 36 1
50 37 1
51 9 1
51 10 1
51 17 1
51 18 1
51 19 1
51 23 1
51 28 1
51 29 1
51 30 1
51 40 1
51 41 1
51 50 1
52 3 1
52 4 1
52 5 1
52 7 1
52 8 1
52 12 1
52 13 1
52 14 1
52 20 1
52 26 1
52 27 1
52 35 1
52 36 1
52 37 1
52 45 1
52 46 1
52 48 1
52 49 1
52 50 1
53 4 1
53 5 1
53 7 1
53 8 1
53 15 1
53 16 1
53 17 1
53 20 1
53 21 1
53 23 1
53 36 1
53 37 1
53 40 1
53 48 1
53 50 1
53 52 1
54 6 1
54 7 1
54 8 1
54 9 1
54 10 1
54 11 1
54 15 1
54 16 1
54 17 1
54 24 1
54 38 1
54 39 1
54 40 1
54 48 1
55 7 1
55 11 1
55 16 1
55 22 1
55 24 1
55 26 1
55 38 1
55 39 1
55 42 1
55 48 1
55 49 1
55 54 1
56 3 1
56 4 1
56 5 1
56 7 1
56 8 1
56 9 1
56 10 1
56 11 1
56 16 1
56 17 1
56 18 1
56 20 1
56 22 1
56 24 1
56 26 1
56 28 1
56 35 1
56 36 1
56 37 1
56 38 1
56 39 1
56 42 1
56 48 1
56 49 1
56 50 1
56 52 1
56 53 1
56 54 1
56 55 1
57 3 1
57 4 1
57 5 1
57 7 1
57 8 1
57 9 1
57 10 1
57 11 1
57 17 1
57 18 1
57 20 1
57 28 1
57 35 1
57 36 1
57 37 1
57 38 1
57 40 1
57 50 1
57 52 1
57 53 1
57 54 1
57 55 1
57 56 1
58 4 1
58 5 1
58 6 1
58 7 1
58 8 1
58 9 1
58 10 1
58 11 1
58 15 1
58 16 1
58 17 1
58 18 1
58 20 1
58 21 1
58 35 1
58 36 1
58 37 1
58 38 1
58 39 1
58 40 1
58 48 1
58 50 1
58 52 1
58 53 1
58 54 1
58 55 1
58 56 1
58 57 1
59 2 1
59 3 1
59 4 1
59 7 1
59 12 1
59 13 1
59 14 1
59 25 1
59 27 1
59 33 1
59 34 1
59 35 1
59 42 1
59 43 1
59 44 1
59 56 1
59 57 1
60 3 1
60 4 1
60 5 1
60 7 1
60 12 1
60 13 1
60 14 1
60 20 1
60 26 1
60 27 1
60 35 1
60 36 1
60 37 1
60 45 1
60 46 1
60 48 1
60 49 1
60 52 1
60 55 1
60 56 1
60 57 1
60 58 1
60 59 1
61 3 1
61 4 1
61 7 1
61 12 1
61 13 1
61 14 1
61 25 1
61 26 1
61 27 1
61 35 1
61 36 1
61 44 1
61 45 1
61 49 1
61 52 1
61 59 1
61 60 1
62 8 1
62 17 1
62 18 1
62 23 1
62 40 1
62 50 1
62 51 1
63 1 1
63 2 1
63 25 1
63 31 1
63 32 1
63 33 1
63 34 1
64 2 1
64 3 1
64 4 1
64 5 1
64 7 1
64 8 1
64 12 1
64 13 1
64 14 1
64 18 1
64 20 1
64 26 1
64 35 1
64 36 1
64 37 1
64 45 1
64 46 1
64 49 1
64 50 1
64 52 1
64 53 1
64 56 1
64 57 1
64 58 1
64 59 1
64 60 1
64 61 1
65 6 1
65 9 1
65 10 1
65 17 1
65 38 1
65 41 1
65 54 1
66 7 1
66 22 1
66 26 1
66 27 1
66 39 1
66 42 1
66 43 1
66 48 1
66 49 1
66 55 1
66 56 1
66 60 1
67 3 1
67 4 1
67 7 1
67 12 1
67 13 1
67 14 1
67 20 1
67 22 1
67 25 1
67 26 1
67 27 1
67 35 1
67 36 1
67 37 1
67 39 1
67 44 1
67 45 1
67 48 1
67 49 1
67 52 1
67 55 1
67 56 1
67 57 1
67 58 1
67 59 1
67 60 1
67 61 1
67 64 1
67 66 1
68 4 1
68 5 1
68 6 1
68 7 1
68 8 1
68 9 1
68 10 1
68 11 1
68 15 1
68 16 1
68 17 1
68 18 1
68 20 1
68 21 1
68 23 1
68 28 1
68 37 1
68 38 1
68 39 1
68 40 1
68 48 1
68 50 1
68 51 1
68 52 1
68 53 1
68 54 1
68 55 1
68 56 1
68 57 1
68 58 1
68 64 1
68 67 1
69 4 1
69 5 1
69 6 1
69 7 1
69 8 1
69 9 1
69 10 1
69 11 1
69 16 1
69 17 1
69 18 1
69 20 1
69 21 1
69 23 1
69 28 1
69 35 1
69 36 1
69 37 1
69 40 1
69 50 1
69 51 1
69 52 1
69 53 1
69 54 1
69 56 1
69 57 1
69 58 1
69 62 1
69 64 1
69 68 1
70 25 1
70 33 1
70 42 1
70 43 1
70 44 1
70 59 1
70 61 1
70 67 1
71 0 1
71 2 1
71 3 1
71 11 1
71 25 1
71 33 1
71 34 1
71 42 1
71 43 1
71 44 1
71 59 1
71 67 1
71 70 1
72 2 1
72 3 1
72 4 1
72 7 1
72 12 1
72 13 1
72 14 1
72 20 1
72 25 1
72 27 1
72 33 1
72 34 1
72 35 1
72 36 1
72 44 1
72 45 1
72 59 1
72 60 1
72 61 1
72 64 1
72 67 1
72 70 1
72 71 1
73 4 1
73 12 1
73 13 1
73 14 1
73 27 1
73 36 1
73 45 1
73 46 1
73 47 1
73 49 1
73 52 1
73 60 1
73 61 1
74 5 1
74 6 1
74 7 1
74 8 1
74 15 1
74 16 1
74 21 1
74 22 1
74 26 1
74 37 1
74 38 1
74 39 1
74 48 1
74 49 1
74 52 1
74 53 1
74 54 1
74 55 1
74 56 1
74 57 1
74 58 1
74 60 1
74 66 1
74 67 1
74 68 1
74 69 1
75 6 1
75 15 1
75 16 1
75 17 1
75 21 1
75 23 1
75 38 1
75 40 1
75 41 1
75 54 1
75 65 1
76 0 1
76 9 1
76 10 1
76 11 1
76 22 1
76 24 1
76 38 1
76 39 1
76 42 1
76 43 1
76 54 1
76 55 1
76 56 1
76 57 1
76 66 1
76 71 1
77 6 1
77 8 1
77 15 1
77 16 1
77 17 1
77 21 1
77 23 1
77 38 1
77 40 1
77 41 1
77 54 1
77 58 1
77 65 1
77 68 1
77 69 1
77 75 1
78 3 1
78 4 1
78 7 1
78 8 1
78 9 1
78 10 1
78 11 1
78 12 1
78 13 1
78 18 1
78 20 1
78 22 1
78 24 1
78 25 1
78 26 1
78 27 1
78 28 1
78 35 1
78 36 1
78 37 1
78 39 1
78 42 1
78 43 1
78 44 1
78 49 1
78 50 1
78 52 1
78 54 1
78 55 1
78 56 1
78 57 1
78 58 1
78 59 1
78 60 1
78 61 1
78 64 1
78 66 1
78 67 1
78 68 1
78 69 1
78 70 1
78 71 1
78 72 1
78 74 1
78 76 1
79 6 1
79 7 1
79 8 1
79 9 1
79 10 1
79 11 1
79 16 1
79 17 1
79 18 1
79 19 1
79 23 1
79 24 1
79 28 1
79 38 1
79 40 1
79 50 1
79 51 1
79 54 1
79 56 1
79 57 1
79 58 1
79 65 1
79 68 1
79 69 1
79 75 1
79 77 1
79 78 1
80 0 1
80 11 1
80 22 1
80 24 1
80 25 1
80 42 1
80 43 1
80 44 1
80 55 1
80 56 1
80 59 1
80 66 1
80 67 1
80 70 1
80 71 1
80 76 1
80 78 1
81 3 1
81 4 1
81 5 1
81 7 1
81 8 1
81 9 1
81 17 1
81 18 1
81 20 1
81 21 1
81 23 1
81 28 1
81 35 1
81 36 1
81 37 1
81 40 1
81 50 1
81 51 1
81 52 1
81 53 1
81 56 1
81 57 1
81 58 1
81 62 1
81 64 1
81 68 1
81 69 1
81 79 1
82 8 1
82 17 1
82 18 1
82 21 1
82 23 1
82 37 1
82 40 1
82 41 1
82 50 1
82 51 1
82 53 1
82 58 1
82 62 1
82 68 1
82 69 1
82 81 1
83 1 1
83 2 1
83 3 1
83 4 1
83 7 1
83 9 1
83 11 1
83 12 1
83 13 1
83 18 1
83 20 1
83 25 1
83 28 1
83 30 1
83 31 1
83 33 1
83 34 1
83 35 1
83 36 1
83 44 1
83 50 1
83 56 1
83 57 1
83 58 1
83 59 1
83 63 1
83 64 1
83 67 1
83 69 1
83 71 1
83 72 1
83 78 1
83 81 1
84 6 1
84 8 1
84 17 1
84 21 1
84 23 1
84 40 1
84 41 1
84 51 1
84 62 1
84 65 1
84 69 1
84 75 1
84 77 1
84 82 1
85 4 1
85 12 1
85 13 1
85 14 1
85 20 1
85 27 1
85 35 1
85 36 1
85 45 1
85 46 1
85 47 1
85 52 1
85 60 1
85 61 1
85 72 1
85 73 1
86 3 1
86 4 1
86 12 1
86 13 1
86 14 1
86 25 1
86 26 1
86 27 1
86 43 1
86 44 1
86 45 1
86 49 1
86 59 1
86 60 1
86 61 1
86 66 1
86 67 1
86 70 1
86 71 1
86 72 1
86 78 1
86 80 1
87 12 1
87 13 1
87 26 1
87 27 1
87 44 1
87 45 1
87 49 1
87 59 1
87 60 1
87 61 1
87 67 1
87 70 1
87 72 1
87 86 1
88 0 1
88 1 1
88 2 1
88 3 1
88 4 1
88 7 1
88 9 1
88 10 1
88 11 1
88 17 1
88 18 1
88 19 1
88 25 1
88 28 1
88 29 1
88 30 1
88 31 1
88 33 1
88 34 1
88 35 1
88 50 1
88 56 1
88 57 1
88 58 1
88 59 1
88 64 1
88 68 1
88 69 1
88 71 1
88 72 1
88 78 1
88 79 1
88 80 1
88 81 1
88 83 1
89 3 1
89 4 1
89 7 1
89 8 1
89 9 1
89 10 1
89 11 1
89 17 1
89 18 1
89 19 1
89 20 1
89 23 1
89 28 1
89 29 1
89 30 1
89 34 1
89 35 1
89 37 1
89 40 1
89 50 1
89 51 1
89 53 1
89 56 1
89 57 1
89 58 1
89 62 1
89 64 1
89 68 1
89 69 1
89 78 1
89 79 1
89 81 1
89 82 1
89 83 1
89 88 1
90 8 1
90 9 1
90 17 1
90 18 1
90 19 1
90 20 1
90 21 1
90 23 1
90 30 1
90 37 1
90 40 1
90 41 1
90 50 1
90 51 1
90 53 1
90 57 1
90 58 1
90 62 1
90 64 1
90 68 1
90 69 1
90 79 1
90 81 1
90 82 1
90 84 1
90 88 1
90 89 1
91 2 1
91 3 1
91 4 1
91 7 1
91 8 1
91 9 1
91 11 1
91 12 1
91 13 1
91 14 1
91 18 1
91 20 1
91 25 1
91 28 1
91 33 1
91 34 1
91 35 1
91 36 1
91 37 1
91 44 1
91 50 1
91 52 1
91 56 1
91 57 1
91 58 1
91 59 1
91 60 1
91 61 1
91 64 1
91 67 1
91 68 1
91 69 1
91 71 1
91 72 1
91 78 1
91 80 1
91 81 1
91 83 1
91 88 1
91 89 1
92 4 1
92 5 1
92 7 1
92 8 1
92 13 1
92 14 1
92 20 1
92 35 1
92 36 1
92 37 1
92 46 1
92 49 1
92 52 1
92 53 1
92 56 1
92 57 1
92 58 1
92 60 1
92 64 1
92 67 1
92 69 1
92 73 1
92 81 1
92 85 1
92 91 1
93 5 1
93 6 1
93 8 1
93 15 1
93 16 1
93 17 1
93 21 1
93 23 1
93 37 1
93 40 1
93 41 1
93 48 1
93 53 1
93 54 1
93 56 1
93 58 1
93 68 1
93 69 1
93 74 1
93 75 1
93 77 1
93 79 1
93 81 1
93 84 1
94 5 1
94 6 1
94 8 1
94 15 1
94 16 1
94 17 1
94 21 1
94 23 1
94 38 1
94 40 1
94 53 1
94 54 1
94 58 1
94 65 1
94 68 1
94 74 1
94 75 1
94 77 1
94 84 1
94 93 1
95 5 1
95 7 1
95 15 1
95 16 1
95 22 1
95 26 1
95 38 1
95 39 1
95 48 1
95 49 1
95 52 1
95 53 1
95 54 1
95 55 1
95 56 1
95 57 1
95 58 1
95 60 1
95 66 1
95 67 1
95 68 1
95 74 1
95 76 1
95 78 1
96 5 1
96 6 1
96 7 1
96 8 1
96 9 1
96 10 1
96 15 1
96 16 1
96 17 1
96 18 1
96 21 1
96 23 1
96 37 1
96 38 1
96 40 1
96 41 1
96 50 1
96 51 1
96 52 1
96 53 1
96 54 1
96 56 1
96 57 1
96 58 1
96 62 1
96 64 1
96 68 1
96 69 1
96 74 1
96 75 1
96 77 1
96 79 1
96 81 1
96 82 1
96 84 1
96 89 1
96 90 1
96 93 1
96 94 1
96 95 1
97 6 1
97 8 1
97 9 1
97 10 1
97 11 1
97 16 1
97 17 1
97 23 1
97 38 1
97 40 1
97 41 1
97 51 1
97 54 1
97 57 1
97 58 1
97 65 1
97 68 1
97 69 1
97 75 1
97 77 1
97 79 1
97 84 1
97 89 1
97 90 1
97 93 1
97 94 1
97 96 1
98 0 1
98 7 1
98 9 1
98 10 1
98 11 1
98 24 1
98 25 1
98 28 1
98 38 1
98 42 1
98 43 1
98 54 1
98 55 1
98 56 1
98 57 1
98 58 1
98 59 1
98 66 1
98 67 1
98 68 1
98 70 1
98 71 1
98 76 1
98 78 1
98 79 1
98 80 1
98 83 1
98 88 1
98 91 1
98 95 1
99 0 1
99 7 1
99 9 1
99 10 1
99 11 1
99 22 1
99 24 1
99 25 1
99 38 1
99 39 1
99 42 1
99 43 1
99 54 1
99 55 1
99 56 1
99 57 1
99 59 1
99 66 1
99 67 1
99 70 1
99 71 1
99 76 1
99 78 1
99 80 1
99 88 1
99 95 1
99 98 1
100 2 1
100 3 1
100 4 1
100 12 1
100 13 1
100 14 1
100 25 1
100 27 1
100 33 1
100 35 1
100 43 1
100 44 1
100 45 1
100 59 1
100 60 1
100 61 1
100 64 1
100 67 1
100 70 1
100 71 1
100 72 1
100 78 1
100 80 1
100 83 1
100 86 1
100 87 1
100 91 1
101 14 1
101 36 1
101 45 1
101 46 1
101 47 1
101 73 1
101 85 1
101 92 1
102 6 1
102 15 1
102 16 1
102 21 1
102 38 1
102 39 1
102 48 1
102 54 1
102 65 1
102 74 1
102 75 1
102 77 1
102 93 1
102 94 1
102 95 1
102 96 1
103 4 1
103 5 1
103 7 1
103 8 1
103 15 1
103 16 1
103 20 1
103 21 1
103 22 1
103 26 1
103 36 1
103 37 1
103 38 1
103 39 1
103 48 1
103 49 1
103 52 1
103 53 1
103 54 1
103 55 1
103 56 1
103 57 1
103 58 1
103 60 1
103 64 1
103 66 1
103 67 1
103 68 1
103 69 1
103 74 1
103 78 1
103 92 1
103 93 1
103 95 1
103 96 1
104 0 1
104 24 1
104 42 1
104 71 1
104 80 1
104 98 1
105 0 1
105 10 1
105 11 1
105 24 1
105 25 1
105 28 1
105 42 1
105 43 1
105 70 1
105 71 1
105 76 1
105 80 1
105 88 1
105 98 1
105 99 1
105 104 1
106 0 1
106 1 1
106 2 1
106 10 1
106 11 1
106 24 1
106 25 1
106 28 1
106 31 1
106 32 1
106 33 1
106 34 1
106 42 1
106 43 1
106 59 1
106 70 1
106 71 1
106 76 1
106 80 1
106 83 1
106 88 1
106 98 1
106 99 1
106 104 1
106 105 1
107 6 1
107 8 1
107 9 1
107 17 1
107 21 1
107 23 1
107 40 1
107 41 1
107 51 1
107 65 1
107 68 1
107 69 1
107 75 1
107 77 1
107 79 1
107 84 1
107 90 1
107 93 1
107 94 1
107 96 1
107 97 1
108 6 1
108 7 1
108 8 1
108 9 1
108 10 1
108 11 1
108 16 1
108 17 1
108 18 1
108 24 1
108 28 1
108 38 1
108 39 1
108 42 1
108 50 1
108 54 1
108 55 1
108 56 1
108 57 1
108 58 1
108 64 1
108 67 1
108 68 1
108 69 1
108 74 1
108 76 1
108 78 1
108 79 1
108 80 1
108 81 1
108 83 1
108 88 1
108 89 1
108 91 1
108 95 1
108 96 1
108 97 1
108 98 1
108 99 1
108 105 1
108 106 1
109 4 1
109 5 1
109 7 1
109 13 1
109 20 1
109 22 1
109 26 1
109 27 1
109 36 1
109 37 1
109 39 1
109 46 1
109 48 1
109 49 1
109 52 1
109 53 1
109 55 1
109 56 1
109 57 1
109 58 1
109 60 1
109 64 1
109 66 1
109 67 1
109 74 1
109 78 1
109 92 1
109 95 1
109 103 1
110 0 1
110 1 1
110 2 1
110 3 1
110 7 1
110 9 1
110 10 1
110 11 1
110 18 1
110 24 1
110 25 1
110 28 1
110 31 1
110 33 1
110 34 1
110 42 1
110 50 1
110 56 1
110 57 1
110 58 1
110 59 1
110 64 1
110 68 1
110 69 1
110 71 1
110 76 1
110 78 1
110 79 1
110 80 1
110 83 1
110 88 1
110 89 1
110 91 1
110 98 1
110 99 1
110 104 1
110 105 1
110 106 1
110 108 1
111 1 1
111 2 1
111 18 1
111 19 1
111 28 1
111 29 1
111 30 1
111 31 1
111 33 1
111 34 1
111 50 1
111 63 1
111 83 1
111 88 1
111 89 1
112 6 1
112 7 1
112 15 1
112 16 1
112 22 1
112 24 1
112 38 1
112 39 1
112 48 1
112 54 1
112 55 1
112 56 1
112 57 1
112 58 1
112 66 1
112 68 1
112 74 1
112 76 1
112 78 1
112 79 1
112 95 1
112 98 1
112 99 1
112 102 1
112 103 1
112 108 1
113 3 1
113 4 1
113 7 1
113 12 1
113 13 1
113 22 1
113 25 1
113 26 1
113 27 1
113 39 1
113 42 1
113 43 1
113 44 1
113 49 1
113 52 1
113 55 1
113 56 1
113 57 1
113 59 1
113 60 1
113 61 1
113 64 1
113 66 1
113 67 1
113 70 1
113 71 1
113 72 1
113 76 1
113 78 1
113 80 1
113 86 1
113 87 1
113 91 1
113 95 1
113 98 1
113 99 1
113 100 1
113 103 1
113 109 1
113 112 1
114 0 1
114 9 1
114 10 1
114 11 1
114 24 1
114 28 1
114 42 1
114 43 1
114 55 1
114 56 1
114 57 1
114 71 1
114 76 1
114 78 1
114 79 1
114 80 1
114 88 1
114 98 1
114 99 1
114 104 1
114 105 1
114 106 1
114 108 1
114 110 1
115 25 1
115 42 1
115 43 1
115 44 1
115 59 1
115 61 1
115 66 1
115 67 1
115 70 1
115 71 1
115 72 1
115 76 1
115 78 1
115 80 1
115 86 1
115 87 1
115 98 1
115 99 1
115 100 1
115 106 1
115 113 1
115 114 1
116 2 1
116 3 1
116 4 1
116 12 1
116 13 1
116 14 1
116 20 1
116 25 1
116 33 1
116 34 1
116 35 1
116 36 1
116 44 1
116 45 1
116 46 1
116 52 1
116 59 1
116 60 1
116 61 1
116 64 1
116 67 1
116 72 1
116 73 1
116 83 1
116 85 1
116 86 1
116 91 1
116 100 1
117 2 1
117 3 1
117 4 1
117 12 1
117 13 1
117 14 1
117 20 1
117 25 1
117 27 1
117 35 1
117 36 1
117 44 1
117 45 1
117 59 1
117 61 1
117 64 1
117 67 1
117 72 1
117 73 1
117 83 1
117 85 1
117 86 1
117 87 1
117 91 1
117 100 1
117 116 1
118 6 1
118 15 1
118 16 1
118 38 1
118 54 1
118 65 1
118 75 1
118 77 1
118 93 1
118 94 1
118 102 1
119 0 1
119 1 1
119 2 1
119 25 1
119 31 1
119 32 1
119 33 1
119 34 1
119 63 1
119 104 1
119 106 1
120 6 1
120 9 1
120 10 1
120 17 1
120 23 1
120 38 1
120 40 1
120 41 1
120 51 1
120 54 1
120 65 1
120 75 1
120 77 1
120 79 1
120 84 1
120 93 1
120 94 1
120 96 1
120 97 1
120 107 1
121 0 1
121 11 1
121 22 1
121 24 1
121 25 1
121 42 1
121 43 1
121 55 1
121 59 1
121 66 1
121 70 1
121 71 1
121 76 1
121 78 1
121 80 1
121 98 1
121 99 1
121 104 1
121 105 1
121 106 1
121 110 1
121 113 1
121 114 1
121 115 1
122 0 1
122 1 1
122 2 1
122 9 1
122 10 1
122 11 1
122 18 1
122 24 1
122 25 1
122 28 1
122 31 1
122 32 1
122 33 1
122 34 1
122 42 1
122 50 1
122 63 1
122 71 1
122 80 1
122 83 1
122 88 1
122 98 1
122 99 1
122 104 1
122 105 1
122 106 1
122 108 1
122 110 1
122 111 1
122 114 1
122 119 1
123 8 1
123 17 1
123 18 1
123 20 1
123 21 1
123 23 1
123 35 1
123 37 1
123 40 1
123 50 1
123 53 1
123 58 1
123 62 1
123 64 1
123 68 1
123 69 1
123 81 1
123 82 1
123 89 1
123 90 1
123 92 1
123 96 1
124 9 1
124 17 1
124 18 1
124 19 1
124 23 1
124 29 1
124 30 1
124 41 1
124 51 1
124 62 1
124 81 1
124 82 1
124 89 1
124 90 1
124 97 1
124 107 1
125 2 1
125 3 1
125 4 1
125 7 1
125 12 1
125 13 1
125 14 1
125 18 1
125 20 1
125 25 1
125 28 1
125 30 1
125 33 1
125 34 1
125 35 1
125 36 1
125 44 1
125 50 1
125 52 1
125 56 1
125 57 1
125 59 1
125 63 1
125 64 1
125 67 1
125 69 1
125 72 1
125 78 1
125 81 1
125 83 1
125 88 1
125 89 1
125 91 1
125 100 1
125 110 1
125 111 1
125 116 1
125 117 1
126 5 1
126 6 1
126 8 1
126 15 1
126 16 1
126 17 1
126 21 1
126 23 1
126 40 1
126 48 1
126 53 1
126 54 1
126 74 1
126 75 1
126 77 1
126 84 1
126 93 1
126 94 1
126 96 1
126 102 1
126 118 1
127 6 1
127 15 1
127 16 1
127 38 1
127 39 1
127 54 1
127 65 1
127 68 1
127 74 1
127 75 1
127 77 1
127 79 1
127 93 1
127 94 1
127 95 1
127 96 1
127 97 1
127 102 1
127 108 1
127 112 1
127 118 1
127 120 1
127 126 1
128 6 1
128 15 1
128 16 1
128 22 1
128 38 1
128 39 1
128 48 1
128 54 1
128 55 1
128 56 1
128 58 1
128 65 1
128 68 1
128 74 1
128 75 1
128 76 1
128 77 1
128 79 1
128 93 1
128 94 1
128 95 1
128 96 1
128 102 1
128 103 1
128 108 1
128 112 1
128 118 1
128 126 1
128 127 1
129 6 1
129 8 1
129 9 1
129 10 1
129 17 1
129 19 1
129 23 1
129 40 1
129 41 1
129 51 1
129 62 1
129 65 1
129 68 1
129 69 1
129 75 1
129 77 1
129 79 1
129 81 1
129 82 1
129 84 1
129 89 1
129 90 1
129 93 1
129 96 1
129 97 1
129 107 1
129 120 1
129 124 1
130 0 1
130 24 1
130 25 1
130 42 1
130 43 1
130 44 1
130 59 1
130 70 1
130 71 1
130 76 1
130 78 1
130 80 1
130 98 1
130 99 1
130 100 1
130 104 1
130 105 1
130 106 1
130 110 1
130 113 1
130 114 1
130 115 1
130 121 1
130 122 1
131 4 1
131 12 1
131 13 1
131 14 1
131 20 1
131 26 1
131 27 1
131 35 1
131 36 1
131 37 1
131 45 1
131 46 1
131 47 1
131 49 1
131 52 1
131 60 1
131 61 1
131 64 1
131 73 1
131 85 1
131 92 1
131 101 1
131 109 1
131 116 1
131 117 1
132 5 1
132 6 1
132 15 1
132 16 1
132 22 1
132 38 1
132 39 1
132 48 1
132 54 1
132 55 1
132 56 1
132 58 1
132 68 1
132 74 1
132 75 1
132 77 1
132 93 1
132 94 1
132 95 1
132 96 1
132 102 1
132 103 1
132 112 1
132 118 1
132 126 1
132 127 1
132 128 1
133 0 1
133 1 1
133 2 1
133 3 1
133 9 1
133 10 1
133 11 1
133 18 1
133 19 1
133 24 1
133 25 1
133 28 1
133 29 1
133 30 1
133 31 1
133 33 1
133 34 1
133 42 1
133 50 1
133 51 1
133 56 1
133 57 1
133 68 1
133 69 1
133 76 1
133 78 1
133 79 1
133 80 1
133 83 1
133 88 1
133 89 1
133 91 1
133 98 1
133 99 1
133 105 1
133 106 1
133 108 1
133 110 1
133 111 1
133 114 1
133 122 1
133 125 1
134 1 1
134 2 1
134 18 1
134 19 1
134 28 1
134 29 1
134 30 1
134 31 1
134 32 1
134 33 1
134 34 1
134 50 1
134 63 1
134 83 1
134 88 1
134 110 1
134 111 1
134 119 1
134 122 1
134 125 1
134 133 1
135 2 1
135 3 1
135 4 1
135 7 1
135 8 1
135 12 1
135 13 1
135 14 1
135 18 1
135 20 1
135 28 1
135 33 1
135 34 1
135 35 1
135 36 1
135 37 1
135 44 1
135 50 1
135 52 1
135 56 1
135 57 1
135 58 1
135 59 1
135 60 1
135 64 1
135 67 1
135 68 1
135 69 1
135 72 1
135 78 1
135 81 1
135 83 1
135 88 1
135 89 1
135 90 1
135 91 1
135 92 1
135 100 1
135 108 1
135 110 1
135 116 1
135 117 1
135 123 1
135 125 1
135 133 1
136 4 1
136 5 1
136 7 1
136 8 1
136 13 1
136 14 1
136 20 1
136 26 1
136 27 1
136 35 1
136 36 1
136 37 1
136 46 1
136 48 1
136 49 1
136 52 1
136 53 1
136 56 1
136 58 1
136 60 1
136 64 1
136 67 1
136 73 1
136 85 1
136 92 1
136 101 1
136 103 1
136 109 1
136 131 1
136 135 1
137 4 1
137 5 1
137 7 1
137 8 1
137 20 1
137 21 1
137 35 1
137 36 1
137 37 1
137 40 1
137 46 1
137 48 1
137 52 1
137 53 1
137 56 1
137 57 1
137 58 1
137 60 1
137 64 1
137 68 1
137 69 1
137 74 1
137 81 1
137 82 1
137 92 1
137 93 1
137 96 1
137 103 1
137 109 1
137 123 1
137 136 1
138 5 1
138 7 1
138 8 1
138 15 1
138 16 1
138 20 1
138 21 1
138 36 1
138 37 1
138 40 1
138 48 1
138 52 1
138 53 1
138 58 1
138 64 1
138 68 1
138 69 1
138 74 1
138 92 1
138 93 1
138 96 1
138 103 1
138 109 1
138 126 1
138 136 1
138 137 1
139 7 1
139 16 1
139 22 1
139 24 1
139 26 1
139 38 1
139 39 1
139 42 1
139 48 1
139 54 1
139 55 1
139 56 1
139 66 1
139 67 1
139 74 1
139 76 1
139 78 1
139 95 1
139 98 1
139 99 1
139 103 1
139 109 1
139 112 1
139 113 1
139 128 1
139 132 1
140 3 1
140 4 1
140 5 1
140 7 1
140 11 1
140 12 1
140 13 1
140 20 1
140 22 1
140 26 1
140 27 1
140 35 1
140 36 1
140 37 1
140 39 1
140 42 1
140 48 1
140 49 1
140 50 1
140 52 1
140 53 1
140 54 1
140 55 1
140 56 1
140 57 1
140 58 1
140 59 1
140 60 1
140 61 1
140 64 1
140 66 1
140 67 1
140 68 1
140 69 1
140 72 1
140 74 1
140 76 1
140 78 1
140 80 1
140 86 1
140 88 1
140 91 1
140 95 1
140 98 1
140 99 1
140 100 1
140 103 1
140 108 1
140 109 1
140 110 1
140 112 1
140 113 1
140 115 1
140 135 1
140 136 1
140 139 1
141 6 1
141 8 1
141 9 1
141 10 1
141 11 1
141 17 1
141 18 1
141 19 1
141 28 1
141 38 1
141 40 1
141 41 1
141 50 1
141 51 1
141 54 1
141 56 1
141 57 1
141 58 1
141 65 1
141 68 1
141 69 1
141 77 1
141 79 1
141 88 1
141 89 1
141 96 1
141 97 1
141 107 1
141 108 1
141 110 1
141 120 1
141 124 1
141 127 1
141 129 1
141 133 1
142 3 1
142 4 1
142 12 1
142 13 1
142 14 1
142 20 1
142 27 1
142 35 1
142 36 1
142 37 1
142 45 1
142 46 1
142 47 1
142 49 1
142 52 1
142 60 1
142 61 1
142 64 1
142 67 1
142 72 1
142 73 1
142 85 1
142 86 1
142 91 1
142 92 1
142 100 1
142 101 1
142 109 1
142 116 1
142 117 1
142 131 1
142 135 1
142 136 1
143 13 1
143 14 1
143 36 1
143 45 1
143 46 1
143 47 1
143 52 1
143 73 1
143 85 1
143 92 1
143 101 1
143 131 1
143 136 1
143 142 1
144 5 1
144 15 1
144 16 1
144 21 1
144 38 1
144 39 1
144 48 1
144 53 1
144 54 1
144 55 1
144 56 1
144 58 1
144 74 1
144 75 1
144 93 1
144 94 1
144 95 1
144 96 1
144 102 1
144 103 1
144 109 1
144 112 1
144 118 1
144 126 1
144 127 1
144 128 1
144 132 1
144 138 1
144 139 1
145 5 1
145 7 1
145 15 1
145 16 1
145 22 1
145 26 1
145 38 1
145 39 1
145 48 1
145 49 1
145 52 1
145 53 1
145 54 1
145 55 1
145 56 1
145 58 1
145 60 1
145 66 1
145 67 1
145 74 1
145 78 1
145 93 1
145 94 1
145 95 1
145 102 1
145 103 1
145 109 1
145 112 1
145 126 1
145 128 1
145 132 1
145 138 1
145 139 1
145 140 1
145 144 1
146 5 1
146 7 1
146 15 1
146 16 1
146 22 1
146 26 1
146 27 1
146 36 1
146 37 1
146 38 1
146 39 1
146 48 1
146 49 1
146 52 1
146 53 1
146 54 1
146 55 1
146 56 1
146 57 1
146 58 1
146 60 1
146 64 1
146 66 1
146 67 1
146 68 1
146 74 1
146 78 1
146 95 1
146 103 1
146 109 1
146 112 1
146 113 1
146 128 1
146 132 1
146 136 1
146 137 1
146 138 1
146 139 1
146 140 1
146 144 1
146 145 1
147 5 1
147 7 1
147 16 1
147 22 1
147 26 1
147 27 1
147 36 1
147 37 1
147 39 1
147 48 1
147 49 1
147 52 1
147 53 1
147 55 1
147 56 1
147 58 1
147 60 1
147 66 1
147 67 1
147 74 1
147 78 1
147 95 1
147 103 1
147 109 1
147 112 1
147 113 1
147 132 1
147 136 1
147 137 1
147 138 1
147 139 1
147 140 1
147 144 1
147 145 1
147 146 1
148 0 1
148 11 1
148 24 1
148 25 1
148 42 1
148 43 1
148 70 1
148 71 1
148 76 1
148 80 1
148 98 1
148 99 1
148 104 1
148 105 1
148 106 1
148 110 1
148 114 1
148 115 1
148 121 1
148 122 1
148 130 1
148 133 1
149 0 1
149 1 1
149 9 1
149 10 1
149 11 1
149 18 1
149 24 1
149 25 1
149 28 1
149 31 1
149 33 1
149 34 1
149 42 1
149 50 1
149 57 1
149 59 1
149 71 1
149 76 1
149 78 1
149 79 1
149 80 1
149 83 1
149 88 1
149 98 1
149 99 1
149 104 1
149 105 1
149 106 1
149 108 1
149 110 1
149 114 1
149 119 1
149 121 1
149 122 1
149 130 1
149 133 1
149 148 1
150 0 1
150 1 1
150 2 1
150 3 1
150 9 1
150 10 1
150 11 1
150 18 1
150 24 1
150 25 1
150 28 1
150 31 1
150 32 1
150 33 1
150 34 1
150 42 1
150 50 1
150 57 1
150 59 1
150 63 1
150 71 1
150 78 1
150 80 1
150 83 1
150 88 1
150 89 1
150 91 1
150 98 1
150 99 1
150 104 1
150 105 1
150 106 1
150 108 1
150 110 1
150 111 1
150 114 1
150 119 1
150 122 1
150 125 1
150 130 1
150 133 1
150 134 1
150 135 1
150 148 1
150 149 1
151 8 1
151 9 1
151 10 1
151 11 1
151 17 1
151 18 1
151 19 1
151 20 1
151 23 1
151 28 1
151 29 1
151 30 1
151 34 1
151 35 1
151 40 1
151 50 1
151 51 1
151 56 1
151 57 1
151 58 1
151 62 1
151 64 1
151 68 1
151 69 1
151 79 1
151 81 1
151 82 1
151 83 1
151 88 1
151 89 1
151 90 1
151 91 1
151 96 1
151 97 1
151 108 1
151 110 1
151 111 1
151 123 1
151 124 1
151 125 1
151 129 1
151 133 1
151 134 1
151 135 1
151 141 1
152 8 1
152 17 1
152 18 1
152 20 1
152 23 1
152 29 1
152 30 1
152 37 1
152 40 1
152 50 1
152 51 1
152 57 1
152 62 1
152 64 1
152 68 1
152 69 1
152 81 1
152 82 1
152 89 1
152 90 1
152 96 1
152 111 1
152 123 1
152 124 1
152 125 1
152 135 1
152 151 1
153 8 1
153 17 1
153 18 1
153 19 1
153 23 1
153 29 1
153 30 1
153 40 1
153 41 1
153 50 1
153 51 1
153 62 1
153 69 1
153 81 1
153 82 1
153 84 1
153 89 1
153 90 1
153 107 1
153 123 1
153 124 1
153 129 1
153 151 1
153 152 1
154 9 1
154 17 1
154 18 1
154 19 1
154 28 1
154 29 1
154 30 1
154 50 1
154 51 1
154 62 1
154 69 1
154 81 1
154 82 1
154 89 1
154 90 1
154 97 1
154 111 1
154 123 1
154 124 1
154 129 1
154 141 1
154 151 1
154 152 1
154 153 1
155 9 1
155 10 1
155 11 1
155 17 1
155 18 1
155 19 1
155 28 1
155 29 1
155 30 1
155 50 1
155 51 1
155 69 1
155 79 1
155 81 1
155 88 1
155 89 1
155 90 1
155 97 1
155 107 1
155 108 1
155 111 1
155 124 1
155 129 1
155 133 1
155 141 1
155 151 1
155 152 1
155 153 1
155 154 1
156 0 1
156 1 1
156 2 1
156 3 1
156 11 1
156 18 1
156 25 1
156 28 1
156 30 1
156 31 1
156 32 1
156 33 1
156 34 1
156 35 1
156 44 1
156 50 1
156 57 1
156 59 1
156 63 1
156 70 1
156 71 1
156 72 1
156 78 1
156 80 1
156 83 1
156 88 1
156 91 1
156 98 1
156 100 1
156 105 1
156 106 1
156 110 1
156 111 1
156 116 1
156 119 1
156 122 1
156 125 1
156 133 1
156 134 1
156 135 1
156 149 1
156 150 1
157 5 1
157 7 1
157 8 1
157 15 1
157 16 1
157 17 1
157 20 1
157 21 1
157 23 1
157 37 1
157 40 1
157 48 1
157 52 1
157 53 1
157 58 1
157 68 1
157 69 1
157 74 1
157 75 1
157 77 1
157 81 1
157 82 1
157 84 1
157 90 1
157 92 1
157 93 1
157 94 1
157 96 1
157 103 1
157 123 1
157 126 1
157 136 1
157 137 1
157 138 1
157 144 1
158 5 1
158 6 1
158 8 1
158 15 1
158 16 1
158 17 1
158 21 1
158 23 1
158 40 1
158 41 1
158 53 1
158 75 1
158 77 1
158 84 1
158 93 1
158 94 1
158 96 1
158 102 1
158 107 1
158 118 1
158 126 1
158 132 1
158 138 1
158 144 1
158 157 1
159 6 1
159 8 1
159 9 1
159 10 1
159 15 1
159 16 1
159 17 1
159 21 1
159 38 1
159 39 1
159 40 1
159 48 1
159 54 1
159 55 1
159 56 1
159 58 1
159 65 1
159 68 1
159 69 1
159 74 1
159 75 1
159 77 1
159 79 1
159 93 1
159 94 1
159 95 1
159 96 1
159 97 1
159 102 1
159 103 1
159 107 1
159 108 1
159 112 1
159 118 1
159 120 1
159 126 1
159 127 1
159 128 1
159 132 1
159 139 1
159 141 1
159 144 1
159 145 1
159 158 1
160 3 1
160 4 1
160 5 1
160 7 1
160 8 1
160 9 1
160 10 1
160 11 1
160 16 1
160 17 1
160 18 1
160 20 1
160 21 1
160 28 1
160 35 1
160 36 1
160 37 1
160 40 1
160 48 1
160 50 1
160 52 1
160 53 1
160 54 1
160 55 1
160 56 1
160 57 1
160 58 1
160 60 1
160 64 1
160 67 1
160 68 1
160 69 1
160 74 1
160 78 1
160 79 1
160 81 1
160 82 1
160 83 1
160 88 1
160 89 1
160 90 1
160 91 1
160 92 1
160 93 1
160 95 1
160 96 1
160 103 1
160 108 1
160 109 1
160 110 1
160 123 1
160 125 1
160 133 1
160 135 1
160 136 1
160 137 1
160 138 1
160 140 1
160 146 1
160 151 1
160 152 1
160 157 1
161 6 1
161 8 1
161 9 1
161 15 1
161 16 1
161 17 1
161 21 1
161 23 1
161 40 1
161 41 1
161 51 1
161 53 1
161 54 1
161 58 1
161 62 1
161 65 1
161 68 1
161 69 1
161 75 1
161 77 1
161 79 1
161 81 1
161 82 1
161 84 1
161 89 1
161 90 1
161 93 1
161 94 1
161 96 1
161 97 1
161 107 1
161 120 1
161 123 1
161 124 1
161 126 1
161 127 1
161 129 1
161 141 1
161 151 1
161 153 1
161 155 1
161 157 1
161 158 1
161 159 1
161 160 1
162 6 1
162 8 1
162 9 1
162 10 1
162 11 1
162 17 1
162 18 1
162 19 1
162 23 1
162 28 1
162 29 1
162 40 1
162 41 1
162 50 1
162 51 1
162 54 1
162 57 1
162 58 1
162 65 1
162 68 1
162 69 1
162 77 1
162 79 1
162 81 1
162 84 1
162 88 1
162 89 1
162 90 1
162 96 1
162 97 1
162 107 1
162 108 1
162 110 1
162 120 1
162 124 1
162 129 1
162 133 1
162 141 1
162 151 1
162 153 1
162 154 1
162 155 1
162 160 1
162 161 1
163 3 1
163 4 1
163 12 1
163 13 1
163 14 1
163 20 1
163 26 1
163 27 1
163 35 1
163 36 1
163 37 1
163 44 1
163 45 1
163 46 1
163 47 1
163 49 1
163 52 1
163 60 1
163 61 1
163 64 1
163 67 1
163 72 1
163 73 1
163 85 1
163 86 1
163 87 1
163 91 1
163 92 1
163 100 1
163 101 1
163 109 1
163 116 1
163 117 1
163 131 1
163 135 1
163 136 1
163 142 1
163 143 1
164 4 1
164 5 1
164 7 1
164 13 1
164 20 1
164 22 1
164 26 1
164 27 1
164 35 1
164 36 1
164 37 1
164 39 1
164 48 1
164 49 1
164 52 1
164 53 1
164 55 1
164 56 1
164 57 1
164 58 1
164 60 1
164 61 1
164 64 1
164 66 1
164 67 1
164 74 1
164 78 1
164 86 1
164 91 1
164 92 1
164 95 1
164 103 1
164 109 1
164 112 1
164 113 1
164 131 1
164 136 1
164 137 1
164 138 1
164 139 1
164 140 1
164 142 1
164 144 1
164 145 1
164 146 1
164 147 1
164 160 1
164 163 1
165 4 1
165 12 1
165 13 1
165 14 1
165 26 1
165 27 1
165 36 1
165 44 1
165 45 1
165 46 1
165 49 1
165 52 1
165 59 1
165 60 1
165 61 1
165 67 1
165 72 1
165 73 1
165 85 1
165 86 1
165 87 1
165 100 1
165 109 1
165 113 1
165 116 1
165 117 1
165 131 1
165 140 1
165 142 1
165 163 1
165 164 1
166 0 1
166 1 1
166 2 1
166 18 1
166 19 1
166 28 1
166 29 1
166 30 1
166 31 1
166 32 1
166 33 1
166 34 1
166 50 1
166 63 1
166 83 1
166 88 1
166 106 1
166 110 1
166 111 1
166 119 1
166 122 1
166 125 1
166 133 1
166 134 1
166 149 1
166 150 1
166 151 1
166 154 1
166 155 1
166 156 1
167 1 1
167 2 1
167 3 1
167 18 1
167 25 1
167 28 1
167 30 1
167 31 1
167 32 1
167 33 1
167 34 1
167 44 1
167 59 1
167 63 1
167 72 1
167 83 1
167 88 1
167 91 1
167 106 1
167 110 1
167 111 1
167 119 1
167 122 1
167 125 1
167 133 1
167 134 1
167 150 1
167 156 1
167 166 1
168 5 1
168 6 1
168 8 1
168 15 1
168 16 1
168 17 1
168 21 1
168 23 1
168 40 1
168 41 1
168 53 1
168 54 1
168 58 1
168 65 1
168 68 1
168 69 1
168 74 1
168 75 1
168 77 1
168 79 1
168 84 1
168 93 1
168 94 1
168 96 1
168 97 1
168 102 1
168 107 1
168 118 1
168 120 1
168 126 1
168 127 1
168 128 1
168 129 1
168 132 1
168 138 1
168 144 1
168 157 1
168 158 1
168 159 1
168 161 1
169 6 1
169 15 1
169 16 1
169 17 1
169 21 1
169 23 1
169 38 1
169 40 1
169 41 1
169 54 1
169 65 1
169 68 1
169 75 1
169 77 1
169 79 1
169 84 1
169 93 1
169 94 1
169 96 1
169 97 1
169 102 1
169 107 1
169 118 1
169 120 1
169 126 1
169 127 1
169 129 1
169 141 1
169 158 1
169 159 1
169 161 1
169 162 1
169 168 1
170 6 1
170 15 1
170 16 1
170 17 1
170 38 1
170 40 1
170 54 1
170 65 1
170 75 1
170 77 1
170 79 1
170 84 1
170 93 1
170 94 1
170 96 1
170 97 1
170 102 1
170 107 1
170 118 1
170 120 1
170 126 1
170 127 1
170 128 1
170 129 1
170 132 1
170 141 1
170 158 1
170 159 1
170 161 1
170 162 1
170 168 1
170 169 1
171 0 1
171 9 1
171 10 1
171 11 1
171 18 1
171 24 1
171 28 1
171 38 1
171 42 1
171 50 1
171 54 1
171 55 1
171 56 1
171 57 1
171 68 1
171 76 1
171 78 1
171 79 1
171 80 1
171 88 1
171 89 1
171 97 1
171 98 1
171 99 1
171 105 1
171 106 1
171 108 1
171 110 1
171 112 1
171 114 1
171 121 1
171 122 1
171 133 1
171 141 1
171 148 1
171 149 1
171 150 1
171 162 1
172 2 1
172 3 1
172 4 1
172 12 1
172 13 1
172 25 1
172 33 1
172 34 1
172 42 1
172 43 1
172 44 1
172 59 1
172 61 1
172 67 1
172 70 1
172 71 1
172 72 1
172 78 1
172 80 1
172 83 1
172 86 1
172 87 1
172 91 1
172 99 1
172 100 1
172 106 1
172 110 1
172 113 1
172 115 1
172 116 1
172 117 1
172 121 1
172 125 1
172 130 1
172 150 1
172 156 1
172 167 1
173 0 1
173 2 1
173 3 1
173 4 1
173 7 1
173 8 1
173 9 1
173 10 1
173 11 1
173 17 1
173 18 1
173 19 1
173 20 1
173 24 1
173 28 1
173 29 1
173 30 1
173 33 1
173 34 1
173 35 1
173 50 1
173 51 1
173 54 1
173 56 1
173 57 1
173 58 1
173 64 1
173 68 1
173 69 1
173 78 1
173 79 1
173 81 1
173 83 1
173 88 1
173 89 1
173 90 1
173 91 1
173 96 1
173 97 1
173 98 1
173 99 1
173 106 1
173 108 1
173 110 1
173 111 1
173 114 1
173 122 1
173 125 1
173 133 1
173 134 1
173 135 1
173 140 1
173 141 1
173 149 1
173 150 1
173 151 1
173 152 1
173 154 1
173 155 1
173 156 1
173 160 1
173 162 1
173 166 1
173 171 1
174 2 1
174 3 1
174 7 1
174 8 1
174 9 1
174 10 1
174 11 1
174 17 1
174 18 1
174 19 1
174 28 1
174 29 1
174 30 1
174 31 1
174 34 1
174 50 1
174 51 1
174 56 1
174 57 1
174 58 1
174 64 1
174 68 1
174 69 1
174 78 1
174 79 1
174 81 1
174 83 1
174 88 1
174 89 1
174 90 1
174 91 1
174 96 1
174 97 1
174 98 1
174 106 1
174 108 1
174 110 1
174 111 1
174 122 1
174 124 1
174 125 1
174 129 1
174 133 1
174 134 1
174 135 1
174 141 1
174 149 1
174 150 1
174 151 1
174 152 1
174 153 1
174 154 1
174 155 1
174 156 1
174 160 1
174 162 1
174 166 1
174 171 1
174 173 1
175 9 1
175 10 1
175 18 1
175 19 1
175 28 1
175 29 1
175 30 1
175 31 1
175 34 1
175 50 1
175 51 1
175 62 1
175 69 1
175 81 1
175 83 1
175 88 1
175 89 1
175 90 1
175 110 1
175 111 1
175 122 1
175 124 1
175 133 1
175 134 1
175 150 1
175 151 1
175 152 1
175 153 1
175 154 1
175 155 1
175 162 1
175 166 1
175 173 1
175 174 1
176 1 1
176 2 1
176 3 1
176 4 1
176 7 1
176 11 1
176 12 1
176 13 1
176 18 1
176 20 1
176 25 1
176 28 1
176 31 1
176 32 1
176 33 1
176 34 1
176 35 1
176 44 1
176 50 1
176 56 1
176 57 1
176 59 1
176 63 1
176 64 1
176 67 1
176 70 1
176 71 1
176 72 1
176 78 1
176 80 1
176 83 1
176 88 1
176 89 1
176 91 1
176 98 1
176 100 1
176 106 1
176 110 1
176 111 1
176 113 1
176 115 1
176 116 1
176 117 1
176 119 1
176 122 1
176 125 1
176 130 1
176 133 1
176 134 1
176 135 1
176 149 1
176 150 1
176 156 1
176 160 1
176 166 1
176 167 1
176 172 1
176 173 1
176 174 1
177 5 1
177 6 1
177 7 1
177 8 1
177 9 1
177 15 1
177 16 1
177 17 1
177 21 1
177 22 1
177 38 1
177 39 1
177 48 1
177 53 1
177 54 1
177 55 1
177 56 1
177 57 1
177 58 1
177 66 1
177 68 1
177 69 1
177 74 1
177 75 1
177 76 1
177 77 1
177 78 1
177 79 1
177 93 1
177 94 1
177 95 1
177 96 1
177 97 1
177 99 1
177 102 1
177 103 1
177 108 1
177 109 1
177 112 1
177 118 1
177 126 1
177 127 1
177 128 1
177 132 1
177 139 1
177 140 1
177 144 1
177 145 1
177 146 1
177 147 1
177 157 1
177 159 1
177 160 1
177 164 1
177 168 1
177 170 1
178 5 1
178 6 1
178 7 1
178 8 1
178 9 1
178 10 1
178 11 1
178 15 1
178 16 1
178 17 1
178 22 1
178 24 1
178 38 1
178 39 1
178 42 1
178 48 1
178 54 1
178 55 1
178 56 1
178 57 1
178 58 1
178 66 1
178 67 1
178 68 1
178 69 1
178 74 1
178 76 1
178 78 1
178 79 1
178 93 1
178 94 1
178 95 1
178 96 1
178 98 1
178 99 1
178 102 1
178 103 1
178 108 1
178 109 1
178 112 1
178 113 1
178 114 1
178 127 1
178 128 1
178 132 1
178 139 1
178 140 1
178 141 1
178 144 1
178 145 1
178 146 1
178 147 1
178 159 1
178 160 1
178 164 1
178 170 1
178 171 1
178 177 1
179 4 1
179 7 1
179 11 1
179 22 1
179 24 1
179 26 1
179 27 1
179 39 1
179 42 1
179 43 1
179 48 1
179 49 1
179 55 1
179 56 1
179 57 1
179 58 1
179 59 1
179 60 1
179 61 1
179 64 1
179 66 1
179 67 1
179 70 1
179 71 1
179 74 1
179 76 1
179 78 1
179 80 1
179 86 1
179 91 1
179 95 1
179 98 1
179 99 1
179 100 1
179 103 1
179 108 1
179 109 1
179 112 1
179 113 1
179 114 1
179 115 1
179 121 1
179 130 1
179 139 1
179 140 1
179 145 1
179 146 1
179 147 1
179 160 1
179 164 1
179 172 1
179 177 1
179 178 1
180 2 1
180 3 1
180 4 1
180 5 1
180 7 1
180 8 1
180 9 1
180 11 1
180 12 1
180 13 1
180 14 1
180 18 1
180 20 1
180 25 1
180 26 1
180 27 1
180 28 1
180 34 1
180 35 1
180 36 1
180 37 1
180 42 1
180 44 1
180 49 1
180 50 1
180 52 1
180 53 1
180 55 1
180 56 1
180 57 1
180 58 1
180 59 1
180 60 1
180 61 1
180 64 1
180 66 1
180 67 1
180 68 1
180 69 1
180 71 1
180 72 1
180 74 1
180 78 1
180 80 1
180 81 1
180 83 1
180 86 1
180 88 1
180 89 1
180 91 1
180 92 1
180 95 1
180 96 1
180 98 1
180 99 1
180 100 1
180 103 1
180 108 1
180 109 1
180 110 1
180 113 1
180 115 1
180 116 1
180 125 1
180 133 1
180 135 1
180 136 1
180 137 1
180 140 1
180 146 1
180 147 1
180 150 1
180 151 1
180 156 1
180 160 1
180 163 1
180 164 1
180 171 1
180 172 1
180 173 1
180 174 1
180 176 1
180 177 1
180 178 1
180 179 1
181 5 1
181 6 1
181 8 1
181 9 1
181 17 1
181 18 1
181 21 1
181 23 1
181 37 1
181 40 1
181 41 1
181 50 1
181 51 1
181 53 1
181 56 1
181 57 1
181 58 1
181 62 1
181 68 1
181 69 1
181 75 1
181 77 1
181 79 1
181 81 1
181 82 1
181 84 1
181 89 1
181 90 1
181 93 1
181 94 1
181 96 1
181 97 1
181 107 1
181 108 1
181 120 1
181 123 1
181 124 1
181 126 1
181 129 1
181 137 1
181 141 1
181 151 1
181 152 1
181 153 1
181 154 1
181 155 1
181 157 1
181 158 1
181 160 1
181 161 1
181 162 1
181 168 1
181 169 1
181 173 1
181 174 1
182 6 1
182 8 1
182 9 1
182 17 1
182 21 1
182 23 1
182 40 1
182 41 1
182 51 1
182 58 1
182 62 1
182 65 1
182 68 1
182 69 1
182 75 1
182 77 1
182 79 1
182 81 1
182 82 1
182 84 1
182 89 1
182 90 1
182 93 1
182 94 1
182 96 1
182 97 1
182 107 1
182 120 1
182 123 1
182 124 1
182 129 1
182 141 1
182 151 1
182 152 1
182 153 1
182 154 1
182 155 1
182 157 1
182 158 1
182 161 1
182 162 1
182 168 1
182 169 1
182 170 1
182 174 1
182 181 1
183 6 1
183 8 1
183 9 1
183 10 1
183 17 1
183 19 1
183 23 1
183 40 1
183 41 1
183 51 1
183 54 1
183 65 1
183 68 1
183 69 1
183 75 1
183 77 1
183 79 1
183 84 1
183 89 1
183 96 1
183 97 1
183 107 1
183 108 1
183 120 1
183 124 1
183 127 1
183 129 1
183 141 1
183 153 1
183 154 1
183 155 1
183 159 1
183 161 1
183 162 1
183 168 1
183 169 1
183 170 1
183 174 1
183 181 1
183 182 1
184 6 1
184 8 1
184 9 1
184 10 1
184 11 1
184 17 1
184 18 1
184 19 1
184 23 1
184 28 1
184 40 1
184 41 1
184 50 1
184 51 1
184 54 1
184 56 1
184 57 1
184 58 1
184 65 1
184 68 1
184 69 1
184 75 1
184 77 1
184 79 1
184 81 1
184 82 1
184 84 1
184 88 1
184 89 1
184 90 1
184 93 1
184 96 1
184 97 1
184 107 1
184 108 1
184 120 1
184 124 1
184 127 1
184 129 1
184 133 1
184 141 1
184 151 1
184 152 1
184 153 1
184 154 1
184 155 1
184 159 1
184 160 1
184 161 1
184 162 1
184 168 1
184 169 1
184 170 1
184 171 1
184 173 1
184 174 1
184 175 1
184 181 1
184 182 1
184 183 1
185 2 1
185 3 1
185 4 1
185 7 1
185 12 1
185 13 1
185 14 1
185 25 1
185 33 1
185 34 1
185 35 1
185 43 1
185 44 1
185 45 1
185 50 1
185 57 1
185 59 1
185 61 1
185 63 1
185 64 1
185 67 1
185 70 1
185 71 1
185 72 1
185 78 1
185 80 1
185 83 1
185 86 1
185 87 1
185 88 1
185 91 1
185 100 1
185 106 1
185 110 1
185 113 1
185 115 1
185 116 1
185 117 1
185 125 1
185 130 1
185 135 1
185 140 1
185 150 1
185 156 1
185 165 1
185 167 1
185 172 1
185 176 1
185 180 1
186 3 1
186 4 1
186 7 1
186 12 1
186 13 1
186 14 1
186 20 1
186 22 1
186 26 1
186 27 1
186 35 1
186 36 1
186 37 1
186 44 1
186 45 1
186 46 1
186 49 1
186 52 1
186 55 1
186 56 1
186 59 1
186 60 1
186 61 1
186 64 1
186 66 1
186 67 1
186 72 1
186 73 1
186 78 1
186 85 1
186 86 1
186 87 1
186 91 1
186 92 1
186 95 1
186 100 1
186 103 1
186 109 1
186 113 1
186 115 1
186 116 1
186 117 1
186 131 1
186 136 1
186 140 1
186 142 1
186 146 1
186 147 1
186 163 1
186 164 1
186 165 1
186 179 1
186 180 1
186 185 1
187 8 1
187 9 1
187 10 1
187 17 1
187 18 1
187 19 1
187 23 1
187 28 1
187 29 1
187 30 1
187 40 1
187 41 1
187 50 1
187 51 1
187 62 1
187 68 1
187 69 1
187 79 1
187 81 1
187 82 1
187 88 1
187 89 1
187 90 1
187 96 1
187 97 1
187 107 1
187 111 1
187 123 1
187 124 1
187 129 1
187 133 1
187 141 1
187 151 1
187 152 1
187 153 1
187 154 1
187 155 1
187 160 1
187 161 1
187 162 1
187 173 1
187 174 1
187 175 1
187 181 1
187 182 1
187 183 1
187 184 1
188 2 1
188 3 1
188 4 1
188 7 1
188 11 1
188 12 1
188 13 1
188 20 1
188 22 1
188 25 1
188 26 1
188 27 1
188 35 1
188 36 1
188 42 1
188 43 1
188 44 1
188 49 1
188 52 1
188 55 1
188 56 1
188 57 1
188 58 1
188 59 1
188 60 1
188 61 1
188 64 1
188 66 1
188 67 1
188 70 1
188 71 1
188 72 1
188 76 1
188 78 1
188 80 1
188 83 1
188 86 1
188 87 1
188 88 1
188 91 1
188 95 1
188 98 1
188 99 1
188 100 1
188 103 1
188 108 1
188 109 1
188 110 1
188 113 1
188 115 1
188 116 1
188 117 1
188 121 1
188 125 1
188 130 1
188 135 1
188 139 1
188 140 1
188 146 1
188 147 1
188 160 1
188 163 1
188 164 1
188 165 1
188 172 1
188 173 1
188 176 1
188 178 1
188 179 1
188 180 1
188 185 1
188 186 1
189 6 1
189 7 1
189 8 1
189 9 1
189 10 1
189 11 1
189 16 1
189 17 1
189 18 1
189 24 1
189 28 1
189 38 1
189 42 1
189 50 1
189 54 1
189 55 1
189 56 1
189 57 1
189 58 1
189 65 1
189 68 1
189 69 1
189 76 1
189 78 1
189 79 1
189 88 1
189 89 1
189 95 1
189 96 1
189 97 1
189 98 1
189 99 1
189 105 1
189 108 1
189 110 1
189 112 1
189 114 1
189 120 1
189 122 1
189 127 1
189 128 1
189 129 1
189 133 1
189 141 1
189 149 1
189 150 1
189 155 1
189 159 1
189 160 1
189 162 1
189 170 1
189 171 1
189 173 1
189 174 1
189 177 1
189 178 1
189 180 1
189 183 1
189 184 1
190 11 1
190 22 1
190 24 1
190 25 1
190 42 1
190 43 1
190 55 1
190 59 1
190 66 1
190 67 1
190 70 1
190 71 1
190 76 1
190 78 1
190 80 1
190 86 1
190 98 1
190 99 1
190 100 1
190 105 1
190 106 1
190 110 1
190 113 1
190 114 1
190 115 1
190 121 1
190 130 1
190 139 1
190 140 1
190 148 1
190 149 1
190 171 1
190 172 1
190 179 1
190 180 1
190 185 1
190 188 1
191 0 1
191 1 1
191 2 1
191 3 1
191 4 1
191 11 1
191 24 1
191 25 1
191 28 1
191 32 1
191 33 1
191 34 1
191 42 1
191 43 1
191 44 1
191 56 1
191 57 1
191 59 1
191 63 1
191 67 1
191 70 1
191 71 1
191 72 1
191 76 1
191 78 1
191 80 1
191 83 1
191 86 1
191 88 1
191 91 1
191 98 1
191 99 1
191 100 1
191 104 1
191 105 1
191 106 1
191 108 1
191 110 1
191 113 1
191 114 1
191 115 1
191 116 1
191 121 1
191 122 1
191 125 1
191 130 1
191 133 1
191 135 1
191 140 1
191 148 1
191 149 1
191 150 1
191 156 1
191 167 1
191 171 1
191 172 1
191 173 1
191 176 1
191 179 1
191 180 1
191 185 1
191 188 1
191 190 1
192 5 1
192 6 1
192 15 1
192 16 1
192 21 1
192 38 1
192 39 1
192 48 1
192 54 1
192 74 1
192 75 1
192 77 1
192 93 1
192 94 1
192 95 1
192 96 1
192 102 1
192 103 1
192 112 1
192 118 1
192 126 1
192 127 1
192 128 1
192 132 1
192 144 1
192 145 1
192 157 1
192 158 1
192 159 1
192 168 1
192 170 1
192 177 1
192 178 1
193 2 1
193 3 1
193 4 1
193 7 1
193 8 1
193 9 1
193 17 1
193 18 1
193 19 1
193 20 1
193 28 1
193 29 1
193 30 1
193 34 1
193 35 1
193 36 1
193 37 1
193 40 1
193 50 1
193 51 1
193 52 1
193 53 1
193 56 1
193 57 1
193 58 1
193 62 1
193 64 1
193 68 1
193 69 1
193 79 1
193 81 1
193 82 1
193 83 1
193 88 1
193 89 1
193 90 1
193 91 1
193 96 1
193 110 1
193 111 1
193 123 1
193 124 1
193 125 1
193 133 1
193 135 1
193 151 1
193 152 1
193 153 1
193 154 1
193 155 1
193 160 1
193 162 1
193 173 1
193 174 1
193 175 1
193 176 1
193 180 1
193 181 1
193 182 1
193 184 1
193 187 1
194 8 1
194 17 1
194 18 1
194 19 1
194 23 1
194 29 1
194 40 1
194 41 1
194 50 1
194 51 1
194 62 1
194 68 1
194 69 1
194 81 1
194 82 1
194 84 1
194 89 1
194 90 1
194 96 1
194 97 1
194 107 1
194 123 1
194 124 1
194 129 1
194 151 1
194 152 1
194 153 1
194 154 1
194 155 1
194 161 1
194 162 1
194 174 1
194 175 1
194 181 1
194 182 1
194 183 1
194 184 1
194 187 1
194 193 1
195 4 1
195 5 1
195 7 1
195 8 1
195 20 1
195 21 1
195 26 1
195 36 1
195 37 1
195 46 1
195 48 1
195 49 1
195 52 1
195 53 1
195 56 1
195 58 1
195 60 1
195 64 1
195 67 1
195 74 1
195 92 1
195 93 1
195 103 1
195 109 1
195 131 1
195 136 1
195 137 1
195 138 1
195 140 1
195 142 1
195 145 1
195 146 1
195 147 1
195 157 1
195 160 1
195 164 1
195 180 1
195 186 1
196 6 1
196 9 1
196 10 1
196 11 1
196 15 1
196 16 1
196 17 1
196 38 1
196 39 1
196 54 1
196 58 1
196 65 1
196 68 1
196 74 1
196 75 1
196 77 1
196 79 1
196 93 1
196 94 1
196 95 1
196 96 1
196 97 1
196 102 1
196 107 1
196 108 1
196 112 1
196 118 1
196 120 1
196 127 1
196 128 1
196 129 1
196 132 1
196 141 1
196 159 1
196 161 1
196 162 1
196 168 1
196 169 1
196 170 1
196 171 1
196 177 1
196 178 1
196 183 1
196 184 1
196 189 1
196 192 1
197 0 1
197 7 1
197 9 1
197 10 1
197 11 1
197 24 1
197 28 1
197 38 1
197 39 1
197 42 1
197 54 1
197 55 1
197 56 1
197 57 1
197 58 1
197 66 1
197 68 1
197 69 1
197 76 1
197 78 1
197 79 1
197 80 1
197 88 1
197 95 1
197 98 1
197 99 1
197 105 1
197 106 1
197 108 1
197 110 1
197 112 1
197 113 1
197 114 1
197 121 1
197 122 1
197 127 1
197 128 1
197 130 1
197 133 1
197 139 1
197 140 1
197 141 1
197 148 1
197 149 1
197 150 1
197 159 1
197 160 1
197 162 1
197 171 1
197 173 1
197 174 1
197 177 1
197 178 1
197 179 1
197 180 1
197 188 1
197 189 1
197 190 1
197 191 1
197 196 1
198 2 1
198 3 1
198 4 1
198 7 1
198 12 1
198 13 1
198 14 1
198 20 1
198 25 1
198 26 1
198 27 1
198 33 1
198 34 1
198 35 1
198 36 1
198 44 1
198 45 1
198 49 1
198 52 1
198 56 1
198 57 1
198 59 1
198 60 1
198 61 1
198 64 1
198 67 1
198 70 1
198 71 1
198 72 1
198 78 1
198 80 1
198 83 1
198 85 1
198 86 1
198 87 1
198 91 1
198 100 1
198 113 1
198 115 1
198 116 1
198 117 1
198 125 1
198 135 1
198 140 1
198 142 1
198 156 1
198 163 1
198 164 1
198 165 1
198 172 1
198 176 1
198 179 1
198 180 1
198 185 1
198 186 1
198 188 1
198 191 1
199 5 1
199 6 1
199 7 1
199 8 1
199 15 1
199 16 1
199 17 1
199 21 1
199 37 1
199 38 1
199 39 1
199 40 1
199 48 1
199 52 1
199 53 1
199 54 1
199 55 1
199 56 1
199 57 1
199 58 1
199 68 1
199 69 1
199 74 1
199 75 1
199 77 1
199 93 1
199 94 1
199 95 1
199 96 1
199 102 1
199 103 1
199 109 1
199 112 1
199 118 1
199 126 1
199 127 1
199 128 1
199 132 1
199 137 1
199 138 1
199 139 1
199 140 1
199 144 1
199 145 1
199 146 1
199 147 1
199 157 1
199 158 1
199 159 1
199 160 1
199 164 1
199 168 1
199 177 1
199 178 1
199 192 1
199 195 1
199 196 1
