# minsup
1
# graph
G_./1LXL.pdb
# node ID, label
0 A
1 A
2 A
3 A
4 A
5 A
6 A
7 A
8 A
9 A
10 A
11 A
12 A
13 A
14 A
15 A
16 A
17 A
18 A
19 A
20 A
21 C
22 D
23 D
24 D
25 D
26 D
27 D
28 D
29 D
30 D
31 D
32 E
33 E
34 E
35 E
36 E
37 E
38 E
39 E
40 E
41 E
42 E
43 E
44 E
45 E
46 E
47 E
48 E
49 E
50 E
51 E
52 E
53 E
54 F
55 F
56 F
57 F
58 F
59 F
60 F
61 F
62 F
63 F
64 G
65 G
66 G
67 G
68 G
69 G
70 G
71 G
72 G
73 G
74 G
75 G
76 G
77 G
78 G
79 H
80 H
81 H
82 H
83 H
84 H
85 H
86 H
87 H
88 H
89 I
90 I
91 I
92 I
93 I
94 I
95 K
96 K
97 K
98 K
99 K
100 L
101 L
102 L
103 L
104 L
105 L
106 L
107 L
108 L
109 L
110 L
111 L
112 L
113 L
114 L
115 L
116 M
117 M
118 M
119 M
120 M
121 M
122 M
123 N
124 N
125 N
126 N
127 N
128 N
129 N
130 N
131 N
132 N
133 N
134 P
135 P
136 P
137 P
138 P
139 P
140 P
141 Q
142 Q
143 Q
144 Q
145 Q
146 Q
147 Q
148 Q
149 Q
150 Q
151 R
152 R
153 R
154 R
155 R
156 R
157 R
158 R
159 R
160 R
161 R
162 R
163 S
164 S
165 S
166 S
167 S
168 S
169 S
170 S
171 S
172 S
173 S
174 S
175 S
176 S
177 S
178 S
179 S
180 S
181 S
182 S
183 S
184 S
185 T
186 T
187 T
188 T
189 T
190 T
191 T
192 T
193 T
194 V
195 V
196 V
197 V
198 V
199 V
200 V
201 V
202 V
203 V
204 V
205 V
206 V
207 V
208 V
209 W
210 W
211 W
212 W
213 W
214 W
215 Y
216 Y
217 Y
218 Y
219 Y
220 Y
# node ID1, node ID2, number of bounds
4 3 1
5 3 1
5 4 1
6 0 1
8 7 1
9 7 1
9 8 1
10 7 1
10 8 1
10 9 1
13 9 1
13 10 1
13 11 1
14 10 1
14 11 1
14 13 1
15 12 1
15 14 1
16 12 1
16 14 1
16 15 1
17 0 1
17 12 1
17 13 1
17 15 1
17 16 1
18 7 1
18 8 1
18 9 1
18 10 1
19 8 1
19 9 1
19 10 1
19 18 1
20 9 1
20 10 1
20 18 1
20 19 1
21 12 1
21 13 1
21 14 1
21 15 1
21 16 1
21 17 1
22 7 1
22 8 1
22 9 1
22 10 1
22 13 1
22 14 1
22 15 1
22 16 1
22 17 1
22 21 1
23 1 1
23 15 1
23 16 1
23 17 1
23 21 1
23 22 1
24 3 1
24 4 1
24 5 1
25 6 1
26 9 1
26 10 1
26 13 1
26 14 1
26 18 1
26 20 1
27 11 1
27 13 1
27 14 1
28 11 1
28 13 1
29 14 1
29 21 1
30 0 1
30 15 1
30 16 1
30 17 1
31 0 1
31 7 1
31 8 1
31 9 1
31 10 1
32 0 1
32 7 1
32 8 1
32 9 1
32 15 1
32 16 1
32 17 1
32 22 1
32 23 1
32 30 1
33 1 1
33 23 1
34 1 1
34 23 1
34 33 1
35 1 1
35 23 1
35 33 1
35 34 1
36 1 1
36 33 1
36 34 1
36 35 1
37 1 1
37 34 1
37 35 1
37 36 1
38 1 1
38 2 1
38 36 1
38 37 1
39 2 1
39 36 1
39 37 1
39 38 1
40 0 1
40 6 1
40 7 1
40 8 1
40 25 1
40 32 1
41 7 1
41 8 1
41 9 1
41 10 1
41 13 1
41 14 1
41 18 1
41 19 1
41 20 1
41 22 1
41 26 1
42 9 1
42 10 1
42 11 1
42 13 1
42 14 1
42 18 1
42 20 1
42 26 1
42 41 1
43 9 1
43 10 1
43 11 1
43 13 1
43 14 1
43 26 1
43 27 1
43 41 1
43 42 1
44 12 1
44 15 1
44 16 1
44 17 1
44 27 1
44 28 1
44 30 1
45 11 1
45 13 1
45 27 1
45 28 1
45 44 1
46 14 1
46 15 1
46 21 1
46 27 1
46 29 1
47 14 1
47 21 1
47 23 1
47 29 1
47 46 1
48 0 1
48 17 1
48 30 1
48 31 1
48 32 1
49 30 1
49 31 1
49 48 1
50 7 1
50 8 1
50 9 1
50 10 1
50 18 1
50 19 1
50 31 1
50 41 1
51 18 1
51 19 1
51 20 1
51 41 1
52 20 1
52 51 1
53 52 1
54 7 1
54 8 1
54 9 1
54 10 1
54 13 1
54 14 1
54 15 1
54 16 1
54 17 1
54 21 1
54 22 1
54 26 1
54 29 1
54 32 1
54 41 1
54 42 1
54 43 1
54 46 1
55 15 1
55 16 1
55 21 1
55 22 1
55 23 1
55 29 1
55 33 1
55 34 1
55 35 1
55 47 1
56 9 1
56 10 1
56 11 1
56 13 1
56 14 1
56 26 1
56 27 1
56 41 1
56 42 1
56 43 1
56 54 1
57 10 1
57 11 1
57 13 1
57 14 1
57 21 1
57 26 1
57 27 1
57 42 1
57 43 1
57 44 1
57 45 1
57 46 1
57 56 1
58 11 1
58 12 1
58 13 1
58 14 1
58 15 1
58 16 1
58 17 1
58 21 1
58 27 1
58 30 1
58 44 1
58 45 1
58 46 1
58 57 1
59 11 1
59 13 1
59 17 1
59 27 1
59 28 1
59 30 1
59 44 1
59 45 1
59 48 1
59 49 1
59 57 1
59 58 1
60 9 1
60 10 1
60 11 1
60 13 1
60 14 1
60 15 1
60 16 1
60 17 1
60 21 1
60 22 1
60 26 1
60 27 1
60 28 1
60 30 1
60 41 1
60 42 1
60 43 1
60 44 1
60 45 1
60 48 1
60 54 1
60 56 1
60 57 1
60 58 1
60 59 1
61 9 1
61 10 1
61 11 1
61 13 1
61 14 1
61 15 1
61 16 1
61 17 1
61 21 1
61 22 1
61 26 1
61 32 1
61 41 1
61 42 1
61 43 1
61 44 1
61 45 1
61 46 1
61 48 1
61 54 1
61 56 1
61 57 1
61 58 1
61 59 1
61 60 1
62 10 1
62 11 1
62 13 1
62 14 1
62 15 1
62 16 1
62 17 1
62 21 1
62 22 1
62 26 1
62 27 1
62 41 1
62 42 1
62 43 1
62 44 1
62 45 1
62 46 1
62 54 1
62 56 1
62 57 1
62 58 1
62 59 1
62 60 1
62 61 1
63 7 1
63 8 1
63 9 1
63 10 1
63 13 1
63 31 1
63 41 1
63 42 1
63 48 1
63 49 1
63 50 1
63 60 1
63 61 1
64 14 1
64 21 1
64 22 1
64 29 1
64 46 1
64 47 1
64 54 1
64 55 1
65 1 1
65 33 1
65 34 1
65 35 1
65 36 1
65 37 1
65 38 1
65 39 1
66 2 1
66 39 1
67 3 1
67 4 1
67 5 1
67 24 1
68 3 1
68 4 1
68 5 1
68 6 1
68 24 1
68 25 1
68 67 1
69 8 1
69 9 1
69 10 1
69 11 1
69 13 1
69 14 1
69 18 1
69 21 1
69 22 1
69 26 1
69 41 1
69 42 1
69 43 1
69 54 1
69 56 1
69 57 1
69 60 1
69 61 1
69 62 1
69 63 1
70 12 1
70 16 1
70 21 1
70 44 1
70 46 1
70 58 1
71 13 1
71 28 1
71 30 1
71 45 1
71 48 1
71 49 1
71 59 1
71 60 1
72 9 1
72 10 1
72 11 1
72 13 1
72 26 1
72 28 1
72 31 1
72 41 1
72 42 1
72 43 1
72 45 1
72 48 1
72 50 1
72 56 1
72 57 1
72 59 1
72 60 1
72 61 1
72 62 1
72 63 1
72 69 1
72 71 1
73 10 1
73 11 1
73 12 1
73 13 1
73 14 1
73 15 1
73 16 1
73 17 1
73 21 1
73 22 1
73 27 1
73 29 1
73 32 1
73 43 1
73 44 1
73 45 1
73 46 1
73 54 1
73 56 1
73 57 1
73 58 1
73 59 1
73 60 1
73 61 1
73 62 1
73 69 1
73 72 1
74 9 1
74 10 1
74 11 1
74 13 1
74 14 1
74 15 1
74 16 1
74 17 1
74 21 1
74 22 1
74 26 1
74 27 1
74 29 1
74 32 1
74 41 1
74 42 1
74 43 1
74 46 1
74 54 1
74 56 1
74 57 1
74 58 1
74 60 1
74 61 1
74 62 1
74 64 1
74 69 1
74 73 1
75 31 1
75 48 1
75 49 1
75 50 1
75 63 1
75 71 1
75 72 1
76 0 1
76 7 1
76 8 1
76 9 1
76 30 1
76 31 1
76 48 1
76 49 1
76 50 1
76 63 1
76 71 1
76 72 1
76 75 1
77 7 1
77 8 1
77 9 1
77 10 1
77 13 1
77 18 1
77 19 1
77 20 1
77 22 1
77 26 1
77 31 1
77 41 1
77 42 1
77 50 1
77 51 1
77 54 1
77 56 1
77 61 1
77 63 1
77 69 1
77 72 1
77 75 1
77 76 1
78 18 1
78 19 1
78 20 1
78 51 1
78 52 1
78 53 1
79 3 1
79 4 1
79 5 1
79 24 1
79 66 1
79 67 1
80 4 1
80 5 1
80 6 1
80 25 1
80 67 1
80 68 1
81 11 1
81 12 1
81 14 1
81 21 1
81 27 1
81 29 1
81 44 1
81 46 1
81 57 1
81 58 1
81 62 1
81 70 1
81 73 1
81 74 1
82 13 1
82 15 1
82 16 1
82 17 1
82 28 1
82 30 1
82 44 1
82 45 1
82 48 1
82 49 1
82 58 1
82 59 1
82 60 1
82 61 1
82 71 1
82 72 1
82 75 1
82 76 1
83 52 1
83 53 1
83 78 1
84 52 1
84 53 1
84 83 1
85 52 1
85 53 1
85 83 1
85 84 1
86 53 1
86 83 1
86 84 1
86 85 1
87 53 1
87 83 1
87 84 1
87 85 1
87 86 1
88 53 1
88 83 1
88 84 1
88 85 1
88 86 1
88 87 1
89 2 1
89 39 1
89 66 1
90 0 1
90 6 1
90 7 1
90 8 1
90 9 1
90 25 1
90 31 1
90 32 1
90 40 1
90 76 1
91 12 1
91 14 1
91 15 1
91 16 1
91 21 1
91 27 1
91 29 1
91 44 1
91 46 1
91 47 1
91 57 1
91 58 1
91 62 1
91 70 1
91 73 1
91 74 1
91 81 1
92 9 1
92 10 1
92 11 1
92 13 1
92 14 1
92 15 1
92 17 1
92 22 1
92 26 1
92 28 1
92 30 1
92 31 1
92 41 1
92 42 1
92 43 1
92 44 1
92 45 1
92 48 1
92 49 1
92 50 1
92 54 1
92 56 1
92 57 1
92 59 1
92 60 1
92 61 1
92 62 1
92 63 1
92 69 1
92 71 1
92 72 1
92 73 1
92 74 1
92 75 1
92 76 1
92 77 1
92 82 1
93 12 1
93 14 1
93 15 1
93 16 1
93 17 1
93 21 1
93 22 1
93 23 1
93 29 1
93 32 1
93 44 1
93 46 1
93 47 1
93 54 1
93 55 1
93 57 1
93 58 1
93 60 1
93 61 1
93 62 1
93 70 1
93 73 1
93 74 1
93 81 1
93 91 1
94 0 1
94 13 1
94 17 1
94 28 1
94 30 1
94 31 1
94 48 1
94 49 1
94 50 1
94 59 1
94 60 1
94 61 1
94 63 1
94 71 1
94 72 1
94 75 1
94 76 1
94 77 1
94 82 1
94 92 1
95 9 1
95 10 1
95 13 1
95 14 1
95 15 1
95 21 1
95 22 1
95 26 1
95 29 1
95 32 1
95 41 1
95 42 1
95 43 1
95 46 1
95 47 1
95 54 1
95 55 1
95 56 1
95 57 1
95 60 1
95 61 1
95 62 1
95 64 1
95 69 1
95 73 1
95 74 1
95 93 1
96 14 1
96 21 1
96 22 1
96 29 1
96 46 1
96 47 1
96 54 1
96 64 1
96 74 1
96 95 1
97 7 1
97 8 1
97 9 1
97 10 1
97 13 1
97 17 1
97 18 1
97 22 1
97 26 1
97 31 1
97 32 1
97 41 1
97 42 1
97 50 1
97 54 1
97 60 1
97 61 1
97 63 1
97 69 1
97 74 1
97 76 1
97 77 1
97 90 1
97 92 1
97 95 1
98 14 1
98 21 1
98 29 1
98 46 1
98 47 1
98 55 1
98 64 1
98 91 1
98 95 1
98 96 1
99 18 1
99 19 1
99 20 1
99 51 1
99 52 1
99 53 1
99 78 1
99 83 1
99 84 1
100 0 1
100 7 1
100 8 1
100 9 1
100 10 1
100 13 1
100 14 1
100 15 1
100 16 1
100 17 1
100 21 1
100 22 1
100 30 1
100 31 1
100 32 1
100 41 1
100 48 1
100 54 1
100 60 1
100 61 1
100 62 1
100 63 1
100 69 1
100 73 1
100 74 1
100 76 1
100 77 1
100 82 1
100 90 1
100 92 1
100 93 1
100 94 1
100 95 1
100 97 1
101 9 1
101 10 1
101 13 1
101 14 1
101 15 1
101 16 1
101 17 1
101 21 1
101 22 1
101 23 1
101 26 1
101 29 1
101 32 1
101 41 1
101 46 1
101 47 1
101 54 1
101 55 1
101 60 1
101 61 1
101 62 1
101 64 1
101 69 1
101 73 1
101 74 1
101 91 1
101 92 1
101 93 1
101 95 1
101 96 1
101 97 1
101 98 1
101 100 1
102 14 1
102 15 1
102 21 1
102 22 1
102 26 1
102 29 1
102 46 1
102 47 1
102 54 1
102 55 1
102 61 1
102 62 1
102 64 1
102 69 1
102 73 1
102 74 1
102 93 1
102 95 1
102 96 1
102 97 1
102 98 1
102 100 1
102 101 1
103 3 1
103 4 1
103 5 1
103 24 1
103 66 1
103 67 1
103 79 1
104 4 1
104 5 1
104 6 1
104 25 1
104 40 1
104 67 1
104 68 1
104 80 1
105 7 1
105 8 1
105 9 1
105 10 1
105 13 1
105 14 1
105 18 1
105 22 1
105 26 1
105 31 1
105 32 1
105 41 1
105 42 1
105 43 1
105 50 1
105 54 1
105 56 1
105 60 1
105 61 1
105 62 1
105 63 1
105 69 1
105 72 1
105 73 1
105 74 1
105 76 1
105 77 1
105 92 1
105 94 1
105 95 1
105 97 1
105 100 1
105 101 1
105 102 1
106 10 1
106 11 1
106 13 1
106 14 1
106 26 1
106 41 1
106 42 1
106 43 1
106 56 1
106 57 1
106 62 1
106 69 1
106 72 1
107 11 1
107 12 1
107 13 1
107 14 1
107 21 1
107 27 1
107 44 1
107 45 1
107 46 1
107 56 1
107 57 1
107 58 1
107 59 1
107 60 1
107 61 1
107 62 1
107 73 1
107 74 1
107 81 1
107 91 1
107 92 1
107 93 1
108 11 1
108 12 1
108 14 1
108 15 1
108 21 1
108 27 1
108 44 1
108 45 1
108 46 1
108 57 1
108 58 1
108 60 1
108 62 1
108 70 1
108 73 1
108 74 1
108 81 1
108 91 1
108 93 1
108 107 1
109 11 1
109 13 1
109 17 1
109 27 1
109 28 1
109 30 1
109 44 1
109 45 1
109 48 1
109 57 1
109 58 1
109 59 1
109 60 1
109 61 1
109 62 1
109 71 1
109 72 1
109 73 1
109 74 1
109 82 1
109 92 1
109 94 1
109 107 1
109 108 1
110 11 1
110 12 1
110 13 1
110 14 1
110 15 1
110 16 1
110 17 1
110 21 1
110 22 1
110 27 1
110 29 1
110 43 1
110 44 1
110 46 1
110 47 1
110 54 1
110 56 1
110 57 1
110 58 1
110 60 1
110 61 1
110 62 1
110 69 1
110 70 1
110 73 1
110 74 1
110 81 1
110 91 1
110 93 1
110 95 1
110 96 1
110 98 1
110 101 1
110 102 1
110 107 1
110 108 1
110 109 1
111 12 1
111 14 1
111 15 1
111 16 1
111 17 1
111 21 1
111 23 1
111 29 1
111 44 1
111 46 1
111 47 1
111 55 1
111 58 1
111 62 1
111 70 1
111 73 1
111 74 1
111 81 1
111 91 1
111 93 1
111 98 1
111 101 1
111 102 1
111 108 1
111 110 1
112 0 1
112 13 1
112 15 1
112 16 1
112 17 1
112 22 1
112 30 1
112 32 1
112 44 1
112 45 1
112 48 1
112 49 1
112 54 1
112 58 1
112 59 1
112 60 1
112 61 1
112 62 1
112 63 1
112 71 1
112 72 1
112 73 1
112 74 1
112 76 1
112 82 1
112 92 1
112 93 1
112 94 1
112 97 1
112 100 1
112 101 1
112 105 1
112 109 1
113 0 1
113 13 1
113 15 1
113 16 1
113 17 1
113 28 1
113 30 1
113 31 1
113 32 1
113 44 1
113 45 1
113 48 1
113 49 1
113 59 1
113 60 1
113 61 1
113 62 1
113 63 1
113 71 1
113 72 1
113 73 1
113 75 1
113 76 1
113 82 1
113 92 1
113 94 1
113 100 1
113 105 1
113 109 1
113 112 1
114 8 1
114 9 1
114 10 1
114 13 1
114 18 1
114 19 1
114 26 1
114 31 1
114 41 1
114 42 1
114 50 1
114 56 1
114 63 1
114 69 1
114 72 1
114 75 1
114 76 1
114 77 1
114 92 1
114 94 1
114 97 1
114 105 1
115 51 1
115 52 1
115 53 1
115 78 1
115 83 1
115 84 1
115 85 1
115 86 1
115 87 1
115 88 1
115 99 1
116 0 1
117 0 1
117 6 1
117 31 1
117 40 1
117 48 1
117 49 1
117 75 1
117 76 1
117 90 1
117 94 1
117 116 1
118 0 1
118 7 1
118 8 1
118 17 1
118 30 1
118 31 1
118 32 1
118 40 1
118 48 1
118 49 1
118 75 1
118 76 1
118 82 1
118 90 1
118 94 1
118 97 1
118 100 1
118 112 1
118 113 1
118 116 1
118 117 1
119 1 1
119 2 1
119 36 1
119 37 1
119 38 1
119 39 1
119 65 1
119 89 1
120 0 1
120 7 1
120 8 1
120 9 1
120 10 1
120 22 1
120 31 1
120 32 1
120 40 1
120 41 1
120 48 1
120 50 1
120 54 1
120 63 1
120 76 1
120 77 1
120 90 1
120 94 1
120 97 1
120 100 1
120 105 1
120 112 1
120 114 1
120 117 1
120 118 1
121 12 1
121 14 1
121 15 1
121 21 1
121 23 1
121 29 1
121 46 1
121 47 1
121 55 1
121 64 1
121 70 1
121 74 1
121 81 1
121 91 1
121 93 1
121 95 1
121 96 1
121 98 1
121 101 1
121 102 1
121 110 1
121 111 1
122 12 1
122 13 1
122 14 1
122 15 1
122 16 1
122 17 1
122 21 1
122 22 1
122 30 1
122 32 1
122 44 1
122 45 1
122 48 1
122 54 1
122 57 1
122 58 1
122 59 1
122 60 1
122 61 1
122 62 1
122 73 1
122 74 1
122 82 1
122 91 1
122 92 1
122 93 1
122 94 1
122 100 1
122 101 1
122 105 1
122 107 1
122 108 1
122 109 1
122 110 1
122 111 1
122 112 1
122 113 1
123 0 1
123 7 1
123 8 1
123 9 1
123 15 1
123 16 1
123 17 1
123 22 1
123 30 1
123 31 1
123 32 1
123 48 1
123 54 1
123 60 1
123 61 1
123 63 1
123 73 1
123 74 1
123 76 1
123 82 1
123 90 1
123 92 1
123 93 1
123 94 1
123 97 1
123 100 1
123 101 1
123 105 1
123 112 1
123 113 1
123 117 1
123 118 1
123 120 1
123 122 1
124 1 1
124 23 1
124 33 1
124 34 1
124 35 1
124 36 1
124 37 1
124 55 1
124 65 1
125 2 1
125 39 1
125 66 1
125 79 1
125 89 1
126 2 1
126 3 1
126 39 1
126 66 1
126 79 1
126 89 1
126 103 1
126 119 1
126 125 1
127 3 1
127 4 1
127 5 1
127 24 1
127 25 1
127 67 1
127 68 1
127 79 1
127 80 1
127 103 1
127 104 1
128 11 1
128 12 1
128 13 1
128 17 1
128 27 1
128 28 1
128 30 1
128 44 1
128 45 1
128 48 1
128 57 1
128 58 1
128 59 1
128 60 1
128 61 1
128 62 1
128 71 1
128 72 1
128 73 1
128 82 1
128 92 1
128 93 1
128 107 1
128 108 1
128 109 1
128 112 1
128 113 1
128 122 1
129 10 1
129 13 1
129 28 1
129 31 1
129 45 1
129 48 1
129 49 1
129 50 1
129 56 1
129 59 1
129 60 1
129 61 1
129 62 1
129 63 1
129 71 1
129 72 1
129 75 1
129 76 1
129 82 1
129 92 1
129 94 1
129 105 1
129 109 1
129 112 1
129 113 1
129 114 1
129 128 1
130 0 1
130 15 1
130 16 1
130 17 1
130 30 1
130 32 1
130 44 1
130 48 1
130 49 1
130 59 1
130 60 1
130 61 1
130 71 1
130 73 1
130 76 1
130 82 1
130 92 1
130 93 1
130 94 1
130 100 1
130 112 1
130 113 1
130 117 1
130 118 1
130 120 1
130 122 1
130 123 1
130 128 1
130 129 1
131 28 1
131 31 1
131 48 1
131 49 1
131 50 1
131 59 1
131 63 1
131 71 1
131 72 1
131 75 1
131 76 1
131 82 1
131 92 1
131 94 1
131 112 1
131 113 1
131 114 1
131 129 1
131 130 1
132 7 1
132 8 1
132 9 1
132 10 1
132 18 1
132 19 1
132 20 1
132 26 1
132 31 1
132 41 1
132 42 1
132 50 1
132 51 1
132 56 1
132 63 1
132 69 1
132 72 1
132 77 1
132 97 1
132 105 1
132 114 1
132 120 1
133 7 1
133 8 1
133 9 1
133 10 1
133 18 1
133 19 1
133 20 1
133 26 1
133 31 1
133 41 1
133 42 1
133 50 1
133 51 1
133 63 1
133 69 1
133 77 1
133 97 1
133 105 1
133 114 1
133 120 1
133 132 1
134 1 1
134 33 1
134 34 1
134 35 1
134 36 1
134 37 1
134 38 1
134 39 1
134 65 1
134 119 1
134 124 1
135 2 1
135 37 1
135 38 1
135 39 1
135 65 1
135 66 1
135 89 1
135 119 1
135 125 1
135 126 1
136 2 1
136 3 1
136 24 1
136 66 1
136 79 1
136 89 1
136 103 1
136 125 1
136 126 1
136 135 1
137 3 1
137 4 1
137 5 1
137 24 1
137 67 1
137 68 1
137 79 1
137 80 1
137 103 1
137 127 1
138 0 1
138 6 1
138 7 1
138 8 1
138 9 1
138 22 1
138 31 1
138 32 1
138 40 1
138 48 1
138 54 1
138 63 1
138 76 1
138 77 1
138 90 1
138 97 1
138 100 1
138 105 1
138 117 1
138 118 1
138 120 1
138 123 1
138 130 1
139 12 1
139 15 1
139 21 1
139 29 1
139 46 1
139 47 1
139 58 1
139 70 1
139 81 1
139 91 1
139 93 1
139 98 1
139 108 1
139 110 1
139 111 1
139 121 1
140 0 1
140 17 1
140 28 1
140 30 1
140 31 1
140 48 1
140 49 1
140 59 1
140 63 1
140 71 1
140 75 1
140 76 1
140 82 1
140 92 1
140 94 1
140 112 1
140 113 1
140 117 1
140 118 1
140 122 1
140 123 1
140 128 1
140 129 1
140 130 1
140 131 1
141 0 1
141 7 1
141 8 1
141 15 1
141 16 1
141 17 1
141 22 1
141 30 1
141 31 1
141 32 1
141 40 1
141 48 1
141 54 1
141 76 1
141 90 1
141 97 1
141 100 1
141 101 1
141 112 1
141 113 1
141 117 1
141 118 1
141 120 1
141 122 1
141 123 1
141 130 1
141 138 1
142 14 1
142 21 1
142 22 1
142 26 1
142 29 1
142 41 1
142 43 1
142 46 1
142 47 1
142 54 1
142 64 1
142 69 1
142 74 1
142 95 1
142 96 1
142 98 1
142 101 1
142 102 1
142 105 1
142 110 1
143 21 1
143 22 1
143 23 1
143 29 1
143 33 1
143 34 1
143 47 1
143 55 1
143 64 1
143 95 1
143 96 1
143 98 1
143 101 1
143 102 1
143 111 1
143 121 1
143 124 1
143 142 1
144 7 1
144 8 1
144 9 1
144 10 1
144 18 1
144 19 1
144 20 1
144 22 1
144 26 1
144 31 1
144 32 1
144 41 1
144 42 1
144 50 1
144 54 1
144 56 1
144 61 1
144 63 1
144 69 1
144 74 1
144 77 1
144 90 1
144 92 1
144 95 1
144 97 1
144 100 1
144 101 1
144 105 1
144 114 1
144 120 1
144 123 1
144 132 1
144 133 1
144 138 1
144 141 1
144 142 1
145 11 1
145 12 1
145 14 1
145 27 1
145 44 1
145 45 1
145 46 1
145 57 1
145 58 1
145 60 1
145 62 1
145 70 1
145 73 1
145 81 1
145 91 1
145 93 1
145 107 1
145 108 1
145 109 1
145 110 1
145 128 1
146 12 1
146 15 1
146 16 1
146 17 1
146 44 1
146 45 1
146 58 1
146 70 1
146 73 1
146 81 1
146 91 1
146 93 1
146 107 1
146 108 1
146 109 1
146 111 1
146 122 1
146 128 1
146 139 1
146 145 1
147 11 1
147 12 1
147 16 1
147 17 1
147 27 1
147 28 1
147 30 1
147 44 1
147 45 1
147 57 1
147 58 1
147 59 1
147 60 1
147 62 1
147 71 1
147 73 1
147 81 1
147 82 1
147 91 1
147 93 1
147 107 1
147 108 1
147 109 1
147 112 1
147 122 1
147 128 1
147 145 1
147 146 1
148 12 1
148 14 1
148 15 1
148 16 1
148 21 1
148 23 1
148 29 1
148 46 1
148 47 1
148 54 1
148 55 1
148 64 1
148 70 1
148 73 1
148 74 1
148 81 1
148 91 1
148 93 1
148 95 1
148 96 1
148 98 1
148 101 1
148 102 1
148 110 1
148 111 1
148 121 1
148 139 1
148 143 1
149 0 1
149 30 1
149 31 1
149 48 1
149 49 1
149 50 1
149 63 1
149 71 1
149 75 1
149 76 1
149 82 1
149 92 1
149 94 1
149 112 1
149 113 1
149 114 1
149 117 1
149 118 1
149 120 1
149 123 1
149 129 1
149 130 1
149 131 1
149 140 1
150 19 1
150 20 1
150 51 1
150 52 1
150 53 1
150 78 1
150 83 1
150 99 1
150 115 1
151 0 1
151 7 1
151 15 1
151 16 1
151 17 1
151 21 1
151 22 1
151 23 1
151 30 1
151 32 1
151 48 1
151 54 1
151 60 1
151 61 1
151 73 1
151 74 1
151 82 1
151 90 1
151 92 1
151 93 1
151 94 1
151 97 1
151 100 1
151 101 1
151 105 1
151 112 1
151 113 1
151 118 1
151 120 1
151 122 1
151 123 1
151 130 1
151 138 1
151 140 1
151 141 1
152 1 1
152 23 1
152 33 1
152 34 1
152 35 1
152 36 1
152 37 1
152 65 1
152 124 1
152 134 1
153 6 1
153 7 1
153 25 1
153 40 1
153 80 1
153 90 1
153 104 1
153 120 1
153 138 1
153 141 1
154 7 1
154 8 1
154 9 1
154 10 1
154 13 1
154 14 1
154 18 1
154 19 1
154 20 1
154 22 1
154 26 1
154 32 1
154 41 1
154 42 1
154 43 1
154 50 1
154 54 1
154 56 1
154 60 1
154 61 1
154 62 1
154 63 1
154 69 1
154 72 1
154 73 1
154 74 1
154 77 1
154 92 1
154 95 1
154 97 1
154 100 1
154 101 1
154 102 1
154 105 1
154 106 1
154 114 1
154 120 1
154 132 1
154 133 1
154 142 1
154 144 1
155 10 1
155 11 1
155 13 1
155 26 1
155 41 1
155 42 1
155 43 1
155 56 1
155 57 1
155 62 1
155 69 1
155 72 1
155 106 1
156 11 1
156 13 1
156 14 1
156 26 1
156 27 1
156 42 1
156 43 1
156 56 1
156 57 1
156 60 1
156 62 1
156 69 1
156 106 1
156 107 1
156 110 1
156 155 1
157 11 1
157 13 1
157 14 1
157 27 1
157 42 1
157 43 1
157 45 1
157 56 1
157 57 1
157 60 1
157 62 1
157 69 1
157 73 1
157 106 1
157 107 1
157 108 1
157 109 1
157 110 1
157 145 1
157 155 1
157 156 1
158 11 1
158 13 1
158 28 1
158 30 1
158 44 1
158 45 1
158 48 1
158 58 1
158 59 1
158 60 1
158 71 1
158 72 1
158 82 1
158 92 1
158 94 1
158 107 1
158 109 1
158 112 1
158 113 1
158 128 1
158 129 1
158 140 1
158 147 1
159 9 1
159 10 1
159 11 1
159 13 1
159 27 1
159 28 1
159 42 1
159 43 1
159 44 1
159 45 1
159 48 1
159 56 1
159 57 1
159 59 1
159 60 1
159 61 1
159 62 1
159 63 1
159 69 1
159 71 1
159 72 1
159 73 1
159 74 1
159 76 1
159 77 1
159 82 1
159 92 1
159 94 1
159 105 1
159 107 1
159 109 1
159 112 1
159 113 1
159 114 1
159 122 1
159 128 1
159 129 1
159 130 1
159 131 1
159 140 1
159 149 1
159 157 1
159 158 1
160 12 1
160 14 1
160 15 1
160 16 1
160 17 1
160 21 1
160 22 1
160 23 1
160 32 1
160 44 1
160 46 1
160 47 1
160 54 1
160 55 1
160 58 1
160 61 1
160 62 1
160 70 1
160 73 1
160 74 1
160 81 1
160 91 1
160 93 1
160 100 1
160 101 1
160 108 1
160 110 1
160 111 1
160 112 1
160 121 1
160 122 1
160 139 1
160 146 1
160 148 1
160 151 1
161 18 1
161 19 1
161 20 1
161 51 1
161 52 1
161 53 1
161 78 1
161 83 1
161 99 1
161 115 1
161 132 1
161 133 1
161 150 1
162 51 1
162 52 1
162 53 1
162 78 1
162 83 1
162 84 1
162 85 1
162 86 1
162 99 1
162 115 1
162 150 1
162 161 1
163 0 1
163 6 1
163 25 1
163 40 1
163 90 1
163 116 1
163 117 1
163 118 1
163 138 1
163 141 1
163 149 1
163 153 1
164 0 1
164 7 1
164 15 1
164 16 1
164 17 1
164 22 1
164 30 1
164 32 1
164 40 1
164 48 1
164 76 1
164 82 1
164 90 1
164 94 1
164 97 1
164 100 1
164 112 1
164 113 1
164 116 1
164 117 1
164 118 1
164 120 1
164 122 1
164 123 1
164 130 1
164 138 1
164 140 1
164 141 1
164 149 1
164 151 1
164 163 1
165 0 1
165 7 1
165 8 1
165 9 1
165 15 1
165 16 1
165 17 1
165 22 1
165 30 1
165 31 1
165 32 1
165 40 1
165 48 1
165 54 1
165 61 1
165 63 1
165 76 1
165 77 1
165 82 1
165 90 1
165 92 1
165 94 1
165 97 1
165 100 1
165 101 1
165 105 1
165 112 1
165 113 1
165 117 1
165 118 1
165 120 1
165 122 1
165 123 1
165 130 1
165 138 1
165 140 1
165 141 1
165 144 1
165 149 1
165 151 1
165 163 1
165 164 1
166 7 1
166 9 1
166 14 1
166 15 1
166 16 1
166 17 1
166 21 1
166 22 1
166 23 1
166 29 1
166 32 1
166 41 1
166 46 1
166 47 1
166 54 1
166 55 1
166 61 1
166 62 1
166 64 1
166 69 1
166 73 1
166 74 1
166 93 1
166 95 1
166 96 1
166 97 1
166 98 1
166 100 1
166 101 1
166 102 1
166 105 1
166 110 1
166 111 1
166 121 1
166 122 1
166 123 1
166 142 1
166 143 1
166 144 1
166 148 1
166 151 1
166 154 1
166 160 1
167 14 1
167 21 1
167 22 1
167 26 1
167 29 1
167 41 1
167 46 1
167 47 1
167 54 1
167 55 1
167 64 1
167 69 1
167 74 1
167 95 1
167 96 1
167 97 1
167 98 1
167 101 1
167 102 1
167 105 1
167 110 1
167 142 1
167 143 1
167 144 1
167 148 1
167 154 1
167 166 1
168 14 1
168 15 1
168 21 1
168 22 1
168 23 1
168 29 1
168 46 1
168 47 1
168 54 1
168 55 1
168 64 1
168 74 1
168 95 1
168 96 1
168 98 1
168 101 1
168 102 1
168 121 1
168 142 1
168 143 1
168 148 1
168 166 1
168 167 1
169 15 1
169 21 1
169 22 1
169 23 1
169 29 1
169 32 1
169 33 1
169 34 1
169 47 1
169 54 1
169 55 1
169 64 1
169 95 1
169 96 1
169 100 1
169 101 1
169 102 1
169 121 1
169 124 1
169 142 1
169 143 1
169 148 1
169 166 1
169 167 1
169 168 1
170 1 1
170 15 1
170 16 1
170 21 1
170 22 1
170 23 1
170 32 1
170 33 1
170 34 1
170 35 1
170 47 1
170 54 1
170 55 1
170 93 1
170 100 1
170 101 1
170 102 1
170 111 1
170 121 1
170 124 1
170 143 1
170 148 1
170 151 1
170 152 1
170 160 1
170 166 1
170 167 1
170 168 1
170 169 1
171 1 1
171 34 1
171 36 1
171 37 1
171 38 1
171 39 1
171 65 1
171 119 1
171 124 1
171 134 1
171 135 1
171 152 1
172 2 1
172 38 1
172 39 1
172 66 1
172 89 1
172 119 1
172 125 1
172 126 1
172 135 1
172 136 1
172 171 1
173 2 1
173 3 1
173 5 1
173 24 1
173 39 1
173 66 1
173 79 1
173 89 1
173 103 1
173 119 1
173 125 1
173 126 1
173 135 1
173 136 1
173 172 1
174 3 1
174 4 1
174 5 1
174 24 1
174 67 1
174 68 1
174 79 1
174 80 1
174 103 1
174 127 1
174 137 1
174 173 1
175 4 1
175 5 1
175 6 1
175 25 1
175 40 1
175 67 1
175 68 1
175 80 1
175 104 1
175 127 1
175 137 1
175 153 1
175 174 1
176 4 1
176 5 1
176 6 1
176 25 1
176 40 1
176 67 1
176 68 1
176 80 1
176 104 1
176 127 1
176 137 1
176 153 1
176 174 1
176 175 1
177 4 1
177 5 1
177 6 1
177 25 1
177 40 1
177 67 1
177 68 1
177 80 1
177 104 1
177 127 1
177 137 1
177 153 1
177 174 1
177 175 1
177 176 1
178 11 1
178 13 1
178 14 1
178 21 1
178 27 1
178 43 1
178 45 1
178 46 1
178 56 1
178 57 1
178 58 1
178 60 1
178 61 1
178 62 1
178 73 1
178 74 1
178 81 1
178 91 1
178 106 1
178 107 1
178 108 1
178 109 1
178 110 1
178 145 1
178 155 1
178 156 1
178 157 1
179 11 1
179 12 1
179 14 1
179 21 1
179 27 1
179 44 1
179 45 1
179 46 1
179 57 1
179 58 1
179 60 1
179 62 1
179 73 1
179 74 1
179 81 1
179 91 1
179 107 1
179 108 1
179 109 1
179 110 1
179 128 1
179 145 1
179 146 1
179 147 1
179 156 1
179 157 1
179 178 1
180 12 1
180 15 1
180 16 1
180 27 1
180 44 1
180 45 1
180 58 1
180 59 1
180 62 1
180 70 1
180 73 1
180 81 1
180 91 1
180 93 1
180 107 1
180 108 1
180 109 1
180 110 1
180 111 1
180 122 1
180 128 1
180 139 1
180 145 1
180 146 1
180 147 1
180 160 1
180 179 1
181 9 1
181 10 1
181 11 1
181 13 1
181 14 1
181 15 1
181 17 1
181 21 1
181 22 1
181 26 1
181 27 1
181 41 1
181 42 1
181 43 1
181 46 1
181 54 1
181 56 1
181 57 1
181 58 1
181 59 1
181 60 1
181 61 1
181 62 1
181 69 1
181 72 1
181 73 1
181 74 1
181 77 1
181 91 1
181 92 1
181 93 1
181 95 1
181 97 1
181 100 1
181 101 1
181 102 1
181 105 1
181 106 1
181 107 1
181 109 1
181 110 1
181 112 1
181 113 1
181 122 1
181 123 1
181 129 1
181 142 1
181 144 1
181 154 1
181 155 1
181 156 1
181 157 1
181 159 1
181 166 1
181 167 1
181 178 1
182 12 1
182 14 1
182 15 1
182 16 1
182 21 1
182 23 1
182 29 1
182 46 1
182 47 1
182 54 1
182 55 1
182 58 1
182 62 1
182 64 1
182 70 1
182 73 1
182 74 1
182 81 1
182 91 1
182 93 1
182 95 1
182 96 1
182 98 1
182 101 1
182 102 1
182 108 1
182 110 1
182 111 1
182 121 1
182 139 1
182 142 1
182 143 1
182 148 1
182 160 1
182 166 1
182 167 1
182 168 1
182 179 1
182 181 1
183 12 1
183 14 1
183 15 1
183 16 1
183 17 1
183 21 1
183 22 1
183 23 1
183 29 1
183 32 1
183 33 1
183 46 1
183 47 1
183 54 1
183 55 1
183 58 1
183 61 1
183 62 1
183 70 1
183 73 1
183 74 1
183 91 1
183 93 1
183 95 1
183 98 1
183 100 1
183 101 1
183 102 1
183 110 1
183 111 1
183 121 1
183 122 1
183 123 1
183 139 1
183 143 1
183 146 1
183 148 1
183 151 1
183 160 1
183 166 1
183 168 1
183 169 1
183 170 1
183 182 1
184 18 1
184 19 1
184 20 1
184 41 1
184 42 1
184 50 1
184 51 1
184 52 1
184 77 1
184 78 1
184 99 1
184 114 1
184 115 1
184 132 1
184 133 1
184 150 1
184 161 1
184 162 1
185 1 1
185 23 1
185 33 1
185 34 1
185 35 1
185 36 1
185 37 1
185 65 1
185 124 1
185 134 1
185 152 1
185 170 1
186 1 1
186 33 1
186 34 1
186 35 1
186 36 1
186 37 1
186 38 1
186 39 1
186 65 1
186 119 1
186 124 1
186 134 1
186 152 1
186 171 1
186 185 1
187 2 1
187 36 1
187 37 1
187 38 1
187 39 1
187 65 1
187 66 1
187 89 1
187 119 1
187 125 1
187 126 1
187 135 1
187 136 1
187 171 1
187 172 1
187 173 1
187 186 1
188 3 1
188 4 1
188 5 1
188 24 1
188 25 1
188 67 1
188 68 1
188 80 1
188 103 1
188 104 1
188 127 1
188 137 1
188 174 1
188 175 1
188 176 1
188 177 1
189 11 1
189 12 1
189 13 1
189 14 1
189 15 1
189 21 1
189 27 1
189 44 1
189 45 1
189 46 1
189 57 1
189 58 1
189 60 1
189 61 1
189 62 1
189 73 1
189 74 1
189 81 1
189 91 1
189 93 1
189 107 1
189 108 1
189 109 1
189 110 1
189 111 1
189 122 1
189 128 1
189 139 1
189 145 1
189 146 1
189 147 1
189 156 1
189 157 1
189 178 1
189 179 1
189 180 1
189 181 1
189 182 1
190 12 1
190 14 1
190 15 1
190 16 1
190 21 1
190 29 1
190 46 1
190 47 1
190 58 1
190 70 1
190 73 1
190 74 1
190 81 1
190 91 1
190 93 1
190 98 1
190 107 1
190 108 1
190 110 1
190 111 1
190 121 1
190 139 1
190 145 1
190 146 1
190 148 1
190 160 1
190 179 1
190 180 1
190 182 1
190 183 1
190 189 1
191 12 1
191 15 1
191 16 1
191 21 1
191 44 1
191 46 1
191 58 1
191 70 1
191 73 1
191 81 1
191 91 1
191 93 1
191 107 1
191 108 1
191 110 1
191 111 1
191 121 1
191 122 1
191 139 1
191 145 1
191 146 1
191 147 1
191 148 1
191 160 1
191 179 1
191 180 1
191 182 1
191 183 1
191 189 1
191 190 1
192 0 1
192 12 1
192 15 1
192 16 1
192 17 1
192 30 1
192 32 1
192 44 1
192 48 1
192 58 1
192 59 1
192 60 1
192 61 1
192 73 1
192 74 1
192 82 1
192 92 1
192 93 1
192 94 1
192 100 1
192 109 1
192 112 1
192 113 1
192 118 1
192 122 1
192 123 1
192 128 1
192 130 1
192 140 1
192 141 1
192 146 1
192 147 1
192 151 1
192 160 1
192 164 1
192 165 1
192 180 1
192 183 1
193 7 1
193 8 1
193 9 1
193 10 1
193 31 1
193 48 1
193 49 1
193 50 1
193 63 1
193 72 1
193 75 1
193 76 1
193 77 1
193 90 1
193 92 1
193 94 1
193 97 1
193 105 1
193 113 1
193 114 1
193 120 1
193 129 1
193 131 1
193 132 1
193 133 1
193 138 1
193 140 1
193 144 1
193 149 1
193 165 1
194 7 1
194 8 1
194 9 1
194 10 1
194 13 1
194 14 1
194 15 1
194 16 1
194 17 1
194 21 1
194 22 1
194 23 1
194 30 1
194 32 1
194 48 1
194 54 1
194 58 1
194 60 1
194 61 1
194 62 1
194 69 1
194 73 1
194 74 1
194 82 1
194 92 1
194 93 1
194 95 1
194 97 1
194 100 1
194 101 1
194 102 1
194 105 1
194 110 1
194 111 1
194 112 1
194 113 1
194 118 1
194 120 1
194 122 1
194 123 1
194 130 1
194 138 1
194 141 1
194 144 1
194 148 1
194 151 1
194 154 1
194 159 1
194 160 1
194 164 1
194 165 1
194 166 1
194 167 1
194 168 1
194 169 1
194 170 1
194 181 1
194 183 1
194 192 1
195 7 1
195 9 1
195 14 1
195 15 1
195 16 1
195 17 1
195 21 1
195 22 1
195 23 1
195 32 1
195 54 1
195 55 1
195 60 1
195 61 1
195 62 1
195 69 1
195 73 1
195 74 1
195 92 1
195 93 1
195 95 1
195 97 1
195 100 1
195 101 1
195 102 1
195 105 1
195 110 1
195 111 1
195 112 1
195 118 1
195 120 1
195 122 1
195 123 1
195 130 1
195 138 1
195 141 1
195 142 1
195 143 1
195 144 1
195 148 1
195 151 1
195 154 1
195 160 1
195 164 1
195 165 1
195 166 1
195 167 1
195 168 1
195 169 1
195 170 1
195 181 1
195 183 1
195 192 1
195 194 1
196 1 1
196 15 1
196 16 1
196 23 1
196 32 1
196 33 1
196 34 1
196 35 1
196 55 1
196 93 1
196 111 1
196 124 1
196 134 1
196 143 1
196 148 1
196 151 1
196 152 1
196 160 1
196 168 1
196 169 1
196 170 1
196 183 1
196 185 1
196 195 1
197 3 1
197 4 1
197 5 1
197 24 1
197 25 1
197 67 1
197 68 1
197 80 1
197 103 1
197 104 1
197 127 1
197 137 1
197 174 1
197 175 1
197 176 1
197 177 1
197 188 1
198 0 1
198 6 1
198 7 1
198 8 1
198 25 1
198 31 1
198 32 1
198 40 1
198 90 1
198 97 1
198 104 1
198 116 1
198 117 1
198 118 1
198 120 1
198 138 1
198 141 1
198 153 1
198 163 1
198 164 1
198 165 1
199 7 1
199 8 1
199 9 1
199 10 1
199 13 1
199 18 1
199 22 1
199 26 1
199 31 1
199 32 1
199 41 1
199 48 1
199 50 1
199 54 1
199 60 1
199 61 1
199 63 1
199 69 1
199 72 1
199 75 1
199 76 1
199 77 1
199 90 1
199 92 1
199 94 1
199 97 1
199 100 1
199 101 1
199 105 1
199 112 1
199 113 1
199 114 1
199 118 1
199 120 1
199 123 1
199 130 1
199 132 1
199 133 1
199 138 1
199 141 1
199 144 1
199 149 1
199 151 1
199 154 1
199 164 1
199 165 1
199 166 1
199 181 1
199 193 1
199 194 1
199 195 1
199 198 1
200 11 1
200 12 1
200 13 1
200 27 1
200 28 1
200 44 1
200 45 1
200 57 1
200 58 1
200 59 1
200 60 1
200 61 1
200 62 1
200 71 1
200 73 1
200 74 1
200 81 1
200 82 1
200 91 1
200 92 1
200 93 1
200 107 1
200 108 1
200 109 1
200 110 1
200 112 1
200 113 1
200 122 1
200 128 1
200 145 1
200 146 1
200 147 1
200 157 1
200 158 1
200 159 1
200 178 1
200 179 1
200 180 1
200 181 1
200 189 1
200 191 1
200 192 1
201 11 1
201 12 1
201 13 1
201 14 1
201 15 1
201 16 1
201 17 1
201 21 1
201 27 1
201 28 1
201 30 1
201 44 1
201 45 1
201 48 1
201 57 1
201 58 1
201 59 1
201 60 1
201 61 1
201 62 1
201 71 1
201 72 1
201 73 1
201 74 1
201 81 1
201 82 1
201 91 1
201 92 1
201 93 1
201 107 1
201 108 1
201 109 1
201 110 1
201 112 1
201 113 1
201 122 1
201 128 1
201 129 1
201 130 1
201 145 1
201 146 1
201 147 1
201 158 1
201 159 1
201 160 1
201 178 1
201 179 1
201 180 1
201 181 1
201 189 1
201 191 1
201 192 1
201 194 1
201 200 1
202 13 1
202 17 1
202 28 1
202 30 1
202 44 1
202 45 1
202 48 1
202 49 1
202 59 1
202 60 1
202 61 1
202 62 1
202 63 1
202 71 1
202 72 1
202 75 1
202 76 1
202 82 1
202 92 1
202 94 1
202 109 1
202 112 1
202 113 1
202 122 1
202 123 1
202 128 1
202 129 1
202 130 1
202 131 1
202 140 1
202 147 1
202 149 1
202 158 1
202 159 1
202 192 1
202 193 1
202 200 1
202 201 1
203 8 1
203 9 1
203 10 1
203 11 1
203 13 1
203 14 1
203 17 1
203 22 1
203 26 1
203 28 1
203 31 1
203 41 1
203 42 1
203 43 1
203 45 1
203 48 1
203 50 1
203 54 1
203 56 1
203 57 1
203 59 1
203 60 1
203 61 1
203 62 1
203 63 1
203 69 1
203 71 1
203 72 1
203 73 1
203 74 1
203 76 1
203 77 1
203 82 1
203 92 1
203 94 1
203 95 1
203 97 1
203 100 1
203 101 1
203 105 1
203 106 1
203 107 1
203 109 1
203 110 1
203 112 1
203 113 1
203 114 1
203 120 1
203 122 1
203 123 1
203 128 1
203 129 1
203 130 1
203 131 1
203 132 1
203 144 1
203 154 1
203 155 1
203 158 1
203 159 1
203 165 1
203 181 1
203 193 1
203 194 1
203 195 1
203 199 1
203 201 1
203 202 1
204 14 1
204 15 1
204 16 1
204 21 1
204 22 1
204 29 1
204 43 1
204 46 1
204 47 1
204 54 1
204 55 1
204 57 1
204 60 1
204 61 1
204 62 1
204 64 1
204 69 1
204 73 1
204 74 1
204 81 1
204 91 1
204 93 1
204 95 1
204 96 1
204 98 1
204 101 1
204 102 1
204 107 1
204 108 1
204 110 1
204 111 1
204 121 1
204 122 1
204 139 1
204 142 1
204 143 1
204 148 1
204 160 1
204 166 1
204 167 1
204 168 1
204 169 1
204 170 1
204 178 1
204 181 1
204 182 1
204 183 1
204 189 1
204 190 1
204 194 1
204 195 1
205 14 1
205 15 1
205 21 1
205 22 1
205 23 1
205 29 1
205 46 1
205 47 1
205 54 1
205 55 1
205 62 1
205 64 1
205 73 1
205 74 1
205 81 1
205 91 1
205 93 1
205 95 1
205 96 1
205 98 1
205 101 1
205 102 1
205 110 1
205 111 1
205 121 1
205 139 1
205 142 1
205 143 1
205 148 1
205 160 1
205 166 1
205 167 1
205 168 1
205 169 1
205 170 1
205 182 1
205 183 1
205 190 1
205 191 1
205 195 1
205 204 1
206 12 1
206 15 1
206 16 1
206 21 1
206 23 1
206 29 1
206 33 1
206 46 1
206 47 1
206 55 1
206 70 1
206 81 1
206 91 1
206 93 1
206 98 1
206 101 1
206 102 1
206 110 1
206 111 1
206 121 1
206 139 1
206 143 1
206 148 1
206 160 1
206 166 1
206 168 1
206 169 1
206 170 1
206 182 1
206 183 1
206 190 1
206 191 1
206 195 1
206 196 1
206 204 1
206 205 1
207 12 1
207 14 1
207 15 1
207 16 1
207 17 1
207 21 1
207 22 1
207 23 1
207 29 1
207 32 1
207 46 1
207 47 1
207 54 1
207 55 1
207 58 1
207 61 1
207 62 1
207 70 1
207 73 1
207 74 1
207 81 1
207 91 1
207 93 1
207 95 1
207 96 1
207 98 1
207 100 1
207 101 1
207 102 1
207 108 1
207 110 1
207 111 1
207 121 1
207 122 1
207 139 1
207 143 1
207 146 1
207 148 1
207 151 1
207 160 1
207 166 1
207 167 1
207 168 1
207 169 1
207 170 1
207 180 1
207 181 1
207 182 1
207 183 1
207 189 1
207 190 1
207 191 1
207 192 1
207 194 1
207 195 1
207 196 1
207 204 1
207 205 1
207 206 1
208 7 1
208 8 1
208 9 1
208 10 1
208 13 1
208 18 1
208 19 1
208 31 1
208 41 1
208 42 1
208 48 1
208 50 1
208 61 1
208 63 1
208 69 1
208 72 1
208 75 1
208 76 1
208 77 1
208 90 1
208 92 1
208 94 1
208 97 1
208 100 1
208 105 1
208 113 1
208 114 1
208 120 1
208 123 1
208 129 1
208 131 1
208 132 1
208 133 1
208 138 1
208 144 1
208 149 1
208 154 1
208 159 1
208 165 1
208 193 1
208 199 1
208 203 1
209 14 1
209 15 1
209 16 1
209 21 1
209 22 1
209 23 1
209 29 1
209 32 1
209 33 1
209 34 1
209 46 1
209 47 1
209 54 1
209 55 1
209 64 1
209 73 1
209 74 1
209 93 1
209 95 1
209 96 1
209 98 1
209 100 1
209 101 1
209 102 1
209 110 1
209 111 1
209 121 1
209 124 1
209 142 1
209 143 1
209 148 1
209 151 1
209 160 1
209 166 1
209 167 1
209 168 1
209 169 1
209 170 1
209 182 1
209 183 1
209 194 1
209 195 1
209 196 1
209 204 1
209 205 1
209 206 1
209 207 1
210 2 1
210 3 1
210 5 1
210 24 1
210 66 1
210 67 1
210 79 1
210 89 1
210 103 1
210 125 1
210 126 1
210 136 1
210 173 1
210 174 1
211 9 1
211 10 1
211 13 1
211 28 1
211 31 1
211 41 1
211 42 1
211 45 1
211 48 1
211 49 1
211 50 1
211 56 1
211 59 1
211 60 1
211 61 1
211 62 1
211 63 1
211 69 1
211 71 1
211 72 1
211 75 1
211 76 1
211 77 1
211 82 1
211 92 1
211 94 1
211 97 1
211 105 1
211 109 1
211 112 1
211 113 1
211 114 1
211 123 1
211 129 1
211 130 1
211 131 1
211 132 1
211 140 1
211 149 1
211 158 1
211 159 1
211 181 1
211 193 1
211 199 1
211 201 1
211 202 1
211 203 1
211 208 1
212 12 1
212 14 1
212 15 1
212 16 1
212 17 1
212 21 1
212 22 1
212 23 1
212 30 1
212 32 1
212 44 1
212 45 1
212 48 1
212 54 1
212 58 1
212 59 1
212 60 1
212 61 1
212 62 1
212 70 1
212 73 1
212 74 1
212 81 1
212 82 1
212 91 1
212 92 1
212 93 1
212 100 1
212 101 1
212 107 1
212 108 1
212 109 1
212 110 1
212 111 1
212 112 1
212 113 1
212 122 1
212 123 1
212 128 1
212 130 1
212 139 1
212 146 1
212 147 1
212 148 1
212 151 1
212 160 1
212 165 1
212 180 1
212 181 1
212 183 1
212 189 1
212 190 1
212 191 1
212 192 1
212 194 1
212 195 1
212 200 1
212 201 1
212 204 1
212 206 1
212 207 1
213 17 1
213 28 1
213 30 1
213 31 1
213 48 1
213 49 1
213 59 1
213 60 1
213 63 1
213 71 1
213 72 1
213 75 1
213 76 1
213 82 1
213 92 1
213 94 1
213 109 1
213 112 1
213 113 1
213 118 1
213 123 1
213 128 1
213 129 1
213 130 1
213 131 1
213 140 1
213 149 1
213 158 1
213 159 1
213 165 1
213 192 1
213 193 1
213 202 1
213 203 1
213 208 1
213 211 1
214 0 1
214 7 1
214 8 1
214 9 1
214 10 1
214 30 1
214 31 1
214 32 1
214 48 1
214 49 1
214 50 1
214 60 1
214 61 1
214 63 1
214 72 1
214 75 1
214 76 1
214 77 1
214 82 1
214 90 1
214 92 1
214 94 1
214 97 1
214 100 1
214 105 1
214 112 1
214 113 1
214 114 1
214 117 1
214 118 1
214 120 1
214 123 1
214 129 1
214 130 1
214 131 1
214 132 1
214 133 1
214 138 1
214 140 1
214 141 1
214 144 1
214 149 1
214 151 1
214 154 1
214 159 1
214 164 1
214 165 1
214 193 1
214 194 1
214 198 1
214 199 1
214 202 1
214 203 1
214 208 1
214 211 1
214 213 1
215 7 1
215 8 1
215 9 1
215 10 1
215 14 1
215 15 1
215 21 1
215 22 1
215 26 1
215 29 1
215 32 1
215 41 1
215 43 1
215 46 1
215 54 1
215 55 1
215 56 1
215 60 1
215 61 1
215 62 1
215 64 1
215 69 1
215 73 1
215 74 1
215 93 1
215 95 1
215 96 1
215 97 1
215 100 1
215 101 1
215 102 1
215 105 1
215 110 1
215 120 1
215 142 1
215 143 1
215 144 1
215 148 1
215 151 1
215 154 1
215 166 1
215 167 1
215 168 1
215 169 1
215 170 1
215 181 1
215 182 1
215 183 1
215 194 1
215 195 1
215 199 1
215 203 1
215 204 1
215 205 1
215 207 1
215 209 1
216 14 1
216 21 1
216 22 1
216 23 1
216 29 1
216 46 1
216 47 1
216 54 1
216 55 1
216 64 1
216 74 1
216 95 1
216 96 1
216 98 1
216 101 1
216 102 1
216 110 1
216 111 1
216 121 1
216 142 1
216 143 1
216 148 1
216 166 1
216 167 1
216 168 1
216 169 1
216 170 1
216 182 1
216 183 1
216 195 1
216 204 1
216 205 1
216 206 1
216 207 1
216 209 1
216 215 1
217 10 1
217 11 1
217 13 1
217 26 1
217 27 1
217 42 1
217 43 1
217 56 1
217 57 1
217 60 1
217 62 1
217 69 1
217 72 1
217 106 1
217 107 1
217 155 1
217 156 1
217 157 1
217 159 1
217 178 1
217 181 1
217 189 1
217 203 1
218 12 1
218 15 1
218 16 1
218 17 1
218 21 1
218 30 1
218 44 1
218 45 1
218 58 1
218 60 1
218 62 1
218 70 1
218 73 1
218 74 1
218 81 1
218 82 1
218 91 1
218 93 1
218 107 1
218 108 1
218 109 1
218 110 1
218 111 1
218 112 1
218 122 1
218 128 1
218 130 1
218 139 1
218 145 1
218 146 1
218 147 1
218 160 1
218 180 1
218 183 1
218 189 1
218 190 1
218 191 1
218 192 1
218 194 1
218 200 1
218 201 1
218 206 1
218 207 1
218 212 1
219 12 1
219 13 1
219 15 1
219 16 1
219 17 1
219 28 1
219 30 1
219 32 1
219 44 1
219 45 1
219 48 1
219 54 1
219 58 1
219 59 1
219 60 1
219 61 1
219 62 1
219 71 1
219 73 1
219 74 1
219 82 1
219 92 1
219 93 1
219 94 1
219 100 1
219 109 1
219 112 1
219 113 1
219 118 1
219 122 1
219 123 1
219 128 1
219 129 1
219 130 1
219 140 1
219 141 1
219 146 1
219 147 1
219 149 1
219 151 1
219 158 1
219 159 1
219 160 1
219 164 1
219 165 1
219 180 1
219 181 1
219 183 1
219 192 1
219 194 1
219 195 1
219 200 1
219 201 1
219 202 1
219 203 1
219 211 1
219 212 1
219 213 1
219 218 1
220 7 1
220 8 1
220 9 1
220 10 1
220 13 1
220 18 1
220 19 1
220 20 1
220 26 1
220 31 1
220 41 1
220 42 1
220 43 1
220 50 1
220 51 1
220 56 1
220 60 1
220 61 1
220 63 1
220 69 1
220 72 1
220 75 1
220 76 1
220 77 1
220 92 1
220 94 1
220 97 1
220 105 1
220 114 1
220 120 1
220 129 1
220 131 1
220 132 1
220 133 1
220 144 1
220 154 1
220 159 1
220 181 1
220 184 1
220 193 1
220 199 1
220 203 1
220 208 1
220 211 1
220 214 1
