# minsup
1
# graph
G_./1MAZ.pdb
# node ID, label
0 A
1 A
2 A
3 A
4 A
5 A
6 A
7 A
8 A
9 A
10 A
11 C
12 D
13 D
14 D
15 D
16 D
17 D
18 D
19 E
20 E
21 E
22 E
23 E
24 E
25 E
26 E
27 E
28 E
29 E
30 F
31 F
32 F
33 F
34 F
35 F
36 F
37 F
38 F
39 F
40 G
41 G
42 G
43 G
44 G
45 G
46 G
47 G
48 G
49 G
50 H
51 H
52 I
53 I
54 I
55 I
56 K
57 K
58 K
59 K
60 L
61 L
62 L
63 L
64 L
65 L
66 L
67 L
68 L
69 L
70 L
71 L
72 L
73 M
74 M
75 M
76 N
77 N
78 N
79 N
80 N
81 P
82 P
83 Q
84 Q
85 Q
86 Q
87 Q
88 Q
89 Q
90 Q
91 Q
92 R
93 R
94 R
95 R
96 R
97 R
98 S
99 S
100 S
101 S
102 S
103 S
104 S
105 S
106 S
107 S
108 S
109 S
110 T
111 T
112 T
113 T
114 T
115 V
116 V
117 V
118 V
119 V
120 V
121 V
122 V
123 V
124 V
125 V
126 V
127 W
128 W
129 W
130 W
131 W
132 Y
133 Y
134 Y
135 Y
136 Y
137 Y
# node ID1, node ID2, number of bounds
1 0 1
2 0 1
2 1 1
3 0 1
3 1 1
3 2 1
6 2 1
6 3 1
6 4 1
7 3 1
7 4 1
7 6 1
8 5 1
8 6 1
8 7 1
9 5 1
9 8 1
10 5 1
10 6 1
10 8 1
10 9 1
11 4 1
11 6 1
11 7 1
11 8 1
11 9 1
11 10 1
12 0 1
12 1 1
12 2 1
12 3 1
12 7 1
12 8 1
12 9 1
12 10 1
12 11 1
13 2 1
13 3 1
13 4 1
13 6 1
13 7 1
13 12 1
14 4 1
14 6 1
14 7 1
14 11 1
15 6 1
16 4 1
16 7 1
16 11 1
17 8 1
17 9 1
17 10 1
18 0 1
18 1 1
18 2 1
18 3 1
19 0 1
19 1 1
19 2 1
19 8 1
19 9 1
19 10 1
19 12 1
20 0 1
20 1 1
20 2 1
20 3 1
20 6 1
20 12 1
20 13 1
21 2 1
21 3 1
21 4 1
21 6 1
21 7 1
21 13 1
21 20 1
22 2 1
22 3 1
22 4 1
22 6 1
22 7 1
22 11 1
22 13 1
22 20 1
22 21 1
23 5 1
23 6 1
23 8 1
23 9 1
23 10 1
23 17 1
24 4 1
24 6 1
24 14 1
24 15 1
24 23 1
25 4 1
25 7 1
25 8 1
25 11 1
25 14 1
25 16 1
26 7 1
26 11 1
26 16 1
26 25 1
27 10 1
27 17 1
27 18 1
27 19 1
27 23 1
28 17 1
28 18 1
28 27 1
29 0 1
29 1 1
29 2 1
29 3 1
29 18 1
29 20 1
30 0 1
30 1 1
30 2 1
30 3 1
30 6 1
30 7 1
30 8 1
30 9 1
30 10 1
30 11 1
30 12 1
30 13 1
30 19 1
30 20 1
30 21 1
30 22 1
31 8 1
31 9 1
31 10 1
31 11 1
31 12 1
31 19 1
31 30 1
32 2 1
32 3 1
32 4 1
32 6 1
32 7 1
32 13 1
32 20 1
32 21 1
32 22 1
32 30 1
33 4 1
33 6 1
33 7 1
33 11 1
33 13 1
33 14 1
33 22 1
33 23 1
33 24 1
33 25 1
33 32 1
34 5 1
34 6 1
34 7 1
34 8 1
34 9 1
34 10 1
34 11 1
34 14 1
34 17 1
34 23 1
34 24 1
34 25 1
34 33 1
35 6 1
35 15 1
35 17 1
35 23 1
35 24 1
35 27 1
35 33 1
35 34 1
36 2 1
36 3 1
36 4 1
36 6 1
36 7 1
36 8 1
36 9 1
36 10 1
36 11 1
36 12 1
36 13 1
36 14 1
36 15 1
36 17 1
36 20 1
36 21 1
36 22 1
36 23 1
36 24 1
36 27 1
36 30 1
36 32 1
36 33 1
36 34 1
36 35 1
37 2 1
37 3 1
37 4 1
37 6 1
37 7 1
37 8 1
37 9 1
37 10 1
37 11 1
37 12 1
37 13 1
37 17 1
37 19 1
37 20 1
37 21 1
37 22 1
37 23 1
37 24 1
37 25 1
37 27 1
37 30 1
37 32 1
37 33 1
37 34 1
37 35 1
37 36 1
38 3 1
38 4 1
38 6 1
38 7 1
38 8 1
38 9 1
38 10 1
38 11 1
38 12 1
38 13 1
38 14 1
38 20 1
38 21 1
38 22 1
38 23 1
38 24 1
38 25 1
38 30 1
38 32 1
38 33 1
38 34 1
38 35 1
38 36 1
38 37 1
39 0 1
39 1 1
39 2 1
39 3 1
39 6 1
39 18 1
39 20 1
39 21 1
39 27 1
39 28 1
39 29 1
39 32 1
39 36 1
39 37 1
40 7 1
40 11 1
40 13 1
40 16 1
40 25 1
40 26 1
40 30 1
41 1 1
41 2 1
41 3 1
41 4 1
41 6 1
41 7 1
41 11 1
41 12 1
41 13 1
41 20 1
41 21 1
41 22 1
41 30 1
41 32 1
41 33 1
41 36 1
41 37 1
41 38 1
41 39 1
42 5 1
42 23 1
42 26 1
42 34 1
43 6 1
43 15 1
43 17 1
43 23 1
43 24 1
43 27 1
43 28 1
43 35 1
43 36 1
44 2 1
44 3 1
44 6 1
44 13 1
44 15 1
44 20 1
44 21 1
44 22 1
44 24 1
44 27 1
44 29 1
44 32 1
44 33 1
44 35 1
44 36 1
44 37 1
44 38 1
44 39 1
44 41 1
44 43 1
45 3 1
45 4 1
45 6 1
45 7 1
45 8 1
45 9 1
45 10 1
45 11 1
45 12 1
45 13 1
45 14 1
45 16 1
45 19 1
45 22 1
45 23 1
45 24 1
45 25 1
45 30 1
45 31 1
45 32 1
45 33 1
45 34 1
45 35 1
45 36 1
45 37 1
45 38 1
45 41 1
45 44 1
46 3 1
46 4 1
46 6 1
46 7 1
46 8 1
46 9 1
46 10 1
46 11 1
46 12 1
46 13 1
46 14 1
46 16 1
46 19 1
46 20 1
46 21 1
46 22 1
46 25 1
46 30 1
46 31 1
46 32 1
46 33 1
46 34 1
46 36 1
46 37 1
46 38 1
46 40 1
46 41 1
46 45 1
47 18 1
47 27 1
47 28 1
47 29 1
47 39 1
47 44 1
48 0 1
48 1 1
48 2 1
48 17 1
48 18 1
48 27 1
48 28 1
48 29 1
48 39 1
48 44 1
48 47 1
49 0 1
49 1 1
49 2 1
49 3 1
49 6 1
49 13 1
49 18 1
49 20 1
49 21 1
49 22 1
49 29 1
49 30 1
49 32 1
49 37 1
49 39 1
49 41 1
49 44 1
49 48 1
50 4 1
50 5 1
50 7 1
50 11 1
50 14 1
50 16 1
50 23 1
50 24 1
50 25 1
50 26 1
50 33 1
50 34 1
50 38 1
50 42 1
50 45 1
50 46 1
51 6 1
51 9 1
51 10 1
51 15 1
51 17 1
51 23 1
51 24 1
51 27 1
51 28 1
51 34 1
51 35 1
51 36 1
51 37 1
51 43 1
51 48 1
52 4 1
52 5 1
52 7 1
52 8 1
52 9 1
52 11 1
52 14 1
52 16 1
52 23 1
52 25 1
52 26 1
52 33 1
52 34 1
52 38 1
52 42 1
52 45 1
52 46 1
52 50 1
53 2 1
53 3 1
53 6 1
53 7 1
53 8 1
53 10 1
53 13 1
53 15 1
53 17 1
53 18 1
53 20 1
53 21 1
53 22 1
53 23 1
53 24 1
53 27 1
53 28 1
53 30 1
53 32 1
53 33 1
53 35 1
53 36 1
53 37 1
53 38 1
53 39 1
53 41 1
53 43 1
53 44 1
53 45 1
53 46 1
53 47 1
53 48 1
53 49 1
53 51 1
54 5 1
54 7 1
54 8 1
54 9 1
54 10 1
54 11 1
54 12 1
54 16 1
54 19 1
54 23 1
54 25 1
54 26 1
54 30 1
54 31 1
54 34 1
54 36 1
54 37 1
54 38 1
54 42 1
54 45 1
54 46 1
54 50 1
54 52 1
55 6 1
55 10 1
55 17 1
55 18 1
55 27 1
55 28 1
55 29 1
55 35 1
55 36 1
55 37 1
55 39 1
55 43 1
55 44 1
55 47 1
55 48 1
55 51 1
55 53 1
56 2 1
56 3 1
56 4 1
56 6 1
56 7 1
56 8 1
56 11 1
56 12 1
56 13 1
56 16 1
56 19 1
56 20 1
56 21 1
56 22 1
56 25 1
56 30 1
56 31 1
56 32 1
56 33 1
56 36 1
56 37 1
56 38 1
56 40 1
56 41 1
56 45 1
56 46 1
56 54 1
57 4 1
57 7 1
57 11 1
57 12 1
57 13 1
57 16 1
57 20 1
57 22 1
57 25 1
57 30 1
57 38 1
57 40 1
57 41 1
57 45 1
57 46 1
57 56 1
58 0 1
58 1 1
58 2 1
58 3 1
58 6 1
58 10 1
58 12 1
58 13 1
58 18 1
58 19 1
58 20 1
58 21 1
58 29 1
58 30 1
58 36 1
58 37 1
58 39 1
58 41 1
58 46 1
58 48 1
58 49 1
58 53 1
58 56 1
59 7 1
59 11 1
59 16 1
59 25 1
59 26 1
59 42 1
59 46 1
59 50 1
59 52 1
59 54 1
60 0 1
60 1 1
60 2 1
60 3 1
60 6 1
60 8 1
60 9 1
60 10 1
60 12 1
60 17 1
60 18 1
60 19 1
60 20 1
60 27 1
60 30 1
60 31 1
60 36 1
60 37 1
60 38 1
60 39 1
60 41 1
60 45 1
60 46 1
60 48 1
60 49 1
60 53 1
60 54 1
60 55 1
60 56 1
60 58 1
61 0 1
61 2 1
61 3 1
61 4 1
61 6 1
61 7 1
61 8 1
61 9 1
61 10 1
61 11 1
61 12 1
61 13 1
61 16 1
61 19 1
61 20 1
61 22 1
61 25 1
61 30 1
61 31 1
61 32 1
61 36 1
61 37 1
61 38 1
61 40 1
61 41 1
61 45 1
61 46 1
61 53 1
61 54 1
61 56 1
61 57 1
61 58 1
61 60 1
62 4 1
62 7 1
62 8 1
62 11 1
62 12 1
62 13 1
62 16 1
62 20 1
62 22 1
62 25 1
62 26 1
62 30 1
62 31 1
62 37 1
62 38 1
62 40 1
62 41 1
62 45 1
62 46 1
62 54 1
62 56 1
62 57 1
62 58 1
62 59 1
62 60 1
62 61 1
63 0 1
63 1 1
63 2 1
63 3 1
63 6 1
63 10 1
63 12 1
63 13 1
63 18 1
63 19 1
63 20 1
63 21 1
63 22 1
63 29 1
63 30 1
63 32 1
63 36 1
63 37 1
63 38 1
63 39 1
63 41 1
63 44 1
63 45 1
63 46 1
63 48 1
63 49 1
63 53 1
63 55 1
63 56 1
63 58 1
63 60 1
63 61 1
63 62 1
64 3 1
64 4 1
64 6 1
64 7 1
64 13 1
64 20 1
64 21 1
64 22 1
64 32 1
64 33 1
64 37 1
64 38 1
64 41 1
64 44 1
64 46 1
64 49 1
64 56 1
64 57 1
64 63 1
65 4 1
65 6 1
65 7 1
65 11 1
65 14 1
65 23 1
65 24 1
65 25 1
65 33 1
65 34 1
65 35 1
65 36 1
65 37 1
65 38 1
65 45 1
65 46 1
65 50 1
65 52 1
65 54 1
66 4 1
66 5 1
66 7 1
66 11 1
66 14 1
66 23 1
66 24 1
66 25 1
66 33 1
66 34 1
66 36 1
66 38 1
66 42 1
66 45 1
66 46 1
66 50 1
66 52 1
66 54 1
66 59 1
66 65 1
67 4 1
67 6 1
67 7 1
67 14 1
67 15 1
67 22 1
67 23 1
67 24 1
67 32 1
67 33 1
67 34 1
67 35 1
67 36 1
67 37 1
67 38 1
67 41 1
67 43 1
67 44 1
67 45 1
67 46 1
67 51 1
67 53 1
67 65 1
67 66 1
68 4 1
68 5 1
68 6 1
68 7 1
68 8 1
68 9 1
68 10 1
68 11 1
68 14 1
68 16 1
68 22 1
68 23 1
68 25 1
68 26 1
68 30 1
68 31 1
68 33 1
68 34 1
68 36 1
68 37 1
68 38 1
68 41 1
68 45 1
68 46 1
68 50 1
68 52 1
68 54 1
68 56 1
68 57 1
68 59 1
68 61 1
68 62 1
68 65 1
68 66 1
68 67 1
69 5 1
69 7 1
69 8 1
69 9 1
69 10 1
69 11 1
69 16 1
69 25 1
69 26 1
69 31 1
69 34 1
69 38 1
69 42 1
69 45 1
69 46 1
69 50 1
69 52 1
69 54 1
69 59 1
69 61 1
69 62 1
69 66 1
69 68 1
70 6 1
70 8 1
70 9 1
70 10 1
70 12 1
70 17 1
70 19 1
70 23 1
70 24 1
70 27 1
70 28 1
70 30 1
70 34 1
70 35 1
70 36 1
70 37 1
70 38 1
70 39 1
70 43 1
70 44 1
70 45 1
70 46 1
70 48 1
70 51 1
70 53 1
70 54 1
70 55 1
70 58 1
70 60 1
70 61 1
70 63 1
70 67 1
71 6 1
71 9 1
71 10 1
71 15 1
71 17 1
71 18 1
71 23 1
71 24 1
71 27 1
71 28 1
71 34 1
71 35 1
71 36 1
71 37 1
71 38 1
71 39 1
71 43 1
71 44 1
71 45 1
71 47 1
71 48 1
71 51 1
71 53 1
71 55 1
71 60 1
71 63 1
71 67 1
71 70 1
72 1 1
72 2 1
72 3 1
72 18 1
72 20 1
72 21 1
72 29 1
72 32 1
72 39 1
72 41 1
72 44 1
72 47 1
72 48 1
72 49 1
72 53 1
72 55 1
72 58 1
72 63 1
73 0 1
73 1 1
73 2 1
73 12 1
73 18 1
73 19 1
73 20 1
73 29 1
73 30 1
73 39 1
73 48 1
73 49 1
73 58 1
73 60 1
73 63 1
74 7 1
74 8 1
74 11 1
74 16 1
74 25 1
74 26 1
74 31 1
74 42 1
74 45 1
74 46 1
74 50 1
74 52 1
74 54 1
74 59 1
74 62 1
74 66 1
74 68 1
74 69 1
75 5 1
75 6 1
75 7 1
75 8 1
75 9 1
75 10 1
75 11 1
75 12 1
75 17 1
75 19 1
75 23 1
75 24 1
75 27 1
75 30 1
75 31 1
75 34 1
75 35 1
75 36 1
75 37 1
75 38 1
75 45 1
75 46 1
75 51 1
75 52 1
75 53 1
75 54 1
75 56 1
75 60 1
75 61 1
75 63 1
75 65 1
75 66 1
75 67 1
75 68 1
75 69 1
75 70 1
75 71 1
76 0 1
76 1 1
76 2 1
76 8 1
76 9 1
76 10 1
76 12 1
76 17 1
76 18 1
76 19 1
76 27 1
76 30 1
76 31 1
76 36 1
76 37 1
76 39 1
76 45 1
76 48 1
76 51 1
76 53 1
76 54 1
76 55 1
76 58 1
76 60 1
76 61 1
76 63 1
76 70 1
76 71 1
76 73 1
76 75 1
77 5 1
77 6 1
77 10 1
77 14 1
77 15 1
77 17 1
77 23 1
77 24 1
77 27 1
77 33 1
77 34 1
77 35 1
77 36 1
77 37 1
77 38 1
77 43 1
77 44 1
77 45 1
77 51 1
77 53 1
77 65 1
77 66 1
77 67 1
77 70 1
77 71 1
77 75 1
78 3 1
78 6 1
78 15 1
78 18 1
78 24 1
78 27 1
78 28 1
78 29 1
78 32 1
78 35 1
78 36 1
78 37 1
78 39 1
78 41 1
78 43 1
78 44 1
78 47 1
78 48 1
78 51 1
78 53 1
78 55 1
78 63 1
78 67 1
78 70 1
78 71 1
78 72 1
78 77 1
79 8 1
79 9 1
79 10 1
79 17 1
79 19 1
79 23 1
79 27 1
79 28 1
79 34 1
79 35 1
79 36 1
79 37 1
79 45 1
79 48 1
79 51 1
79 53 1
79 54 1
79 55 1
79 60 1
79 70 1
79 71 1
79 75 1
79 76 1
79 77 1
80 18 1
80 27 1
80 28 1
80 29 1
80 39 1
80 43 1
80 44 1
80 47 1
80 48 1
80 51 1
80 53 1
80 55 1
80 70 1
80 71 1
80 72 1
80 78 1
80 79 1
81 5 1
81 8 1
81 9 1
81 11 1
81 16 1
81 25 1
81 26 1
81 34 1
81 42 1
81 50 1
81 52 1
81 54 1
81 59 1
81 66 1
81 68 1
81 69 1
81 74 1
82 10 1
82 17 1
82 18 1
82 27 1
82 28 1
82 35 1
82 39 1
82 43 1
82 47 1
82 48 1
82 51 1
82 53 1
82 55 1
82 70 1
82 71 1
82 75 1
82 76 1
82 77 1
82 78 1
82 79 1
82 80 1
83 0 1
83 8 1
83 9 1
83 10 1
83 12 1
83 17 1
83 19 1
83 27 1
83 30 1
83 31 1
83 48 1
83 58 1
83 60 1
83 70 1
83 71 1
83 73 1
83 75 1
83 76 1
83 79 1
84 3 1
84 4 1
84 7 1
84 11 1
84 12 1
84 13 1
84 16 1
84 20 1
84 21 1
84 22 1
84 25 1
84 30 1
84 32 1
84 37 1
84 40 1
84 41 1
84 45 1
84 46 1
84 56 1
84 57 1
84 58 1
84 61 1
84 62 1
84 63 1
84 64 1
84 68 1
85 8 1
85 9 1
85 11 1
85 12 1
85 16 1
85 19 1
85 25 1
85 26 1
85 30 1
85 31 1
85 40 1
85 45 1
85 46 1
85 54 1
85 56 1
85 57 1
85 59 1
85 61 1
85 62 1
85 68 1
85 69 1
85 74 1
85 81 1
86 0 1
86 1 1
86 2 1
86 3 1
86 12 1
86 13 1
86 18 1
86 19 1
86 20 1
86 21 1
86 29 1
86 30 1
86 32 1
86 37 1
86 39 1
86 41 1
86 49 1
86 53 1
86 56 1
86 58 1
86 60 1
86 61 1
86 63 1
86 72 1
86 73 1
86 76 1
86 84 1
87 4 1
87 5 1
87 7 1
87 14 1
87 23 1
87 24 1
87 25 1
87 33 1
87 34 1
87 38 1
87 42 1
87 45 1
87 50 1
87 52 1
87 65 1
87 66 1
87 67 1
87 68 1
87 77 1
88 5 1
88 8 1
88 9 1
88 10 1
88 17 1
88 23 1
88 24 1
88 34 1
88 42 1
88 45 1
88 50 1
88 51 1
88 52 1
88 54 1
88 65 1
88 66 1
88 67 1
88 70 1
88 75 1
88 77 1
88 79 1
88 81 1
88 87 1
89 5 1
89 14 1
89 15 1
89 17 1
89 23 1
89 24 1
89 33 1
89 34 1
89 35 1
89 36 1
89 38 1
89 43 1
89 45 1
89 50 1
89 51 1
89 52 1
89 54 1
89 65 1
89 66 1
89 67 1
89 68 1
89 70 1
89 71 1
89 75 1
89 77 1
89 87 1
89 88 1
90 7 1
90 8 1
90 9 1
90 11 1
90 16 1
90 25 1
90 26 1
90 31 1
90 40 1
90 42 1
90 45 1
90 46 1
90 50 1
90 52 1
90 54 1
90 56 1
90 57 1
90 59 1
90 61 1
90 62 1
90 68 1
90 69 1
90 74 1
90 81 1
90 85 1
91 17 1
91 18 1
91 27 1
91 28 1
91 29 1
91 39 1
91 43 1
91 47 1
91 48 1
91 51 1
91 53 1
91 55 1
91 70 1
91 71 1
91 72 1
91 76 1
91 78 1
91 79 1
91 80 1
91 82 1
92 0 1
92 8 1
92 9 1
92 10 1
92 12 1
92 17 1
92 19 1
92 27 1
92 30 1
92 31 1
92 36 1
92 37 1
92 45 1
92 46 1
92 51 1
92 53 1
92 54 1
92 58 1
92 60 1
92 61 1
92 63 1
92 70 1
92 71 1
92 73 1
92 75 1
92 76 1
92 79 1
92 83 1
92 85 1
93 0 1
93 1 1
93 2 1
93 3 1
93 6 1
93 7 1
93 12 1
93 13 1
93 19 1
93 20 1
93 21 1
93 22 1
93 29 1
93 30 1
93 32 1
93 36 1
93 37 1
93 38 1
93 39 1
93 41 1
93 44 1
93 45 1
93 46 1
93 49 1
93 53 1
93 56 1
93 57 1
93 58 1
93 60 1
93 61 1
93 62 1
93 63 1
93 64 1
93 72 1
93 73 1
93 76 1
93 84 1
93 86 1
93 92 1
94 3 1
94 4 1
94 6 1
94 7 1
94 13 1
94 20 1
94 21 1
94 22 1
94 32 1
94 33 1
94 36 1
94 38 1
94 41 1
94 44 1
94 64 1
95 6 1
95 15 1
95 23 1
95 24 1
95 34 1
95 35 1
95 36 1
95 43 1
95 44 1
95 51 1
95 53 1
95 65 1
95 67 1
95 71 1
95 77 1
95 78 1
95 89 1
96 2 1
96 3 1
96 4 1
96 6 1
96 7 1
96 13 1
96 15 1
96 20 1
96 21 1
96 22 1
96 23 1
96 24 1
96 27 1
96 32 1
96 33 1
96 35 1
96 36 1
96 37 1
96 38 1
96 39 1
96 41 1
96 43 1
96 44 1
96 45 1
96 46 1
96 48 1
96 51 1
96 53 1
96 55 1
96 63 1
96 64 1
96 65 1
96 67 1
96 70 1
96 71 1
96 72 1
96 75 1
96 77 1
96 78 1
96 80 1
96 82 1
96 93 1
96 94 1
96 95 1
97 5 1
97 7 1
97 8 1
97 9 1
97 10 1
97 11 1
97 12 1
97 19 1
97 23 1
97 25 1
97 26 1
97 30 1
97 31 1
97 34 1
97 37 1
97 38 1
97 42 1
97 45 1
97 46 1
97 50 1
97 52 1
97 54 1
97 59 1
97 61 1
97 62 1
97 66 1
97 68 1
97 69 1
97 70 1
97 74 1
97 75 1
97 76 1
97 81 1
97 85 1
97 88 1
97 90 1
97 92 1
98 8 1
98 9 1
98 10 1
98 12 1
98 17 1
98 19 1
98 27 1
98 48 1
98 51 1
98 55 1
98 60 1
98 70 1
98 71 1
98 73 1
98 75 1
98 76 1
98 79 1
98 82 1
98 83 1
98 91 1
98 92 1
99 0 1
99 1 1
99 2 1
99 8 1
99 9 1
99 10 1
99 12 1
99 17 1
99 18 1
99 19 1
99 27 1
99 30 1
99 37 1
99 39 1
99 48 1
99 55 1
99 58 1
99 60 1
99 61 1
99 63 1
99 70 1
99 71 1
99 73 1
99 75 1
99 76 1
99 79 1
99 82 1
99 83 1
99 86 1
99 91 1
99 92 1
99 98 1
100 0 1
100 2 1
100 7 1
100 8 1
100 9 1
100 10 1
100 11 1
100 12 1
100 13 1
100 19 1
100 20 1
100 25 1
100 30 1
100 31 1
100 37 1
100 38 1
100 40 1
100 41 1
100 45 1
100 46 1
100 54 1
100 56 1
100 57 1
100 58 1
100 60 1
100 61 1
100 62 1
100 63 1
100 68 1
100 69 1
100 75 1
100 76 1
100 84 1
100 85 1
100 86 1
100 90 1
100 92 1
100 93 1
100 97 1
101 7 1
101 11 1
101 12 1
101 13 1
101 16 1
101 20 1
101 25 1
101 30 1
101 31 1
101 40 1
101 41 1
101 45 1
101 46 1
101 56 1
101 57 1
101 58 1
101 61 1
101 62 1
101 68 1
101 84 1
101 85 1
101 86 1
101 90 1
101 93 1
101 100 1
102 7 1
102 8 1
102 11 1
102 12 1
102 16 1
102 25 1
102 26 1
102 30 1
102 31 1
102 40 1
102 46 1
102 56 1
102 57 1
102 59 1
102 61 1
102 62 1
102 68 1
102 69 1
102 74 1
102 84 1
102 85 1
102 90 1
102 100 1
102 101 1
103 8 1
103 11 1
103 12 1
103 16 1
103 19 1
103 26 1
103 30 1
103 31 1
103 40 1
103 46 1
103 54 1
103 56 1
103 57 1
103 61 1
103 62 1
103 69 1
103 74 1
103 84 1
103 85 1
103 90 1
103 97 1
103 100 1
103 101 1
103 102 1
104 4 1
104 6 1
104 7 1
104 11 1
104 14 1
104 16 1
104 22 1
104 24 1
104 25 1
104 33 1
104 34 1
104 36 1
104 37 1
104 38 1
104 45 1
104 46 1
104 50 1
104 52 1
104 59 1
104 65 1
104 66 1
104 67 1
104 68 1
104 87 1
104 94 1
105 4 1
105 7 1
105 11 1
105 14 1
105 16 1
105 23 1
105 24 1
105 25 1
105 33 1
105 34 1
105 38 1
105 45 1
105 46 1
105 50 1
105 52 1
105 59 1
105 65 1
105 66 1
105 67 1
105 68 1
105 77 1
105 87 1
105 89 1
105 104 1
106 5 1
106 8 1
106 9 1
106 14 1
106 23 1
106 24 1
106 34 1
106 36 1
106 38 1
106 42 1
106 45 1
106 50 1
106 51 1
106 52 1
106 54 1
106 65 1
106 66 1
106 67 1
106 68 1
106 69 1
106 75 1
106 77 1
106 81 1
106 87 1
106 88 1
106 89 1
106 97 1
106 105 1
107 2 1
107 3 1
107 4 1
107 6 1
107 7 1
107 8 1
107 10 1
107 11 1
107 12 1
107 13 1
107 14 1
107 20 1
107 21 1
107 22 1
107 24 1
107 25 1
107 30 1
107 32 1
107 33 1
107 34 1
107 35 1
107 36 1
107 37 1
107 38 1
107 41 1
107 44 1
107 45 1
107 46 1
107 49 1
107 53 1
107 54 1
107 56 1
107 57 1
107 58 1
107 60 1
107 61 1
107 62 1
107 63 1
107 64 1
107 65 1
107 67 1
107 68 1
107 70 1
107 71 1
107 75 1
107 77 1
107 78 1
107 84 1
107 86 1
107 93 1
107 94 1
107 96 1
107 100 1
107 101 1
107 104 1
108 4 1
108 7 1
108 8 1
108 9 1
108 11 1
108 16 1
108 25 1
108 26 1
108 31 1
108 33 1
108 34 1
108 38 1
108 40 1
108 42 1
108 45 1
108 46 1
108 50 1
108 52 1
108 54 1
108 56 1
108 57 1
108 59 1
108 61 1
108 62 1
108 65 1
108 66 1
108 68 1
108 69 1
108 74 1
108 75 1
108 81 1
108 85 1
108 87 1
108 90 1
108 97 1
108 100 1
108 101 1
108 102 1
108 103 1
108 104 1
108 105 1
108 107 1
109 5 1
109 7 1
109 8 1
109 9 1
109 10 1
109 11 1
109 12 1
109 16 1
109 19 1
109 25 1
109 26 1
109 30 1
109 31 1
109 34 1
109 37 1
109 38 1
109 42 1
109 45 1
109 46 1
109 52 1
109 54 1
109 56 1
109 59 1
109 60 1
109 61 1
109 62 1
109 68 1
109 69 1
109 74 1
109 75 1
109 76 1
109 81 1
109 83 1
109 85 1
109 90 1
109 92 1
109 97 1
109 100 1
109 101 1
109 102 1
109 103 1
109 108 1
110 4 1
110 5 1
110 6 1
110 7 1
110 11 1
110 14 1
110 16 1
110 23 1
110 24 1
110 25 1
110 33 1
110 34 1
110 36 1
110 37 1
110 38 1
110 45 1
110 46 1
110 50 1
110 52 1
110 54 1
110 59 1
110 65 1
110 66 1
110 67 1
110 68 1
110 69 1
110 74 1
110 75 1
110 77 1
110 81 1
110 87 1
110 88 1
110 89 1
110 104 1
110 105 1
110 106 1
110 107 1
110 108 1
111 5 1
111 7 1
111 8 1
111 11 1
111 16 1
111 23 1
111 25 1
111 26 1
111 34 1
111 42 1
111 45 1
111 50 1
111 52 1
111 54 1
111 59 1
111 65 1
111 66 1
111 68 1
111 69 1
111 74 1
111 81 1
111 87 1
111 88 1
111 90 1
111 97 1
111 105 1
111 106 1
111 108 1
111 109 1
111 110 1
112 5 1
112 8 1
112 9 1
112 11 1
112 23 1
112 25 1
112 34 1
112 42 1
112 45 1
112 50 1
112 52 1
112 54 1
112 59 1
112 65 1
112 66 1
112 68 1
112 69 1
112 74 1
112 75 1
112 81 1
112 87 1
112 88 1
112 89 1
112 90 1
112 97 1
112 105 1
112 106 1
112 108 1
112 109 1
112 110 1
112 111 1
113 5 1
113 8 1
113 9 1
113 10 1
113 17 1
113 19 1
113 23 1
113 27 1
113 34 1
113 36 1
113 37 1
113 38 1
113 45 1
113 51 1
113 53 1
113 54 1
113 55 1
113 60 1
113 61 1
113 70 1
113 71 1
113 75 1
113 76 1
113 77 1
113 79 1
113 82 1
113 83 1
113 88 1
113 89 1
113 92 1
113 97 1
113 98 1
113 99 1
113 106 1
113 109 1
114 0 1
114 1 1
114 2 1
114 3 1
114 18 1
114 27 1
114 28 1
114 29 1
114 39 1
114 44 1
114 47 1
114 48 1
114 49 1
114 53 1
114 55 1
114 58 1
114 63 1
114 71 1
114 72 1
114 73 1
114 78 1
114 80 1
114 82 1
114 86 1
114 91 1
114 96 1
115 0 1
115 1 1
115 2 1
115 3 1
115 6 1
115 7 1
115 8 1
115 9 1
115 10 1
115 11 1
115 12 1
115 13 1
115 17 1
115 19 1
115 20 1
115 27 1
115 30 1
115 31 1
115 36 1
115 37 1
115 38 1
115 41 1
115 45 1
115 46 1
115 51 1
115 53 1
115 54 1
115 56 1
115 58 1
115 60 1
115 61 1
115 62 1
115 63 1
115 68 1
115 69 1
115 70 1
115 71 1
115 73 1
115 75 1
115 76 1
115 79 1
115 83 1
115 85 1
115 86 1
115 92 1
115 93 1
115 96 1
115 97 1
115 98 1
115 99 1
115 100 1
115 101 1
115 103 1
115 107 1
115 109 1
115 113 1
116 0 1
116 1 1
116 2 1
116 7 1
116 8 1
116 9 1
116 10 1
116 11 1
116 12 1
116 19 1
116 30 1
116 31 1
116 36 1
116 37 1
116 38 1
116 41 1
116 45 1
116 46 1
116 54 1
116 56 1
116 58 1
116 60 1
116 61 1
116 62 1
116 63 1
116 68 1
116 69 1
116 70 1
116 73 1
116 75 1
116 76 1
116 79 1
116 83 1
116 84 1
116 85 1
116 86 1
116 90 1
116 92 1
116 93 1
116 97 1
116 98 1
116 99 1
116 100 1
116 101 1
116 102 1
116 103 1
116 107 1
116 109 1
116 113 1
116 115 1
117 0 1
117 1 1
117 2 1
117 3 1
117 12 1
117 13 1
117 18 1
117 19 1
117 20 1
117 27 1
117 29 1
117 30 1
117 37 1
117 39 1
117 41 1
117 44 1
117 47 1
117 48 1
117 49 1
117 53 1
117 55 1
117 58 1
117 60 1
117 61 1
117 63 1
117 70 1
117 72 1
117 73 1
117 76 1
117 83 1
117 86 1
117 91 1
117 92 1
117 93 1
117 98 1
117 99 1
117 100 1
117 114 1
117 115 1
117 116 1
118 4 1
118 5 1
118 6 1
118 7 1
118 14 1
118 15 1
118 23 1
118 24 1
118 33 1
118 34 1
118 35 1
118 36 1
118 37 1
118 38 1
118 43 1
118 45 1
118 46 1
118 50 1
118 51 1
118 52 1
118 53 1
118 54 1
118 65 1
118 66 1
118 67 1
118 68 1
118 70 1
118 71 1
118 75 1
118 77 1
118 87 1
118 88 1
118 89 1
118 95 1
118 96 1
118 104 1
118 105 1
118 106 1
118 107 1
118 110 1
118 111 1
118 112 1
118 113 1
119 4 1
119 5 1
119 6 1
119 7 1
119 8 1
119 9 1
119 10 1
119 11 1
119 14 1
119 15 1
119 17 1
119 23 1
119 24 1
119 27 1
119 33 1
119 34 1
119 35 1
119 36 1
119 37 1
119 38 1
119 43 1
119 44 1
119 45 1
119 46 1
119 50 1
119 51 1
119 52 1
119 53 1
119 54 1
119 65 1
119 66 1
119 67 1
119 68 1
119 70 1
119 71 1
119 75 1
119 77 1
119 78 1
119 79 1
119 87 1
119 88 1
119 89 1
119 95 1
119 96 1
119 97 1
119 104 1
119 105 1
119 106 1
119 107 1
119 110 1
119 112 1
119 113 1
119 115 1
119 118 1
120 6 1
120 15 1
120 17 1
120 23 1
120 24 1
120 27 1
120 28 1
120 35 1
120 36 1
120 37 1
120 39 1
120 43 1
120 44 1
120 47 1
120 48 1
120 51 1
120 53 1
120 55 1
120 67 1
120 70 1
120 71 1
120 77 1
120 78 1
120 79 1
120 80 1
120 82 1
120 89 1
120 91 1
120 95 1
120 96 1
120 114 1
120 118 1
120 119 1
121 2 1
121 3 1
121 4 1
121 6 1
121 7 1
121 8 1
121 10 1
121 12 1
121 13 1
121 15 1
121 18 1
121 20 1
121 21 1
121 22 1
121 24 1
121 27 1
121 29 1
121 30 1
121 32 1
121 33 1
121 35 1
121 36 1
121 37 1
121 38 1
121 39 1
121 41 1
121 43 1
121 44 1
121 45 1
121 46 1
121 48 1
121 49 1
121 51 1
121 53 1
121 55 1
121 56 1
121 58 1
121 60 1
121 61 1
121 63 1
121 64 1
121 67 1
121 68 1
121 70 1
121 71 1
121 72 1
121 75 1
121 76 1
121 77 1
121 78 1
121 79 1
121 86 1
121 93 1
121 94 1
121 96 1
121 107 1
121 114 1
121 115 1
121 116 1
121 117 1
121 119 1
121 120 1
122 4 1
122 7 1
122 8 1
122 11 1
122 12 1
122 13 1
122 14 1
122 16 1
122 22 1
122 25 1
122 26 1
122 30 1
122 31 1
122 33 1
122 36 1
122 37 1
122 38 1
122 40 1
122 41 1
122 45 1
122 46 1
122 50 1
122 52 1
122 54 1
122 56 1
122 57 1
122 59 1
122 61 1
122 62 1
122 65 1
122 66 1
122 68 1
122 69 1
122 74 1
122 75 1
122 84 1
122 85 1
122 90 1
122 97 1
122 100 1
122 101 1
122 102 1
122 103 1
122 104 1
122 105 1
122 107 1
122 108 1
122 109 1
122 110 1
122 111 1
122 115 1
122 116 1
123 4 1
123 7 1
123 8 1
123 11 1
123 16 1
123 25 1
123 26 1
123 31 1
123 38 1
123 40 1
123 45 1
123 46 1
123 50 1
123 52 1
123 54 1
123 56 1
123 57 1
123 59 1
123 61 1
123 62 1
123 68 1
123 69 1
123 74 1
123 81 1
123 84 1
123 85 1
123 90 1
123 97 1
123 100 1
123 101 1
123 102 1
123 103 1
123 108 1
123 109 1
123 110 1
123 111 1
123 122 1
124 5 1
124 7 1
124 8 1
124 9 1
124 11 1
124 16 1
124 25 1
124 26 1
124 31 1
124 42 1
124 45 1
124 46 1
124 50 1
124 52 1
124 54 1
124 59 1
124 61 1
124 62 1
124 68 1
124 69 1
124 74 1
124 81 1
124 85 1
124 90 1
124 97 1
124 100 1
124 102 1
124 103 1
124 108 1
124 109 1
124 111 1
124 112 1
124 116 1
124 122 1
124 123 1
125 5 1
125 7 1
125 8 1
125 9 1
125 10 1
125 11 1
125 12 1
125 16 1
125 19 1
125 25 1
125 26 1
125 30 1
125 31 1
125 34 1
125 37 1
125 38 1
125 40 1
125 42 1
125 45 1
125 46 1
125 50 1
125 52 1
125 54 1
125 56 1
125 57 1
125 59 1
125 60 1
125 61 1
125 62 1
125 66 1
125 68 1
125 69 1
125 74 1
125 75 1
125 81 1
125 85 1
125 90 1
125 92 1
125 97 1
125 100 1
125 101 1
125 102 1
125 103 1
125 107 1
125 108 1
125 109 1
125 110 1
125 111 1
125 112 1
125 113 1
125 115 1
125 116 1
125 122 1
125 123 1
125 124 1
126 0 1
126 1 1
126 2 1
126 3 1
126 18 1
126 20 1
126 21 1
126 29 1
126 30 1
126 39 1
126 41 1
126 44 1
126 47 1
126 48 1
126 49 1
126 53 1
126 55 1
126 58 1
126 60 1
126 63 1
126 72 1
126 73 1
126 76 1
126 78 1
126 80 1
126 86 1
126 91 1
126 93 1
126 99 1
126 114 1
126 117 1
126 121 1
127 7 1
127 8 1
127 9 1
127 11 1
127 12 1
127 16 1
127 19 1
127 25 1
127 26 1
127 30 1
127 31 1
127 40 1
127 45 1
127 46 1
127 54 1
127 56 1
127 57 1
127 60 1
127 61 1
127 62 1
127 68 1
127 69 1
127 74 1
127 84 1
127 85 1
127 90 1
127 93 1
127 97 1
127 100 1
127 101 1
127 102 1
127 103 1
127 108 1
127 109 1
127 115 1
127 116 1
127 122 1
127 123 1
127 124 1
127 125 1
128 2 1
128 3 1
128 6 1
128 13 1
128 15 1
128 18 1
128 20 1
128 21 1
128 22 1
128 27 1
128 28 1
128 29 1
128 32 1
128 35 1
128 36 1
128 37 1
128 38 1
128 39 1
128 41 1
128 43 1
128 44 1
128 47 1
128 48 1
128 49 1
128 51 1
128 53 1
128 55 1
128 58 1
128 63 1
128 67 1
128 70 1
128 71 1
128 72 1
128 77 1
128 78 1
128 80 1
128 82 1
128 91 1
128 93 1
128 95 1
128 96 1
128 107 1
128 114 1
128 117 1
128 119 1
128 120 1
128 121 1
128 126 1
129 5 1
129 7 1
129 8 1
129 9 1
129 10 1
129 11 1
129 12 1
129 17 1
129 19 1
129 23 1
129 27 1
129 30 1
129 31 1
129 34 1
129 36 1
129 37 1
129 38 1
129 42 1
129 45 1
129 46 1
129 50 1
129 51 1
129 52 1
129 53 1
129 54 1
129 60 1
129 61 1
129 66 1
129 68 1
129 69 1
129 70 1
129 71 1
129 75 1
129 76 1
129 77 1
129 79 1
129 81 1
129 83 1
129 85 1
129 88 1
129 89 1
129 92 1
129 97 1
129 98 1
129 99 1
129 106 1
129 107 1
129 108 1
129 109 1
129 110 1
129 111 1
129 112 1
129 113 1
129 115 1
129 116 1
129 118 1
129 119 1
129 124 1
129 125 1
130 15 1
130 17 1
130 18 1
130 27 1
130 28 1
130 35 1
130 36 1
130 39 1
130 43 1
130 44 1
130 47 1
130 48 1
130 51 1
130 53 1
130 55 1
130 67 1
130 70 1
130 71 1
130 76 1
130 77 1
130 78 1
130 79 1
130 80 1
130 82 1
130 91 1
130 95 1
130 96 1
130 98 1
130 113 1
130 114 1
130 120 1
130 121 1
130 128 1
131 0 1
131 1 1
131 2 1
131 3 1
131 10 1
131 18 1
131 19 1
131 20 1
131 27 1
131 28 1
131 29 1
131 30 1
131 37 1
131 39 1
131 44 1
131 47 1
131 48 1
131 49 1
131 51 1
131 53 1
131 55 1
131 58 1
131 60 1
131 63 1
131 70 1
131 71 1
131 72 1
131 73 1
131 76 1
131 78 1
131 79 1
131 80 1
131 82 1
131 83 1
131 86 1
131 91 1
131 92 1
131 93 1
131 96 1
131 98 1
131 99 1
131 114 1
131 115 1
131 117 1
131 120 1
131 121 1
131 126 1
131 128 1
131 130 1
132 0 1
132 1 1
132 2 1
132 3 1
132 7 1
132 8 1
132 11 1
132 12 1
132 13 1
132 19 1
132 20 1
132 21 1
132 22 1
132 30 1
132 31 1
132 32 1
132 37 1
132 38 1
132 40 1
132 41 1
132 45 1
132 46 1
132 49 1
132 54 1
132 56 1
132 57 1
132 58 1
132 60 1
132 61 1
132 62 1
132 63 1
132 68 1
132 84 1
132 85 1
132 86 1
132 92 1
132 93 1
132 100 1
132 101 1
132 102 1
132 103 1
132 107 1
132 109 1
132 115 1
132 116 1
132 117 1
132 121 1
132 122 1
132 123 1
132 125 1
132 127 1
133 7 1
133 11 1
133 12 1
133 16 1
133 25 1
133 26 1
133 30 1
133 31 1
133 40 1
133 45 1
133 46 1
133 56 1
133 57 1
133 59 1
133 61 1
133 62 1
133 68 1
133 69 1
133 74 1
133 84 1
133 85 1
133 90 1
133 100 1
133 101 1
133 102 1
133 103 1
133 108 1
133 109 1
133 116 1
133 122 1
133 123 1
133 124 1
133 125 1
133 127 1
133 132 1
134 3 1
134 4 1
134 6 1
134 7 1
134 13 1
134 14 1
134 20 1
134 21 1
134 22 1
134 32 1
134 33 1
134 36 1
134 37 1
134 38 1
134 41 1
134 44 1
134 45 1
134 46 1
134 53 1
134 64 1
134 65 1
134 67 1
134 94 1
134 96 1
134 104 1
134 107 1
134 110 1
134 121 1
135 5 1
135 8 1
135 9 1
135 10 1
135 11 1
135 17 1
135 23 1
135 24 1
135 34 1
135 36 1
135 38 1
135 42 1
135 45 1
135 50 1
135 51 1
135 52 1
135 54 1
135 65 1
135 66 1
135 68 1
135 69 1
135 70 1
135 75 1
135 77 1
135 79 1
135 81 1
135 87 1
135 88 1
135 89 1
135 97 1
135 106 1
135 109 1
135 110 1
135 111 1
135 112 1
135 113 1
135 118 1
135 119 1
135 125 1
135 129 1
136 5 1
136 6 1
136 8 1
136 9 1
136 10 1
136 17 1
136 19 1
136 23 1
136 24 1
136 27 1
136 34 1
136 35 1
136 36 1
136 37 1
136 38 1
136 43 1
136 45 1
136 46 1
136 51 1
136 53 1
136 54 1
136 55 1
136 60 1
136 61 1
136 67 1
136 68 1
136 70 1
136 71 1
136 75 1
136 76 1
136 77 1
136 78 1
136 79 1
136 82 1
136 83 1
136 88 1
136 89 1
136 91 1
136 92 1
136 95 1
136 96 1
136 97 1
136 98 1
136 99 1
136 106 1
136 107 1
136 109 1
136 113 1
136 115 1
136 116 1
136 118 1
136 119 1
136 120 1
136 121 1
136 129 1
136 130 1
136 135 1
137 0 1
137 1 1
137 2 1
137 3 1
137 6 1
137 13 1
137 18 1
137 20 1
137 21 1
137 22 1
137 29 1
137 32 1
137 37 1
137 39 1
137 41 1
137 44 1
137 47 1
137 48 1
137 49 1
137 53 1
137 55 1
137 58 1
137 63 1
137 72 1
137 73 1
137 78 1
137 80 1
137 86 1
137 93 1
137 96 1
137 114 1
137 117 1
137 121 1
137 126 1
137 128 1
137 131 1
