# minsup
1
# graph
G_./1PQ0.pdb
# node ID, label
0 A
1 A
2 A
3 A
4 A
5 A
6 A
7 A
8 A
9 A
10 C
11 D
12 D
13 D
14 D
15 D
16 D
17 D
18 D
19 E
20 E
21 E
22 E
23 E
24 E
25 E
26 E
27 E
28 E
29 F
30 F
31 F
32 F
33 F
34 F
35 F
36 F
37 F
38 F
39 G
40 G
41 G
42 G
43 G
44 G
45 G
46 G
47 G
48 G
49 H
50 H
51 I
52 I
53 I
54 I
55 K
56 K
57 K
58 K
59 L
60 L
61 L
62 L
63 L
64 L
65 L
66 L
67 L
68 L
69 L
70 L
71 L
72 M
73 M
74 M
75 N
76 N
77 N
78 N
79 N
80 P
81 P
82 P
83 Q
84 Q
85 Q
86 Q
87 Q
88 Q
89 Q
90 Q
91 Q
92 R
93 R
94 R
95 R
96 R
97 R
98 R
99 R
100 S
101 S
102 S
103 S
104 S
105 S
106 S
107 S
108 S
109 S
110 S
111 S
112 S
113 T
114 T
115 T
116 T
117 T
118 V
119 V
120 V
121 V
122 V
123 V
124 V
125 V
126 V
127 V
128 V
129 V
130 W
131 W
132 W
133 W
134 W
135 Y
136 Y
137 Y
138 Y
139 Y
140 Y
# node ID1, node ID2, number of bounds
1 0 1
2 0 1
2 1 1
3 0 1
3 1 1
3 2 1
4 3 1
6 2 1
6 3 1
6 4 1
7 3 1
7 4 1
7 6 1
8 5 1
8 7 1
9 5 1
9 6 1
9 8 1
10 4 1
10 6 1
10 7 1
10 8 1
10 9 1
11 0 1
11 1 1
11 2 1
11 3 1
11 7 1
11 8 1
11 9 1
11 10 1
12 2 1
12 3 1
12 4 1
12 6 1
12 7 1
12 11 1
13 4 1
13 6 1
13 7 1
14 6 1
15 4 1
15 7 1
15 10 1
16 8 1
16 9 1
17 0 1
17 1 1
17 2 1
17 3 1
18 0 1
18 1 1
18 2 1
18 3 1
18 17 1
19 0 1
19 1 1
19 2 1
19 8 1
19 9 1
19 11 1
20 0 1
20 1 1
20 2 1
20 3 1
20 6 1
20 11 1
20 12 1
20 18 1
21 2 1
21 3 1
21 4 1
21 6 1
21 7 1
21 12 1
21 20 1
22 2 1
22 3 1
22 4 1
22 6 1
22 7 1
22 12 1
22 20 1
22 21 1
23 5 1
23 6 1
23 8 1
23 9 1
23 16 1
24 4 1
24 6 1
24 13 1
24 14 1
24 23 1
25 4 1
25 7 1
25 8 1
25 10 1
25 13 1
25 15 1
26 7 1
26 10 1
26 15 1
26 25 1
27 9 1
27 16 1
27 17 1
27 19 1
27 23 1
28 16 1
28 17 1
28 27 1
29 0 1
29 1 1
29 2 1
29 3 1
29 6 1
29 7 1
29 8 1
29 9 1
29 10 1
29 11 1
29 12 1
29 19 1
29 20 1
29 21 1
29 22 1
30 8 1
30 9 1
30 10 1
30 11 1
30 19 1
30 29 1
31 2 1
31 3 1
31 4 1
31 6 1
31 7 1
31 12 1
31 20 1
31 21 1
31 22 1
31 29 1
32 4 1
32 6 1
32 7 1
32 10 1
32 12 1
32 13 1
32 22 1
32 24 1
32 25 1
32 31 1
33 5 1
33 6 1
33 7 1
33 8 1
33 9 1
33 10 1
33 13 1
33 16 1
33 23 1
33 24 1
33 25 1
33 32 1
34 6 1
34 14 1
34 16 1
34 23 1
34 24 1
34 27 1
34 32 1
34 33 1
35 2 1
35 3 1
35 4 1
35 6 1
35 7 1
35 8 1
35 9 1
35 10 1
35 11 1
35 12 1
35 13 1
35 14 1
35 16 1
35 20 1
35 21 1
35 22 1
35 23 1
35 24 1
35 27 1
35 29 1
35 31 1
35 32 1
35 33 1
35 34 1
36 2 1
36 3 1
36 4 1
36 6 1
36 7 1
36 8 1
36 9 1
36 10 1
36 11 1
36 12 1
36 16 1
36 19 1
36 20 1
36 21 1
36 22 1
36 23 1
36 24 1
36 25 1
36 27 1
36 29 1
36 31 1
36 32 1
36 33 1
36 34 1
36 35 1
37 3 1
37 4 1
37 6 1
37 7 1
37 8 1
37 9 1
37 10 1
37 11 1
37 12 1
37 13 1
37 20 1
37 21 1
37 22 1
37 23 1
37 24 1
37 25 1
37 29 1
37 31 1
37 32 1
37 33 1
37 34 1
37 35 1
37 36 1
38 0 1
38 1 1
38 2 1
38 3 1
38 6 1
38 17 1
38 18 1
38 20 1
38 21 1
38 27 1
38 28 1
38 29 1
38 31 1
38 35 1
38 36 1
39 7 1
39 10 1
39 15 1
39 25 1
39 26 1
39 29 1
40 1 1
40 2 1
40 3 1
40 4 1
40 6 1
40 7 1
40 10 1
40 11 1
40 12 1
40 20 1
40 21 1
40 22 1
40 29 1
40 31 1
40 32 1
40 35 1
40 36 1
40 37 1
40 38 1
41 5 1
41 23 1
41 26 1
41 33 1
42 6 1
42 14 1
42 16 1
42 23 1
42 24 1
42 27 1
42 28 1
42 34 1
42 35 1
43 2 1
43 3 1
43 4 1
43 6 1
43 12 1
43 14 1
43 18 1
43 20 1
43 21 1
43 22 1
43 24 1
43 27 1
43 31 1
43 32 1
43 34 1
43 35 1
43 36 1
43 37 1
43 38 1
43 40 1
43 42 1
44 3 1
44 4 1
44 5 1
44 6 1
44 7 1
44 8 1
44 9 1
44 10 1
44 11 1
44 12 1
44 13 1
44 15 1
44 19 1
44 22 1
44 23 1
44 24 1
44 25 1
44 29 1
44 30 1
44 31 1
44 32 1
44 33 1
44 34 1
44 35 1
44 36 1
44 37 1
44 40 1
44 43 1
45 3 1
45 4 1
45 6 1
45 7 1
45 8 1
45 9 1
45 10 1
45 11 1
45 12 1
45 15 1
45 19 1
45 20 1
45 21 1
45 22 1
45 25 1
45 29 1
45 30 1
45 31 1
45 32 1
45 33 1
45 35 1
45 36 1
45 37 1
45 39 1
45 40 1
45 44 1
46 17 1
46 18 1
46 27 1
46 28 1
46 38 1
46 43 1
47 0 1
47 1 1
47 2 1
47 16 1
47 17 1
47 18 1
47 27 1
47 28 1
47 38 1
47 43 1
47 46 1
48 0 1
48 1 1
48 2 1
48 3 1
48 12 1
48 17 1
48 18 1
48 20 1
48 21 1
48 29 1
48 31 1
48 38 1
48 40 1
48 43 1
48 46 1
48 47 1
49 4 1
49 5 1
49 7 1
49 10 1
49 13 1
49 15 1
49 23 1
49 24 1
49 25 1
49 26 1
49 32 1
49 33 1
49 37 1
49 41 1
49 44 1
49 45 1
50 6 1
50 9 1
50 14 1
50 16 1
50 23 1
50 24 1
50 27 1
50 28 1
50 33 1
50 34 1
50 35 1
50 36 1
50 42 1
50 43 1
50 47 1
51 4 1
51 5 1
51 7 1
51 8 1
51 10 1
51 13 1
51 15 1
51 23 1
51 25 1
51 26 1
51 32 1
51 33 1
51 37 1
51 41 1
51 44 1
51 45 1
51 49 1
52 2 1
52 3 1
52 4 1
52 6 1
52 7 1
52 8 1
52 9 1
52 12 1
52 14 1
52 16 1
52 17 1
52 20 1
52 21 1
52 22 1
52 23 1
52 24 1
52 27 1
52 28 1
52 29 1
52 31 1
52 32 1
52 34 1
52 35 1
52 36 1
52 37 1
52 38 1
52 40 1
52 42 1
52 43 1
52 44 1
52 45 1
52 46 1
52 47 1
52 50 1
53 5 1
53 7 1
53 8 1
53 9 1
53 10 1
53 11 1
53 15 1
53 19 1
53 23 1
53 25 1
53 26 1
53 29 1
53 30 1
53 33 1
53 35 1
53 36 1
53 37 1
53 41 1
53 44 1
53 45 1
53 49 1
53 51 1
54 2 1
54 6 1
54 9 1
54 16 1
54 17 1
54 18 1
54 27 1
54 28 1
54 34 1
54 35 1
54 36 1
54 38 1
54 42 1
54 43 1
54 46 1
54 47 1
54 50 1
54 52 1
55 2 1
55 3 1
55 4 1
55 6 1
55 7 1
55 8 1
55 10 1
55 11 1
55 12 1
55 15 1
55 19 1
55 20 1
55 21 1
55 22 1
55 25 1
55 29 1
55 30 1
55 31 1
55 35 1
55 36 1
55 37 1
55 39 1
55 40 1
55 44 1
55 45 1
55 53 1
56 4 1
56 7 1
56 10 1
56 11 1
56 12 1
56 15 1
56 20 1
56 22 1
56 25 1
56 29 1
56 37 1
56 39 1
56 40 1
56 44 1
56 45 1
56 55 1
57 0 1
57 1 1
57 2 1
57 3 1
57 8 1
57 9 1
57 11 1
57 12 1
57 17 1
57 18 1
57 19 1
57 20 1
57 21 1
57 29 1
57 35 1
57 36 1
57 38 1
57 40 1
57 45 1
57 47 1
57 48 1
57 52 1
57 55 1
58 7 1
58 10 1
58 15 1
58 25 1
58 26 1
58 41 1
58 45 1
58 49 1
58 51 1
58 53 1
59 0 1
59 1 1
59 2 1
59 3 1
59 6 1
59 8 1
59 9 1
59 11 1
59 16 1
59 17 1
59 19 1
59 20 1
59 27 1
59 29 1
59 30 1
59 35 1
59 36 1
59 37 1
59 38 1
59 40 1
59 44 1
59 45 1
59 47 1
59 52 1
59 53 1
59 54 1
59 55 1
59 57 1
60 0 1
60 2 1
60 3 1
60 4 1
60 6 1
60 7 1
60 8 1
60 9 1
60 10 1
60 11 1
60 12 1
60 15 1
60 19 1
60 20 1
60 22 1
60 25 1
60 29 1
60 30 1
60 31 1
60 35 1
60 36 1
60 37 1
60 39 1
60 40 1
60 44 1
60 45 1
60 52 1
60 53 1
60 55 1
60 56 1
60 57 1
60 59 1
61 4 1
61 7 1
61 8 1
61 10 1
61 11 1
61 12 1
61 15 1
61 20 1
61 22 1
61 25 1
61 26 1
61 29 1
61 30 1
61 36 1
61 37 1
61 39 1
61 40 1
61 44 1
61 45 1
61 53 1
61 55 1
61 56 1
61 57 1
61 58 1
61 59 1
61 60 1
62 0 1
62 1 1
62 2 1
62 3 1
62 6 1
62 9 1
62 11 1
62 12 1
62 17 1
62 18 1
62 19 1
62 20 1
62 21 1
62 22 1
62 27 1
62 29 1
62 31 1
62 35 1
62 36 1
62 37 1
62 38 1
62 40 1
62 43 1
62 44 1
62 45 1
62 47 1
62 48 1
62 52 1
62 54 1
62 55 1
62 57 1
62 59 1
62 60 1
62 61 1
63 3 1
63 4 1
63 6 1
63 7 1
63 12 1
63 20 1
63 21 1
63 22 1
63 31 1
63 32 1
63 36 1
63 37 1
63 40 1
63 43 1
63 45 1
63 55 1
63 56 1
63 62 1
64 4 1
64 6 1
64 7 1
64 10 1
64 13 1
64 23 1
64 24 1
64 25 1
64 32 1
64 33 1
64 34 1
64 35 1
64 36 1
64 37 1
64 44 1
64 45 1
64 49 1
64 51 1
64 53 1
65 4 1
65 5 1
65 7 1
65 10 1
65 13 1
65 23 1
65 24 1
65 25 1
65 32 1
65 33 1
65 35 1
65 37 1
65 41 1
65 44 1
65 45 1
65 49 1
65 51 1
65 53 1
65 58 1
65 64 1
66 4 1
66 6 1
66 7 1
66 13 1
66 14 1
66 23 1
66 24 1
66 31 1
66 32 1
66 33 1
66 34 1
66 35 1
66 36 1
66 37 1
66 42 1
66 43 1
66 44 1
66 45 1
66 50 1
66 52 1
66 64 1
66 65 1
67 4 1
67 5 1
67 6 1
67 7 1
67 8 1
67 9 1
67 10 1
67 13 1
67 15 1
67 22 1
67 23 1
67 24 1
67 25 1
67 26 1
67 29 1
67 30 1
67 32 1
67 33 1
67 35 1
67 36 1
67 37 1
67 39 1
67 40 1
67 41 1
67 44 1
67 45 1
67 49 1
67 51 1
67 53 1
67 55 1
67 56 1
67 58 1
67 60 1
67 61 1
67 64 1
67 65 1
67 66 1
68 5 1
68 7 1
68 8 1
68 9 1
68 10 1
68 15 1
68 25 1
68 26 1
68 30 1
68 33 1
68 37 1
68 41 1
68 44 1
68 45 1
68 49 1
68 51 1
68 53 1
68 58 1
68 60 1
68 61 1
68 65 1
68 67 1
69 6 1
69 8 1
69 9 1
69 11 1
69 16 1
69 19 1
69 23 1
69 24 1
69 27 1
69 28 1
69 29 1
69 33 1
69 34 1
69 35 1
69 36 1
69 37 1
69 38 1
69 42 1
69 43 1
69 44 1
69 45 1
69 47 1
69 50 1
69 52 1
69 53 1
69 54 1
69 57 1
69 59 1
69 60 1
69 62 1
69 66 1
70 6 1
70 9 1
70 14 1
70 16 1
70 17 1
70 23 1
70 24 1
70 27 1
70 28 1
70 33 1
70 34 1
70 35 1
70 36 1
70 37 1
70 38 1
70 42 1
70 43 1
70 44 1
70 46 1
70 47 1
70 50 1
70 52 1
70 54 1
70 59 1
70 62 1
70 66 1
70 69 1
71 1 1
71 2 1
71 3 1
71 12 1
71 17 1
71 18 1
71 20 1
71 21 1
71 31 1
71 38 1
71 40 1
71 43 1
71 46 1
71 47 1
71 48 1
71 52 1
71 54 1
71 57 1
71 62 1
72 0 1
72 1 1
72 2 1
72 11 1
72 17 1
72 18 1
72 19 1
72 20 1
72 29 1
72 38 1
72 47 1
72 48 1
72 57 1
72 59 1
72 62 1
73 5 1
73 7 1
73 8 1
73 10 1
73 15 1
73 25 1
73 26 1
73 30 1
73 41 1
73 44 1
73 45 1
73 49 1
73 51 1
73 53 1
73 58 1
73 61 1
73 65 1
73 67 1
73 68 1
74 5 1
74 6 1
74 7 1
74 8 1
74 9 1
74 10 1
74 11 1
74 16 1
74 19 1
74 23 1
74 24 1
74 27 1
74 29 1
74 30 1
74 33 1
74 34 1
74 35 1
74 36 1
74 37 1
74 44 1
74 45 1
74 50 1
74 51 1
74 52 1
74 53 1
74 54 1
74 55 1
74 59 1
74 60 1
74 62 1
74 65 1
74 66 1
74 67 1
74 68 1
74 69 1
74 70 1
75 0 1
75 1 1
75 2 1
75 8 1
75 9 1
75 11 1
75 16 1
75 17 1
75 19 1
75 27 1
75 29 1
75 30 1
75 35 1
75 36 1
75 38 1
75 44 1
75 47 1
75 50 1
75 52 1
75 53 1
75 54 1
75 57 1
75 59 1
75 60 1
75 62 1
75 69 1
75 70 1
75 72 1
75 74 1
76 5 1
76 6 1
76 9 1
76 13 1
76 14 1
76 16 1
76 23 1
76 24 1
76 27 1
76 32 1
76 33 1
76 34 1
76 35 1
76 36 1
76 37 1
76 42 1
76 43 1
76 44 1
76 50 1
76 52 1
76 64 1
76 65 1
76 66 1
76 69 1
76 70 1
76 74 1
77 3 1
77 6 1
77 14 1
77 17 1
77 18 1
77 24 1
77 27 1
77 28 1
77 31 1
77 34 1
77 35 1
77 36 1
77 37 1
77 38 1
77 40 1
77 42 1
77 43 1
77 46 1
77 47 1
77 50 1
77 52 1
77 54 1
77 62 1
77 66 1
77 69 1
77 70 1
77 71 1
77 76 1
78 8 1
78 9 1
78 16 1
78 19 1
78 23 1
78 27 1
78 28 1
78 33 1
78 34 1
78 35 1
78 36 1
78 44 1
78 47 1
78 50 1
78 52 1
78 53 1
78 54 1
78 59 1
78 69 1
78 70 1
78 74 1
78 75 1
78 76 1
78 77 1
79 17 1
79 18 1
79 27 1
79 28 1
79 38 1
79 42 1
79 43 1
79 46 1
79 47 1
79 50 1
79 52 1
79 54 1
79 69 1
79 70 1
79 71 1
79 77 1
79 78 1
80 0 1
80 1 1
80 2 1
80 11 1
80 17 1
80 18 1
80 19 1
80 38 1
80 46 1
80 47 1
80 48 1
80 57 1
80 59 1
80 62 1
80 72 1
80 75 1
81 5 1
81 8 1
81 10 1
81 15 1
81 25 1
81 26 1
81 33 1
81 41 1
81 49 1
81 51 1
81 53 1
81 58 1
81 65 1
81 67 1
81 68 1
81 73 1
82 9 1
82 16 1
82 17 1
82 27 1
82 28 1
82 34 1
82 38 1
82 42 1
82 46 1
82 47 1
82 50 1
82 52 1
82 54 1
82 69 1
82 70 1
82 74 1
82 75 1
82 76 1
82 77 1
82 78 1
82 79 1
83 0 1
83 8 1
83 9 1
83 11 1
83 16 1
83 19 1
83 27 1
83 29 1
83 30 1
83 57 1
83 59 1
83 69 1
83 72 1
83 74 1
83 75 1
83 78 1
83 80 1
84 3 1
84 7 1
84 10 1
84 11 1
84 12 1
84 20 1
84 21 1
84 22 1
84 25 1
84 29 1
84 31 1
84 36 1
84 39 1
84 40 1
84 44 1
84 45 1
84 55 1
84 56 1
84 57 1
84 60 1
84 61 1
84 62 1
84 63 1
84 67 1
85 8 1
85 10 1
85 11 1
85 15 1
85 19 1
85 25 1
85 26 1
85 29 1
85 30 1
85 39 1
85 44 1
85 45 1
85 53 1
85 55 1
85 58 1
85 60 1
85 61 1
85 67 1
85 68 1
85 73 1
85 81 1
86 0 1
86 1 1
86 2 1
86 3 1
86 11 1
86 12 1
86 17 1
86 18 1
86 19 1
86 20 1
86 21 1
86 29 1
86 31 1
86 36 1
86 38 1
86 40 1
86 48 1
86 55 1
86 57 1
86 59 1
86 60 1
86 62 1
86 71 1
86 72 1
86 75 1
86 80 1
86 84 1
87 4 1
87 5 1
87 7 1
87 13 1
87 23 1
87 24 1
87 25 1
87 32 1
87 33 1
87 37 1
87 41 1
87 44 1
87 49 1
87 51 1
87 64 1
87 65 1
87 66 1
87 67 1
87 76 1
88 5 1
88 8 1
88 9 1
88 16 1
88 23 1
88 24 1
88 33 1
88 41 1
88 49 1
88 50 1
88 51 1
88 53 1
88 64 1
88 65 1
88 69 1
88 74 1
88 76 1
88 78 1
88 81 1
88 87 1
89 5 1
89 13 1
89 14 1
89 16 1
89 23 1
89 24 1
89 32 1
89 33 1
89 34 1
89 35 1
89 37 1
89 42 1
89 44 1
89 49 1
89 50 1
89 51 1
89 53 1
89 64 1
89 65 1
89 66 1
89 67 1
89 69 1
89 70 1
89 74 1
89 76 1
89 87 1
89 88 1
90 7 1
90 8 1
90 10 1
90 15 1
90 25 1
90 26 1
90 30 1
90 39 1
90 41 1
90 44 1
90 45 1
90 49 1
90 51 1
90 53 1
90 55 1
90 56 1
90 58 1
90 60 1
90 61 1
90 67 1
90 68 1
90 73 1
90 81 1
90 85 1
91 16 1
91 17 1
91 18 1
91 27 1
91 28 1
91 38 1
91 42 1
91 46 1
91 47 1
91 50 1
91 52 1
91 54 1
91 69 1
91 70 1
91 71 1
91 75 1
91 77 1
91 78 1
91 79 1
91 82 1
92 0 1
92 8 1
92 9 1
92 11 1
92 16 1
92 19 1
92 27 1
92 29 1
92 30 1
92 35 1
92 36 1
92 44 1
92 45 1
92 50 1
92 52 1
92 53 1
92 57 1
92 59 1
92 60 1
92 62 1
92 69 1
92 70 1
92 72 1
92 74 1
92 75 1
92 78 1
92 83 1
92 85 1
93 0 1
93 1 1
93 2 1
93 3 1
93 6 1
93 7 1
93 11 1
93 12 1
93 18 1
93 19 1
93 20 1
93 21 1
93 22 1
93 29 1
93 31 1
93 35 1
93 36 1
93 37 1
93 38 1
93 40 1
93 43 1
93 44 1
93 45 1
93 48 1
93 52 1
93 55 1
93 56 1
93 57 1
93 59 1
93 60 1
93 61 1
93 62 1
93 63 1
93 71 1
93 72 1
93 75 1
93 80 1
93 84 1
93 86 1
93 92 1
94 3 1
94 4 1
94 6 1
94 7 1
94 12 1
94 20 1
94 21 1
94 22 1
94 31 1
94 32 1
94 37 1
94 40 1
94 43 1
94 63 1
95 3 1
95 4 1
95 6 1
95 7 1
95 12 1
95 13 1
95 21 1
95 22 1
95 25 1
95 31 1
95 32 1
95 35 1
95 36 1
95 37 1
95 40 1
95 44 1
95 45 1
95 55 1
95 56 1
95 63 1
95 64 1
95 67 1
95 94 1
96 4 1
96 6 1
96 7 1
96 12 1
96 13 1
96 21 1
96 22 1
96 25 1
96 31 1
96 32 1
96 35 1
96 36 1
96 37 1
96 40 1
96 44 1
96 45 1
96 63 1
96 64 1
96 66 1
96 67 1
96 87 1
96 94 1
96 95 1
97 6 1
97 14 1
97 23 1
97 24 1
97 33 1
97 34 1
97 35 1
97 42 1
97 43 1
97 50 1
97 52 1
97 64 1
97 66 1
97 70 1
97 76 1
97 77 1
97 89 1
98 3 1
98 4 1
98 6 1
98 7 1
98 12 1
98 14 1
98 20 1
98 21 1
98 22 1
98 23 1
98 24 1
98 27 1
98 31 1
98 32 1
98 34 1
98 35 1
98 36 1
98 37 1
98 38 1
98 40 1
98 42 1
98 43 1
98 44 1
98 45 1
98 50 1
98 52 1
98 54 1
98 62 1
98 64 1
98 66 1
98 69 1
98 70 1
98 71 1
98 74 1
98 76 1
98 77 1
98 78 1
98 79 1
98 82 1
98 93 1
98 94 1
98 97 1
99 5 1
99 7 1
99 8 1
99 9 1
99 10 1
99 11 1
99 19 1
99 23 1
99 25 1
99 26 1
99 29 1
99 30 1
99 33 1
99 36 1
99 37 1
99 41 1
99 44 1
99 45 1
99 49 1
99 51 1
99 53 1
99 59 1
99 60 1
99 61 1
99 65 1
99 67 1
99 68 1
99 69 1
99 73 1
99 74 1
99 75 1
99 81 1
99 85 1
99 88 1
99 90 1
99 92 1
100 8 1
100 9 1
100 11 1
100 16 1
100 19 1
100 27 1
100 47 1
100 50 1
100 54 1
100 59 1
100 69 1
100 70 1
100 72 1
100 74 1
100 75 1
100 78 1
100 82 1
100 83 1
100 91 1
100 92 1
101 0 1
101 1 1
101 8 1
101 9 1
101 11 1
101 16 1
101 17 1
101 19 1
101 27 1
101 29 1
101 36 1
101 47 1
101 54 1
101 57 1
101 59 1
101 60 1
101 62 1
101 69 1
101 70 1
101 72 1
101 74 1
101 75 1
101 78 1
101 80 1
101 83 1
101 86 1
101 91 1
101 92 1
101 100 1
102 0 1
102 2 1
102 7 1
102 8 1
102 9 1
102 10 1
102 11 1
102 12 1
102 19 1
102 20 1
102 25 1
102 29 1
102 30 1
102 36 1
102 37 1
102 39 1
102 40 1
102 44 1
102 45 1
102 53 1
102 55 1
102 56 1
102 57 1
102 59 1
102 60 1
102 61 1
102 62 1
102 67 1
102 68 1
102 74 1
102 75 1
102 84 1
102 85 1
102 86 1
102 90 1
102 92 1
102 93 1
102 99 1
103 7 1
103 10 1
103 11 1
103 12 1
103 15 1
103 20 1
103 25 1
103 29 1
103 30 1
103 39 1
103 40 1
103 44 1
103 45 1
103 55 1
103 56 1
103 57 1
103 60 1
103 61 1
103 67 1
103 84 1
103 85 1
103 86 1
103 90 1
103 93 1
103 102 1
104 7 1
104 8 1
104 10 1
104 11 1
104 15 1
104 25 1
104 26 1
104 29 1
104 30 1
104 39 1
104 45 1
104 53 1
104 55 1
104 56 1
104 58 1
104 60 1
104 61 1
104 67 1
104 68 1
104 73 1
104 84 1
104 85 1
104 90 1
104 102 1
104 103 1
105 8 1
105 10 1
105 11 1
105 19 1
105 26 1
105 29 1
105 30 1
105 39 1
105 45 1
105 53 1
105 55 1
105 56 1
105 60 1
105 61 1
105 68 1
105 73 1
105 84 1
105 85 1
105 90 1
105 99 1
105 102 1
105 103 1
105 104 1
106 4 1
106 6 1
106 7 1
106 10 1
106 13 1
106 15 1
106 22 1
106 24 1
106 25 1
106 32 1
106 33 1
106 35 1
106 36 1
106 37 1
106 44 1
106 45 1
106 49 1
106 51 1
106 58 1
106 64 1
106 65 1
106 66 1
106 67 1
106 87 1
106 94 1
106 95 1
106 96 1
107 4 1
107 7 1
107 10 1
107 13 1
107 15 1
107 23 1
107 24 1
107 25 1
107 32 1
107 33 1
107 37 1
107 44 1
107 45 1
107 49 1
107 51 1
107 58 1
107 64 1
107 65 1
107 66 1
107 67 1
107 76 1
107 87 1
107 89 1
107 96 1
107 106 1
108 5 1
108 8 1
108 13 1
108 23 1
108 24 1
108 33 1
108 37 1
108 41 1
108 44 1
108 49 1
108 51 1
108 53 1
108 64 1
108 65 1
108 66 1
108 67 1
108 68 1
108 74 1
108 76 1
108 81 1
108 87 1
108 88 1
108 89 1
108 99 1
108 107 1
109 2 1
109 3 1
109 4 1
109 6 1
109 7 1
109 8 1
109 9 1
109 10 1
109 11 1
109 12 1
109 13 1
109 20 1
109 21 1
109 22 1
109 24 1
109 25 1
109 29 1
109 31 1
109 32 1
109 33 1
109 34 1
109 35 1
109 36 1
109 37 1
109 40 1
109 43 1
109 44 1
109 45 1
109 52 1
109 53 1
109 55 1
109 56 1
109 57 1
109 59 1
109 60 1
109 61 1
109 62 1
109 63 1
109 64 1
109 66 1
109 67 1
109 69 1
109 70 1
109 74 1
109 76 1
109 77 1
109 84 1
109 86 1
109 93 1
109 94 1
109 95 1
109 96 1
109 98 1
109 102 1
109 103 1
109 106 1
110 4 1
110 5 1
110 7 1
110 8 1
110 10 1
110 15 1
110 25 1
110 26 1
110 30 1
110 32 1
110 33 1
110 37 1
110 39 1
110 41 1
110 44 1
110 45 1
110 49 1
110 51 1
110 53 1
110 55 1
110 56 1
110 58 1
110 60 1
110 61 1
110 64 1
110 65 1
110 67 1
110 68 1
110 73 1
110 74 1
110 81 1
110 85 1
110 87 1
110 90 1
110 99 1
110 102 1
110 103 1
110 104 1
110 105 1
110 106 1
110 107 1
110 109 1
111 5 1
111 7 1
111 8 1
111 9 1
111 10 1
111 11 1
111 19 1
111 25 1
111 26 1
111 29 1
111 30 1
111 33 1
111 36 1
111 37 1
111 41 1
111 44 1
111 45 1
111 51 1
111 53 1
111 55 1
111 58 1
111 59 1
111 60 1
111 61 1
111 67 1
111 68 1
111 73 1
111 74 1
111 75 1
111 81 1
111 83 1
111 85 1
111 90 1
111 92 1
111 99 1
111 102 1
111 103 1
111 104 1
111 105 1
111 110 1
112 5 1
112 8 1
112 9 1
112 10 1
112 11 1
112 16 1
112 19 1
112 23 1
112 29 1
112 30 1
112 33 1
112 35 1
112 36 1
112 37 1
112 44 1
112 45 1
112 50 1
112 51 1
112 53 1
112 59 1
112 60 1
112 67 1
112 68 1
112 69 1
112 70 1
112 74 1
112 75 1
112 78 1
112 81 1
112 83 1
112 85 1
112 88 1
112 90 1
112 92 1
112 99 1
112 100 1
112 101 1
112 102 1
112 108 1
112 110 1
112 111 1
113 4 1
113 5 1
113 6 1
113 7 1
113 10 1
113 13 1
113 15 1
113 23 1
113 24 1
113 25 1
113 32 1
113 33 1
113 35 1
113 36 1
113 37 1
113 41 1
113 44 1
113 45 1
113 49 1
113 51 1
113 53 1
113 58 1
113 64 1
113 65 1
113 66 1
113 67 1
113 68 1
113 73 1
113 74 1
113 76 1
113 81 1
113 87 1
113 88 1
113 89 1
113 95 1
113 96 1
113 106 1
113 107 1
113 108 1
113 109 1
113 110 1
114 5 1
114 7 1
114 8 1
114 10 1
114 15 1
114 23 1
114 25 1
114 26 1
114 33 1
114 41 1
114 44 1
114 49 1
114 51 1
114 53 1
114 58 1
114 64 1
114 65 1
114 67 1
114 68 1
114 73 1
114 81 1
114 87 1
114 88 1
114 90 1
114 99 1
114 107 1
114 108 1
114 110 1
114 111 1
114 113 1
115 5 1
115 8 1
115 10 1
115 23 1
115 25 1
115 33 1
115 41 1
115 44 1
115 49 1
115 51 1
115 53 1
115 58 1
115 64 1
115 65 1
115 67 1
115 68 1
115 73 1
115 74 1
115 81 1
115 87 1
115 88 1
115 89 1
115 90 1
115 99 1
115 107 1
115 108 1
115 110 1
115 111 1
115 112 1
115 113 1
115 114 1
116 5 1
116 8 1
116 9 1
116 16 1
116 19 1
116 23 1
116 27 1
116 33 1
116 35 1
116 36 1
116 37 1
116 44 1
116 50 1
116 52 1
116 53 1
116 54 1
116 59 1
116 60 1
116 69 1
116 70 1
116 74 1
116 75 1
116 76 1
116 78 1
116 82 1
116 83 1
116 88 1
116 89 1
116 92 1
116 99 1
116 100 1
116 101 1
116 108 1
116 111 1
116 112 1
117 0 1
117 1 1
117 2 1
117 3 1
117 17 1
117 18 1
117 20 1
117 27 1
117 28 1
117 38 1
117 43 1
117 46 1
117 47 1
117 48 1
117 52 1
117 54 1
117 57 1
117 62 1
117 70 1
117 71 1
117 72 1
117 77 1
117 79 1
117 80 1
117 82 1
117 86 1
117 91 1
118 0 1
118 1 1
118 2 1
118 3 1
118 6 1
118 7 1
118 8 1
118 9 1
118 10 1
118 11 1
118 16 1
118 19 1
118 20 1
118 27 1
118 29 1
118 30 1
118 35 1
118 36 1
118 37 1
118 40 1
118 44 1
118 45 1
118 50 1
118 52 1
118 53 1
118 55 1
118 57 1
118 59 1
118 60 1
118 61 1
118 62 1
118 67 1
118 68 1
118 69 1
118 70 1
118 72 1
118 74 1
118 75 1
118 78 1
118 83 1
118 85 1
118 86 1
118 92 1
118 93 1
118 99 1
118 100 1
118 101 1
118 102 1
118 103 1
118 105 1
118 109 1
118 111 1
118 112 1
118 116 1
119 0 1
119 2 1
119 7 1
119 8 1
119 9 1
119 10 1
119 11 1
119 19 1
119 29 1
119 30 1
119 35 1
119 36 1
119 37 1
119 40 1
119 44 1
119 45 1
119 53 1
119 55 1
119 57 1
119 59 1
119 60 1
119 61 1
119 62 1
119 67 1
119 68 1
119 69 1
119 72 1
119 74 1
119 75 1
119 78 1
119 83 1
119 84 1
119 85 1
119 86 1
119 90 1
119 92 1
119 93 1
119 99 1
119 100 1
119 101 1
119 102 1
119 103 1
119 104 1
119 105 1
119 109 1
119 111 1
119 112 1
119 116 1
119 118 1
120 0 1
120 1 1
120 2 1
120 3 1
120 11 1
120 12 1
120 17 1
120 18 1
120 19 1
120 20 1
120 27 1
120 29 1
120 36 1
120 38 1
120 40 1
120 43 1
120 46 1
120 47 1
120 48 1
120 52 1
120 54 1
120 57 1
120 59 1
120 60 1
120 62 1
120 69 1
120 71 1
120 72 1
120 75 1
120 80 1
120 83 1
120 86 1
120 91 1
120 92 1
120 93 1
120 101 1
120 102 1
120 117 1
120 118 1
120 119 1
121 4 1
121 5 1
121 6 1
121 7 1
121 13 1
121 14 1
121 23 1
121 24 1
121 32 1
121 33 1
121 34 1
121 35 1
121 36 1
121 37 1
121 42 1
121 44 1
121 45 1
121 49 1
121 50 1
121 51 1
121 52 1
121 53 1
121 64 1
121 65 1
121 66 1
121 67 1
121 69 1
121 70 1
121 74 1
121 76 1
121 87 1
121 88 1
121 89 1
121 97 1
121 98 1
121 106 1
121 107 1
121 108 1
121 109 1
121 113 1
121 114 1
121 115 1
121 116 1
122 4 1
122 5 1
122 6 1
122 7 1
122 8 1
122 9 1
122 10 1
122 13 1
122 14 1
122 16 1
122 23 1
122 24 1
122 27 1
122 32 1
122 33 1
122 34 1
122 35 1
122 36 1
122 37 1
122 42 1
122 43 1
122 44 1
122 45 1
122 49 1
122 50 1
122 51 1
122 52 1
122 53 1
122 64 1
122 65 1
122 66 1
122 67 1
122 69 1
122 70 1
122 74 1
122 76 1
122 77 1
122 78 1
122 87 1
122 88 1
122 89 1
122 97 1
122 98 1
122 106 1
122 107 1
122 108 1
122 109 1
122 112 1
122 113 1
122 115 1
122 116 1
122 121 1
123 6 1
123 14 1
123 16 1
123 23 1
123 24 1
123 27 1
123 28 1
123 34 1
123 35 1
123 36 1
123 37 1
123 38 1
123 42 1
123 43 1
123 46 1
123 47 1
123 50 1
123 52 1
123 54 1
123 66 1
123 69 1
123 70 1
123 74 1
123 76 1
123 77 1
123 78 1
123 79 1
123 82 1
123 89 1
123 91 1
123 97 1
123 98 1
123 117 1
123 121 1
123 122 1
124 2 1
124 3 1
124 4 1
124 6 1
124 7 1
124 8 1
124 9 1
124 11 1
124 12 1
124 18 1
124 20 1
124 21 1
124 22 1
124 24 1
124 27 1
124 29 1
124 31 1
124 32 1
124 34 1
124 35 1
124 36 1
124 37 1
124 38 1
124 40 1
124 42 1
124 43 1
124 44 1
124 45 1
124 47 1
124 48 1
124 50 1
124 52 1
124 54 1
124 55 1
124 57 1
124 59 1
124 60 1
124 62 1
124 63 1
124 66 1
124 67 1
124 69 1
124 70 1
124 71 1
124 74 1
124 75 1
124 76 1
124 77 1
124 78 1
124 86 1
124 93 1
124 94 1
124 95 1
124 96 1
124 98 1
124 109 1
124 117 1
124 118 1
124 119 1
124 120 1
124 122 1
124 123 1
125 4 1
125 7 1
125 8 1
125 10 1
125 11 1
125 12 1
125 15 1
125 22 1
125 25 1
125 26 1
125 29 1
125 30 1
125 32 1
125 35 1
125 36 1
125 37 1
125 39 1
125 40 1
125 44 1
125 45 1
125 49 1
125 51 1
125 53 1
125 55 1
125 56 1
125 58 1
125 60 1
125 61 1
125 64 1
125 65 1
125 67 1
125 68 1
125 73 1
125 74 1
125 81 1
125 84 1
125 85 1
125 90 1
125 95 1
125 96 1
125 99 1
125 102 1
125 103 1
125 104 1
125 105 1
125 106 1
125 107 1
125 109 1
125 110 1
125 111 1
125 113 1
125 114 1
125 118 1
125 119 1
126 7 1
126 8 1
126 10 1
126 15 1
126 25 1
126 26 1
126 30 1
126 37 1
126 39 1
126 44 1
126 45 1
126 49 1
126 51 1
126 53 1
126 55 1
126 56 1
126 58 1
126 60 1
126 61 1
126 67 1
126 68 1
126 73 1
126 81 1
126 84 1
126 85 1
126 90 1
126 99 1
126 102 1
126 103 1
126 104 1
126 105 1
126 110 1
126 111 1
126 113 1
126 114 1
126 125 1
127 5 1
127 7 1
127 8 1
127 10 1
127 15 1
127 25 1
127 26 1
127 30 1
127 41 1
127 44 1
127 45 1
127 51 1
127 53 1
127 58 1
127 60 1
127 61 1
127 67 1
127 68 1
127 73 1
127 81 1
127 85 1
127 90 1
127 99 1
127 102 1
127 104 1
127 105 1
127 110 1
127 111 1
127 112 1
127 114 1
127 115 1
127 119 1
127 125 1
127 126 1
128 5 1
128 7 1
128 8 1
128 9 1
128 10 1
128 11 1
128 15 1
128 19 1
128 25 1
128 26 1
128 29 1
128 30 1
128 33 1
128 36 1
128 37 1
128 39 1
128 41 1
128 44 1
128 45 1
128 49 1
128 51 1
128 53 1
128 55 1
128 56 1
128 58 1
128 59 1
128 60 1
128 61 1
128 65 1
128 67 1
128 68 1
128 73 1
128 74 1
128 81 1
128 85 1
128 90 1
128 92 1
128 99 1
128 102 1
128 103 1
128 104 1
128 105 1
128 109 1
128 110 1
128 111 1
128 112 1
128 113 1
128 114 1
128 115 1
128 116 1
128 118 1
128 119 1
128 125 1
128 126 1
128 127 1
129 0 1
129 1 1
129 2 1
129 3 1
129 12 1
129 17 1
129 18 1
129 20 1
129 21 1
129 27 1
129 29 1
129 38 1
129 40 1
129 43 1
129 46 1
129 47 1
129 48 1
129 52 1
129 54 1
129 57 1
129 59 1
129 62 1
129 71 1
129 72 1
129 77 1
129 79 1
129 80 1
129 86 1
129 91 1
129 93 1
129 117 1
129 120 1
129 124 1
130 7 1
130 8 1
130 10 1
130 11 1
130 15 1
130 19 1
130 25 1
130 26 1
130 29 1
130 30 1
130 39 1
130 44 1
130 45 1
130 53 1
130 55 1
130 56 1
130 59 1
130 60 1
130 61 1
130 67 1
130 68 1
130 73 1
130 84 1
130 85 1
130 90 1
130 92 1
130 99 1
130 102 1
130 103 1
130 104 1
130 105 1
130 110 1
130 111 1
130 112 1
130 118 1
130 119 1
130 125 1
130 126 1
130 127 1
130 128 1
131 2 1
131 3 1
131 6 1
131 12 1
131 14 1
131 17 1
131 18 1
131 20 1
131 21 1
131 22 1
131 27 1
131 28 1
131 31 1
131 34 1
131 35 1
131 36 1
131 37 1
131 38 1
131 40 1
131 42 1
131 43 1
131 46 1
131 47 1
131 48 1
131 50 1
131 52 1
131 54 1
131 57 1
131 62 1
131 66 1
131 69 1
131 70 1
131 71 1
131 76 1
131 77 1
131 78 1
131 79 1
131 82 1
131 91 1
131 93 1
131 97 1
131 98 1
131 109 1
131 117 1
131 120 1
131 122 1
131 123 1
131 124 1
131 129 1
132 5 1
132 7 1
132 8 1
132 9 1
132 10 1
132 11 1
132 16 1
132 19 1
132 23 1
132 27 1
132 29 1
132 30 1
132 33 1
132 35 1
132 36 1
132 37 1
132 41 1
132 44 1
132 45 1
132 50 1
132 51 1
132 52 1
132 53 1
132 59 1
132 60 1
132 65 1
132 67 1
132 68 1
132 69 1
132 70 1
132 74 1
132 75 1
132 76 1
132 78 1
132 81 1
132 83 1
132 85 1
132 88 1
132 89 1
132 92 1
132 99 1
132 100 1
132 101 1
132 108 1
132 109 1
132 110 1
132 111 1
132 112 1
132 113 1
132 114 1
132 115 1
132 116 1
132 118 1
132 119 1
132 121 1
132 122 1
132 127 1
132 128 1
133 14 1
133 16 1
133 17 1
133 27 1
133 28 1
133 34 1
133 35 1
133 38 1
133 42 1
133 43 1
133 46 1
133 47 1
133 50 1
133 52 1
133 54 1
133 66 1
133 69 1
133 70 1
133 75 1
133 76 1
133 77 1
133 78 1
133 79 1
133 82 1
133 91 1
133 97 1
133 98 1
133 116 1
133 117 1
133 123 1
133 124 1
133 131 1
134 0 1
134 1 1
134 2 1
134 3 1
134 9 1
134 17 1
134 18 1
134 19 1
134 20 1
134 27 1
134 28 1
134 29 1
134 36 1
134 38 1
134 43 1
134 46 1
134 47 1
134 48 1
134 50 1
134 52 1
134 54 1
134 57 1
134 59 1
134 62 1
134 69 1
134 70 1
134 71 1
134 72 1
134 75 1
134 77 1
134 78 1
134 79 1
134 80 1
134 82 1
134 83 1
134 86 1
134 91 1
134 92 1
134 93 1
134 98 1
134 100 1
134 101 1
134 117 1
134 118 1
134 120 1
134 123 1
134 124 1
134 129 1
134 131 1
134 133 1
135 0 1
135 1 1
135 2 1
135 3 1
135 7 1
135 8 1
135 10 1
135 11 1
135 12 1
135 19 1
135 20 1
135 21 1
135 22 1
135 29 1
135 30 1
135 31 1
135 36 1
135 37 1
135 39 1
135 40 1
135 44 1
135 45 1
135 53 1
135 55 1
135 56 1
135 57 1
135 59 1
135 60 1
135 61 1
135 62 1
135 67 1
135 72 1
135 84 1
135 85 1
135 86 1
135 92 1
135 93 1
135 102 1
135 103 1
135 104 1
135 105 1
135 109 1
135 111 1
135 118 1
135 119 1
135 120 1
135 124 1
135 125 1
135 126 1
135 128 1
135 130 1
136 7 1
136 10 1
136 11 1
136 15 1
136 25 1
136 26 1
136 29 1
136 30 1
136 39 1
136 44 1
136 45 1
136 55 1
136 56 1
136 58 1
136 60 1
136 61 1
136 67 1
136 68 1
136 73 1
136 84 1
136 85 1
136 90 1
136 102 1
136 103 1
136 104 1
136 105 1
136 110 1
136 111 1
136 119 1
136 125 1
136 126 1
136 127 1
136 128 1
136 130 1
136 135 1
137 3 1
137 4 1
137 6 1
137 7 1
137 12 1
137 13 1
137 20 1
137 21 1
137 22 1
137 31 1
137 32 1
137 35 1
137 36 1
137 37 1
137 40 1
137 43 1
137 44 1
137 45 1
137 52 1
137 63 1
137 64 1
137 66 1
137 94 1
137 95 1
137 96 1
137 98 1
137 106 1
137 109 1
137 113 1
137 124 1
138 5 1
138 8 1
138 9 1
138 10 1
138 16 1
138 23 1
138 24 1
138 33 1
138 41 1
138 44 1
138 49 1
138 50 1
138 51 1
138 53 1
138 64 1
138 65 1
138 67 1
138 68 1
138 69 1
138 74 1
138 76 1
138 78 1
138 81 1
138 87 1
138 88 1
138 89 1
138 99 1
138 108 1
138 111 1
138 112 1
138 113 1
138 114 1
138 115 1
138 116 1
138 121 1
138 122 1
138 127 1
138 128 1
138 132 1
139 5 1
139 6 1
139 8 1
139 9 1
139 16 1
139 19 1
139 23 1
139 24 1
139 27 1
139 33 1
139 34 1
139 35 1
139 36 1
139 37 1
139 42 1
139 44 1
139 45 1
139 50 1
139 52 1
139 53 1
139 54 1
139 59 1
139 66 1
139 67 1
139 69 1
139 70 1
139 74 1
139 75 1
139 76 1
139 77 1
139 78 1
139 82 1
139 83 1
139 88 1
139 89 1
139 91 1
139 92 1
139 97 1
139 98 1
139 99 1
139 100 1
139 101 1
139 108 1
139 109 1
139 111 1
139 112 1
139 116 1
139 118 1
139 119 1
139 121 1
139 122 1
139 123 1
139 124 1
139 132 1
139 133 1
139 138 1
140 0 1
140 1 1
140 2 1
140 3 1
140 6 1
140 12 1
140 17 1
140 18 1
140 20 1
140 21 1
140 22 1
140 29 1
140 31 1
140 36 1
140 38 1
140 40 1
140 43 1
140 46 1
140 47 1
140 48 1
140 52 1
140 54 1
140 57 1
140 62 1
140 71 1
140 72 1
140 77 1
140 79 1
140 80 1
140 86 1
140 93 1
140 98 1
140 109 1
140 117 1
140 120 1
140 124 1
140 129 1
140 131 1
140 134 1
