# minsup
1
# graph
G_./1PQ1.pdb
# node ID, label
0 A
1 A
2 A
3 A
4 A
5 A
6 A
7 A
8 A
9 A
10 A
11 A
12 C
13 D
14 D
15 D
16 D
17 D
18 D
19 D
20 D
21 D
22 D
23 D
24 E
25 E
26 E
27 E
28 E
29 E
30 E
31 E
32 E
33 E
34 E
35 E
36 E
37 E
38 E
39 F
40 F
41 F
42 F
43 F
44 F
45 F
46 F
47 F
48 F
49 F
50 F
51 G
52 G
53 G
54 G
55 G
56 G
57 G
58 G
59 G
60 G
61 G
62 H
63 H
64 I
65 I
66 I
67 I
68 I
69 I
70 I
71 I
72 K
73 K
74 K
75 K
76 L
77 L
78 L
79 L
80 L
81 L
82 L
83 L
84 L
85 L
86 L
87 L
88 L
89 L
90 L
91 M
92 M
93 M
94 M
95 N
96 N
97 N
98 N
99 N
100 N
101 N
102 P
103 P
104 P
105 P
106 Q
107 Q
108 Q
109 Q
110 Q
111 Q
112 Q
113 Q
114 Q
115 Q
116 R
117 R
118 R
119 R
120 R
121 R
122 R
123 R
124 R
125 R
126 R
127 R
128 R
129 R
130 R
131 R
132 S
133 S
134 S
135 S
136 S
137 S
138 S
139 S
140 S
141 S
142 S
143 S
144 S
145 S
146 T
147 T
148 T
149 T
150 T
151 T
152 T
153 V
154 V
155 V
156 V
157 V
158 V
159 V
160 V
161 V
162 V
163 V
164 V
165 V
166 V
167 W
168 W
169 W
170 W
171 W
172 Y
173 Y
174 Y
175 Y
176 Y
177 Y
178 Y
179 Y
# node ID1, node ID2, number of bounds
1 0 1
2 0 1
2 1 1
3 0 1
3 1 1
3 2 1
6 2 1
6 3 1
6 4 1
7 3 1
7 4 1
7 5 1
7 6 1
8 5 1
8 7 1
9 6 1
9 8 1
10 4 1
10 5 1
10 6 1
10 7 1
12 4 1
12 5 1
12 6 1
12 7 1
12 8 1
12 9 1
13 0 1
13 1 1
13 2 1
13 3 1
13 7 1
13 8 1
13 9 1
13 12 1
14 2 1
14 3 1
14 4 1
14 6 1
14 7 1
14 13 1
15 4 1
15 5 1
15 7 1
15 10 1
15 12 1
16 6 1
16 10 1
17 5 1
17 7 1
17 12 1
17 15 1
18 8 1
18 9 1
19 0 1
19 1 1
19 2 1
19 3 1
20 0 1
20 1 1
20 2 1
20 3 1
20 11 1
20 19 1
21 10 1
22 3 1
22 4 1
22 6 1
22 10 1
22 16 1
23 11 1
23 20 1
24 0 1
24 1 1
24 2 1
24 8 1
24 9 1
24 13 1
24 19 1
25 0 1
25 1 1
25 19 1
25 20 1
26 0 1
26 1 1
26 2 1
26 3 1
26 6 1
26 13 1
26 14 1
26 20 1
27 2 1
27 3 1
27 4 1
27 6 1
27 7 1
27 14 1
27 22 1
27 26 1
28 2 1
28 3 1
28 4 1
28 6 1
28 7 1
28 12 1
28 14 1
28 15 1
28 22 1
28 26 1
28 27 1
29 5 1
29 6 1
29 7 1
29 8 1
29 9 1
29 10 1
29 12 1
29 18 1
30 6 1
30 10 1
30 16 1
30 22 1
30 29 1
31 4 1
31 5 1
31 7 1
31 8 1
31 12 1
31 15 1
31 17 1
31 28 1
32 5 1
32 7 1
32 12 1
32 15 1
32 17 1
32 31 1
33 9 1
33 18 1
33 19 1
33 24 1
34 18 1
34 19 1
34 25 1
34 33 1
35 4 1
35 5 1
35 6 1
35 7 1
35 10 1
35 15 1
35 21 1
35 29 1
35 30 1
36 4 1
36 6 1
36 7 1
36 10 1
36 15 1
36 16 1
36 21 1
36 22 1
36 28 1
36 30 1
36 35 1
37 3 1
37 4 1
37 6 1
37 10 1
37 22 1
37 27 1
37 28 1
37 36 1
38 3 1
38 6 1
38 11 1
38 22 1
38 27 1
38 37 1
39 0 1
39 1 1
39 2 1
39 3 1
39 6 1
39 7 1
39 8 1
39 9 1
39 12 1
39 13 1
39 14 1
39 24 1
39 26 1
39 27 1
39 28 1
39 31 1
40 8 1
40 9 1
40 12 1
40 13 1
40 24 1
40 39 1
41 2 1
41 3 1
41 4 1
41 6 1
41 7 1
41 14 1
41 22 1
41 26 1
41 27 1
41 28 1
41 36 1
41 37 1
41 38 1
41 39 1
42 4 1
42 6 1
42 7 1
42 10 1
42 12 1
42 14 1
42 15 1
42 17 1
42 27 1
42 28 1
42 31 1
42 35 1
42 36 1
42 41 1
43 5 1
43 6 1
43 7 1
43 8 1
43 9 1
43 10 1
43 12 1
43 15 1
43 29 1
43 30 1
43 31 1
43 35 1
43 36 1
43 42 1
44 6 1
44 10 1
44 16 1
44 18 1
44 22 1
44 29 1
44 30 1
44 33 1
44 35 1
44 36 1
44 37 1
44 43 1
45 2 1
45 3 1
45 4 1
45 6 1
45 7 1
45 8 1
45 9 1
45 10 1
45 12 1
45 13 1
45 14 1
45 16 1
45 18 1
45 22 1
45 26 1
45 27 1
45 28 1
45 29 1
45 30 1
45 33 1
45 35 1
45 36 1
45 37 1
45 39 1
45 41 1
45 42 1
45 43 1
45 44 1
46 2 1
46 3 1
46 4 1
46 6 1
46 7 1
46 8 1
46 9 1
46 10 1
46 12 1
46 13 1
46 14 1
46 22 1
46 24 1
46 26 1
46 27 1
46 28 1
46 29 1
46 30 1
46 31 1
46 33 1
46 36 1
46 39 1
46 41 1
46 42 1
46 43 1
46 44 1
46 45 1
47 3 1
47 4 1
47 5 1
47 6 1
47 7 1
47 8 1
47 9 1
47 10 1
47 12 1
47 13 1
47 14 1
47 15 1
47 22 1
47 27 1
47 28 1
47 29 1
47 30 1
47 31 1
47 35 1
47 36 1
47 39 1
47 41 1
47 42 1
47 43 1
47 44 1
47 45 1
47 46 1
48 0 1
48 1 1
48 2 1
48 3 1
48 6 1
48 19 1
48 20 1
48 22 1
48 25 1
48 26 1
48 33 1
48 34 1
48 38 1
48 41 1
48 45 1
48 46 1
49 2 1
49 3 1
49 4 1
49 6 1
49 10 1
49 14 1
49 22 1
49 26 1
49 27 1
49 28 1
49 36 1
49 37 1
49 38 1
49 41 1
49 45 1
49 46 1
49 47 1
49 48 1
50 11 1
50 20 1
50 23 1
50 38 1
50 49 1
51 7 1
51 12 1
51 17 1
51 31 1
51 32 1
51 39 1
52 1 1
52 2 1
52 3 1
52 4 1
52 6 1
52 7 1
52 12 1
52 13 1
52 14 1
52 22 1
52 26 1
52 27 1
52 28 1
52 37 1
52 39 1
52 41 1
52 42 1
52 45 1
52 46 1
52 47 1
52 48 1
52 49 1
53 5 1
53 29 1
53 32 1
53 43 1
54 6 1
54 10 1
54 16 1
54 18 1
54 22 1
54 30 1
54 33 1
54 34 1
54 36 1
54 37 1
54 38 1
54 44 1
54 45 1
54 49 1
55 2 1
55 3 1
55 4 1
55 6 1
55 10 1
55 14 1
55 16 1
55 20 1
55 22 1
55 26 1
55 27 1
55 28 1
55 30 1
55 36 1
55 37 1
55 38 1
55 41 1
55 44 1
55 45 1
55 46 1
55 47 1
55 48 1
55 49 1
55 52 1
55 54 1
56 3 1
56 4 1
56 5 1
56 6 1
56 7 1
56 8 1
56 9 1
56 10 1
56 12 1
56 13 1
56 14 1
56 15 1
56 17 1
56 24 1
56 28 1
56 29 1
56 30 1
56 31 1
56 35 1
56 36 1
56 39 1
56 41 1
56 42 1
56 43 1
56 44 1
56 45 1
56 46 1
56 47 1
56 52 1
56 55 1
57 3 1
57 4 1
57 5 1
57 6 1
57 7 1
57 8 1
57 9 1
57 10 1
57 12 1
57 13 1
57 14 1
57 15 1
57 17 1
57 24 1
57 26 1
57 27 1
57 28 1
57 29 1
57 31 1
57 39 1
57 41 1
57 42 1
57 43 1
57 45 1
57 46 1
57 47 1
57 51 1
57 52 1
57 56 1
58 19 1
58 20 1
58 25 1
58 33 1
58 34 1
58 48 1
58 55 1
59 0 1
59 1 1
59 2 1
59 18 1
59 19 1
59 20 1
59 24 1
59 25 1
59 33 1
59 34 1
59 48 1
59 55 1
59 58 1
60 0 1
60 1 1
60 2 1
60 3 1
60 14 1
60 19 1
60 20 1
60 23 1
60 25 1
60 26 1
60 27 1
60 41 1
60 48 1
60 49 1
60 50 1
60 52 1
60 55 1
60 58 1
60 59 1
61 3 1
61 4 1
61 6 1
61 7 1
61 10 1
61 14 1
61 16 1
61 22 1
61 26 1
61 27 1
61 28 1
61 30 1
61 36 1
61 37 1
61 38 1
61 41 1
61 42 1
61 44 1
61 45 1
61 46 1
61 47 1
61 48 1
61 49 1
61 52 1
61 54 1
61 55 1
61 56 1
61 57 1
62 5 1
62 7 1
62 10 1
62 12 1
62 15 1
62 17 1
62 29 1
62 31 1
62 32 1
62 35 1
62 42 1
62 43 1
62 53 1
63 9 1
63 16 1
63 18 1
63 29 1
63 30 1
63 33 1
63 34 1
63 43 1
63 44 1
63 45 1
63 46 1
63 54 1
63 59 1
64 0 1
64 1 1
64 2 1
64 19 1
64 20 1
64 24 1
64 25 1
64 48 1
64 58 1
64 59 1
64 60 1
65 5 1
65 7 1
65 12 1
65 15 1
65 17 1
65 29 1
65 31 1
65 32 1
65 35 1
65 42 1
65 43 1
65 47 1
65 53 1
65 56 1
65 57 1
65 62 1
66 2 1
66 3 1
66 6 1
66 7 1
66 8 1
66 9 1
66 10 1
66 14 1
66 16 1
66 18 1
66 19 1
66 22 1
66 26 1
66 27 1
66 28 1
66 29 1
66 30 1
66 33 1
66 34 1
66 36 1
66 37 1
66 38 1
66 39 1
66 41 1
66 43 1
66 44 1
66 45 1
66 46 1
66 47 1
66 48 1
66 49 1
66 52 1
66 54 1
66 55 1
66 56 1
66 57 1
66 58 1
66 59 1
66 60 1
66 61 1
66 63 1
67 5 1
67 6 1
67 7 1
67 8 1
67 9 1
67 12 1
67 13 1
67 17 1
67 24 1
67 29 1
67 31 1
67 32 1
67 39 1
67 40 1
67 43 1
67 45 1
67 46 1
67 47 1
67 53 1
67 56 1
67 57 1
67 65 1
68 6 1
68 9 1
68 18 1
68 19 1
68 20 1
68 25 1
68 33 1
68 34 1
68 44 1
68 45 1
68 46 1
68 48 1
68 54 1
68 55 1
68 58 1
68 59 1
68 63 1
68 66 1
69 4 1
69 5 1
69 6 1
69 10 1
69 16 1
69 21 1
69 29 1
69 30 1
69 35 1
69 36 1
69 42 1
69 43 1
69 44 1
69 45 1
69 47 1
69 61 1
69 62 1
69 65 1
70 4 1
70 5 1
70 6 1
70 7 1
70 10 1
70 15 1
70 21 1
70 22 1
70 28 1
70 29 1
70 30 1
70 35 1
70 36 1
70 42 1
70 43 1
70 44 1
70 45 1
70 46 1
70 47 1
70 56 1
70 57 1
70 61 1
70 62 1
70 65 1
70 66 1
70 69 1
71 3 1
71 4 1
71 6 1
71 10 1
71 14 1
71 16 1
71 22 1
71 27 1
71 28 1
71 30 1
71 36 1
71 37 1
71 38 1
71 41 1
71 42 1
71 44 1
71 45 1
71 46 1
71 47 1
71 49 1
71 52 1
71 54 1
71 55 1
71 61 1
71 66 1
71 69 1
71 70 1
72 2 1
72 3 1
72 6 1
72 7 1
72 8 1
72 12 1
72 13 1
72 14 1
72 17 1
72 24 1
72 26 1
72 27 1
72 28 1
72 31 1
72 39 1
72 41 1
72 42 1
72 45 1
72 46 1
72 47 1
72 51 1
72 52 1
72 56 1
72 57 1
72 67 1
73 7 1
73 12 1
73 13 1
73 14 1
73 15 1
73 17 1
73 28 1
73 31 1
73 32 1
73 39 1
73 42 1
73 51 1
73 52 1
73 56 1
73 57 1
73 72 1
74 0 1
74 1 1
74 2 1
74 3 1
74 9 1
74 13 1
74 14 1
74 19 1
74 20 1
74 24 1
74 26 1
74 27 1
74 39 1
74 45 1
74 46 1
74 48 1
74 52 1
74 57 1
74 59 1
74 60 1
74 64 1
74 66 1
74 72 1
75 5 1
75 7 1
75 12 1
75 15 1
75 17 1
75 31 1
75 32 1
75 42 1
75 51 1
75 53 1
75 57 1
75 62 1
75 65 1
75 67 1
75 73 1
76 0 1
76 1 1
76 2 1
76 3 1
76 6 1
76 8 1
76 9 1
76 12 1
76 13 1
76 14 1
76 19 1
76 24 1
76 26 1
76 33 1
76 39 1
76 40 1
76 45 1
76 46 1
76 47 1
76 48 1
76 52 1
76 56 1
76 57 1
76 59 1
76 60 1
76 64 1
76 66 1
76 67 1
76 68 1
76 72 1
76 74 1
77 0 1
77 2 1
77 3 1
77 6 1
77 7 1
77 8 1
77 9 1
77 12 1
77 13 1
77 14 1
77 17 1
77 24 1
77 26 1
77 28 1
77 31 1
77 39 1
77 40 1
77 41 1
77 42 1
77 45 1
77 46 1
77 47 1
77 51 1
77 52 1
77 56 1
77 57 1
77 66 1
77 67 1
77 72 1
77 73 1
77 74 1
77 76 1
78 7 1
78 8 1
78 12 1
78 13 1
78 14 1
78 17 1
78 26 1
78 28 1
78 31 1
78 32 1
78 39 1
78 40 1
78 42 1
78 46 1
78 47 1
78 51 1
78 52 1
78 56 1
78 57 1
78 67 1
78 72 1
78 73 1
78 75 1
78 76 1
78 77 1
79 0 1
79 1 1
79 2 1
79 3 1
79 6 1
79 7 1
79 9 1
79 13 1
79 14 1
79 19 1
79 20 1
79 24 1
79 26 1
79 27 1
79 28 1
79 39 1
79 41 1
79 45 1
79 46 1
79 47 1
79 48 1
79 49 1
79 52 1
79 55 1
79 56 1
79 57 1
79 59 1
79 60 1
79 61 1
79 64 1
79 66 1
79 68 1
79 72 1
79 74 1
79 76 1
79 77 1
79 78 1
80 3 1
80 4 1
80 6 1
80 7 1
80 14 1
80 26 1
80 27 1
80 28 1
80 37 1
80 41 1
80 42 1
80 46 1
80 47 1
80 49 1
80 52 1
80 55 1
80 57 1
80 61 1
80 71 1
80 72 1
80 73 1
80 79 1
81 4 1
81 5 1
81 6 1
81 7 1
81 10 1
81 12 1
81 15 1
81 17 1
81 28 1
81 29 1
81 31 1
81 32 1
81 35 1
81 36 1
81 42 1
81 43 1
81 45 1
81 46 1
81 47 1
81 56 1
81 57 1
81 62 1
81 65 1
81 67 1
81 69 1
81 70 1
81 75 1
82 4 1
82 5 1
82 7 1
82 10 1
82 12 1
82 15 1
82 17 1
82 21 1
82 29 1
82 30 1
82 31 1
82 35 1
82 36 1
82 42 1
82 43 1
82 47 1
82 53 1
82 56 1
82 57 1
82 62 1
82 65 1
82 67 1
82 69 1
82 70 1
82 75 1
82 81 1
83 4 1
83 6 1
83 10 1
83 16 1
83 22 1
83 29 1
83 30 1
83 35 1
83 36 1
83 37 1
83 42 1
83 43 1
83 44 1
83 45 1
83 46 1
83 47 1
83 49 1
83 54 1
83 55 1
83 56 1
83 61 1
83 63 1
83 66 1
83 69 1
83 70 1
83 71 1
84 4 1
84 5 1
84 6 1
84 7 1
84 8 1
84 9 1
84 10 1
84 12 1
84 15 1
84 17 1
84 28 1
84 29 1
84 31 1
84 32 1
84 35 1
84 39 1
84 42 1
84 43 1
84 45 1
84 46 1
84 47 1
84 52 1
84 53 1
84 56 1
84 57 1
84 62 1
84 65 1
84 67 1
84 70 1
84 72 1
84 73 1
84 75 1
84 77 1
84 78 1
84 81 1
84 82 1
85 5 1
85 7 1
85 8 1
85 9 1
85 12 1
85 17 1
85 29 1
85 31 1
85 32 1
85 40 1
85 43 1
85 47 1
85 53 1
85 56 1
85 57 1
85 62 1
85 65 1
85 67 1
85 72 1
85 75 1
85 77 1
85 78 1
85 81 1
85 82 1
85 84 1
86 6 1
86 8 1
86 9 1
86 13 1
86 18 1
86 24 1
86 29 1
86 30 1
86 33 1
86 34 1
86 39 1
86 43 1
86 44 1
86 45 1
86 46 1
86 47 1
86 48 1
86 54 1
86 55 1
86 56 1
86 57 1
86 59 1
86 63 1
86 66 1
86 67 1
86 68 1
86 74 1
86 76 1
86 77 1
86 79 1
86 83 1
87 6 1
87 9 1
87 16 1
87 18 1
87 19 1
87 24 1
87 29 1
87 30 1
87 33 1
87 34 1
87 44 1
87 45 1
87 46 1
87 48 1
87 54 1
87 55 1
87 56 1
87 58 1
87 59 1
87 63 1
87 66 1
87 68 1
87 76 1
87 83 1
87 86 1
88 1 1
88 2 1
88 3 1
88 11 1
88 19 1
88 20 1
88 22 1
88 23 1
88 25 1
88 26 1
88 27 1
88 37 1
88 38 1
88 41 1
88 48 1
88 49 1
88 50 1
88 52 1
88 55 1
88 58 1
88 59 1
88 60 1
88 61 1
88 64 1
88 66 1
88 68 1
88 74 1
88 79 1
89 10 1
89 21 1
89 30 1
89 35 1
89 36 1
89 62 1
89 69 1
89 70 1
89 82 1
89 83 1
90 3 1
90 4 1
90 6 1
90 7 1
90 10 1
90 15 1
90 16 1
90 22 1
90 27 1
90 28 1
90 29 1
90 30 1
90 35 1
90 36 1
90 37 1
90 38 1
90 41 1
90 42 1
90 43 1
90 44 1
90 45 1
90 46 1
90 47 1
90 49 1
90 52 1
90 54 1
90 55 1
90 56 1
90 57 1
90 61 1
90 66 1
90 69 1
90 70 1
90 71 1
90 80 1
90 81 1
90 82 1
90 83 1
90 84 1
90 89 1
91 8 1
91 9 1
91 18 1
91 24 1
91 33 1
91 34 1
91 58 1
91 59 1
91 63 1
91 68 1
91 76 1
91 86 1
91 87 1
92 0 1
92 1 1
92 2 1
92 13 1
92 19 1
92 20 1
92 24 1
92 25 1
92 26 1
92 39 1
92 48 1
92 58 1
92 59 1
92 60 1
92 64 1
92 68 1
92 74 1
92 76 1
92 79 1
92 91 1
93 5 1
93 7 1
93 8 1
93 12 1
93 15 1
93 17 1
93 31 1
93 32 1
93 43 1
93 53 1
93 56 1
93 57 1
93 62 1
93 65 1
93 67 1
93 73 1
93 75 1
93 78 1
93 81 1
93 82 1
93 84 1
93 85 1
94 5 1
94 6 1
94 7 1
94 8 1
94 9 1
94 12 1
94 13 1
94 18 1
94 24 1
94 29 1
94 30 1
94 33 1
94 39 1
94 40 1
94 43 1
94 44 1
94 45 1
94 46 1
94 47 1
94 56 1
94 57 1
94 63 1
94 66 1
94 67 1
94 68 1
94 72 1
94 76 1
94 77 1
94 79 1
94 83 1
94 84 1
94 85 1
94 86 1
94 87 1
94 91 1
95 0 1
95 1 1
95 2 1
95 8 1
95 9 1
95 13 1
95 18 1
95 19 1
95 24 1
95 33 1
95 39 1
95 45 1
95 46 1
95 48 1
95 56 1
95 57 1
95 58 1
95 59 1
95 63 1
95 64 1
95 66 1
95 67 1
95 68 1
95 74 1
95 76 1
95 77 1
95 79 1
95 86 1
95 87 1
95 91 1
95 92 1
95 94 1
96 5 1
96 6 1
96 9 1
96 10 1
96 16 1
96 18 1
96 29 1
96 30 1
96 33 1
96 35 1
96 36 1
96 43 1
96 44 1
96 45 1
96 46 1
96 47 1
96 54 1
96 56 1
96 61 1
96 63 1
96 66 1
96 67 1
96 69 1
96 70 1
96 82 1
96 83 1
96 86 1
96 87 1
96 90 1
96 94 1
97 3 1
97 6 1
97 10 1
97 16 1
97 19 1
97 20 1
97 22 1
97 30 1
97 33 1
97 34 1
97 37 1
97 38 1
97 41 1
97 44 1
97 45 1
97 46 1
97 48 1
97 49 1
97 52 1
97 54 1
97 55 1
97 58 1
97 59 1
97 61 1
97 63 1
97 66 1
97 68 1
97 71 1
97 79 1
97 83 1
97 86 1
97 87 1
97 88 1
97 90 1
97 96 1
98 8 1
98 9 1
98 18 1
98 24 1
98 29 1
98 33 1
98 34 1
98 44 1
98 45 1
98 46 1
98 59 1
98 63 1
98 66 1
98 67 1
98 68 1
98 76 1
98 86 1
98 87 1
98 91 1
98 94 1
98 95 1
98 96 1
99 19 1
99 20 1
99 25 1
99 33 1
99 34 1
99 48 1
99 54 1
99 55 1
99 58 1
99 59 1
99 63 1
99 66 1
99 68 1
99 86 1
99 87 1
99 88 1
99 91 1
99 97 1
99 98 1
100 2 1
100 3 1
100 6 1
100 11 1
100 14 1
100 16 1
100 20 1
100 22 1
100 26 1
100 27 1
100 28 1
100 36 1
100 37 1
100 38 1
100 41 1
100 44 1
100 45 1
100 46 1
100 48 1
100 49 1
100 50 1
100 52 1
100 54 1
100 55 1
100 60 1
100 61 1
100 66 1
100 68 1
100 71 1
100 79 1
100 83 1
100 88 1
100 90 1
100 97 1
100 99 1
101 11 1
101 20 1
101 23 1
101 38 1
101 50 1
101 60 1
101 88 1
102 0 1
102 1 1
102 2 1
102 13 1
102 19 1
102 20 1
102 24 1
102 25 1
102 48 1
102 58 1
102 59 1
102 60 1
102 64 1
102 74 1
102 76 1
102 79 1
102 92 1
102 95 1
103 5 1
103 8 1
103 12 1
103 17 1
103 29 1
103 31 1
103 32 1
103 43 1
103 53 1
103 56 1
103 62 1
103 65 1
103 67 1
103 75 1
103 81 1
103 82 1
103 84 1
103 85 1
103 93 1
104 9 1
104 18 1
104 19 1
104 33 1
104 34 1
104 44 1
104 48 1
104 54 1
104 58 1
104 59 1
104 63 1
104 66 1
104 68 1
104 86 1
104 87 1
104 91 1
104 95 1
104 97 1
104 98 1
104 99 1
105 4 1
105 5 1
105 10 1
105 15 1
105 21 1
105 29 1
105 30 1
105 35 1
105 36 1
105 42 1
105 43 1
105 47 1
105 62 1
105 65 1
105 69 1
105 70 1
105 81 1
105 82 1
105 83 1
105 84 1
105 89 1
105 90 1
105 96 1
106 0 1
106 8 1
106 9 1
106 13 1
106 18 1
106 19 1
106 24 1
106 33 1
106 39 1
106 40 1
106 59 1
106 63 1
106 68 1
106 74 1
106 76 1
106 86 1
106 87 1
106 91 1
106 92 1
106 94 1
106 95 1
106 98 1
106 102 1
106 104 1
107 3 1
107 7 1
107 12 1
107 13 1
107 14 1
107 17 1
107 26 1
107 27 1
107 28 1
107 31 1
107 39 1
107 41 1
107 42 1
107 46 1
107 47 1
107 51 1
107 52 1
107 56 1
107 57 1
107 72 1
107 73 1
107 77 1
107 78 1
107 79 1
107 80 1
107 84 1
108 8 1
108 9 1
108 12 1
108 13 1
108 24 1
108 39 1
108 40 1
108 56 1
108 57 1
108 67 1
108 72 1
108 76 1
108 77 1
108 78 1
108 85 1
108 94 1
108 95 1
108 106 1
109 0 1
109 1 1
109 2 1
109 3 1
109 13 1
109 14 1
109 19 1
109 20 1
109 24 1
109 26 1
109 27 1
109 39 1
109 41 1
109 46 1
109 48 1
109 52 1
109 60 1
109 64 1
109 72 1
109 74 1
109 76 1
109 77 1
109 79 1
109 88 1
109 92 1
109 95 1
109 102 1
109 107 1
110 4 1
110 5 1
110 7 1
110 10 1
110 12 1
110 15 1
110 17 1
110 21 1
110 31 1
110 35 1
110 36 1
110 42 1
110 43 1
110 47 1
110 56 1
110 62 1
110 65 1
110 69 1
110 70 1
110 75 1
110 81 1
110 82 1
110 84 1
110 89 1
110 90 1
110 103 1
110 105 1
111 5 1
111 8 1
111 10 1
111 12 1
111 29 1
111 30 1
111 35 1
111 43 1
111 47 1
111 53 1
111 56 1
111 62 1
111 65 1
111 67 1
111 69 1
111 70 1
111 81 1
111 82 1
111 83 1
111 84 1
111 85 1
111 94 1
111 96 1
111 103 1
111 105 1
111 110 1
112 5 1
112 6 1
112 10 1
112 16 1
112 29 1
112 30 1
112 35 1
112 36 1
112 43 1
112 44 1
112 45 1
112 46 1
112 47 1
112 53 1
112 56 1
112 62 1
112 63 1
112 65 1
112 67 1
112 69 1
112 70 1
112 81 1
112 82 1
112 83 1
112 84 1
112 86 1
112 89 1
112 90 1
112 94 1
112 96 1
112 105 1
112 110 1
112 111 1
113 5 1
113 7 1
113 8 1
113 12 1
113 17 1
113 31 1
113 32 1
113 40 1
113 51 1
113 53 1
113 56 1
113 57 1
113 65 1
113 67 1
113 72 1
113 73 1
113 75 1
113 77 1
113 78 1
113 81 1
113 84 1
113 85 1
113 93 1
113 103 1
113 108 1
114 18 1
114 19 1
114 20 1
114 25 1
114 33 1
114 34 1
114 48 1
114 54 1
114 58 1
114 59 1
114 63 1
114 64 1
114 66 1
114 68 1
114 86 1
114 87 1
114 88 1
114 91 1
114 92 1
114 95 1
114 97 1
114 98 1
114 99 1
114 104 1
114 106 1
115 4 1
115 6 1
115 10 1
115 16 1
115 21 1
115 22 1
115 29 1
115 30 1
115 35 1
115 36 1
115 37 1
115 42 1
115 43 1
115 44 1
115 45 1
115 47 1
115 49 1
115 54 1
115 55 1
115 61 1
115 66 1
115 69 1
115 70 1
115 71 1
115 81 1
115 82 1
115 83 1
115 89 1
115 90 1
115 96 1
115 97 1
115 100 1
115 105 1
115 110 1
115 112 1
116 0 1
116 8 1
116 9 1
116 13 1
116 18 1
116 24 1
116 33 1
116 39 1
116 40 1
116 45 1
116 46 1
116 56 1
116 57 1
116 59 1
116 63 1
116 66 1
116 67 1
116 68 1
116 74 1
116 76 1
116 77 1
116 79 1
116 86 1
116 87 1
116 91 1
116 92 1
116 94 1
116 95 1
116 98 1
116 106 1
116 108 1
116 109 1
117 0 1
117 1 1
117 2 1
117 19 1
117 20 1
117 25 1
117 48 1
117 58 1
117 59 1
117 60 1
117 64 1
117 88 1
117 92 1
117 102 1
118 0 1
118 1 1
118 2 1
118 3 1
118 6 1
118 7 1
118 13 1
118 14 1
118 19 1
118 20 1
118 24 1
118 26 1
118 27 1
118 28 1
118 39 1
118 41 1
118 45 1
118 46 1
118 47 1
118 48 1
118 49 1
118 52 1
118 55 1
118 56 1
118 57 1
118 60 1
118 66 1
118 72 1
118 73 1
118 74 1
118 76 1
118 77 1
118 78 1
118 79 1
118 80 1
118 88 1
118 92 1
118 95 1
118 102 1
118 107 1
118 109 1
118 116 1
119 3 1
119 4 1
119 6 1
119 7 1
119 14 1
119 22 1
119 26 1
119 27 1
119 28 1
119 36 1
119 37 1
119 38 1
119 41 1
119 42 1
119 46 1
119 47 1
119 49 1
119 52 1
119 55 1
119 61 1
119 71 1
119 80 1
119 90 1
119 100 1
119 118 1
120 3 1
120 4 1
120 6 1
120 7 1
120 10 1
120 12 1
120 14 1
120 15 1
120 26 1
120 27 1
120 28 1
120 31 1
120 36 1
120 37 1
120 41 1
120 42 1
120 45 1
120 46 1
120 47 1
120 49 1
120 52 1
120 55 1
120 56 1
120 57 1
120 61 1
120 70 1
120 71 1
120 72 1
120 73 1
120 78 1
120 80 1
120 81 1
120 84 1
120 90 1
120 107 1
120 110 1
120 118 1
120 119 1
121 4 1
121 6 1
121 7 1
121 10 1
121 14 1
121 15 1
121 27 1
121 28 1
121 31 1
121 36 1
121 41 1
121 42 1
121 47 1
121 49 1
121 52 1
121 57 1
121 61 1
121 70 1
121 71 1
121 80 1
121 81 1
121 84 1
121 90 1
121 110 1
121 115 1
121 119 1
121 120 1
122 6 1
122 10 1
122 16 1
122 18 1
122 22 1
122 29 1
122 30 1
122 35 1
122 36 1
122 43 1
122 44 1
122 45 1
122 54 1
122 55 1
122 61 1
122 63 1
122 66 1
122 69 1
122 70 1
122 83 1
122 86 1
122 87 1
122 90 1
122 96 1
122 97 1
122 104 1
122 112 1
122 115 1
123 2 1
123 3 1
123 4 1
123 6 1
123 7 1
123 10 1
123 14 1
123 16 1
123 22 1
123 26 1
123 27 1
123 28 1
123 29 1
123 30 1
123 33 1
123 36 1
123 37 1
123 38 1
123 41 1
123 42 1
123 43 1
123 44 1
123 45 1
123 46 1
123 47 1
123 48 1
123 49 1
123 52 1
123 54 1
123 55 1
123 56 1
123 57 1
123 59 1
123 61 1
123 63 1
123 66 1
123 68 1
123 69 1
123 70 1
123 71 1
123 79 1
123 83 1
123 86 1
123 87 1
123 88 1
123 90 1
123 94 1
123 96 1
123 97 1
123 99 1
123 100 1
123 112 1
123 115 1
123 118 1
123 119 1
123 120 1
123 122 1
124 5 1
124 7 1
124 8 1
124 9 1
124 12 1
124 13 1
124 24 1
124 29 1
124 31 1
124 32 1
124 39 1
124 40 1
124 43 1
124 46 1
124 47 1
124 53 1
124 56 1
124 57 1
124 65 1
124 67 1
124 77 1
124 78 1
124 84 1
124 85 1
124 86 1
124 93 1
124 94 1
124 103 1
124 108 1
124 111 1
124 113 1
124 116 1
125 10 1
125 21 1
125 29 1
125 30 1
125 35 1
125 36 1
125 43 1
125 62 1
125 65 1
125 69 1
125 70 1
125 81 1
125 82 1
125 83 1
125 89 1
125 90 1
125 96 1
125 105 1
125 110 1
125 111 1
125 112 1
125 115 1
126 4 1
126 6 1
126 10 1
126 15 1
126 21 1
126 29 1
126 30 1
126 35 1
126 36 1
126 42 1
126 43 1
126 44 1
126 45 1
126 47 1
126 61 1
126 62 1
126 69 1
126 70 1
126 71 1
126 81 1
126 82 1
126 83 1
126 89 1
126 90 1
126 96 1
126 105 1
126 110 1
126 112 1
126 115 1
126 121 1
126 122 1
126 125 1
127 4 1
127 6 1
127 10 1
127 16 1
127 22 1
127 28 1
127 29 1
127 30 1
127 35 1
127 36 1
127 37 1
127 38 1
127 41 1
127 42 1
127 43 1
127 44 1
127 45 1
127 46 1
127 47 1
127 49 1
127 52 1
127 54 1
127 55 1
127 56 1
127 61 1
127 66 1
127 69 1
127 70 1
127 71 1
127 83 1
127 89 1
127 90 1
127 96 1
127 97 1
127 100 1
127 105 1
127 112 1
127 115 1
127 119 1
127 120 1
127 121 1
127 122 1
127 123 1
127 126 1
128 4 1
128 6 1
128 10 1
128 16 1
128 22 1
128 28 1
128 30 1
128 35 1
128 36 1
128 37 1
128 38 1
128 41 1
128 42 1
128 44 1
128 45 1
128 47 1
128 49 1
128 54 1
128 55 1
128 61 1
128 66 1
128 69 1
128 70 1
128 71 1
128 83 1
128 90 1
128 96 1
128 97 1
128 100 1
128 115 1
128 119 1
128 120 1
128 121 1
128 122 1
128 123 1
128 126 1
128 127 1
129 11 1
129 20 1
129 22 1
129 23 1
129 37 1
129 38 1
129 48 1
129 49 1
129 50 1
129 55 1
129 60 1
129 61 1
129 88 1
129 97 1
129 100 1
129 101 1
130 3 1
130 11 1
130 20 1
130 22 1
130 23 1
130 27 1
130 37 1
130 38 1
130 48 1
130 49 1
130 50 1
130 55 1
130 60 1
130 88 1
130 100 1
130 101 1
130 129 1
131 11 1
131 20 1
131 23 1
131 50 1
131 88 1
131 101 1
131 130 1
132 9 1
132 18 1
132 19 1
132 24 1
132 33 1
132 34 1
132 58 1
132 59 1
132 63 1
132 64 1
132 68 1
132 74 1
132 76 1
132 86 1
132 87 1
132 91 1
132 92 1
132 94 1
132 95 1
132 98 1
132 102 1
132 104 1
132 106 1
132 114 1
132 116 1
133 0 1
133 1 1
133 2 1
133 8 1
133 9 1
133 13 1
133 18 1
133 19 1
133 24 1
133 33 1
133 39 1
133 46 1
133 48 1
133 58 1
133 59 1
133 63 1
133 64 1
133 66 1
133 68 1
133 74 1
133 76 1
133 77 1
133 79 1
133 86 1
133 87 1
133 91 1
133 92 1
133 94 1
133 95 1
133 98 1
133 102 1
133 104 1
133 106 1
133 108 1
133 109 1
133 114 1
133 116 1
133 118 1
133 132 1
134 0 1
134 2 1
134 7 1
134 8 1
134 9 1
134 12 1
134 13 1
134 14 1
134 17 1
134 24 1
134 26 1
134 31 1
134 39 1
134 40 1
134 46 1
134 47 1
134 51 1
134 52 1
134 56 1
134 57 1
134 67 1
134 72 1
134 73 1
134 74 1
134 76 1
134 77 1
134 78 1
134 79 1
134 84 1
134 85 1
134 94 1
134 95 1
134 107 1
134 108 1
134 109 1
134 113 1
134 116 1
134 118 1
134 124 1
135 7 1
135 12 1
135 13 1
135 14 1
135 17 1
135 26 1
135 28 1
135 31 1
135 39 1
135 51 1
135 52 1
135 56 1
135 57 1
135 72 1
135 73 1
135 74 1
135 77 1
135 78 1
135 84 1
135 107 1
135 108 1
135 109 1
135 113 1
135 118 1
135 134 1
136 7 1
136 8 1
136 12 1
136 13 1
136 17 1
136 31 1
136 32 1
136 39 1
136 40 1
136 51 1
136 57 1
136 72 1
136 73 1
136 77 1
136 78 1
136 85 1
136 93 1
136 107 1
136 108 1
136 113 1
136 134 1
136 135 1
137 8 1
137 12 1
137 13 1
137 24 1
137 39 1
137 40 1
137 51 1
137 67 1
137 72 1
137 77 1
137 78 1
137 85 1
137 108 1
137 113 1
137 116 1
137 124 1
137 134 1
137 135 1
137 136 1
138 8 1
138 9 1
138 12 1
138 13 1
138 24 1
138 40 1
138 67 1
138 76 1
138 77 1
138 85 1
138 94 1
138 106 1
138 108 1
138 113 1
138 116 1
138 124 1
138 134 1
138 136 1
138 137 1
139 4 1
139 6 1
139 7 1
139 10 1
139 12 1
139 15 1
139 17 1
139 28 1
139 31 1
139 35 1
139 36 1
139 41 1
139 42 1
139 47 1
139 56 1
139 57 1
139 62 1
139 65 1
139 70 1
139 71 1
139 72 1
139 73 1
139 75 1
139 80 1
139 81 1
139 82 1
139 84 1
139 90 1
139 105 1
139 110 1
139 119 1
139 120 1
139 121 1
139 126 1
140 4 1
140 5 1
140 7 1
140 12 1
140 15 1
140 17 1
140 31 1
140 32 1
140 35 1
140 42 1
140 43 1
140 47 1
140 53 1
140 56 1
140 62 1
140 65 1
140 69 1
140 70 1
140 75 1
140 81 1
140 82 1
140 84 1
140 85 1
140 93 1
140 103 1
140 105 1
140 110 1
140 111 1
140 121 1
140 125 1
140 126 1
140 139 1
141 5 1
141 7 1
141 8 1
141 10 1
141 12 1
141 15 1
141 29 1
141 30 1
141 31 1
141 35 1
141 42 1
141 43 1
141 44 1
141 45 1
141 47 1
141 53 1
141 56 1
141 57 1
141 62 1
141 65 1
141 67 1
141 69 1
141 70 1
141 81 1
141 82 1
141 83 1
141 84 1
141 85 1
141 89 1
141 90 1
141 94 1
141 96 1
141 103 1
141 105 1
141 110 1
141 111 1
141 112 1
141 115 1
141 124 1
141 125 1
141 126 1
141 140 1
142 2 1
142 3 1
142 4 1
142 6 1
142 7 1
142 8 1
142 9 1
142 10 1
142 12 1
142 13 1
142 14 1
142 15 1
142 22 1
142 26 1
142 27 1
142 28 1
142 29 1
142 31 1
142 36 1
142 37 1
142 39 1
142 41 1
142 42 1
142 43 1
142 44 1
142 45 1
142 46 1
142 47 1
142 49 1
142 52 1
142 55 1
142 56 1
142 57 1
142 61 1
142 66 1
142 67 1
142 70 1
142 71 1
142 72 1
142 73 1
142 74 1
142 76 1
142 77 1
142 78 1
142 79 1
142 80 1
142 81 1
142 83 1
142 84 1
142 86 1
142 90 1
142 94 1
142 95 1
142 97 1
142 100 1
142 107 1
142 109 1
142 115 1
142 116 1
142 118 1
142 119 1
142 120 1
142 121 1
142 123 1
142 127 1
142 128 1
142 134 1
142 135 1
142 139 1
143 5 1
143 7 1
143 8 1
143 12 1
143 15 1
143 17 1
143 31 1
143 32 1
143 42 1
143 43 1
143 47 1
143 51 1
143 53 1
143 56 1
143 57 1
143 62 1
143 65 1
143 67 1
143 72 1
143 73 1
143 75 1
143 77 1
143 78 1
143 81 1
143 82 1
143 84 1
143 85 1
143 93 1
143 103 1
143 107 1
143 110 1
143 113 1
143 124 1
143 134 1
143 135 1
143 136 1
143 139 1
143 140 1
143 141 1
143 142 1
144 5 1
144 7 1
144 8 1
144 9 1
144 12 1
144 13 1
144 17 1
144 24 1
144 31 1
144 32 1
144 39 1
144 40 1
144 43 1
144 46 1
144 47 1
144 53 1
144 56 1
144 57 1
144 67 1
144 72 1
144 76 1
144 77 1
144 78 1
144 84 1
144 85 1
144 93 1
144 94 1
144 95 1
144 103 1
144 108 1
144 113 1
144 116 1
144 124 1
144 134 1
144 136 1
144 137 1
144 138 1
144 143 1
145 5 1
145 8 1
145 9 1
145 12 1
145 13 1
145 18 1
145 24 1
145 29 1
145 39 1
145 40 1
145 43 1
145 45 1
145 46 1
145 47 1
145 56 1
145 57 1
145 63 1
145 67 1
145 76 1
145 77 1
145 84 1
145 85 1
145 86 1
145 87 1
145 91 1
145 94 1
145 95 1
145 98 1
145 103 1
145 106 1
145 108 1
145 111 1
145 113 1
145 116 1
145 124 1
145 132 1
145 133 1
145 134 1
145 137 1
145 138 1
145 141 1
145 144 1
146 4 1
146 5 1
146 7 1
146 10 1
146 12 1
146 15 1
146 17 1
146 29 1
146 31 1
146 32 1
146 35 1
146 42 1
146 43 1
146 47 1
146 53 1
146 56 1
146 57 1
146 62 1
146 65 1
146 67 1
146 69 1
146 70 1
146 75 1
146 81 1
146 82 1
146 84 1
146 85 1
146 93 1
146 103 1
146 105 1
146 110 1
146 111 1
146 112 1
146 113 1
146 120 1
146 121 1
146 124 1
146 125 1
146 126 1
146 139 1
146 140 1
146 141 1
146 142 1
146 143 1
147 5 1
147 7 1
147 12 1
147 15 1
147 17 1
147 29 1
147 31 1
147 32 1
147 35 1
147 43 1
147 53 1
147 56 1
147 62 1
147 65 1
147 67 1
147 75 1
147 81 1
147 82 1
147 84 1
147 85 1
147 93 1
147 103 1
147 105 1
147 110 1
147 111 1
147 112 1
147 113 1
147 124 1
147 140 1
147 141 1
147 143 1
147 144 1
147 146 1
148 5 1
148 12 1
148 29 1
148 35 1
148 43 1
148 53 1
148 62 1
148 65 1
148 67 1
148 75 1
148 81 1
148 82 1
148 84 1
148 85 1
148 93 1
148 103 1
148 105 1
148 110 1
148 111 1
148 112 1
148 113 1
148 124 1
148 125 1
148 140 1
148 141 1
148 143 1
148 146 1
148 147 1
149 8 1
149 9 1
149 18 1
149 24 1
149 29 1
149 33 1
149 43 1
149 44 1
149 45 1
149 46 1
149 56 1
149 63 1
149 66 1
149 67 1
149 68 1
149 76 1
149 77 1
149 86 1
149 87 1
149 91 1
149 94 1
149 95 1
149 96 1
149 98 1
149 104 1
149 106 1
149 111 1
149 112 1
149 116 1
149 124 1
149 132 1
149 133 1
149 138 1
149 144 1
149 145 1
150 0 1
150 1 1
150 2 1
150 3 1
150 19 1
150 20 1
150 25 1
150 33 1
150 34 1
150 48 1
150 50 1
150 55 1
150 58 1
150 59 1
150 60 1
150 64 1
150 66 1
150 68 1
150 74 1
150 76 1
150 79 1
150 87 1
150 88 1
150 92 1
150 95 1
150 97 1
150 99 1
150 100 1
150 102 1
150 104 1
150 109 1
150 114 1
150 117 1
150 130 1
150 133 1
151 3 1
151 6 1
151 11 1
151 14 1
151 20 1
151 22 1
151 23 1
151 26 1
151 27 1
151 28 1
151 37 1
151 38 1
151 41 1
151 48 1
151 49 1
151 50 1
151 52 1
151 55 1
151 60 1
151 61 1
151 66 1
151 71 1
151 80 1
151 88 1
151 97 1
151 100 1
151 101 1
151 119 1
151 123 1
151 127 1
151 128 1
151 129 1
151 130 1
152 3 1
152 11 1
152 20 1
152 22 1
152 23 1
152 37 1
152 38 1
152 41 1
152 48 1
152 49 1
152 50 1
152 55 1
152 58 1
152 60 1
152 61 1
152 66 1
152 71 1
152 88 1
152 97 1
152 99 1
152 100 1
152 101 1
152 123 1
152 129 1
152 130 1
152 150 1
152 151 1
153 0 1
153 1 1
153 2 1
153 3 1
153 6 1
153 7 1
153 8 1
153 9 1
153 12 1
153 13 1
153 14 1
153 18 1
153 24 1
153 26 1
153 33 1
153 39 1
153 40 1
153 43 1
153 45 1
153 46 1
153 47 1
153 52 1
153 56 1
153 57 1
153 63 1
153 66 1
153 67 1
153 68 1
153 72 1
153 74 1
153 76 1
153 77 1
153 78 1
153 79 1
153 84 1
153 85 1
153 86 1
153 87 1
153 91 1
153 92 1
153 94 1
153 95 1
153 98 1
153 106 1
153 108 1
153 109 1
153 116 1
153 118 1
153 123 1
153 124 1
153 132 1
153 133 1
153 134 1
153 135 1
153 137 1
153 138 1
153 142 1
153 144 1
153 145 1
153 149 1
154 0 1
154 1 1
154 2 1
154 7 1
154 8 1
154 9 1
154 12 1
154 13 1
154 24 1
154 39 1
154 40 1
154 45 1
154 46 1
154 47 1
154 52 1
154 56 1
154 57 1
154 67 1
154 72 1
154 74 1
154 76 1
154 77 1
154 78 1
154 79 1
154 84 1
154 85 1
154 86 1
154 92 1
154 94 1
154 95 1
154 98 1
154 106 1
154 107 1
154 108 1
154 109 1
154 113 1
154 116 1
154 118 1
154 124 1
154 132 1
154 133 1
154 134 1
154 135 1
154 136 1
154 137 1
154 138 1
154 142 1
154 144 1
154 145 1
154 149 1
154 153 1
155 0 1
155 1 1
155 2 1
155 19 1
155 20 1
155 25 1
155 48 1
155 58 1
155 59 1
155 60 1
155 64 1
155 68 1
155 74 1
155 88 1
155 92 1
155 99 1
155 102 1
155 114 1
155 117 1
155 132 1
155 133 1
155 150 1
156 0 1
156 1 1
156 2 1
156 3 1
156 13 1
156 14 1
156 19 1
156 20 1
156 24 1
156 25 1
156 26 1
156 33 1
156 39 1
156 46 1
156 48 1
156 52 1
156 55 1
156 58 1
156 59 1
156 60 1
156 64 1
156 66 1
156 68 1
156 74 1
156 76 1
156 77 1
156 79 1
156 86 1
156 88 1
156 92 1
156 95 1
156 102 1
156 106 1
156 109 1
156 114 1
156 116 1
156 117 1
156 118 1
156 132 1
156 133 1
156 150 1
156 153 1
156 154 1
156 155 1
157 4 1
157 5 1
157 6 1
157 7 1
157 10 1
157 12 1
157 15 1
157 16 1
157 29 1
157 30 1
157 35 1
157 36 1
157 42 1
157 43 1
157 44 1
157 45 1
157 46 1
157 47 1
157 54 1
157 56 1
157 57 1
157 61 1
157 62 1
157 63 1
157 65 1
157 66 1
157 67 1
157 69 1
157 70 1
157 71 1
157 81 1
157 82 1
157 83 1
157 84 1
157 86 1
157 87 1
157 89 1
157 90 1
157 94 1
157 96 1
157 105 1
157 110 1
157 111 1
157 112 1
157 115 1
157 122 1
157 123 1
157 125 1
157 126 1
157 127 1
157 128 1
157 140 1
157 141 1
157 142 1
157 146 1
157 148 1
157 149 1
158 4 1
158 5 1
158 6 1
158 7 1
158 8 1
158 9 1
158 10 1
158 12 1
158 16 1
158 18 1
158 22 1
158 29 1
158 30 1
158 33 1
158 35 1
158 36 1
158 42 1
158 43 1
158 44 1
158 45 1
158 46 1
158 47 1
158 54 1
158 55 1
158 56 1
158 57 1
158 61 1
158 63 1
158 65 1
158 66 1
158 67 1
158 69 1
158 70 1
158 71 1
158 81 1
158 82 1
158 83 1
158 84 1
158 86 1
158 87 1
158 90 1
158 94 1
158 96 1
158 97 1
158 98 1
158 105 1
158 111 1
158 112 1
158 115 1
158 122 1
158 123 1
158 125 1
158 126 1
158 127 1
158 128 1
158 141 1
158 142 1
158 145 1
158 148 1
158 149 1
158 153 1
158 157 1
159 6 1
159 10 1
159 16 1
159 18 1
159 22 1
159 30 1
159 33 1
159 34 1
159 36 1
159 37 1
159 38 1
159 44 1
159 45 1
159 46 1
159 48 1
159 49 1
159 54 1
159 55 1
159 58 1
159 59 1
159 61 1
159 63 1
159 66 1
159 68 1
159 71 1
159 83 1
159 86 1
159 87 1
159 90 1
159 96 1
159 97 1
159 98 1
159 99 1
159 100 1
159 104 1
159 114 1
159 115 1
159 122 1
159 123 1
159 127 1
159 128 1
159 150 1
159 152 1
159 157 1
159 158 1
160 2 1
160 3 1
160 4 1
160 6 1
160 7 1
160 8 1
160 9 1
160 10 1
160 13 1
160 14 1
160 19 1
160 20 1
160 22 1
160 26 1
160 27 1
160 28 1
160 30 1
160 33 1
160 36 1
160 37 1
160 38 1
160 39 1
160 41 1
160 42 1
160 44 1
160 45 1
160 46 1
160 47 1
160 48 1
160 49 1
160 52 1
160 54 1
160 55 1
160 56 1
160 57 1
160 59 1
160 60 1
160 61 1
160 63 1
160 66 1
160 68 1
160 70 1
160 71 1
160 72 1
160 74 1
160 76 1
160 77 1
160 79 1
160 80 1
160 83 1
160 84 1
160 86 1
160 87 1
160 88 1
160 90 1
160 94 1
160 95 1
160 96 1
160 97 1
160 100 1
160 109 1
160 115 1
160 116 1
160 118 1
160 119 1
160 120 1
160 123 1
160 127 1
160 128 1
160 142 1
160 150 1
160 151 1
160 152 1
160 153 1
160 154 1
160 156 1
160 157 1
160 158 1
160 159 1
161 4 1
161 5 1
161 7 1
161 8 1
161 12 1
161 13 1
161 14 1
161 15 1
161 17 1
161 28 1
161 31 1
161 32 1
161 39 1
161 42 1
161 43 1
161 45 1
161 46 1
161 47 1
161 51 1
161 52 1
161 56 1
161 57 1
161 62 1
161 65 1
161 67 1
161 72 1
161 73 1
161 75 1
161 77 1
161 78 1
161 81 1
161 82 1
161 84 1
161 85 1
161 93 1
161 94 1
161 103 1
161 107 1
161 108 1
161 110 1
161 113 1
161 120 1
161 121 1
161 124 1
161 134 1
161 135 1
161 136 1
161 137 1
161 139 1
161 140 1
161 142 1
161 143 1
161 144 1
161 146 1
161 147 1
161 153 1
161 154 1
162 5 1
162 7 1
162 8 1
162 12 1
162 15 1
162 17 1
162 31 1
162 32 1
162 42 1
162 47 1
162 51 1
162 56 1
162 57 1
162 62 1
162 65 1
162 67 1
162 72 1
162 73 1
162 75 1
162 77 1
162 78 1
162 81 1
162 84 1
162 85 1
162 93 1
162 103 1
162 107 1
162 108 1
162 113 1
162 124 1
162 134 1
162 135 1
162 136 1
162 137 1
162 139 1
162 140 1
162 143 1
162 144 1
162 146 1
162 147 1
162 161 1
163 5 1
163 7 1
163 8 1
163 12 1
163 17 1
163 31 1
163 32 1
163 40 1
163 43 1
163 53 1
163 56 1
163 57 1
163 65 1
163 67 1
163 75 1
163 77 1
163 78 1
163 84 1
163 85 1
163 93 1
163 94 1
163 103 1
163 108 1
163 113 1
163 124 1
163 134 1
163 136 1
163 137 1
163 138 1
163 143 1
163 144 1
163 145 1
163 146 1
163 147 1
163 148 1
163 154 1
163 161 1
163 162 1
164 5 1
164 7 1
164 8 1
164 9 1
164 12 1
164 13 1
164 17 1
164 24 1
164 29 1
164 31 1
164 32 1
164 39 1
164 40 1
164 43 1
164 46 1
164 47 1
164 51 1
164 53 1
164 56 1
164 57 1
164 65 1
164 67 1
164 72 1
164 73 1
164 75 1
164 76 1
164 77 1
164 78 1
164 81 1
164 84 1
164 85 1
164 93 1
164 94 1
164 103 1
164 107 1
164 108 1
164 113 1
164 116 1
164 124 1
164 134 1
164 135 1
164 136 1
164 137 1
164 138 1
164 141 1
164 142 1
164 143 1
164 144 1
164 145 1
164 146 1
164 147 1
164 148 1
164 149 1
164 153 1
164 154 1
164 161 1
164 162 1
164 163 1
165 0 1
165 1 1
165 2 1
165 3 1
165 14 1
165 19 1
165 20 1
165 25 1
165 26 1
165 27 1
165 39 1
165 48 1
165 49 1
165 52 1
165 55 1
165 58 1
165 59 1
165 60 1
165 64 1
165 66 1
165 68 1
165 74 1
165 76 1
165 79 1
165 88 1
165 92 1
165 95 1
165 97 1
165 99 1
165 100 1
165 102 1
165 109 1
165 114 1
165 117 1
165 118 1
165 123 1
165 130 1
165 133 1
165 150 1
165 151 1
165 152 1
165 155 1
165 156 1
165 160 1
166 3 1
166 11 1
166 20 1
166 23 1
166 37 1
166 38 1
166 48 1
166 49 1
166 50 1
166 55 1
166 60 1
166 88 1
166 100 1
166 101 1
166 129 1
166 130 1
166 131 1
166 150 1
166 151 1
166 152 1
166 165 1
167 7 1
167 8 1
167 12 1
167 13 1
167 17 1
167 24 1
167 31 1
167 32 1
167 39 1
167 40 1
167 51 1
167 56 1
167 57 1
167 67 1
167 72 1
167 73 1
167 76 1
167 77 1
167 78 1
167 84 1
167 85 1
167 93 1
167 107 1
167 108 1
167 113 1
167 124 1
167 134 1
167 135 1
167 136 1
167 137 1
167 138 1
167 143 1
167 144 1
167 145 1
167 153 1
167 154 1
167 161 1
167 162 1
167 163 1
167 164 1
168 2 1
168 3 1
168 6 1
168 14 1
168 16 1
168 19 1
168 20 1
168 22 1
168 26 1
168 27 1
168 33 1
168 34 1
168 37 1
168 38 1
168 41 1
168 44 1
168 45 1
168 46 1
168 47 1
168 48 1
168 49 1
168 52 1
168 54 1
168 55 1
168 58 1
168 59 1
168 60 1
168 61 1
168 63 1
168 66 1
168 68 1
168 71 1
168 74 1
168 76 1
168 79 1
168 83 1
168 86 1
168 87 1
168 88 1
168 90 1
168 95 1
168 97 1
168 99 1
168 100 1
168 104 1
168 114 1
168 118 1
168 122 1
168 123 1
168 127 1
168 128 1
168 129 1
168 130 1
168 142 1
168 150 1
168 151 1
168 152 1
168 156 1
168 158 1
168 159 1
168 160 1
168 165 1
168 166 1
169 5 1
169 7 1
169 8 1
169 9 1
169 12 1
169 13 1
169 18 1
169 24 1
169 29 1
169 33 1
169 39 1
169 40 1
169 43 1
169 45 1
169 46 1
169 47 1
169 53 1
169 56 1
169 57 1
169 63 1
169 65 1
169 66 1
169 67 1
169 76 1
169 77 1
169 84 1
169 85 1
169 86 1
169 87 1
169 91 1
169 94 1
169 95 1
169 96 1
169 98 1
169 103 1
169 106 1
169 108 1
169 111 1
169 112 1
169 116 1
169 124 1
169 133 1
169 138 1
169 141 1
169 142 1
169 143 1
169 144 1
169 145 1
169 148 1
169 149 1
169 153 1
169 154 1
169 157 1
169 158 1
169 163 1
169 164 1
170 9 1
170 16 1
170 18 1
170 19 1
170 33 1
170 34 1
170 44 1
170 45 1
170 48 1
170 54 1
170 55 1
170 58 1
170 59 1
170 63 1
170 66 1
170 68 1
170 83 1
170 86 1
170 87 1
170 91 1
170 95 1
170 96 1
170 97 1
170 98 1
170 99 1
170 104 1
170 114 1
170 122 1
170 123 1
170 132 1
170 133 1
170 149 1
170 150 1
170 159 1
170 160 1
170 168 1
171 0 1
171 1 1
171 2 1
171 3 1
171 9 1
171 13 1
171 19 1
171 20 1
171 24 1
171 25 1
171 26 1
171 33 1
171 34 1
171 39 1
171 45 1
171 46 1
171 48 1
171 52 1
171 55 1
171 58 1
171 59 1
171 60 1
171 64 1
171 66 1
171 68 1
171 74 1
171 76 1
171 79 1
171 86 1
171 87 1
171 88 1
171 91 1
171 92 1
171 95 1
171 97 1
171 98 1
171 99 1
171 100 1
171 102 1
171 104 1
171 106 1
171 109 1
171 114 1
171 116 1
171 117 1
171 118 1
171 123 1
171 132 1
171 133 1
171 150 1
171 153 1
171 155 1
171 156 1
171 159 1
171 160 1
171 165 1
171 168 1
171 170 1
172 0 1
172 1 1
172 2 1
172 3 1
172 7 1
172 8 1
172 12 1
172 13 1
172 14 1
172 24 1
172 26 1
172 27 1
172 28 1
172 31 1
172 39 1
172 40 1
172 41 1
172 46 1
172 47 1
172 51 1
172 52 1
172 56 1
172 57 1
172 67 1
172 72 1
172 73 1
172 74 1
172 76 1
172 77 1
172 78 1
172 79 1
172 80 1
172 84 1
172 107 1
172 108 1
172 109 1
172 116 1
172 118 1
172 134 1
172 135 1
172 136 1
172 137 1
172 142 1
172 144 1
172 153 1
172 154 1
172 156 1
172 160 1
172 161 1
172 162 1
172 164 1
172 167 1
173 7 1
173 12 1
173 13 1
173 17 1
173 31 1
173 32 1
173 39 1
173 40 1
173 51 1
173 57 1
173 72 1
173 73 1
173 75 1
173 77 1
173 78 1
173 84 1
173 85 1
173 93 1
173 107 1
173 108 1
173 113 1
173 134 1
173 135 1
173 136 1
173 137 1
173 143 1
173 144 1
173 154 1
173 161 1
173 162 1
173 163 1
173 164 1
173 167 1
173 172 1
174 3 1
174 4 1
174 6 1
174 7 1
174 10 1
174 14 1
174 15 1
174 22 1
174 26 1
174 27 1
174 28 1
174 36 1
174 37 1
174 38 1
174 41 1
174 42 1
174 45 1
174 46 1
174 47 1
174 49 1
174 52 1
174 55 1
174 56 1
174 57 1
174 61 1
174 66 1
174 70 1
174 71 1
174 80 1
174 81 1
174 84 1
174 90 1
174 100 1
174 115 1
174 119 1
174 120 1
174 121 1
174 123 1
174 127 1
174 128 1
174 139 1
174 142 1
174 151 1
174 160 1
175 5 1
175 7 1
175 8 1
175 9 1
175 10 1
175 12 1
175 29 1
175 30 1
175 31 1
175 35 1
175 43 1
175 45 1
175 47 1
175 53 1
175 56 1
175 57 1
175 62 1
175 65 1
175 67 1
175 69 1
175 81 1
175 82 1
175 84 1
175 85 1
175 93 1
175 94 1
175 96 1
175 103 1
175 105 1
175 110 1
175 111 1
175 112 1
175 113 1
175 124 1
175 140 1
175 141 1
175 143 1
175 144 1
175 145 1
175 146 1
175 147 1
175 148 1
175 149 1
175 157 1
175 158 1
175 163 1
175 164 1
175 169 1
176 5 1
176 6 1
176 8 1
176 9 1
176 18 1
176 24 1
176 29 1
176 30 1
176 33 1
176 43 1
176 44 1
176 45 1
176 46 1
176 47 1
176 54 1
176 56 1
176 57 1
176 63 1
176 66 1
176 67 1
176 68 1
176 76 1
176 83 1
176 86 1
176 87 1
176 91 1
176 94 1
176 95 1
176 96 1
176 97 1
176 98 1
176 104 1
176 106 1
176 111 1
176 112 1
176 114 1
176 116 1
176 122 1
176 123 1
176 124 1
176 132 1
176 133 1
176 141 1
176 142 1
176 144 1
176 145 1
176 149 1
176 153 1
176 154 1
176 157 1
176 158 1
176 159 1
176 160 1
176 168 1
176 169 1
176 170 1
176 175 1
177 0 1
177 1 1
177 2 1
177 3 1
177 6 1
177 11 1
177 14 1
177 19 1
177 20 1
177 22 1
177 23 1
177 25 1
177 26 1
177 27 1
177 28 1
177 37 1
177 38 1
177 41 1
177 46 1
177 48 1
177 49 1
177 50 1
177 52 1
177 55 1
177 58 1
177 59 1
177 60 1
177 61 1
177 64 1
177 66 1
177 68 1
177 74 1
177 79 1
177 88 1
177 92 1
177 97 1
177 99 1
177 100 1
177 101 1
177 109 1
177 117 1
177 118 1
177 123 1
177 129 1
177 130 1
177 150 1
177 151 1
177 152 1
177 156 1
177 160 1
177 165 1
177 166 1
177 168 1
177 171 1
178 2 1
178 3 1
178 6 1
178 11 1
178 14 1
178 20 1
178 22 1
178 23 1
178 26 1
178 27 1
178 37 1
178 38 1
178 41 1
178 48 1
178 49 1
178 50 1
178 52 1
178 55 1
178 60 1
178 61 1
178 66 1
178 71 1
178 79 1
178 88 1
178 97 1
178 100 1
178 101 1
178 119 1
178 123 1
178 128 1
178 129 1
178 130 1
178 150 1
178 151 1
178 152 1
178 160 1
178 165 1
178 166 1
178 168 1
178 177 1
179 11 1
179 23 1
179 50 1
179 101 1
179 129 1
179 130 1
179 131 1
179 152 1
179 166 1
