# minsup
1
# graph
G_./1R2H.pdb
# node ID, label
0 A
1 A
2 A
3 A
4 A
5 A
6 A
7 A
8 A
9 C
10 D
11 D
12 D
13 D
14 D
15 D
16 E
17 E
18 E
19 E
20 E
21 E
22 E
23 E
24 E
25 E
26 E
27 F
28 F
29 F
30 F
31 F
32 F
33 F
34 F
35 F
36 G
37 G
38 G
39 G
40 G
41 G
42 G
43 G
44 G
45 G
46 H
47 H
48 I
49 I
50 I
51 I
52 K
53 K
54 K
55 K
56 L
57 L
58 L
59 L
60 L
61 L
62 L
63 L
64 L
65 L
66 L
67 L
68 L
69 L
70 M
71 M
72 M
73 N
74 N
75 N
76 N
77 N
78 P
79 P
80 Q
81 Q
82 Q
83 Q
84 Q
85 Q
86 Q
87 Q
88 R
89 R
90 R
91 R
92 R
93 S
94 S
95 S
96 S
97 S
98 S
99 S
100 S
101 S
102 T
103 T
104 T
105 T
106 T
107 V
108 V
109 V
110 V
111 V
112 V
113 V
114 V
115 V
116 V
117 V
118 V
119 W
120 W
121 W
122 W
123 W
124 Y
125 Y
126 Y
127 Y
128 Y
# node ID1, node ID2, number of bounds
1 0 1
2 0 1
2 1 1
3 0 1
3 1 1
3 2 1
5 3 1
6 4 1
6 5 1
7 4 1
7 6 1
8 4 1
8 6 1
8 7 1
9 5 1
9 6 1
9 7 1
9 8 1
10 0 1
10 1 1
10 2 1
10 3 1
10 5 1
10 6 1
10 7 1
10 8 1
10 9 1
11 2 1
11 3 1
11 5 1
11 10 1
13 5 1
13 9 1
14 6 1
14 7 1
14 8 1
15 0 1
15 1 1
15 2 1
15 3 1
16 0 1
16 1 1
16 2 1
16 6 1
16 7 1
16 8 1
16 10 1
17 0 1
17 1 1
17 2 1
17 3 1
17 10 1
17 11 1
18 2 1
18 3 1
18 5 1
18 11 1
18 17 1
19 2 1
19 3 1
19 5 1
19 9 1
19 11 1
19 17 1
19 18 1
20 4 1
20 6 1
20 7 1
20 8 1
20 14 1
21 12 1
21 20 1
22 5 1
22 6 1
22 9 1
22 13 1
23 5 1
23 9 1
23 13 1
23 22 1
24 8 1
24 14 1
24 15 1
24 16 1
24 20 1
25 14 1
25 15 1
25 24 1
26 0 1
26 1 1
26 2 1
26 3 1
26 15 1
26 17 1
27 0 1
27 1 1
27 2 1
27 3 1
27 5 1
27 6 1
27 7 1
27 8 1
27 9 1
27 10 1
27 11 1
27 16 1
27 17 1
27 18 1
27 19 1
28 6 1
28 7 1
28 8 1
28 9 1
28 10 1
28 16 1
28 27 1
29 2 1
29 3 1
29 5 1
29 11 1
29 17 1
29 18 1
29 19 1
29 27 1
30 4 1
30 5 1
30 6 1
30 7 1
30 8 1
30 9 1
30 14 1
30 20 1
30 21 1
30 22 1
31 12 1
31 14 1
31 20 1
31 21 1
31 24 1
31 30 1
32 2 1
32 3 1
32 5 1
32 6 1
32 7 1
32 8 1
32 9 1
32 10 1
32 11 1
32 12 1
32 14 1
32 17 1
32 18 1
32 19 1
32 20 1
32 21 1
32 24 1
32 27 1
32 29 1
32 30 1
32 31 1
33 2 1
33 3 1
33 5 1
33 6 1
33 7 1
33 8 1
33 9 1
33 10 1
33 11 1
33 14 1
33 16 1
33 17 1
33 18 1
33 19 1
33 20 1
33 21 1
33 22 1
33 24 1
33 27 1
33 29 1
33 30 1
33 31 1
33 32 1
34 3 1
34 5 1
34 6 1
34 7 1
34 8 1
34 9 1
34 10 1
34 11 1
34 17 1
34 18 1
34 19 1
34 20 1
34 21 1
34 22 1
34 27 1
34 29 1
34 30 1
34 31 1
34 32 1
34 33 1
35 0 1
35 1 1
35 2 1
35 3 1
35 15 1
35 17 1
35 18 1
35 24 1
35 25 1
35 26 1
35 27 1
35 29 1
35 32 1
35 33 1
36 5 1
36 9 1
36 11 1
36 13 1
36 22 1
36 23 1
36 27 1
37 1 1
37 2 1
37 3 1
37 5 1
37 9 1
37 10 1
37 11 1
37 17 1
37 18 1
37 19 1
37 27 1
37 29 1
37 32 1
37 33 1
37 34 1
37 35 1
38 4 1
38 7 1
38 20 1
38 23 1
38 30 1
39 12 1
39 14 1
39 20 1
39 21 1
39 24 1
39 25 1
39 31 1
39 32 1
40 2 1
40 3 1
40 11 1
40 12 1
40 17 1
40 18 1
40 19 1
40 21 1
40 24 1
40 26 1
40 29 1
40 31 1
40 32 1
40 33 1
40 34 1
40 35 1
40 37 1
40 39 1
41 3 1
41 4 1
41 5 1
41 6 1
41 7 1
41 8 1
41 9 1
41 10 1
41 11 1
41 13 1
41 16 1
41 19 1
41 20 1
41 21 1
41 22 1
41 27 1
41 28 1
41 29 1
41 30 1
41 31 1
41 32 1
41 33 1
41 34 1
41 37 1
41 40 1
42 3 1
42 5 1
42 6 1
42 7 1
42 8 1
42 9 1
42 10 1
42 11 1
42 13 1
42 16 1
42 17 1
42 18 1
42 19 1
42 22 1
42 27 1
42 28 1
42 29 1
42 30 1
42 32 1
42 33 1
42 34 1
42 36 1
42 37 1
42 41 1
43 15 1
43 24 1
43 25 1
43 26 1
43 35 1
43 40 1
44 0 1
44 1 1
44 2 1
44 14 1
44 15 1
44 24 1
44 25 1
44 26 1
44 35 1
44 40 1
44 43 1
45 0 1
45 1 1
45 2 1
45 3 1
45 11 1
45 15 1
45 17 1
45 18 1
45 26 1
45 27 1
45 29 1
45 35 1
45 37 1
45 40 1
45 43 1
45 44 1
46 4 1
46 5 1
46 9 1
46 13 1
46 20 1
46 22 1
46 23 1
46 30 1
46 34 1
46 38 1
46 41 1
46 42 1
47 7 1
47 8 1
47 12 1
47 14 1
47 20 1
47 21 1
47 24 1
47 25 1
47 30 1
47 31 1
47 32 1
47 33 1
47 39 1
47 44 1
48 4 1
48 5 1
48 6 1
48 7 1
48 9 1
48 13 1
48 20 1
48 22 1
48 23 1
48 30 1
48 34 1
48 38 1
48 41 1
48 42 1
48 46 1
49 2 1
49 3 1
49 5 1
49 6 1
49 8 1
49 11 1
49 12 1
49 14 1
49 15 1
49 17 1
49 18 1
49 19 1
49 20 1
49 21 1
49 24 1
49 25 1
49 27 1
49 29 1
49 31 1
49 32 1
49 33 1
49 34 1
49 35 1
49 37 1
49 39 1
49 40 1
49 41 1
49 42 1
49 43 1
49 44 1
49 45 1
49 47 1
50 4 1
50 5 1
50 6 1
50 7 1
50 8 1
50 9 1
50 10 1
50 13 1
50 16 1
50 20 1
50 22 1
50 23 1
50 27 1
50 28 1
50 30 1
50 32 1
50 33 1
50 34 1
50 38 1
50 41 1
50 42 1
50 46 1
50 48 1
51 8 1
51 14 1
51 15 1
51 24 1
51 25 1
51 26 1
51 31 1
51 32 1
51 33 1
51 35 1
51 39 1
51 40 1
51 43 1
51 44 1
51 47 1
51 49 1
52 2 1
52 3 1
52 5 1
52 6 1
52 9 1
52 10 1
52 11 1
52 13 1
52 16 1
52 17 1
52 18 1
52 19 1
52 22 1
52 27 1
52 28 1
52 29 1
52 32 1
52 33 1
52 34 1
52 36 1
52 37 1
52 41 1
52 42 1
52 50 1
53 5 1
53 9 1
53 10 1
53 11 1
53 13 1
53 17 1
53 18 1
53 19 1
53 22 1
53 27 1
53 34 1
53 36 1
53 37 1
53 41 1
53 42 1
53 52 1
54 0 1
54 1 1
54 2 1
54 3 1
54 6 1
54 8 1
54 10 1
54 11 1
54 15 1
54 16 1
54 17 1
54 18 1
54 26 1
54 27 1
54 32 1
54 33 1
54 35 1
54 37 1
54 42 1
54 44 1
54 45 1
54 49 1
54 52 1
55 5 1
55 9 1
55 13 1
55 22 1
55 23 1
55 38 1
55 42 1
55 46 1
55 48 1
55 50 1
56 0 1
56 1 1
56 2 1
56 3 1
56 6 1
56 7 1
56 8 1
56 10 1
56 14 1
56 15 1
56 16 1
56 17 1
56 24 1
56 27 1
56 28 1
56 32 1
56 33 1
56 34 1
56 35 1
56 37 1
56 41 1
56 42 1
56 44 1
56 45 1
56 49 1
56 50 1
56 51 1
56 52 1
56 54 1
57 0 1
57 2 1
57 3 1
57 5 1
57 6 1
57 7 1
57 8 1
57 9 1
57 10 1
57 11 1
57 13 1
57 16 1
57 17 1
57 19 1
57 22 1
57 27 1
57 28 1
57 32 1
57 33 1
57 34 1
57 36 1
57 37 1
57 41 1
57 42 1
57 49 1
57 50 1
57 52 1
57 53 1
57 54 1
57 56 1
58 5 1
58 6 1
58 9 1
58 10 1
58 11 1
58 13 1
58 17 1
58 19 1
58 22 1
58 23 1
58 27 1
58 28 1
58 33 1
58 34 1
58 36 1
58 37 1
58 41 1
58 42 1
58 50 1
58 52 1
58 53 1
58 54 1
58 55 1
58 56 1
58 57 1
59 0 1
59 1 1
59 2 1
59 3 1
59 8 1
59 10 1
59 11 1
59 15 1
59 16 1
59 17 1
59 18 1
59 19 1
59 26 1
59 27 1
59 29 1
59 32 1
59 33 1
59 34 1
59 35 1
59 37 1
59 40 1
59 41 1
59 42 1
59 44 1
59 45 1
59 49 1
59 51 1
59 52 1
59 54 1
59 56 1
59 57 1
59 58 1
60 3 1
60 5 1
60 11 1
60 17 1
60 18 1
60 19 1
60 29 1
60 33 1
60 34 1
60 37 1
60 40 1
60 42 1
60 52 1
60 53 1
60 59 1
61 5 1
61 9 1
61 20 1
61 21 1
61 22 1
61 30 1
61 31 1
61 32 1
61 33 1
61 34 1
61 41 1
61 42 1
61 46 1
61 48 1
61 50 1
62 4 1
62 5 1
62 9 1
62 20 1
62 21 1
62 22 1
62 30 1
62 32 1
62 34 1
62 38 1
62 41 1
62 42 1
62 46 1
62 48 1
62 50 1
62 55 1
62 61 1
63 5 1
63 12 1
63 20 1
63 21 1
63 29 1
63 30 1
63 31 1
63 32 1
63 33 1
63 34 1
63 39 1
63 40 1
63 41 1
63 42 1
63 47 1
63 49 1
63 61 1
63 62 1
64 2 1
64 3 1
64 5 1
64 6 1
64 8 1
64 9 1
64 11 1
64 12 1
64 17 1
64 18 1
64 19 1
64 20 1
64 21 1
64 27 1
64 29 1
64 30 1
64 31 1
64 32 1
64 33 1
64 34 1
64 35 1
64 37 1
64 39 1
64 40 1
64 41 1
64 42 1
64 47 1
64 49 1
64 50 1
64 51 1
64 52 1
64 54 1
64 56 1
64 57 1
64 59 1
64 60 1
64 61 1
64 63 1
65 4 1
65 5 1
65 6 1
65 7 1
65 8 1
65 9 1
65 13 1
65 19 1
65 20 1
65 21 1
65 22 1
65 23 1
65 27 1
65 30 1
65 32 1
65 33 1
65 34 1
65 37 1
65 38 1
65 41 1
65 42 1
65 46 1
65 48 1
65 50 1
65 52 1
65 53 1
65 55 1
65 57 1
65 58 1
65 61 1
65 62 1
65 63 1
65 64 1
66 4 1
66 5 1
66 6 1
66 7 1
66 8 1
66 9 1
66 13 1
66 22 1
66 23 1
66 28 1
66 30 1
66 34 1
66 38 1
66 41 1
66 42 1
66 46 1
66 48 1
66 50 1
66 55 1
66 57 1
66 58 1
66 62 1
66 65 1
67 6 1
67 7 1
67 8 1
67 10 1
67 14 1
67 16 1
67 20 1
67 21 1
67 24 1
67 25 1
67 27 1
67 30 1
67 31 1
67 32 1
67 33 1
67 34 1
67 35 1
67 39 1
67 40 1
67 41 1
67 42 1
67 44 1
67 47 1
67 49 1
67 50 1
67 51 1
67 54 1
67 56 1
67 57 1
67 59 1
67 63 1
67 64 1
68 7 1
68 8 1
68 12 1
68 14 1
68 15 1
68 20 1
68 21 1
68 24 1
68 25 1
68 30 1
68 31 1
68 32 1
68 33 1
68 34 1
68 35 1
68 39 1
68 40 1
68 41 1
68 43 1
68 44 1
68 47 1
68 49 1
68 51 1
68 56 1
68 59 1
68 63 1
68 64 1
68 67 1
69 1 1
69 2 1
69 3 1
69 15 1
69 17 1
69 18 1
69 26 1
69 29 1
69 35 1
69 37 1
69 40 1
69 43 1
69 44 1
69 45 1
69 49 1
69 51 1
69 54 1
69 59 1
70 0 1
70 1 1
70 2 1
70 10 1
70 15 1
70 16 1
70 17 1
70 26 1
70 27 1
70 35 1
70 44 1
70 45 1
70 54 1
70 56 1
70 59 1
71 4 1
71 5 1
71 6 1
71 9 1
71 13 1
71 22 1
71 23 1
71 28 1
71 38 1
71 41 1
71 42 1
71 46 1
71 48 1
71 50 1
71 55 1
71 58 1
71 62 1
71 65 1
71 66 1
72 4 1
72 5 1
72 6 1
72 7 1
72 8 1
72 9 1
72 10 1
72 14 1
72 16 1
72 20 1
72 21 1
72 24 1
72 27 1
72 28 1
72 30 1
72 31 1
72 32 1
72 33 1
72 34 1
72 41 1
72 42 1
72 47 1
72 48 1
72 49 1
72 50 1
72 52 1
72 56 1
72 57 1
72 59 1
72 62 1
72 63 1
72 64 1
72 65 1
72 66 1
72 67 1
72 68 1
73 0 1
73 1 1
73 2 1
73 6 1
73 7 1
73 8 1
73 10 1
73 14 1
73 15 1
73 16 1
73 24 1
73 27 1
73 28 1
73 32 1
73 33 1
73 35 1
73 41 1
73 44 1
73 47 1
73 49 1
73 50 1
73 51 1
73 54 1
73 56 1
73 57 1
73 59 1
73 67 1
73 68 1
73 70 1
73 72 1
74 4 1
74 8 1
74 12 1
74 14 1
74 20 1
74 21 1
74 24 1
74 30 1
74 31 1
74 32 1
74 33 1
74 34 1
74 39 1
74 40 1
74 41 1
74 47 1
74 49 1
74 61 1
74 62 1
74 63 1
74 64 1
74 67 1
74 68 1
74 72 1
75 3 1
75 12 1
75 15 1
75 21 1
75 24 1
75 25 1
75 26 1
75 29 1
75 31 1
75 32 1
75 33 1
75 35 1
75 37 1
75 39 1
75 40 1
75 43 1
75 44 1
75 47 1
75 49 1
75 51 1
75 59 1
75 63 1
75 64 1
75 67 1
75 68 1
75 69 1
75 74 1
76 6 1
76 7 1
76 8 1
76 14 1
76 16 1
76 20 1
76 24 1
76 25 1
76 30 1
76 31 1
76 32 1
76 33 1
76 41 1
76 44 1
76 47 1
76 49 1
76 50 1
76 51 1
76 56 1
76 67 1
76 68 1
76 72 1
76 73 1
76 74 1
76 75 1
77 15 1
77 24 1
77 25 1
77 26 1
77 35 1
77 39 1
77 40 1
77 43 1
77 44 1
77 47 1
77 49 1
77 51 1
77 67 1
77 68 1
77 69 1
77 75 1
77 76 1
78 4 1
78 6 1
78 7 1
78 9 1
78 13 1
78 22 1
78 23 1
78 30 1
78 38 1
78 46 1
78 48 1
78 50 1
78 55 1
78 62 1
78 65 1
78 66 1
78 71 1
79 8 1
79 14 1
79 15 1
79 24 1
79 25 1
79 31 1
79 35 1
79 39 1
79 43 1
79 44 1
79 47 1
79 49 1
79 51 1
79 67 1
79 68 1
79 72 1
79 73 1
79 74 1
79 75 1
79 76 1
79 77 1
80 3 1
80 5 1
80 9 1
80 10 1
80 11 1
80 13 1
80 17 1
80 18 1
80 19 1
80 22 1
80 27 1
80 29 1
80 33 1
80 36 1
80 37 1
80 41 1
80 42 1
80 52 1
80 53 1
80 54 1
80 57 1
80 58 1
80 59 1
80 60 1
80 65 1
81 6 1
81 7 1
81 9 1
81 10 1
81 13 1
81 16 1
81 22 1
81 23 1
81 27 1
81 28 1
81 36 1
81 41 1
81 42 1
81 50 1
81 52 1
81 55 1
81 57 1
81 58 1
81 65 1
81 66 1
81 71 1
81 78 1
82 0 1
82 1 1
82 2 1
82 3 1
82 10 1
82 11 1
82 15 1
82 16 1
82 17 1
82 18 1
82 26 1
82 27 1
82 29 1
82 33 1
82 35 1
82 37 1
82 45 1
82 49 1
82 52 1
82 54 1
82 56 1
82 57 1
82 59 1
82 69 1
82 70 1
82 73 1
82 80 1
83 4 1
83 5 1
83 20 1
83 21 1
83 22 1
83 30 1
83 34 1
83 38 1
83 41 1
83 46 1
83 48 1
83 61 1
83 62 1
83 63 1
83 65 1
83 74 1
84 4 1
84 6 1
84 7 1
84 8 1
84 14 1
84 20 1
84 21 1
84 30 1
84 38 1
84 41 1
84 46 1
84 47 1
84 48 1
84 50 1
84 61 1
84 62 1
84 67 1
84 72 1
84 74 1
84 76 1
84 78 1
84 83 1
85 4 1
85 12 1
85 14 1
85 20 1
85 21 1
85 30 1
85 31 1
85 32 1
85 34 1
85 39 1
85 41 1
85 46 1
85 47 1
85 48 1
85 50 1
85 61 1
85 62 1
85 63 1
85 65 1
85 67 1
85 68 1
85 72 1
85 74 1
85 83 1
85 84 1
86 5 1
86 6 1
86 7 1
86 9 1
86 13 1
86 22 1
86 23 1
86 28 1
86 36 1
86 38 1
86 41 1
86 42 1
86 46 1
86 48 1
86 50 1
86 52 1
86 53 1
86 55 1
86 57 1
86 58 1
86 65 1
86 66 1
86 71 1
86 78 1
86 81 1
87 14 1
87 15 1
87 24 1
87 25 1
87 26 1
87 35 1
87 39 1
87 43 1
87 44 1
87 47 1
87 49 1
87 51 1
87 67 1
87 68 1
87 69 1
87 73 1
87 75 1
87 76 1
87 77 1
87 79 1
88 0 1
88 6 1
88 7 1
88 8 1
88 10 1
88 14 1
88 16 1
88 24 1
88 27 1
88 28 1
88 32 1
88 33 1
88 41 1
88 42 1
88 47 1
88 49 1
88 50 1
88 54 1
88 56 1
88 57 1
88 59 1
88 67 1
88 68 1
88 70 1
88 72 1
88 73 1
88 76 1
88 81 1
89 0 1
89 1 1
89 2 1
89 3 1
89 5 1
89 10 1
89 11 1
89 16 1
89 17 1
89 18 1
89 19 1
89 26 1
89 27 1
89 29 1
89 32 1
89 33 1
89 34 1
89 35 1
89 37 1
89 40 1
89 41 1
89 42 1
89 45 1
89 49 1
89 52 1
89 53 1
89 54 1
89 56 1
89 57 1
89 58 1
89 59 1
89 60 1
89 64 1
89 69 1
89 70 1
89 73 1
89 80 1
89 82 1
89 88 1
90 12 1
90 20 1
90 21 1
90 30 1
90 31 1
90 32 1
90 39 1
90 40 1
90 47 1
90 49 1
90 61 1
90 63 1
90 64 1
90 68 1
90 74 1
90 75 1
90 85 1
91 2 1
91 3 1
91 5 1
91 11 1
91 12 1
91 17 1
91 18 1
91 19 1
91 20 1
91 21 1
91 24 1
91 29 1
91 31 1
91 32 1
91 33 1
91 34 1
91 35 1
91 37 1
91 39 1
91 40 1
91 41 1
91 42 1
91 47 1
91 49 1
91 51 1
91 59 1
91 61 1
91 63 1
91 64 1
91 67 1
91 68 1
91 69 1
91 72 1
91 74 1
91 75 1
91 77 1
91 79 1
91 89 1
91 90 1
92 4 1
92 5 1
92 6 1
92 7 1
92 8 1
92 9 1
92 10 1
92 16 1
92 20 1
92 22 1
92 23 1
92 27 1
92 28 1
92 30 1
92 33 1
92 34 1
92 38 1
92 41 1
92 42 1
92 46 1
92 48 1
92 50 1
92 55 1
92 56 1
92 57 1
92 58 1
92 62 1
92 65 1
92 66 1
92 67 1
92 71 1
92 72 1
92 73 1
92 78 1
92 81 1
92 84 1
92 86 1
92 88 1
93 0 1
93 2 1
93 5 1
93 6 1
93 7 1
93 8 1
93 9 1
93 10 1
93 11 1
93 16 1
93 17 1
93 22 1
93 27 1
93 28 1
93 33 1
93 34 1
93 36 1
93 37 1
93 41 1
93 42 1
93 50 1
93 52 1
93 53 1
93 54 1
93 56 1
93 57 1
93 58 1
93 59 1
93 65 1
93 66 1
93 72 1
93 73 1
93 80 1
93 81 1
93 82 1
93 86 1
93 88 1
93 89 1
93 92 1
94 5 1
94 9 1
94 10 1
94 11 1
94 13 1
94 17 1
94 22 1
94 27 1
94 28 1
94 36 1
94 37 1
94 41 1
94 42 1
94 52 1
94 53 1
94 54 1
94 57 1
94 58 1
94 65 1
94 80 1
94 81 1
94 82 1
94 86 1
94 89 1
94 93 1
95 5 1
95 6 1
95 9 1
95 10 1
95 13 1
95 22 1
95 23 1
95 27 1
95 28 1
95 36 1
95 42 1
95 50 1
95 52 1
95 53 1
95 55 1
95 57 1
95 58 1
95 65 1
95 66 1
95 71 1
95 80 1
95 81 1
95 86 1
95 93 1
95 94 1
96 6 1
96 9 1
96 10 1
96 16 1
96 23 1
96 27 1
96 28 1
96 36 1
96 42 1
96 50 1
96 52 1
96 53 1
96 57 1
96 58 1
96 66 1
96 71 1
96 80 1
96 81 1
96 86 1
96 92 1
96 93 1
96 94 1
96 95 1
97 5 1
97 9 1
97 13 1
97 20 1
97 21 1
97 22 1
97 30 1
97 34 1
97 41 1
97 42 1
97 46 1
97 48 1
97 55 1
97 61 1
97 62 1
97 63 1
97 65 1
97 74 1
97 83 1
97 85 1
98 4 1
98 6 1
98 7 1
98 20 1
98 21 1
98 30 1
98 31 1
98 32 1
98 34 1
98 38 1
98 41 1
98 46 1
98 47 1
98 48 1
98 50 1
98 61 1
98 62 1
98 63 1
98 65 1
98 66 1
98 72 1
98 74 1
98 78 1
98 83 1
98 84 1
98 85 1
98 92 1
98 97 1
99 2 1
99 3 1
99 5 1
99 6 1
99 8 1
99 9 1
99 10 1
99 11 1
99 17 1
99 18 1
99 19 1
99 21 1
99 22 1
99 27 1
99 29 1
99 30 1
99 31 1
99 32 1
99 33 1
99 34 1
99 37 1
99 40 1
99 41 1
99 42 1
99 49 1
99 50 1
99 52 1
99 53 1
99 54 1
99 56 1
99 57 1
99 58 1
99 59 1
99 60 1
99 61 1
99 63 1
99 64 1
99 65 1
99 67 1
99 68 1
99 72 1
99 73 1
99 74 1
99 75 1
99 80 1
99 82 1
99 89 1
99 91 1
99 93 1
99 94 1
100 4 1
100 5 1
100 6 1
100 7 1
100 9 1
100 13 1
100 22 1
100 23 1
100 28 1
100 30 1
100 34 1
100 36 1
100 38 1
100 41 1
100 42 1
100 46 1
100 48 1
100 50 1
100 52 1
100 53 1
100 55 1
100 57 1
100 58 1
100 61 1
100 62 1
100 65 1
100 66 1
100 71 1
100 72 1
100 78 1
100 81 1
100 83 1
100 86 1
100 92 1
100 93 1
100 94 1
100 95 1
100 96 1
100 97 1
100 99 1
101 4 1
101 5 1
101 6 1
101 7 1
101 8 1
101 9 1
101 10 1
101 16 1
101 22 1
101 23 1
101 27 1
101 28 1
101 30 1
101 33 1
101 34 1
101 38 1
101 41 1
101 42 1
101 48 1
101 50 1
101 52 1
101 56 1
101 57 1
101 58 1
101 65 1
101 66 1
101 71 1
101 72 1
101 73 1
101 78 1
101 81 1
101 86 1
101 88 1
101 92 1
101 93 1
101 94 1
101 95 1
101 96 1
101 100 1
102 4 1
102 5 1
102 9 1
102 13 1
102 20 1
102 21 1
102 22 1
102 30 1
102 32 1
102 33 1
102 34 1
102 41 1
102 42 1
102 46 1
102 48 1
102 50 1
102 55 1
102 61 1
102 62 1
102 63 1
102 64 1
102 65 1
102 66 1
102 71 1
102 72 1
102 74 1
102 78 1
102 83 1
102 84 1
102 85 1
102 97 1
102 98 1
102 99 1
102 100 1
103 4 1
103 5 1
103 6 1
103 9 1
103 13 1
103 20 1
103 22 1
103 23 1
103 30 1
103 38 1
103 41 1
103 46 1
103 48 1
103 50 1
103 55 1
103 61 1
103 62 1
103 65 1
103 66 1
103 71 1
103 78 1
103 83 1
103 84 1
103 86 1
103 92 1
103 97 1
103 98 1
103 100 1
103 101 1
103 102 1
104 4 1
104 6 1
104 7 1
104 9 1
104 20 1
104 22 1
104 30 1
104 38 1
104 41 1
104 46 1
104 48 1
104 50 1
104 55 1
104 61 1
104 62 1
104 65 1
104 66 1
104 71 1
104 72 1
104 78 1
104 83 1
104 84 1
104 85 1
104 86 1
104 92 1
104 97 1
104 98 1
104 100 1
104 101 1
104 102 1
104 103 1
105 4 1
105 6 1
105 7 1
105 8 1
105 14 1
105 16 1
105 20 1
105 24 1
105 30 1
105 32 1
105 33 1
105 34 1
105 41 1
105 47 1
105 49 1
105 50 1
105 51 1
105 56 1
105 57 1
105 67 1
105 68 1
105 72 1
105 73 1
105 74 1
105 76 1
105 79 1
105 84 1
105 85 1
105 88 1
105 92 1
105 98 1
105 101 1
106 0 1
106 1 1
106 2 1
106 3 1
106 15 1
106 24 1
106 25 1
106 26 1
106 35 1
106 40 1
106 43 1
106 44 1
106 45 1
106 49 1
106 51 1
106 54 1
106 59 1
106 68 1
106 69 1
106 70 1
106 75 1
106 77 1
106 79 1
106 82 1
106 87 1
106 91 1
107 0 1
107 1 1
107 2 1
107 3 1
107 5 1
107 6 1
107 7 1
107 8 1
107 9 1
107 10 1
107 14 1
107 16 1
107 17 1
107 24 1
107 27 1
107 28 1
107 32 1
107 33 1
107 34 1
107 37 1
107 41 1
107 42 1
107 47 1
107 49 1
107 50 1
107 52 1
107 54 1
107 56 1
107 57 1
107 58 1
107 59 1
107 64 1
107 65 1
107 66 1
107 67 1
107 68 1
107 70 1
107 72 1
107 73 1
107 76 1
107 81 1
107 82 1
107 88 1
107 89 1
107 92 1
107 93 1
107 94 1
107 96 1
107 99 1
107 101 1
107 105 1
108 0 1
108 2 1
108 5 1
108 6 1
108 7 1
108 8 1
108 9 1
108 10 1
108 16 1
108 27 1
108 28 1
108 32 1
108 33 1
108 34 1
108 37 1
108 41 1
108 42 1
108 50 1
108 52 1
108 54 1
108 56 1
108 57 1
108 58 1
108 59 1
108 65 1
108 66 1
108 67 1
108 70 1
108 72 1
108 73 1
108 76 1
108 80 1
108 81 1
108 82 1
108 86 1
108 88 1
108 89 1
108 92 1
108 93 1
108 94 1
108 95 1
108 96 1
108 99 1
108 101 1
108 105 1
108 107 1
109 0 1
109 1 1
109 2 1
109 3 1
109 10 1
109 11 1
109 15 1
109 16 1
109 17 1
109 24 1
109 26 1
109 27 1
109 33 1
109 35 1
109 37 1
109 40 1
109 43 1
109 44 1
109 45 1
109 49 1
109 51 1
109 54 1
109 56 1
109 57 1
109 59 1
109 67 1
109 69 1
109 70 1
109 73 1
109 82 1
109 87 1
109 88 1
109 89 1
109 93 1
109 106 1
109 107 1
109 108 1
110 4 1
110 5 1
110 12 1
110 20 1
110 21 1
110 30 1
110 31 1
110 32 1
110 33 1
110 34 1
110 39 1
110 41 1
110 42 1
110 46 1
110 47 1
110 48 1
110 49 1
110 50 1
110 61 1
110 62 1
110 63 1
110 64 1
110 65 1
110 67 1
110 68 1
110 72 1
110 74 1
110 83 1
110 84 1
110 85 1
110 90 1
110 91 1
110 97 1
110 98 1
110 99 1
110 102 1
110 103 1
110 104 1
110 105 1
111 4 1
111 5 1
111 6 1
111 7 1
111 8 1
111 9 1
111 12 1
111 14 1
111 20 1
111 21 1
111 24 1
111 30 1
111 31 1
111 32 1
111 33 1
111 34 1
111 39 1
111 40 1
111 41 1
111 42 1
111 46 1
111 47 1
111 48 1
111 49 1
111 50 1
111 61 1
111 62 1
111 63 1
111 64 1
111 65 1
111 67 1
111 68 1
111 72 1
111 74 1
111 75 1
111 76 1
111 83 1
111 84 1
111 85 1
111 90 1
111 91 1
111 97 1
111 98 1
111 99 1
111 102 1
111 104 1
111 105 1
111 107 1
111 110 1
112 12 1
112 14 1
112 20 1
112 21 1
112 24 1
112 25 1
112 31 1
112 32 1
112 33 1
112 34 1
112 35 1
112 39 1
112 40 1
112 43 1
112 44 1
112 47 1
112 49 1
112 51 1
112 63 1
112 64 1
112 67 1
112 68 1
112 74 1
112 75 1
112 76 1
112 77 1
112 79 1
112 85 1
112 87 1
112 90 1
112 91 1
112 99 1
112 106 1
112 110 1
112 111 1
113 2 1
113 3 1
113 5 1
113 6 1
113 8 1
113 10 1
113 11 1
113 12 1
113 15 1
113 17 1
113 18 1
113 19 1
113 21 1
113 24 1
113 26 1
113 27 1
113 29 1
113 31 1
113 32 1
113 33 1
113 34 1
113 35 1
113 37 1
113 39 1
113 40 1
113 41 1
113 42 1
113 44 1
113 45 1
113 47 1
113 49 1
113 51 1
113 52 1
113 54 1
113 56 1
113 57 1
113 59 1
113 60 1
113 63 1
113 64 1
113 65 1
113 67 1
113 68 1
113 69 1
113 72 1
113 73 1
113 74 1
113 75 1
113 76 1
113 82 1
113 89 1
113 90 1
113 91 1
113 99 1
113 106 1
113 107 1
113 108 1
113 109 1
113 111 1
113 112 1
114 5 1
114 6 1
114 9 1
114 10 1
114 11 1
114 13 1
114 19 1
114 22 1
114 23 1
114 27 1
114 28 1
114 32 1
114 33 1
114 34 1
114 36 1
114 37 1
114 41 1
114 42 1
114 46 1
114 48 1
114 50 1
114 52 1
114 53 1
114 55 1
114 57 1
114 58 1
114 61 1
114 62 1
114 65 1
114 66 1
114 71 1
114 72 1
114 78 1
114 80 1
114 81 1
114 86 1
114 92 1
114 93 1
114 94 1
114 95 1
114 96 1
114 97 1
114 99 1
114 100 1
114 101 1
114 102 1
114 103 1
114 107 1
114 108 1
115 5 1
115 6 1
115 9 1
115 13 1
115 22 1
115 23 1
115 28 1
115 34 1
115 36 1
115 41 1
115 42 1
115 46 1
115 48 1
115 50 1
115 52 1
115 53 1
115 55 1
115 57 1
115 58 1
115 65 1
115 66 1
115 71 1
115 78 1
115 80 1
115 81 1
115 86 1
115 92 1
115 93 1
115 94 1
115 95 1
115 96 1
115 100 1
115 101 1
115 102 1
115 103 1
115 114 1
116 4 1
116 5 1
116 6 1
116 7 1
116 9 1
116 13 1
116 22 1
116 23 1
116 28 1
116 38 1
116 41 1
116 42 1
116 48 1
116 50 1
116 55 1
116 57 1
116 58 1
116 65 1
116 66 1
116 71 1
116 78 1
116 81 1
116 86 1
116 92 1
116 93 1
116 95 1
116 96 1
116 100 1
116 101 1
116 103 1
116 104 1
116 108 1
116 114 1
116 115 1
117 4 1
117 5 1
117 6 1
117 7 1
117 8 1
117 9 1
117 10 1
117 13 1
117 16 1
117 22 1
117 23 1
117 27 1
117 28 1
117 30 1
117 33 1
117 34 1
117 36 1
117 38 1
117 41 1
117 42 1
117 46 1
117 48 1
117 50 1
117 52 1
117 53 1
117 55 1
117 56 1
117 57 1
117 58 1
117 62 1
117 65 1
117 66 1
117 71 1
117 72 1
117 78 1
117 81 1
117 86 1
117 88 1
117 92 1
117 93 1
117 94 1
117 95 1
117 96 1
117 99 1
117 100 1
117 101 1
117 102 1
117 103 1
117 104 1
117 105 1
117 107 1
117 108 1
117 114 1
117 115 1
117 116 1
118 0 1
118 1 1
118 2 1
118 3 1
118 15 1
118 17 1
118 18 1
118 26 1
118 27 1
118 35 1
118 37 1
118 40 1
118 43 1
118 44 1
118 45 1
118 49 1
118 51 1
118 54 1
118 56 1
118 59 1
118 69 1
118 70 1
118 73 1
118 75 1
118 77 1
118 82 1
118 87 1
118 89 1
118 106 1
118 109 1
118 113 1
119 5 1
119 6 1
119 7 1
119 9 1
119 10 1
119 13 1
119 16 1
119 22 1
119 23 1
119 27 1
119 28 1
119 36 1
119 41 1
119 42 1
119 50 1
119 52 1
119 53 1
119 56 1
119 57 1
119 58 1
119 65 1
119 66 1
119 71 1
119 80 1
119 81 1
119 86 1
119 92 1
119 93 1
119 94 1
119 95 1
119 96 1
119 100 1
119 101 1
119 107 1
119 108 1
119 114 1
119 115 1
119 116 1
119 117 1
120 2 1
120 3 1
120 11 1
120 12 1
120 15 1
120 17 1
120 18 1
120 24 1
120 25 1
120 26 1
120 29 1
120 31 1
120 32 1
120 33 1
120 34 1
120 35 1
120 37 1
120 39 1
120 40 1
120 43 1
120 44 1
120 45 1
120 47 1
120 49 1
120 51 1
120 54 1
120 59 1
120 63 1
120 64 1
120 67 1
120 68 1
120 69 1
120 74 1
120 75 1
120 76 1
120 77 1
120 79 1
120 87 1
120 89 1
120 90 1
120 91 1
120 99 1
120 106 1
120 109 1
120 111 1
120 112 1
120 113 1
120 118 1
121 4 1
121 5 1
121 6 1
121 7 1
121 8 1
121 9 1
121 10 1
121 14 1
121 16 1
121 20 1
121 24 1
121 27 1
121 28 1
121 30 1
121 32 1
121 33 1
121 34 1
121 38 1
121 41 1
121 42 1
121 47 1
121 48 1
121 49 1
121 50 1
121 56 1
121 57 1
121 62 1
121 65 1
121 66 1
121 67 1
121 68 1
121 72 1
121 73 1
121 74 1
121 76 1
121 78 1
121 81 1
121 84 1
121 85 1
121 86 1
121 88 1
121 92 1
121 98 1
121 99 1
121 100 1
121 101 1
121 102 1
121 103 1
121 104 1
121 105 1
121 107 1
121 108 1
121 110 1
121 111 1
121 116 1
121 117 1
122 8 1
122 12 1
122 14 1
122 15 1
122 24 1
122 25 1
122 31 1
122 32 1
122 35 1
122 39 1
122 40 1
122 43 1
122 44 1
122 47 1
122 49 1
122 51 1
122 63 1
122 67 1
122 68 1
122 73 1
122 74 1
122 75 1
122 76 1
122 77 1
122 79 1
122 87 1
122 90 1
122 91 1
122 105 1
122 106 1
122 112 1
122 113 1
122 120 1
123 0 1
123 1 1
123 2 1
123 3 1
123 8 1
123 15 1
123 16 1
123 17 1
123 24 1
123 25 1
123 26 1
123 27 1
123 33 1
123 35 1
123 40 1
123 43 1
123 44 1
123 45 1
123 47 1
123 49 1
123 51 1
123 54 1
123 56 1
123 59 1
123 67 1
123 68 1
123 69 1
123 70 1
123 73 1
123 75 1
123 76 1
123 77 1
123 79 1
123 82 1
123 87 1
123 88 1
123 89 1
123 91 1
123 106 1
123 107 1
123 109 1
123 112 1
123 113 1
123 118 1
123 120 1
123 122 1
124 0 1
124 1 1
124 2 1
124 3 1
124 5 1
124 6 1
124 9 1
124 10 1
124 11 1
124 16 1
124 17 1
124 18 1
124 19 1
124 27 1
124 28 1
124 29 1
124 33 1
124 34 1
124 36 1
124 37 1
124 41 1
124 42 1
124 50 1
124 52 1
124 53 1
124 54 1
124 56 1
124 57 1
124 58 1
124 59 1
124 65 1
124 70 1
124 80 1
124 81 1
124 82 1
124 88 1
124 89 1
124 93 1
124 94 1
124 95 1
124 96 1
124 99 1
124 101 1
124 107 1
124 108 1
124 109 1
124 113 1
124 114 1
124 115 1
124 117 1
124 119 1
125 5 1
125 9 1
125 10 1
125 13 1
125 22 1
125 23 1
125 27 1
125 28 1
125 36 1
125 41 1
125 42 1
125 52 1
125 53 1
125 55 1
125 57 1
125 58 1
125 65 1
125 66 1
125 71 1
125 80 1
125 81 1
125 86 1
125 93 1
125 94 1
125 95 1
125 96 1
125 100 1
125 101 1
125 108 1
125 114 1
125 115 1
125 116 1
125 117 1
125 119 1
125 124 1
126 4 1
126 6 1
126 7 1
126 8 1
126 9 1
126 14 1
126 20 1
126 21 1
126 30 1
126 32 1
126 34 1
126 38 1
126 41 1
126 46 1
126 47 1
126 48 1
126 50 1
126 62 1
126 65 1
126 66 1
126 67 1
126 72 1
126 74 1
126 76 1
126 78 1
126 83 1
126 84 1
126 85 1
126 92 1
126 98 1
126 101 1
126 102 1
126 103 1
126 104 1
126 105 1
126 110 1
126 111 1
126 117 1
126 121 1
127 4 1
127 6 1
127 7 1
127 8 1
127 14 1
127 16 1
127 20 1
127 21 1
127 24 1
127 30 1
127 31 1
127 32 1
127 33 1
127 34 1
127 39 1
127 41 1
127 42 1
127 47 1
127 49 1
127 50 1
127 51 1
127 56 1
127 57 1
127 63 1
127 64 1
127 65 1
127 67 1
127 68 1
127 72 1
127 73 1
127 74 1
127 75 1
127 76 1
127 79 1
127 84 1
127 85 1
127 87 1
127 88 1
127 90 1
127 91 1
127 92 1
127 98 1
127 99 1
127 101 1
127 105 1
127 107 1
127 108 1
127 110 1
127 111 1
127 112 1
127 113 1
127 121 1
127 122 1
127 126 1
128 0 1
128 1 1
128 2 1
128 3 1
128 11 1
128 15 1
128 17 1
128 18 1
128 19 1
128 26 1
128 27 1
128 29 1
128 33 1
128 35 1
128 37 1
128 40 1
128 43 1
128 44 1
128 45 1
128 49 1
128 51 1
128 54 1
128 59 1
128 64 1
128 69 1
128 70 1
128 75 1
128 77 1
128 82 1
128 89 1
128 91 1
128 99 1
128 106 1
128 109 1
128 113 1
128 118 1
128 120 1
128 123 1
