# minsup
1
# graph
G_./1R2I.pdb
# node ID, label
0 A
1 A
2 A
3 A
4 A
5 A
6 A
7 A
8 A
9 A
10 C
11 D
12 D
13 D
14 D
15 D
16 D
17 E
18 E
19 E
20 E
21 E
22 E
23 E
24 E
25 E
26 E
27 E
28 F
29 F
30 F
31 F
32 F
33 F
34 F
35 G
36 G
37 G
38 G
39 G
40 G
41 G
42 G
43 G
44 H
45 I
46 I
47 I
48 I
49 K
50 K
51 K
52 K
53 L
54 L
55 L
56 L
57 L
58 L
59 L
60 L
61 L
62 L
63 L
64 L
65 M
66 M
67 N
68 N
69 N
70 N
71 N
72 P
73 P
74 Q
75 Q
76 Q
77 Q
78 Q
79 Q
80 Q
81 R
82 R
83 R
84 R
85 R
86 S
87 S
88 S
89 S
90 S
91 S
92 S
93 S
94 S
95 T
96 T
97 T
98 T
99 V
100 V
101 V
102 V
103 V
104 V
105 V
106 V
107 V
108 V
109 V
110 V
111 W
112 W
113 W
114 W
115 W
116 Y
117 Y
118 Y
119 Y
120 Y
# node ID1, node ID2, number of bounds
1 0 1
2 0 1
2 1 1
3 0 1
3 1 1
3 2 1
5 2 1
5 3 1
6 3 1
6 5 1
7 4 1
7 5 1
7 6 1
8 4 1
8 7 1
9 4 1
9 5 1
9 7 1
9 8 1
10 5 1
10 6 1
10 7 1
10 8 1
10 9 1
11 0 1
11 1 1
11 2 1
11 3 1
11 6 1
11 7 1
11 8 1
11 9 1
11 10 1
12 2 1
12 3 1
12 5 1
12 6 1
12 11 1
13 5 1
14 6 1
14 10 1
15 7 1
15 8 1
15 9 1
16 0 1
16 1 1
16 2 1
16 3 1
17 0 1
17 1 1
17 2 1
17 7 1
17 8 1
17 9 1
17 11 1
18 0 1
18 1 1
18 2 1
18 3 1
18 5 1
18 11 1
18 12 1
19 2 1
19 3 1
19 5 1
19 6 1
19 12 1
19 18 1
20 2 1
20 3 1
20 5 1
20 6 1
20 10 1
20 12 1
20 18 1
20 19 1
21 4 1
21 5 1
21 7 1
21 8 1
21 9 1
21 15 1
22 5 1
22 13 1
22 21 1
23 6 1
23 7 1
23 10 1
23 14 1
24 6 1
24 10 1
24 14 1
24 23 1
25 9 1
25 15 1
25 16 1
25 17 1
25 21 1
26 15 1
26 16 1
26 25 1
27 0 1
27 1 1
27 2 1
27 3 1
27 16 1
27 18 1
28 0 1
28 1 1
28 2 1
28 3 1
28 5 1
28 6 1
28 7 1
28 8 1
28 9 1
28 10 1
28 11 1
28 12 1
28 17 1
28 18 1
28 19 1
28 20 1
29 2 1
29 3 1
29 5 1
29 6 1
29 12 1
29 18 1
29 19 1
29 20 1
29 28 1
30 4 1
30 5 1
30 6 1
30 7 1
30 8 1
30 9 1
30 10 1
30 15 1
30 21 1
30 22 1
30 23 1
31 5 1
31 13 1
31 15 1
31 21 1
31 22 1
31 25 1
31 30 1
32 2 1
32 3 1
32 5 1
32 6 1
32 7 1
32 8 1
32 9 1
32 10 1
32 11 1
32 12 1
32 13 1
32 15 1
32 18 1
32 19 1
32 20 1
32 21 1
32 22 1
32 25 1
32 28 1
32 29 1
32 30 1
32 31 1
33 2 1
33 3 1
33 5 1
33 6 1
33 7 1
33 8 1
33 9 1
33 10 1
33 11 1
33 12 1
33 15 1
33 17 1
33 18 1
33 19 1
33 20 1
33 21 1
33 22 1
33 23 1
33 25 1
33 28 1
33 29 1
33 30 1
33 31 1
33 32 1
34 0 1
34 1 1
34 2 1
34 3 1
34 5 1
34 16 1
34 18 1
34 19 1
34 25 1
34 26 1
34 27 1
34 28 1
34 29 1
34 32 1
34 33 1
35 6 1
35 10 1
35 12 1
35 14 1
35 23 1
35 24 1
35 28 1
36 1 1
36 2 1
36 3 1
36 5 1
36 6 1
36 10 1
36 11 1
36 12 1
36 18 1
36 19 1
36 20 1
36 28 1
36 29 1
36 32 1
36 33 1
36 34 1
37 4 1
37 8 1
37 21 1
37 24 1
37 30 1
38 5 1
38 13 1
38 15 1
38 21 1
38 22 1
38 25 1
38 26 1
38 31 1
38 32 1
39 2 1
39 3 1
39 5 1
39 12 1
39 13 1
39 18 1
39 19 1
39 20 1
39 22 1
39 25 1
39 27 1
39 29 1
39 31 1
39 32 1
39 33 1
39 34 1
39 36 1
39 38 1
40 3 1
40 4 1
40 5 1
40 6 1
40 7 1
40 8 1
40 9 1
40 10 1
40 11 1
40 12 1
40 14 1
40 17 1
40 20 1
40 21 1
40 22 1
40 23 1
40 28 1
40 29 1
40 30 1
40 31 1
40 32 1
40 33 1
40 36 1
40 39 1
41 3 1
41 5 1
41 6 1
41 7 1
41 8 1
41 9 1
41 10 1
41 11 1
41 12 1
41 14 1
41 17 1
41 18 1
41 19 1
41 20 1
41 23 1
41 28 1
41 29 1
41 30 1
41 32 1
41 33 1
41 35 1
41 36 1
41 40 1
42 16 1
42 25 1
42 26 1
42 27 1
42 34 1
42 39 1
43 0 1
43 1 1
43 2 1
43 15 1
43 16 1
43 25 1
43 26 1
43 27 1
43 34 1
43 39 1
43 42 1
44 5 1
44 8 1
44 9 1
44 13 1
44 15 1
44 21 1
44 22 1
44 25 1
44 26 1
44 30 1
44 31 1
44 32 1
44 33 1
44 38 1
44 43 1
45 4 1
45 6 1
45 7 1
45 8 1
45 10 1
45 14 1
45 21 1
45 23 1
45 24 1
45 30 1
45 37 1
45 40 1
45 41 1
46 2 1
46 3 1
46 5 1
46 6 1
46 7 1
46 9 1
46 12 1
46 13 1
46 15 1
46 16 1
46 18 1
46 19 1
46 20 1
46 21 1
46 22 1
46 25 1
46 26 1
46 28 1
46 29 1
46 31 1
46 32 1
46 33 1
46 34 1
46 36 1
46 38 1
46 39 1
46 40 1
46 41 1
46 42 1
46 43 1
46 44 1
47 4 1
47 6 1
47 7 1
47 8 1
47 9 1
47 10 1
47 11 1
47 14 1
47 17 1
47 21 1
47 23 1
47 24 1
47 28 1
47 30 1
47 32 1
47 33 1
47 37 1
47 40 1
47 41 1
47 45 1
48 5 1
48 9 1
48 15 1
48 16 1
48 25 1
48 26 1
48 27 1
48 31 1
48 32 1
48 33 1
48 34 1
48 38 1
48 39 1
48 42 1
48 43 1
48 44 1
48 46 1
49 2 1
49 3 1
49 5 1
49 6 1
49 7 1
49 10 1
49 11 1
49 12 1
49 14 1
49 17 1
49 18 1
49 19 1
49 20 1
49 23 1
49 28 1
49 29 1
49 32 1
49 33 1
49 35 1
49 36 1
49 40 1
49 41 1
49 47 1
50 6 1
50 10 1
50 11 1
50 12 1
50 14 1
50 18 1
50 19 1
50 20 1
50 23 1
50 28 1
50 35 1
50 36 1
50 40 1
50 41 1
50 49 1
51 0 1
51 1 1
51 2 1
51 3 1
51 9 1
51 11 1
51 12 1
51 16 1
51 17 1
51 18 1
51 19 1
51 27 1
51 28 1
51 32 1
51 33 1
51 34 1
51 36 1
51 41 1
51 43 1
51 46 1
51 49 1
52 6 1
52 10 1
52 14 1
52 23 1
52 24 1
52 35 1
52 37 1
52 41 1
52 45 1
52 47 1
53 0 1
53 1 1
53 2 1
53 3 1
53 5 1
53 7 1
53 8 1
53 9 1
53 11 1
53 15 1
53 16 1
53 17 1
53 18 1
53 25 1
53 28 1
53 32 1
53 33 1
53 34 1
53 36 1
53 40 1
53 41 1
53 43 1
53 46 1
53 47 1
53 48 1
53 49 1
53 51 1
54 2 1
54 3 1
54 5 1
54 6 1
54 7 1
54 8 1
54 9 1
54 10 1
54 11 1
54 12 1
54 14 1
54 17 1
54 18 1
54 20 1
54 23 1
54 28 1
54 29 1
54 32 1
54 33 1
54 35 1
54 36 1
54 40 1
54 41 1
54 46 1
54 47 1
54 49 1
54 50 1
54 51 1
54 53 1
55 6 1
55 7 1
55 10 1
55 11 1
55 12 1
55 14 1
55 18 1
55 20 1
55 23 1
55 24 1
55 28 1
55 33 1
55 35 1
55 36 1
55 40 1
55 41 1
55 47 1
55 49 1
55 50 1
55 51 1
55 52 1
55 53 1
55 54 1
56 0 1
56 1 1
56 2 1
56 3 1
56 5 1
56 9 1
56 11 1
56 12 1
56 16 1
56 17 1
56 18 1
56 19 1
56 20 1
56 27 1
56 28 1
56 29 1
56 32 1
56 33 1
56 34 1
56 36 1
56 39 1
56 40 1
56 41 1
56 43 1
56 46 1
56 48 1
56 49 1
56 51 1
56 53 1
56 54 1
56 55 1
57 3 1
57 5 1
57 6 1
57 12 1
57 18 1
57 19 1
57 20 1
57 29 1
57 33 1
57 36 1
57 39 1
57 41 1
57 49 1
57 50 1
57 56 1
58 5 1
58 6 1
58 13 1
58 21 1
58 22 1
58 29 1
58 30 1
58 31 1
58 32 1
58 33 1
58 38 1
58 39 1
58 40 1
58 41 1
58 44 1
58 46 1
59 3 1
59 5 1
59 6 1
59 7 1
59 8 1
59 9 1
59 10 1
59 11 1
59 12 1
59 18 1
59 19 1
59 20 1
59 21 1
59 22 1
59 23 1
59 28 1
59 29 1
59 30 1
59 31 1
59 32 1
59 33 1
59 36 1
59 39 1
59 40 1
59 41 1
59 45 1
59 46 1
59 47 1
59 49 1
59 50 1
59 53 1
59 54 1
59 55 1
59 56 1
59 57 1
59 58 1
60 4 1
60 5 1
60 6 1
60 7 1
60 8 1
60 9 1
60 10 1
60 14 1
60 20 1
60 21 1
60 23 1
60 24 1
60 28 1
60 30 1
60 32 1
60 33 1
60 35 1
60 36 1
60 37 1
60 40 1
60 41 1
60 45 1
60 47 1
60 49 1
60 50 1
60 52 1
60 54 1
60 55 1
60 58 1
60 59 1
61 4 1
61 6 1
61 7 1
61 8 1
61 9 1
61 10 1
61 14 1
61 23 1
61 24 1
61 30 1
61 37 1
61 40 1
61 41 1
61 45 1
61 47 1
61 52 1
61 54 1
61 55 1
61 59 1
61 60 1
62 5 1
62 7 1
62 8 1
62 9 1
62 11 1
62 15 1
62 17 1
62 21 1
62 22 1
62 25 1
62 26 1
62 28 1
62 30 1
62 31 1
62 32 1
62 33 1
62 34 1
62 38 1
62 39 1
62 40 1
62 41 1
62 43 1
62 44 1
62 46 1
62 47 1
62 48 1
62 51 1
62 53 1
62 54 1
62 56 1
62 58 1
62 59 1
63 5 1
63 7 1
63 8 1
63 9 1
63 13 1
63 15 1
63 16 1
63 21 1
63 22 1
63 25 1
63 26 1
63 30 1
63 31 1
63 32 1
63 33 1
63 34 1
63 38 1
63 39 1
63 40 1
63 42 1
63 43 1
63 44 1
63 46 1
63 48 1
63 53 1
63 56 1
63 58 1
63 59 1
63 62 1
64 1 1
64 2 1
64 3 1
64 16 1
64 18 1
64 19 1
64 27 1
64 29 1
64 34 1
64 36 1
64 39 1
64 42 1
64 43 1
64 46 1
64 48 1
64 51 1
64 56 1
65 4 1
65 6 1
65 7 1
65 10 1
65 14 1
65 23 1
65 24 1
65 37 1
65 40 1
65 41 1
65 45 1
65 47 1
65 52 1
65 55 1
65 60 1
65 61 1
66 4 1
66 5 1
66 6 1
66 7 1
66 8 1
66 9 1
66 10 1
66 11 1
66 15 1
66 17 1
66 21 1
66 22 1
66 25 1
66 28 1
66 30 1
66 31 1
66 32 1
66 33 1
66 40 1
66 41 1
66 44 1
66 45 1
66 46 1
66 47 1
66 49 1
66 53 1
66 54 1
66 56 1
66 58 1
66 59 1
66 60 1
66 61 1
66 62 1
66 63 1
67 0 1
67 1 1
67 2 1
67 7 1
67 8 1
67 9 1
67 11 1
67 15 1
67 16 1
67 17 1
67 25 1
67 28 1
67 32 1
67 33 1
67 34 1
67 40 1
67 43 1
67 44 1
67 46 1
67 47 1
67 48 1
67 51 1
67 53 1
67 54 1
67 56 1
67 62 1
67 63 1
67 66 1
68 4 1
68 5 1
68 9 1
68 13 1
68 15 1
68 21 1
68 22 1
68 25 1
68 30 1
68 31 1
68 32 1
68 33 1
68 38 1
68 39 1
68 40 1
68 44 1
68 46 1
68 58 1
68 59 1
68 62 1
68 63 1
68 66 1
69 3 1
69 5 1
69 13 1
69 16 1
69 22 1
69 25 1
69 26 1
69 27 1
69 29 1
69 31 1
69 32 1
69 33 1
69 34 1
69 36 1
69 38 1
69 39 1
69 42 1
69 43 1
69 44 1
69 46 1
69 48 1
69 56 1
69 58 1
69 62 1
69 63 1
69 64 1
69 68 1
70 7 1
70 8 1
70 9 1
70 15 1
70 17 1
70 21 1
70 25 1
70 26 1
70 30 1
70 31 1
70 32 1
70 33 1
70 40 1
70 43 1
70 44 1
70 46 1
70 47 1
70 48 1
70 53 1
70 62 1
70 63 1
70 66 1
70 67 1
70 68 1
71 16 1
71 25 1
71 26 1
71 27 1
71 34 1
71 38 1
71 39 1
71 42 1
71 43 1
71 44 1
71 46 1
71 48 1
71 62 1
71 63 1
71 64 1
71 69 1
71 70 1
72 4 1
72 7 1
72 8 1
72 10 1
72 14 1
72 23 1
72 24 1
72 30 1
72 37 1
72 45 1
72 47 1
72 52 1
72 60 1
72 61 1
72 65 1
73 9 1
73 15 1
73 16 1
73 25 1
73 26 1
73 31 1
73 34 1
73 38 1
73 42 1
73 43 1
73 44 1
73 46 1
73 48 1
73 62 1
73 63 1
73 66 1
73 67 1
73 68 1
73 69 1
73 70 1
73 71 1
74 3 1
74 6 1
74 10 1
74 11 1
74 12 1
74 14 1
74 18 1
74 19 1
74 20 1
74 23 1
74 28 1
74 29 1
74 33 1
74 35 1
74 36 1
74 40 1
74 41 1
74 49 1
74 50 1
74 51 1
74 54 1
74 55 1
74 56 1
74 57 1
74 60 1
75 7 1
75 8 1
75 10 1
75 11 1
75 14 1
75 17 1
75 23 1
75 24 1
75 28 1
75 35 1
75 40 1
75 41 1
75 47 1
75 49 1
75 52 1
75 54 1
75 55 1
75 60 1
75 61 1
75 65 1
75 72 1
76 0 1
76 1 1
76 2 1
76 3 1
76 11 1
76 12 1
76 16 1
76 17 1
76 18 1
76 19 1
76 27 1
76 28 1
76 29 1
76 33 1
76 34 1
76 36 1
76 49 1
76 51 1
76 53 1
76 54 1
76 56 1
76 64 1
76 67 1
76 74 1
77 4 1
77 7 1
77 8 1
77 9 1
77 15 1
77 21 1
77 22 1
77 30 1
77 37 1
77 40 1
77 44 1
77 45 1
77 47 1
77 62 1
77 66 1
77 68 1
77 72 1
78 4 1
78 13 1
78 15 1
78 21 1
78 22 1
78 30 1
78 31 1
78 32 1
78 38 1
78 40 1
78 44 1
78 45 1
78 47 1
78 58 1
78 59 1
78 60 1
78 62 1
78 63 1
78 66 1
78 68 1
78 77 1
79 6 1
79 7 1
79 8 1
79 10 1
79 14 1
79 23 1
79 24 1
79 35 1
79 37 1
79 40 1
79 41 1
79 45 1
79 47 1
79 49 1
79 50 1
79 52 1
79 54 1
79 55 1
79 60 1
79 61 1
79 65 1
79 72 1
79 75 1
80 15 1
80 16 1
80 25 1
80 26 1
80 27 1
80 34 1
80 38 1
80 42 1
80 43 1
80 44 1
80 46 1
80 48 1
80 62 1
80 63 1
80 64 1
80 67 1
80 69 1
80 70 1
80 71 1
80 73 1
81 0 1
81 7 1
81 8 1
81 9 1
81 11 1
81 15 1
81 17 1
81 25 1
81 28 1
81 32 1
81 33 1
81 40 1
81 41 1
81 44 1
81 46 1
81 47 1
81 51 1
81 53 1
81 54 1
81 56 1
81 62 1
81 63 1
81 66 1
81 67 1
81 70 1
81 75 1
82 0 1
82 1 1
82 2 1
82 3 1
82 5 1
82 6 1
82 11 1
82 12 1
82 17 1
82 18 1
82 19 1
82 20 1
82 27 1
82 28 1
82 29 1
82 32 1
82 33 1
82 34 1
82 36 1
82 39 1
82 40 1
82 41 1
82 46 1
82 49 1
82 50 1
82 51 1
82 53 1
82 54 1
82 55 1
82 56 1
82 57 1
82 59 1
82 64 1
82 67 1
82 74 1
82 76 1
82 81 1
83 5 1
83 13 1
83 21 1
83 22 1
83 30 1
83 31 1
83 32 1
83 38 1
83 39 1
83 44 1
83 46 1
83 58 1
83 63 1
83 68 1
83 69 1
83 78 1
84 2 1
84 3 1
84 5 1
84 6 1
84 12 1
84 13 1
84 18 1
84 19 1
84 20 1
84 21 1
84 22 1
84 25 1
84 29 1
84 31 1
84 32 1
84 33 1
84 34 1
84 36 1
84 38 1
84 39 1
84 40 1
84 41 1
84 44 1
84 46 1
84 48 1
84 56 1
84 58 1
84 59 1
84 62 1
84 63 1
84 64 1
84 66 1
84 68 1
84 69 1
84 71 1
84 73 1
84 82 1
84 83 1
85 4 1
85 6 1
85 7 1
85 8 1
85 9 1
85 10 1
85 11 1
85 17 1
85 21 1
85 23 1
85 24 1
85 28 1
85 30 1
85 33 1
85 37 1
85 40 1
85 41 1
85 45 1
85 47 1
85 52 1
85 53 1
85 54 1
85 55 1
85 59 1
85 60 1
85 61 1
85 62 1
85 65 1
85 66 1
85 67 1
85 72 1
85 75 1
85 77 1
85 79 1
85 81 1
86 0 1
86 1 1
86 7 1
86 8 1
86 9 1
86 11 1
86 15 1
86 16 1
86 17 1
86 25 1
86 28 1
86 33 1
86 34 1
86 43 1
86 48 1
86 51 1
86 53 1
86 54 1
86 56 1
86 62 1
86 63 1
86 66 1
86 67 1
86 70 1
86 73 1
86 76 1
86 80 1
86 81 1
87 0 1
87 2 1
87 3 1
87 6 1
87 7 1
87 8 1
87 9 1
87 10 1
87 11 1
87 12 1
87 17 1
87 18 1
87 23 1
87 28 1
87 33 1
87 35 1
87 36 1
87 40 1
87 41 1
87 47 1
87 49 1
87 50 1
87 51 1
87 53 1
87 54 1
87 55 1
87 56 1
87 59 1
87 60 1
87 61 1
87 66 1
87 67 1
87 74 1
87 75 1
87 76 1
87 79 1
87 81 1
87 82 1
87 85 1
88 6 1
88 10 1
88 11 1
88 12 1
88 14 1
88 18 1
88 23 1
88 28 1
88 35 1
88 36 1
88 40 1
88 41 1
88 49 1
88 50 1
88 51 1
88 54 1
88 55 1
88 60 1
88 74 1
88 75 1
88 76 1
88 79 1
88 82 1
88 87 1
89 6 1
89 7 1
89 10 1
89 11 1
89 14 1
89 23 1
89 24 1
89 28 1
89 35 1
89 41 1
89 49 1
89 50 1
89 52 1
89 54 1
89 55 1
89 60 1
89 61 1
89 65 1
89 74 1
89 75 1
89 79 1
89 87 1
89 88 1
90 7 1
90 10 1
90 11 1
90 14 1
90 17 1
90 24 1
90 28 1
90 35 1
90 41 1
90 47 1
90 49 1
90 50 1
90 54 1
90 55 1
90 61 1
90 65 1
90 74 1
90 75 1
90 79 1
90 85 1
90 87 1
90 88 1
90 89 1
91 4 1
91 7 1
91 8 1
91 21 1
91 22 1
91 30 1
91 32 1
91 37 1
91 40 1
91 44 1
91 45 1
91 47 1
91 58 1
91 59 1
91 60 1
91 61 1
91 66 1
91 68 1
91 72 1
91 77 1
91 78 1
91 85 1
92 2 1
92 3 1
92 5 1
92 6 1
92 7 1
92 9 1
92 10 1
92 11 1
92 12 1
92 18 1
92 19 1
92 20 1
92 22 1
92 23 1
92 28 1
92 29 1
92 30 1
92 31 1
92 32 1
92 33 1
92 36 1
92 39 1
92 40 1
92 41 1
92 46 1
92 47 1
92 49 1
92 50 1
92 51 1
92 53 1
92 54 1
92 55 1
92 56 1
92 57 1
92 58 1
92 59 1
92 60 1
92 62 1
92 63 1
92 66 1
92 68 1
92 69 1
92 74 1
92 76 1
92 82 1
92 84 1
92 87 1
92 88 1
93 4 1
93 6 1
93 7 1
93 8 1
93 10 1
93 14 1
93 23 1
93 24 1
93 30 1
93 35 1
93 37 1
93 40 1
93 41 1
93 45 1
93 47 1
93 49 1
93 50 1
93 52 1
93 54 1
93 55 1
93 59 1
93 60 1
93 61 1
93 65 1
93 66 1
93 72 1
93 75 1
93 79 1
93 85 1
93 87 1
93 88 1
93 89 1
93 90 1
93 92 1
94 4 1
94 6 1
94 7 1
94 8 1
94 9 1
94 10 1
94 11 1
94 14 1
94 17 1
94 23 1
94 24 1
94 28 1
94 30 1
94 33 1
94 37 1
94 40 1
94 41 1
94 45 1
94 47 1
94 49 1
94 52 1
94 53 1
94 54 1
94 55 1
94 59 1
94 60 1
94 61 1
94 65 1
94 66 1
94 67 1
94 72 1
94 75 1
94 79 1
94 81 1
94 85 1
94 87 1
94 88 1
94 89 1
94 90 1
94 93 1
95 4 1
95 6 1
95 7 1
95 10 1
95 14 1
95 21 1
95 23 1
95 24 1
95 30 1
95 37 1
95 40 1
95 45 1
95 47 1
95 52 1
95 60 1
95 61 1
95 65 1
95 72 1
95 77 1
95 79 1
95 85 1
95 91 1
95 93 1
95 94 1
96 4 1
96 7 1
96 8 1
96 10 1
96 21 1
96 23 1
96 30 1
96 37 1
96 40 1
96 45 1
96 47 1
96 52 1
96 60 1
96 61 1
96 65 1
96 66 1
96 72 1
96 77 1
96 78 1
96 79 1
96 85 1
96 91 1
96 93 1
96 94 1
96 95 1
97 4 1
97 7 1
97 8 1
97 9 1
97 15 1
97 17 1
97 21 1
97 25 1
97 30 1
97 32 1
97 33 1
97 40 1
97 44 1
97 46 1
97 47 1
97 48 1
97 53 1
97 54 1
97 59 1
97 62 1
97 63 1
97 66 1
97 67 1
97 68 1
97 70 1
97 73 1
97 77 1
97 78 1
97 81 1
97 85 1
97 86 1
97 91 1
97 94 1
98 0 1
98 1 1
98 2 1
98 3 1
98 16 1
98 25 1
98 26 1
98 27 1
98 34 1
98 39 1
98 42 1
98 43 1
98 46 1
98 48 1
98 51 1
98 56 1
98 63 1
98 64 1
98 69 1
98 71 1
98 73 1
98 76 1
98 80 1
98 84 1
99 0 1
99 1 1
99 2 1
99 3 1
99 5 1
99 6 1
99 7 1
99 8 1
99 9 1
99 10 1
99 11 1
99 15 1
99 17 1
99 18 1
99 25 1
99 28 1
99 32 1
99 33 1
99 34 1
99 36 1
99 40 1
99 41 1
99 44 1
99 46 1
99 47 1
99 48 1
99 49 1
99 51 1
99 53 1
99 54 1
99 55 1
99 56 1
99 59 1
99 60 1
99 61 1
99 62 1
99 63 1
99 66 1
99 67 1
99 70 1
99 75 1
99 76 1
99 81 1
99 82 1
99 85 1
99 86 1
99 87 1
99 88 1
99 90 1
99 92 1
99 94 1
99 97 1
100 0 1
100 2 1
100 6 1
100 7 1
100 8 1
100 9 1
100 10 1
100 11 1
100 17 1
100 28 1
100 32 1
100 33 1
100 36 1
100 40 1
100 41 1
100 47 1
100 49 1
100 51 1
100 53 1
100 54 1
100 55 1
100 56 1
100 59 1
100 60 1
100 61 1
100 62 1
100 66 1
100 67 1
100 70 1
100 74 1
100 75 1
100 76 1
100 79 1
100 81 1
100 82 1
100 85 1
100 86 1
100 87 1
100 88 1
100 89 1
100 90 1
100 92 1
100 94 1
100 97 1
100 99 1
101 0 1
101 1 1
101 2 1
101 3 1
101 11 1
101 12 1
101 16 1
101 17 1
101 18 1
101 25 1
101 27 1
101 28 1
101 33 1
101 34 1
101 36 1
101 39 1
101 42 1
101 43 1
101 46 1
101 48 1
101 51 1
101 53 1
101 54 1
101 56 1
101 62 1
101 64 1
101 67 1
101 76 1
101 80 1
101 81 1
101 82 1
101 86 1
101 87 1
101 98 1
101 99 1
101 100 1
102 4 1
102 5 1
102 6 1
102 13 1
102 21 1
102 22 1
102 30 1
102 31 1
102 32 1
102 33 1
102 38 1
102 40 1
102 41 1
102 44 1
102 45 1
102 46 1
102 47 1
102 58 1
102 59 1
102 60 1
102 62 1
102 63 1
102 66 1
102 68 1
102 77 1
102 78 1
102 83 1
102 84 1
102 91 1
102 92 1
102 95 1
102 96 1
102 97 1
103 4 1
103 5 1
103 6 1
103 7 1
103 8 1
103 9 1
103 10 1
103 13 1
103 15 1
103 21 1
103 22 1
103 25 1
103 30 1
103 31 1
103 32 1
103 33 1
103 38 1
103 39 1
103 40 1
103 41 1
103 44 1
103 45 1
103 46 1
103 47 1
103 58 1
103 59 1
103 60 1
103 62 1
103 63 1
103 66 1
103 68 1
103 69 1
103 70 1
103 77 1
103 78 1
103 83 1
103 84 1
103 91 1
103 92 1
103 96 1
103 97 1
103 102 1
104 5 1
104 13 1
104 15 1
104 21 1
104 22 1
104 25 1
104 26 1
104 31 1
104 32 1
104 33 1
104 34 1
104 38 1
104 39 1
104 42 1
104 43 1
104 44 1
104 46 1
104 48 1
104 58 1
104 59 1
104 62 1
104 63 1
104 68 1
104 69 1
104 70 1
104 71 1
104 73 1
104 80 1
104 83 1
104 84 1
104 98 1
104 102 1
104 103 1
105 2 1
105 3 1
105 5 1
105 6 1
105 7 1
105 9 1
105 11 1
105 12 1
105 16 1
105 18 1
105 19 1
105 20 1
105 22 1
105 25 1
105 27 1
105 28 1
105 29 1
105 31 1
105 32 1
105 33 1
105 34 1
105 36 1
105 38 1
105 39 1
105 40 1
105 41 1
105 43 1
105 44 1
105 46 1
105 48 1
105 49 1
105 51 1
105 53 1
105 54 1
105 56 1
105 57 1
105 58 1
105 59 1
105 60 1
105 62 1
105 63 1
105 64 1
105 66 1
105 67 1
105 68 1
105 69 1
105 70 1
105 76 1
105 82 1
105 84 1
105 92 1
105 98 1
105 99 1
105 100 1
105 101 1
105 103 1
105 104 1
106 6 1
106 7 1
106 10 1
106 11 1
106 12 1
106 14 1
106 20 1
106 23 1
106 24 1
106 28 1
106 32 1
106 33 1
106 35 1
106 36 1
106 40 1
106 41 1
106 45 1
106 47 1
106 49 1
106 50 1
106 52 1
106 54 1
106 55 1
106 59 1
106 60 1
106 61 1
106 65 1
106 66 1
106 72 1
106 74 1
106 75 1
106 79 1
106 85 1
106 87 1
106 88 1
106 89 1
106 90 1
106 92 1
106 93 1
106 94 1
106 95 1
106 99 1
106 100 1
107 6 1
107 7 1
107 10 1
107 14 1
107 23 1
107 24 1
107 35 1
107 40 1
107 41 1
107 45 1
107 47 1
107 49 1
107 50 1
107 52 1
107 54 1
107 55 1
107 59 1
107 60 1
107 61 1
107 65 1
107 72 1
107 74 1
107 75 1
107 79 1
107 85 1
107 87 1
107 88 1
107 89 1
107 90 1
107 93 1
107 94 1
107 95 1
107 106 1
108 4 1
108 6 1
108 7 1
108 8 1
108 10 1
108 14 1
108 23 1
108 24 1
108 37 1
108 40 1
108 41 1
108 45 1
108 47 1
108 52 1
108 54 1
108 55 1
108 60 1
108 61 1
108 65 1
108 72 1
108 75 1
108 79 1
108 85 1
108 87 1
108 89 1
108 90 1
108 93 1
108 94 1
108 95 1
108 96 1
108 100 1
108 106 1
108 107 1
109 4 1
109 6 1
109 7 1
109 8 1
109 9 1
109 10 1
109 11 1
109 14 1
109 17 1
109 23 1
109 24 1
109 28 1
109 30 1
109 33 1
109 35 1
109 37 1
109 40 1
109 41 1
109 45 1
109 47 1
109 49 1
109 50 1
109 52 1
109 53 1
109 54 1
109 55 1
109 59 1
109 60 1
109 61 1
109 65 1
109 66 1
109 72 1
109 75 1
109 79 1
109 81 1
109 85 1
109 87 1
109 88 1
109 89 1
109 90 1
109 92 1
109 93 1
109 94 1
109 95 1
109 96 1
109 97 1
109 99 1
109 100 1
109 106 1
109 107 1
109 108 1
110 0 1
110 1 1
110 2 1
110 3 1
110 16 1
110 18 1
110 19 1
110 27 1
110 28 1
110 34 1
110 36 1
110 39 1
110 42 1
110 43 1
110 46 1
110 48 1
110 51 1
110 53 1
110 56 1
110 64 1
110 67 1
110 69 1
110 71 1
110 76 1
110 80 1
110 82 1
110 98 1
110 101 1
110 105 1
111 6 1
111 7 1
111 8 1
111 10 1
111 11 1
111 14 1
111 17 1
111 23 1
111 24 1
111 28 1
111 35 1
111 40 1
111 41 1
111 47 1
111 49 1
111 50 1
111 53 1
111 54 1
111 55 1
111 60 1
111 61 1
111 65 1
111 74 1
111 75 1
111 79 1
111 82 1
111 85 1
111 87 1
111 88 1
111 89 1
111 90 1
111 93 1
111 94 1
111 99 1
111 100 1
111 106 1
111 107 1
111 108 1
111 109 1
112 2 1
112 3 1
112 5 1
112 12 1
112 13 1
112 16 1
112 18 1
112 19 1
112 20 1
112 25 1
112 26 1
112 27 1
112 29 1
112 31 1
112 32 1
112 33 1
112 34 1
112 36 1
112 38 1
112 39 1
112 42 1
112 43 1
112 44 1
112 46 1
112 48 1
112 51 1
112 56 1
112 58 1
112 59 1
112 62 1
112 63 1
112 64 1
112 68 1
112 69 1
112 71 1
112 73 1
112 80 1
112 82 1
112 83 1
112 84 1
112 92 1
112 98 1
112 101 1
112 103 1
112 104 1
112 105 1
112 110 1
113 4 1
113 6 1
113 7 1
113 8 1
113 9 1
113 10 1
113 11 1
113 15 1
113 17 1
113 21 1
113 25 1
113 28 1
113 30 1
113 32 1
113 33 1
113 37 1
113 40 1
113 41 1
113 44 1
113 45 1
113 46 1
113 47 1
113 53 1
113 54 1
113 59 1
113 60 1
113 61 1
113 62 1
113 63 1
113 66 1
113 67 1
113 68 1
113 70 1
113 72 1
113 77 1
113 78 1
113 79 1
113 81 1
113 85 1
113 86 1
113 91 1
113 92 1
113 93 1
113 94 1
113 95 1
113 96 1
113 97 1
113 99 1
113 100 1
113 102 1
113 103 1
113 108 1
113 109 1
114 9 1
114 13 1
114 15 1
114 16 1
114 25 1
114 26 1
114 31 1
114 32 1
114 34 1
114 38 1
114 39 1
114 42 1
114 43 1
114 44 1
114 46 1
114 48 1
114 58 1
114 62 1
114 63 1
114 67 1
114 68 1
114 69 1
114 70 1
114 71 1
114 73 1
114 80 1
114 83 1
114 84 1
114 97 1
114 98 1
114 104 1
114 105 1
114 112 1
115 0 1
115 1 1
115 2 1
115 3 1
115 9 1
115 11 1
115 16 1
115 17 1
115 18 1
115 25 1
115 26 1
115 27 1
115 28 1
115 33 1
115 34 1
115 39 1
115 42 1
115 43 1
115 46 1
115 48 1
115 51 1
115 53 1
115 56 1
115 62 1
115 63 1
115 64 1
115 67 1
115 69 1
115 70 1
115 71 1
115 73 1
115 76 1
115 80 1
115 81 1
115 82 1
115 84 1
115 86 1
115 98 1
115 99 1
115 101 1
115 104 1
115 105 1
115 110 1
115 112 1
115 114 1
116 0 1
116 1 1
116 2 1
116 3 1
116 6 1
116 7 1
116 10 1
116 11 1
116 12 1
116 17 1
116 18 1
116 19 1
116 20 1
116 28 1
116 29 1
116 32 1
116 33 1
116 35 1
116 36 1
116 40 1
116 41 1
116 47 1
116 49 1
116 50 1
116 51 1
116 53 1
116 54 1
116 55 1
116 56 1
116 59 1
116 60 1
116 74 1
116 75 1
116 76 1
116 81 1
116 82 1
116 87 1
116 88 1
116 89 1
116 90 1
116 92 1
116 94 1
116 99 1
116 100 1
116 101 1
116 105 1
116 106 1
116 107 1
116 109 1
116 111 1
117 6 1
117 10 1
117 11 1
117 14 1
117 23 1
117 24 1
117 28 1
117 35 1
117 40 1
117 41 1
117 49 1
117 50 1
117 52 1
117 54 1
117 55 1
117 60 1
117 61 1
117 65 1
117 74 1
117 75 1
117 79 1
117 87 1
117 88 1
117 89 1
117 90 1
117 93 1
117 94 1
117 100 1
117 106 1
117 107 1
117 108 1
117 109 1
117 111 1
117 116 1
118 4 1
118 7 1
118 8 1
118 9 1
118 10 1
118 15 1
118 21 1
118 22 1
118 30 1
118 32 1
118 37 1
118 40 1
118 44 1
118 45 1
118 47 1
118 59 1
118 60 1
118 61 1
118 62 1
118 66 1
118 68 1
118 70 1
118 72 1
118 77 1
118 78 1
118 85 1
118 91 1
118 94 1
118 95 1
118 96 1
118 97 1
118 102 1
118 103 1
118 108 1
118 109 1
118 113 1
119 4 1
119 5 1
119 7 1
119 8 1
119 9 1
119 15 1
119 17 1
119 21 1
119 22 1
119 25 1
119 30 1
119 31 1
119 32 1
119 33 1
119 38 1
119 40 1
119 41 1
119 44 1
119 46 1
119 47 1
119 48 1
119 53 1
119 54 1
119 58 1
119 59 1
119 60 1
119 62 1
119 63 1
119 66 1
119 67 1
119 68 1
119 69 1
119 70 1
119 73 1
119 77 1
119 78 1
119 80 1
119 81 1
119 83 1
119 84 1
119 85 1
119 86 1
119 91 1
119 92 1
119 94 1
119 97 1
119 99 1
119 100 1
119 102 1
119 103 1
119 104 1
119 105 1
119 113 1
119 114 1
119 118 1
120 0 1
120 1 1
120 2 1
120 3 1
120 5 1
120 12 1
120 16 1
120 18 1
120 19 1
120 20 1
120 27 1
120 28 1
120 29 1
120 33 1
120 34 1
120 36 1
120 39 1
120 42 1
120 43 1
120 46 1
120 48 1
120 51 1
120 56 1
120 64 1
120 69 1
120 71 1
120 76 1
120 82 1
120 84 1
120 98 1
120 101 1
120 105 1
120 110 1
120 112 1
120 115 1
