# minsup
1
# graph
G_./1YSG.pdb
# node ID, label
0 A
1 A
2 A
3 A
4 A
5 A
6 A
7 A
8 A
9 A
10 A
11 A
12 A
13 A
14 A
15 C
16 D
17 D
18 D
19 D
20 D
21 D
22 D
23 D
24 E
25 E
26 E
27 E
28 E
29 E
30 E
31 E
32 E
33 E
34 E
35 E
36 E
37 E
38 E
39 E
40 E
41 E
42 E
43 E
44 F
45 F
46 F
47 F
48 F
49 F
50 F
51 F
52 F
53 F
54 G
55 G
56 G
57 G
58 G
59 G
60 G
61 G
62 G
63 G
64 G
65 G
66 H
67 H
68 H
69 H
70 H
71 H
72 H
73 H
74 I
75 I
76 I
77 I
78 K
79 K
80 K
81 K
82 K
83 L
84 L
85 L
86 L
87 L
88 L
89 L
90 L
91 L
92 L
93 L
94 L
95 L
96 L
97 M
98 M
99 M
100 M
101 M
102 N
103 N
104 N
105 N
106 N
107 N
108 N
109 N
110 P
111 P
112 P
113 Q
114 Q
115 Q
116 Q
117 Q
118 Q
119 Q
120 Q
121 Q
122 Q
123 R
124 R
125 R
126 R
127 R
128 R
129 R
130 R
131 R
132 R
133 R
134 S
135 S
136 S
137 S
138 S
139 S
140 S
141 S
142 S
143 S
144 S
145 S
146 S
147 S
148 S
149 S
150 T
151 T
152 T
153 T
154 T
155 T
156 T
157 V
158 V
159 V
160 V
161 V
162 V
163 V
164 V
165 V
166 V
167 V
168 V
169 V
170 W
171 W
172 W
173 W
174 W
175 Y
176 Y
177 Y
178 Y
179 Y
180 Y
# node ID1, node ID2, number of bounds
2 0 1
3 2 1
4 2 1
4 3 1
7 3 1
7 4 1
7 5 1
8 4 1
8 5 1
8 6 1
8 7 1
9 6 1
9 7 1
9 8 1
10 6 1
10 8 1
10 9 1
11 6 1
11 7 1
11 8 1
11 9 1
11 10 1
12 2 1
12 3 1
12 4 1
13 3 1
13 4 1
13 12 1
14 2 1
14 3 1
14 4 1
14 12 1
14 13 1
15 6 1
15 7 1
15 8 1
15 9 1
15 10 1
15 11 1
16 2 1
16 3 1
16 4 1
16 8 1
16 9 1
16 10 1
16 11 1
16 15 1
18 3 1
18 4 1
18 5 1
18 7 1
18 8 1
19 5 1
19 7 1
19 8 1
20 5 1
20 7 1
21 8 1
21 15 1
22 0 1
22 9 1
22 10 1
22 11 1
23 0 1
23 2 1
23 3 1
23 4 1
23 14 1
24 0 1
24 2 1
24 9 1
24 10 1
24 11 1
24 15 1
24 16 1
24 22 1
25 17 1
26 1 1
26 17 1
26 25 1
27 1 1
27 26 1
28 1 1
28 27 1
29 0 1
29 1 1
29 2 1
29 3 1
29 16 1
29 23 1
29 24 1
29 27 1
29 28 1
30 0 1
30 2 1
30 3 1
30 16 1
30 23 1
30 24 1
30 28 1
30 29 1
31 2 1
31 3 1
31 4 1
31 7 1
31 8 1
31 12 1
31 13 1
31 14 1
31 16 1
31 18 1
31 30 1
32 3 1
32 4 1
32 5 1
32 7 1
32 8 1
32 12 1
32 18 1
32 31 1
33 3 1
33 4 1
33 5 1
33 7 1
33 8 1
33 18 1
33 19 1
33 31 1
33 32 1
34 6 1
34 7 1
34 8 1
34 9 1
34 10 1
34 11 1
34 15 1
34 19 1
34 20 1
34 22 1
35 5 1
35 7 1
35 19 1
35 20 1
35 34 1
36 6 1
36 8 1
36 9 1
36 15 1
36 21 1
37 8 1
37 15 1
37 17 1
37 21 1
37 36 1
38 0 1
38 11 1
38 22 1
38 23 1
38 24 1
39 0 1
39 22 1
39 23 1
39 38 1
40 2 1
40 3 1
40 4 1
40 12 1
40 13 1
40 14 1
40 23 1
40 30 1
40 31 1
41 12 1
41 13 1
41 14 1
41 40 1
42 41 1
43 41 1
43 42 1
44 2 1
44 3 1
44 4 1
44 7 1
44 8 1
44 9 1
44 10 1
44 11 1
44 15 1
44 16 1
44 18 1
44 24 1
44 29 1
44 30 1
44 31 1
44 32 1
44 36 1
45 9 1
45 10 1
45 15 1
45 16 1
45 17 1
45 21 1
45 24 1
45 25 1
45 26 1
45 36 1
45 37 1
45 44 1
46 3 1
46 4 1
46 5 1
46 7 1
46 8 1
46 18 1
46 31 1
46 32 1
46 33 1
46 35 1
46 44 1
47 4 1
47 5 1
47 7 1
47 8 1
47 18 1
47 19 1
47 32 1
47 33 1
47 35 1
47 36 1
47 46 1
48 6 1
48 7 1
48 8 1
48 9 1
48 10 1
48 11 1
48 15 1
48 19 1
48 34 1
48 35 1
48 36 1
48 47 1
49 5 1
49 7 1
49 11 1
49 20 1
49 22 1
49 34 1
49 35 1
49 38 1
49 47 1
49 48 1
50 3 1
50 4 1
50 5 1
50 7 1
50 8 1
50 9 1
50 10 1
50 11 1
50 15 1
50 16 1
50 18 1
50 19 1
50 20 1
50 31 1
50 32 1
50 33 1
50 34 1
50 35 1
50 38 1
50 44 1
50 46 1
50 47 1
50 48 1
50 49 1
51 2 1
51 3 1
51 4 1
51 5 1
51 7 1
51 8 1
51 9 1
51 10 1
51 11 1
51 15 1
51 16 1
51 18 1
51 24 1
51 31 1
51 32 1
51 33 1
51 34 1
51 35 1
51 36 1
51 38 1
51 44 1
51 46 1
51 47 1
51 48 1
51 49 1
51 50 1
52 4 1
52 5 1
52 6 1
52 7 1
52 8 1
52 9 1
52 10 1
52 11 1
52 15 1
52 16 1
52 18 1
52 19 1
52 31 1
52 32 1
52 33 1
52 34 1
52 35 1
52 36 1
52 44 1
52 46 1
52 47 1
52 48 1
52 49 1
52 50 1
52 51 1
53 2 1
53 3 1
53 4 1
53 7 1
53 12 1
53 13 1
53 14 1
53 23 1
53 30 1
53 31 1
53 32 1
53 38 1
53 39 1
53 40 1
53 41 1
53 46 1
53 50 1
53 51 1
54 8 1
54 15 1
54 21 1
54 36 1
54 37 1
54 44 1
54 45 1
55 0 1
55 1 1
55 2 1
55 24 1
55 27 1
55 28 1
55 29 1
55 30 1
56 2 1
56 3 1
56 4 1
56 5 1
56 7 1
56 8 1
56 15 1
56 16 1
56 18 1
56 31 1
56 32 1
56 33 1
56 44 1
56 46 1
56 47 1
56 50 1
56 51 1
56 52 1
56 53 1
57 6 1
57 34 1
57 48 1
58 7 1
58 20 1
58 35 1
58 38 1
58 39 1
58 49 1
58 50 1
59 3 1
59 4 1
59 5 1
59 7 1
59 18 1
59 20 1
59 23 1
59 31 1
59 32 1
59 33 1
59 35 1
59 38 1
59 39 1
59 40 1
59 46 1
59 47 1
59 49 1
59 50 1
59 51 1
59 52 1
59 53 1
59 56 1
59 58 1
60 4 1
60 5 1
60 6 1
60 7 1
60 8 1
60 9 1
60 10 1
60 11 1
60 15 1
60 16 1
60 18 1
60 19 1
60 21 1
60 24 1
60 33 1
60 34 1
60 35 1
60 36 1
60 44 1
60 46 1
60 47 1
60 48 1
60 49 1
60 50 1
60 51 1
60 52 1
60 56 1
60 59 1
61 3 1
61 4 1
61 6 1
61 7 1
61 8 1
61 9 1
61 10 1
61 11 1
61 15 1
61 16 1
61 18 1
61 21 1
61 24 1
61 31 1
61 32 1
61 33 1
61 34 1
61 36 1
61 44 1
61 45 1
61 46 1
61 47 1
61 48 1
61 50 1
61 51 1
61 52 1
61 54 1
61 56 1
61 60 1
62 0 1
62 2 1
62 23 1
62 38 1
62 39 1
62 40 1
62 53 1
62 59 1
63 0 1
63 2 1
63 3 1
63 22 1
63 23 1
63 30 1
63 38 1
63 39 1
63 40 1
63 53 1
63 59 1
63 62 1
64 2 1
64 3 1
64 4 1
64 7 1
64 12 1
64 13 1
64 14 1
64 18 1
64 23 1
64 30 1
64 31 1
64 32 1
64 40 1
64 41 1
64 44 1
64 46 1
64 53 1
64 56 1
64 59 1
64 62 1
64 63 1
65 13 1
65 14 1
65 41 1
65 42 1
65 43 1
66 6 1
66 8 1
66 15 1
66 19 1
66 21 1
66 34 1
66 36 1
66 37 1
66 47 1
66 48 1
66 52 1
66 57 1
66 60 1
67 9 1
67 10 1
67 11 1
67 20 1
67 22 1
67 34 1
67 35 1
67 38 1
67 39 1
67 48 1
67 49 1
67 50 1
67 51 1
67 58 1
67 63 1
68 42 1
68 43 1
69 42 1
69 43 1
69 65 1
69 68 1
70 42 1
70 43 1
70 68 1
70 69 1
71 42 1
71 43 1
71 68 1
71 69 1
71 70 1
72 42 1
72 43 1
72 68 1
72 69 1
72 70 1
72 71 1
73 42 1
73 43 1
73 68 1
73 69 1
73 70 1
73 71 1
73 72 1
74 6 1
74 8 1
74 9 1
74 15 1
74 19 1
74 21 1
74 34 1
74 36 1
74 37 1
74 48 1
74 52 1
74 57 1
74 60 1
74 61 1
74 66 1
75 2 1
75 3 1
75 4 1
75 5 1
75 7 1
75 8 1
75 9 1
75 11 1
75 18 1
75 20 1
75 22 1
75 23 1
75 31 1
75 32 1
75 33 1
75 34 1
75 35 1
75 38 1
75 39 1
75 44 1
75 46 1
75 47 1
75 49 1
75 50 1
75 51 1
75 52 1
75 53 1
75 56 1
75 58 1
75 59 1
75 60 1
75 61 1
75 62 1
75 63 1
75 64 1
75 67 1
76 6 1
76 8 1
76 9 1
76 10 1
76 11 1
76 15 1
76 16 1
76 21 1
76 24 1
76 34 1
76 36 1
76 44 1
76 45 1
76 48 1
76 50 1
76 51 1
76 52 1
76 57 1
76 60 1
76 61 1
76 66 1
76 74 1
77 0 1
77 2 1
77 3 1
77 7 1
77 11 1
77 22 1
77 23 1
77 38 1
77 39 1
77 40 1
77 49 1
77 50 1
77 51 1
77 53 1
77 58 1
77 59 1
77 62 1
77 63 1
77 67 1
77 75 1
78 3 1
78 4 1
78 7 1
78 8 1
78 9 1
78 15 1
78 16 1
78 18 1
78 21 1
78 24 1
78 31 1
78 32 1
78 33 1
78 36 1
78 44 1
78 45 1
78 50 1
78 51 1
78 52 1
78 54 1
78 56 1
78 60 1
78 61 1
78 76 1
79 8 1
79 15 1
79 16 1
79 21 1
79 36 1
79 37 1
79 44 1
79 45 1
79 54 1
79 61 1
79 78 1
80 0 1
80 2 1
80 3 1
80 4 1
80 7 1
80 9 1
80 11 1
80 16 1
80 18 1
80 23 1
80 24 1
80 29 1
80 30 1
80 31 1
80 32 1
80 40 1
80 44 1
80 50 1
80 51 1
80 52 1
80 53 1
80 56 1
80 59 1
80 60 1
80 61 1
80 63 1
80 64 1
80 75 1
80 78 1
81 8 1
81 15 1
81 21 1
81 36 1
81 37 1
81 45 1
81 54 1
81 61 1
81 66 1
81 74 1
81 78 1
81 79 1
82 4 1
82 12 1
82 13 1
82 14 1
82 32 1
82 41 1
82 42 1
82 43 1
82 64 1
82 65 1
83 0 1
83 2 1
83 3 1
83 4 1
83 7 1
83 8 1
83 9 1
83 10 1
83 11 1
83 15 1
83 16 1
83 22 1
83 23 1
83 24 1
83 29 1
83 30 1
83 38 1
83 44 1
83 50 1
83 51 1
83 52 1
83 56 1
83 60 1
83 61 1
83 63 1
83 67 1
83 75 1
83 76 1
83 77 1
83 78 1
83 80 1
84 3 1
84 4 1
84 7 1
84 8 1
84 9 1
84 10 1
84 11 1
84 15 1
84 16 1
84 18 1
84 21 1
84 24 1
84 31 1
84 36 1
84 44 1
84 45 1
84 50 1
84 51 1
84 52 1
84 54 1
84 56 1
84 60 1
84 61 1
84 76 1
84 78 1
84 79 1
84 80 1
84 83 1
85 8 1
85 9 1
85 15 1
85 16 1
85 18 1
85 21 1
85 24 1
85 36 1
85 37 1
85 44 1
85 45 1
85 51 1
85 52 1
85 54 1
85 56 1
85 60 1
85 61 1
85 76 1
85 78 1
85 79 1
85 80 1
85 81 1
85 83 1
85 84 1
86 2 1
86 3 1
86 4 1
86 7 1
86 8 1
86 11 1
86 12 1
86 16 1
86 18 1
86 23 1
86 24 1
86 30 1
86 31 1
86 32 1
86 33 1
86 40 1
86 44 1
86 46 1
86 50 1
86 51 1
86 52 1
86 53 1
86 56 1
86 59 1
86 60 1
86 61 1
86 63 1
86 64 1
86 75 1
86 77 1
86 78 1
86 80 1
86 83 1
86 84 1
86 85 1
87 4 1
87 5 1
87 7 1
87 8 1
87 18 1
87 31 1
87 32 1
87 33 1
87 46 1
87 47 1
87 50 1
87 52 1
87 56 1
87 59 1
87 82 1
87 86 1
88 5 1
88 6 1
88 7 1
88 8 1
88 15 1
88 19 1
88 33 1
88 34 1
88 35 1
88 36 1
88 46 1
88 47 1
88 48 1
88 49 1
88 50 1
88 51 1
88 52 1
88 60 1
88 61 1
88 66 1
88 74 1
88 76 1
89 5 1
89 6 1
89 8 1
89 9 1
89 15 1
89 19 1
89 34 1
89 35 1
89 36 1
89 47 1
89 48 1
89 50 1
89 52 1
89 57 1
89 60 1
89 61 1
89 66 1
89 74 1
89 76 1
89 88 1
90 5 1
90 7 1
90 19 1
90 20 1
90 33 1
90 34 1
90 35 1
90 46 1
90 47 1
90 48 1
90 49 1
90 50 1
90 51 1
90 52 1
90 56 1
90 58 1
90 59 1
90 60 1
90 67 1
90 75 1
90 77 1
90 88 1
90 89 1
91 6 1
91 7 1
91 8 1
91 9 1
91 10 1
91 11 1
91 15 1
91 16 1
91 18 1
91 19 1
91 21 1
91 33 1
91 34 1
91 36 1
91 37 1
91 44 1
91 45 1
91 47 1
91 48 1
91 50 1
91 51 1
91 52 1
91 56 1
91 60 1
91 61 1
91 66 1
91 74 1
91 76 1
91 78 1
91 79 1
91 81 1
91 84 1
91 85 1
91 88 1
91 89 1
92 6 1
92 8 1
92 9 1
92 10 1
92 11 1
92 15 1
92 17 1
92 21 1
92 36 1
92 37 1
92 45 1
92 48 1
92 57 1
92 60 1
92 61 1
92 66 1
92 74 1
92 76 1
92 81 1
92 84 1
92 85 1
92 89 1
92 91 1
93 0 1
93 7 1
93 9 1
93 10 1
93 11 1
93 16 1
93 22 1
93 24 1
93 34 1
93 38 1
93 39 1
93 44 1
93 48 1
93 49 1
93 50 1
93 51 1
93 52 1
93 58 1
93 59 1
93 60 1
93 61 1
93 63 1
93 67 1
93 75 1
93 76 1
93 77 1
93 80 1
93 83 1
93 86 1
93 90 1
94 0 1
94 7 1
94 10 1
94 11 1
94 20 1
94 22 1
94 34 1
94 35 1
94 38 1
94 39 1
94 49 1
94 50 1
94 51 1
94 53 1
94 58 1
94 59 1
94 62 1
94 63 1
94 67 1
94 75 1
94 77 1
94 83 1
94 90 1
94 93 1
95 2 1
95 3 1
95 4 1
95 12 1
95 13 1
95 14 1
95 23 1
95 31 1
95 32 1
95 40 1
95 41 1
95 53 1
95 56 1
95 59 1
95 62 1
95 63 1
95 64 1
95 75 1
95 77 1
95 80 1
95 82 1
95 86 1
96 41 1
96 42 1
96 43 1
96 65 1
96 68 1
96 69 1
96 70 1
96 71 1
96 72 1
96 73 1
96 82 1
97 0 1
98 0 1
98 22 1
98 23 1
98 30 1
98 38 1
98 63 1
98 77 1
98 97 1
99 0 1
99 2 1
99 11 1
99 16 1
99 22 1
99 23 1
99 24 1
99 29 1
99 30 1
99 38 1
99 39 1
99 62 1
99 63 1
99 67 1
99 77 1
99 80 1
99 83 1
99 93 1
99 94 1
99 97 1
99 98 1
100 6 1
100 8 1
100 9 1
100 15 1
100 17 1
100 21 1
100 36 1
100 37 1
100 45 1
100 54 1
100 57 1
100 61 1
100 66 1
100 74 1
100 76 1
100 79 1
100 81 1
100 84 1
100 85 1
100 89 1
100 91 1
100 92 1
101 6 1
101 7 1
101 8 1
101 9 1
101 10 1
101 11 1
101 15 1
101 16 1
101 22 1
101 24 1
101 34 1
101 35 1
101 38 1
101 44 1
101 48 1
101 49 1
101 50 1
101 51 1
101 52 1
101 60 1
101 61 1
101 67 1
101 75 1
101 76 1
101 77 1
101 80 1
101 83 1
101 84 1
101 86 1
101 89 1
101 90 1
101 91 1
101 92 1
101 93 1
101 94 1
101 99 1
102 0 1
102 2 1
102 9 1
102 10 1
102 11 1
102 16 1
102 22 1
102 24 1
102 29 1
102 30 1
102 38 1
102 44 1
102 50 1
102 51 1
102 60 1
102 61 1
102 63 1
102 67 1
102 75 1
102 76 1
102 77 1
102 80 1
102 83 1
102 84 1
102 86 1
102 93 1
102 94 1
102 98 1
102 99 1
102 101 1
103 1 1
103 17 1
103 25 1
103 26 1
103 27 1
104 5 1
104 6 1
104 7 1
104 11 1
104 19 1
104 20 1
104 22 1
104 34 1
104 35 1
104 47 1
104 48 1
104 49 1
104 50 1
104 51 1
104 52 1
104 58 1
104 59 1
104 60 1
104 67 1
104 75 1
104 76 1
104 88 1
104 89 1
104 90 1
104 91 1
104 93 1
104 94 1
104 101 1
105 4 1
105 7 1
105 20 1
105 23 1
105 35 1
105 38 1
105 39 1
105 46 1
105 49 1
105 50 1
105 51 1
105 53 1
105 58 1
105 59 1
105 62 1
105 63 1
105 67 1
105 75 1
105 77 1
105 86 1
105 90 1
105 93 1
105 94 1
105 95 1
105 104 1
106 0 1
106 9 1
106 10 1
106 11 1
106 22 1
106 24 1
106 34 1
106 38 1
106 39 1
106 49 1
106 50 1
106 51 1
106 60 1
106 63 1
106 67 1
106 75 1
106 76 1
106 77 1
106 83 1
106 93 1
106 94 1
106 98 1
106 99 1
106 101 1
106 102 1
107 23 1
107 38 1
107 39 1
107 40 1
107 49 1
107 53 1
107 58 1
107 59 1
107 62 1
107 63 1
107 67 1
107 75 1
107 77 1
107 93 1
107 94 1
107 95 1
107 99 1
107 105 1
108 2 1
108 3 1
108 4 1
108 12 1
108 13 1
108 14 1
108 23 1
108 30 1
108 31 1
108 32 1
108 40 1
108 41 1
108 53 1
108 56 1
108 64 1
108 80 1
108 82 1
108 86 1
108 95 1
109 2 1
109 3 1
109 4 1
109 12 1
109 13 1
109 14 1
109 23 1
109 30 1
109 31 1
109 40 1
109 41 1
109 53 1
109 64 1
109 80 1
109 86 1
109 95 1
109 108 1
110 1 1
110 26 1
110 27 1
110 28 1
110 29 1
110 55 1
110 103 1
111 6 1
111 15 1
111 37 1
111 48 1
111 57 1
111 66 1
111 74 1
111 76 1
111 81 1
111 89 1
111 92 1
111 100 1
112 0 1
112 11 1
112 22 1
112 23 1
112 38 1
112 39 1
112 49 1
112 58 1
112 62 1
112 63 1
112 67 1
112 75 1
112 77 1
112 93 1
112 94 1
112 98 1
112 99 1
112 101 1
112 102 1
112 105 1
112 106 1
112 107 1
113 0 1
113 2 1
113 9 1
113 10 1
113 11 1
113 16 1
113 22 1
113 24 1
113 29 1
113 30 1
113 38 1
113 44 1
113 55 1
113 67 1
113 77 1
113 80 1
113 83 1
113 93 1
113 94 1
113 97 1
113 98 1
113 99 1
113 101 1
113 102 1
113 106 1
113 112 1
114 8 1
114 15 1
114 16 1
114 18 1
114 21 1
114 31 1
114 36 1
114 44 1
114 45 1
114 54 1
114 56 1
114 61 1
114 78 1
114 79 1
114 81 1
114 84 1
114 85 1
114 91 1
115 15 1
115 16 1
115 17 1
115 21 1
115 25 1
115 26 1
115 37 1
115 45 1
115 54 1
115 78 1
115 79 1
115 81 1
115 84 1
115 85 1
115 92 1
115 100 1
115 103 1
115 114 1
116 2 1
116 3 1
116 4 1
116 7 1
116 12 1
116 13 1
116 14 1
116 16 1
116 18 1
116 23 1
116 24 1
116 29 1
116 30 1
116 31 1
116 32 1
116 40 1
116 44 1
116 46 1
116 51 1
116 53 1
116 56 1
116 61 1
116 64 1
116 75 1
116 78 1
116 80 1
116 83 1
116 84 1
116 86 1
116 95 1
116 102 1
116 108 1
116 109 1
117 5 1
117 6 1
117 8 1
117 15 1
117 19 1
117 34 1
117 35 1
117 36 1
117 47 1
117 48 1
117 52 1
117 57 1
117 60 1
117 66 1
117 74 1
117 88 1
117 89 1
117 90 1
117 91 1
117 104 1
117 111 1
118 6 1
118 9 1
118 10 1
118 11 1
118 34 1
118 35 1
118 48 1
118 49 1
118 57 1
118 60 1
118 66 1
118 74 1
118 76 1
118 88 1
118 89 1
118 91 1
118 92 1
118 101 1
118 104 1
118 111 1
118 117 1
119 5 1
119 6 1
119 19 1
119 20 1
119 34 1
119 35 1
119 47 1
119 48 1
119 49 1
119 50 1
119 51 1
119 52 1
119 57 1
119 60 1
119 66 1
119 67 1
119 74 1
119 76 1
119 88 1
119 89 1
119 90 1
119 91 1
119 101 1
119 104 1
119 117 1
119 118 1
120 6 1
120 8 1
120 9 1
120 10 1
120 15 1
120 17 1
120 21 1
120 36 1
120 37 1
120 45 1
120 54 1
120 60 1
120 61 1
120 74 1
120 76 1
120 78 1
120 79 1
120 81 1
120 84 1
120 85 1
120 91 1
120 92 1
120 100 1
120 111 1
120 115 1
121 0 1
121 22 1
121 23 1
121 38 1
121 39 1
121 40 1
121 53 1
121 58 1
121 59 1
121 62 1
121 63 1
121 67 1
121 75 1
121 77 1
121 93 1
121 94 1
121 98 1
121 99 1
121 102 1
121 105 1
121 106 1
121 107 1
121 112 1
122 12 1
122 13 1
122 14 1
122 41 1
122 42 1
122 43 1
122 65 1
122 68 1
122 69 1
122 71 1
122 72 1
122 82 1
122 96 1
123 0 1
123 9 1
123 10 1
123 11 1
123 15 1
123 16 1
123 22 1
123 24 1
123 30 1
123 38 1
123 44 1
123 50 1
123 51 1
123 60 1
123 61 1
123 67 1
123 76 1
123 80 1
123 83 1
123 84 1
123 93 1
123 94 1
123 99 1
123 101 1
123 102 1
123 106 1
123 113 1
124 1 1
124 17 1
124 25 1
124 26 1
124 27 1
124 28 1
124 55 1
124 103 1
124 110 1
124 115 1
125 2 1
125 3 1
125 4 1
125 7 1
125 8 1
125 12 1
125 16 1
125 18 1
125 23 1
125 30 1
125 31 1
125 32 1
125 33 1
125 40 1
125 44 1
125 46 1
125 50 1
125 51 1
125 52 1
125 53 1
125 56 1
125 59 1
125 60 1
125 61 1
125 64 1
125 75 1
125 78 1
125 80 1
125 83 1
125 84 1
125 85 1
125 86 1
125 87 1
125 95 1
125 108 1
125 109 1
125 114 1
125 116 1
126 4 1
126 5 1
126 7 1
126 18 1
126 19 1
126 31 1
126 32 1
126 33 1
126 46 1
126 47 1
126 50 1
126 52 1
126 56 1
126 59 1
126 82 1
126 87 1
126 88 1
126 90 1
127 4 1
127 5 1
127 7 1
127 8 1
127 18 1
127 19 1
127 32 1
127 33 1
127 46 1
127 47 1
127 50 1
127 52 1
127 56 1
127 87 1
127 88 1
127 90 1
127 126 1
128 5 1
128 7 1
128 19 1
128 32 1
128 33 1
128 35 1
128 46 1
128 47 1
128 52 1
128 87 1
128 88 1
128 90 1
128 117 1
128 126 1
128 127 1
129 5 1
129 7 1
129 20 1
129 34 1
129 35 1
129 48 1
129 49 1
129 50 1
129 51 1
129 58 1
129 59 1
129 67 1
129 75 1
129 88 1
129 90 1
129 93 1
129 94 1
129 104 1
129 105 1
129 119 1
130 3 1
130 4 1
130 5 1
130 7 1
130 18 1
130 20 1
130 32 1
130 33 1
130 34 1
130 35 1
130 38 1
130 39 1
130 46 1
130 47 1
130 49 1
130 50 1
130 51 1
130 52 1
130 53 1
130 56 1
130 58 1
130 59 1
130 60 1
130 61 1
130 63 1
130 67 1
130 75 1
130 77 1
130 86 1
130 87 1
130 88 1
130 90 1
130 93 1
130 94 1
130 101 1
130 104 1
130 105 1
130 107 1
130 112 1
130 119 1
130 121 1
130 126 1
130 129 1
131 6 1
131 8 1
131 9 1
131 10 1
131 11 1
131 15 1
131 16 1
131 17 1
131 24 1
131 34 1
131 36 1
131 45 1
131 48 1
131 51 1
131 52 1
131 57 1
131 60 1
131 61 1
131 66 1
131 74 1
131 76 1
131 83 1
131 84 1
131 89 1
131 91 1
131 92 1
131 93 1
131 100 1
131 101 1
131 102 1
131 106 1
131 111 1
131 118 1
131 120 1
131 123 1
132 12 1
132 13 1
132 14 1
132 32 1
132 40 1
132 41 1
132 42 1
132 43 1
132 53 1
132 64 1
132 65 1
132 82 1
132 95 1
132 96 1
132 108 1
132 109 1
132 122 1
133 41 1
133 42 1
133 43 1
133 65 1
133 68 1
133 69 1
133 70 1
133 71 1
133 72 1
133 73 1
133 82 1
133 96 1
133 122 1
133 132 1
134 0 1
134 23 1
134 30 1
134 55 1
134 63 1
134 97 1
134 98 1
134 99 1
134 113 1
134 121 1
135 0 1
135 11 1
135 22 1
135 24 1
135 29 1
135 30 1
135 38 1
135 55 1
135 63 1
135 67 1
135 77 1
135 83 1
135 93 1
135 94 1
135 97 1
135 98 1
135 99 1
135 102 1
135 106 1
135 112 1
135 113 1
135 121 1
135 123 1
135 134 1
136 0 1
136 2 1
136 3 1
136 9 1
136 10 1
136 11 1
136 16 1
136 22 1
136 23 1
136 24 1
136 29 1
136 30 1
136 38 1
136 44 1
136 51 1
136 55 1
136 63 1
136 67 1
136 75 1
136 77 1
136 80 1
136 83 1
136 84 1
136 86 1
136 93 1
136 94 1
136 98 1
136 99 1
136 101 1
136 102 1
136 106 1
136 112 1
136 113 1
136 116 1
136 121 1
136 123 1
136 134 1
136 135 1
137 8 1
137 9 1
137 10 1
137 11 1
137 15 1
137 16 1
137 17 1
137 21 1
137 24 1
137 31 1
137 36 1
137 44 1
137 45 1
137 51 1
137 52 1
137 54 1
137 56 1
137 60 1
137 61 1
137 76 1
137 78 1
137 79 1
137 80 1
137 83 1
137 84 1
137 85 1
137 86 1
137 91 1
137 92 1
137 101 1
137 102 1
137 114 1
137 115 1
137 116 1
137 120 1
137 123 1
137 125 1
137 131 1
138 8 1
138 15 1
138 16 1
138 21 1
138 36 1
138 44 1
138 45 1
138 54 1
138 61 1
138 78 1
138 79 1
138 80 1
138 81 1
138 84 1
138 85 1
138 91 1
138 114 1
138 115 1
138 120 1
138 125 1
138 137 1
139 8 1
139 9 1
139 15 1
139 16 1
139 17 1
139 21 1
139 24 1
139 25 1
139 26 1
139 36 1
139 37 1
139 44 1
139 45 1
139 54 1
139 61 1
139 78 1
139 79 1
139 81 1
139 84 1
139 85 1
139 92 1
139 100 1
139 114 1
139 115 1
139 120 1
139 137 1
139 138 1
140 9 1
140 15 1
140 16 1
140 17 1
140 24 1
140 25 1
140 26 1
140 27 1
140 44 1
140 45 1
140 54 1
140 78 1
140 79 1
140 84 1
140 85 1
140 92 1
140 100 1
140 103 1
140 114 1
140 115 1
140 120 1
140 124 1
140 131 1
140 137 1
140 138 1
140 139 1
141 9 1
141 10 1
141 15 1
141 17 1
141 21 1
141 24 1
141 25 1
141 26 1
141 37 1
141 45 1
141 76 1
141 84 1
141 85 1
141 92 1
141 100 1
141 103 1
141 115 1
141 120 1
141 131 1
141 137 1
141 139 1
141 140 1
142 0 1
142 1 1
142 2 1
142 3 1
142 16 1
142 23 1
142 24 1
142 28 1
142 29 1
142 30 1
142 40 1
142 44 1
142 55 1
142 64 1
142 80 1
142 83 1
142 86 1
142 98 1
142 99 1
142 108 1
142 109 1
142 110 1
142 113 1
142 116 1
142 134 1
142 135 1
142 136 1
143 5 1
143 7 1
143 8 1
143 19 1
143 33 1
143 35 1
143 36 1
143 46 1
143 47 1
143 50 1
143 52 1
143 60 1
143 66 1
143 87 1
143 88 1
143 89 1
143 90 1
143 91 1
143 117 1
143 126 1
143 127 1
143 128 1
144 5 1
144 6 1
144 8 1
144 15 1
144 19 1
144 34 1
144 35 1
144 36 1
144 47 1
144 48 1
144 52 1
144 60 1
144 66 1
144 74 1
144 88 1
144 89 1
144 91 1
144 117 1
144 118 1
144 119 1
144 127 1
144 128 1
144 143 1
145 6 1
145 9 1
145 10 1
145 15 1
145 19 1
145 34 1
145 35 1
145 48 1
145 49 1
145 50 1
145 52 1
145 57 1
145 60 1
145 66 1
145 74 1
145 76 1
145 88 1
145 89 1
145 90 1
145 91 1
145 92 1
145 101 1
145 104 1
145 111 1
145 117 1
145 118 1
145 119 1
145 131 1
145 144 1
146 3 1
146 4 1
146 5 1
146 7 1
146 8 1
146 9 1
146 10 1
146 11 1
146 15 1
146 16 1
146 18 1
146 24 1
146 31 1
146 32 1
146 33 1
146 34 1
146 35 1
146 36 1
146 44 1
146 46 1
146 47 1
146 48 1
146 49 1
146 50 1
146 51 1
146 52 1
146 56 1
146 59 1
146 60 1
146 61 1
146 75 1
146 76 1
146 78 1
146 80 1
146 83 1
146 84 1
146 85 1
146 86 1
146 87 1
146 88 1
146 89 1
146 90 1
146 91 1
146 93 1
146 101 1
146 102 1
146 104 1
146 105 1
146 114 1
146 116 1
146 123 1
146 125 1
146 126 1
146 127 1
146 130 1
146 137 1
146 138 1
146 143 1
147 6 1
147 8 1
147 9 1
147 10 1
147 15 1
147 21 1
147 36 1
147 37 1
147 45 1
147 48 1
147 52 1
147 54 1
147 57 1
147 60 1
147 61 1
147 66 1
147 74 1
147 76 1
147 78 1
147 79 1
147 81 1
147 84 1
147 85 1
147 88 1
147 89 1
147 91 1
147 92 1
147 100 1
147 111 1
147 114 1
147 115 1
147 117 1
147 120 1
147 131 1
147 137 1
147 138 1
147 139 1
147 141 1
147 144 1
147 146 1
148 6 1
148 8 1
148 9 1
148 10 1
148 11 1
148 15 1
148 16 1
148 17 1
148 21 1
148 24 1
148 25 1
148 36 1
148 37 1
148 44 1
148 45 1
148 48 1
148 51 1
148 52 1
148 60 1
148 61 1
148 74 1
148 76 1
148 78 1
148 83 1
148 84 1
148 85 1
148 91 1
148 92 1
148 93 1
148 100 1
148 101 1
148 102 1
148 111 1
148 115 1
148 120 1
148 123 1
148 131 1
148 137 1
148 139 1
148 140 1
148 141 1
148 147 1
149 3 1
149 4 1
149 12 1
149 13 1
149 14 1
149 31 1
149 32 1
149 40 1
149 41 1
149 42 1
149 43 1
149 53 1
149 64 1
149 65 1
149 82 1
149 95 1
149 96 1
149 108 1
149 109 1
149 122 1
149 132 1
149 133 1
150 1 1
150 16 1
150 25 1
150 26 1
150 27 1
150 28 1
150 29 1
150 55 1
150 103 1
150 110 1
150 124 1
150 140 1
151 0 1
151 1 1
151 2 1
151 16 1
151 24 1
151 27 1
151 28 1
151 29 1
151 30 1
151 55 1
151 80 1
151 98 1
151 99 1
151 110 1
151 113 1
151 116 1
151 134 1
151 135 1
151 136 1
151 142 1
151 150 1
152 5 1
152 6 1
152 7 1
152 8 1
152 15 1
152 19 1
152 21 1
152 33 1
152 34 1
152 35 1
152 36 1
152 47 1
152 48 1
152 50 1
152 51 1
152 52 1
152 60 1
152 61 1
152 66 1
152 74 1
152 76 1
152 88 1
152 89 1
152 90 1
152 91 1
152 104 1
152 117 1
152 118 1
152 119 1
152 127 1
152 128 1
152 143 1
152 144 1
152 145 1
152 146 1
152 147 1
153 6 1
153 15 1
153 21 1
153 36 1
153 37 1
153 48 1
153 57 1
153 66 1
153 74 1
153 76 1
153 81 1
153 89 1
153 91 1
153 92 1
153 100 1
153 111 1
153 117 1
153 118 1
153 120 1
153 131 1
153 144 1
153 145 1
153 147 1
153 152 1
154 6 1
154 10 1
154 15 1
154 34 1
154 48 1
154 57 1
154 66 1
154 74 1
154 76 1
154 89 1
154 91 1
154 92 1
154 111 1
154 117 1
154 118 1
154 119 1
154 131 1
154 144 1
154 145 1
154 147 1
154 152 1
154 153 1
155 6 1
155 9 1
155 10 1
155 11 1
155 22 1
155 24 1
155 34 1
155 38 1
155 48 1
155 49 1
155 50 1
155 51 1
155 60 1
155 61 1
155 67 1
155 75 1
155 76 1
155 77 1
155 83 1
155 93 1
155 94 1
155 99 1
155 101 1
155 102 1
155 104 1
155 106 1
155 112 1
155 113 1
155 118 1
155 119 1
155 123 1
155 131 1
155 135 1
155 136 1
155 148 1
156 0 1
156 2 1
156 3 1
156 4 1
156 14 1
156 23 1
156 30 1
156 38 1
156 39 1
156 40 1
156 41 1
156 53 1
156 59 1
156 62 1
156 63 1
156 64 1
156 75 1
156 77 1
156 80 1
156 86 1
156 95 1
156 99 1
156 105 1
156 107 1
156 108 1
156 112 1
156 116 1
156 121 1
156 130 1
156 149 1
157 2 1
157 3 1
157 4 1
157 7 1
157 8 1
157 9 1
157 10 1
157 11 1
157 15 1
157 16 1
157 22 1
157 24 1
157 30 1
157 36 1
157 38 1
157 44 1
157 45 1
157 48 1
157 50 1
157 51 1
157 52 1
157 56 1
157 60 1
157 61 1
157 67 1
157 75 1
157 76 1
157 78 1
157 80 1
157 83 1
157 84 1
157 85 1
157 86 1
157 91 1
157 92 1
157 93 1
157 94 1
157 99 1
157 101 1
157 102 1
157 106 1
157 113 1
157 116 1
157 123 1
157 125 1
157 131 1
157 135 1
157 136 1
157 137 1
157 138 1
157 139 1
157 140 1
157 146 1
157 148 1
157 155 1
158 2 1
158 3 1
158 8 1
158 9 1
158 10 1
158 11 1
158 15 1
158 16 1
158 17 1
158 24 1
158 29 1
158 30 1
158 36 1
158 44 1
158 45 1
158 50 1
158 51 1
158 52 1
158 56 1
158 60 1
158 61 1
158 76 1
158 78 1
158 80 1
158 83 1
158 84 1
158 85 1
158 86 1
158 91 1
158 92 1
158 93 1
158 101 1
158 102 1
158 106 1
158 113 1
158 114 1
158 115 1
158 116 1
158 120 1
158 123 1
158 125 1
158 131 1
158 136 1
158 137 1
158 138 1
158 139 1
158 140 1
158 141 1
158 146 1
158 147 1
158 148 1
158 155 1
158 157 1
159 17 1
159 25 1
159 26 1
159 45 1
159 92 1
159 103 1
159 115 1
159 120 1
159 124 1
159 131 1
159 139 1
159 140 1
159 141 1
159 148 1
159 150 1
159 158 1
160 0 1
160 2 1
160 3 1
160 4 1
160 7 1
160 11 1
160 16 1
160 18 1
160 23 1
160 24 1
160 29 1
160 30 1
160 31 1
160 32 1
160 38 1
160 40 1
160 44 1
160 50 1
160 51 1
160 53 1
160 56 1
160 59 1
160 61 1
160 62 1
160 63 1
160 64 1
160 75 1
160 77 1
160 80 1
160 83 1
160 84 1
160 86 1
160 93 1
160 94 1
160 95 1
160 99 1
160 102 1
160 105 1
160 106 1
160 108 1
160 109 1
160 113 1
160 116 1
160 121 1
160 123 1
160 125 1
160 130 1
160 135 1
160 136 1
160 137 1
160 142 1
160 146 1
160 151 1
160 156 1
160 157 1
160 158 1
161 5 1
161 6 1
161 7 1
161 8 1
161 9 1
161 15 1
161 19 1
161 20 1
161 34 1
161 35 1
161 47 1
161 48 1
161 49 1
161 50 1
161 51 1
161 52 1
161 58 1
161 60 1
161 61 1
161 66 1
161 74 1
161 75 1
161 76 1
161 88 1
161 89 1
161 90 1
161 91 1
161 101 1
161 104 1
161 117 1
161 118 1
161 119 1
161 128 1
161 129 1
161 130 1
161 143 1
161 144 1
161 145 1
161 146 1
161 152 1
161 154 1
162 5 1
162 6 1
162 7 1
162 8 1
162 9 1
162 10 1
162 11 1
162 15 1
162 19 1
162 20 1
162 34 1
162 35 1
162 46 1
162 47 1
162 48 1
162 49 1
162 50 1
162 51 1
162 52 1
162 58 1
162 59 1
162 60 1
162 61 1
162 66 1
162 67 1
162 74 1
162 75 1
162 76 1
162 88 1
162 89 1
162 90 1
162 91 1
162 93 1
162 94 1
162 101 1
162 104 1
162 105 1
162 117 1
162 118 1
162 119 1
162 129 1
162 130 1
162 131 1
162 143 1
162 144 1
162 145 1
162 146 1
162 152 1
162 154 1
162 155 1
162 157 1
162 161 1
163 7 1
163 20 1
163 22 1
163 34 1
163 35 1
163 38 1
163 39 1
163 49 1
163 50 1
163 51 1
163 53 1
163 58 1
163 59 1
163 62 1
163 63 1
163 67 1
163 75 1
163 77 1
163 90 1
163 93 1
163 94 1
163 101 1
163 104 1
163 105 1
163 106 1
163 107 1
163 112 1
163 121 1
163 129 1
163 130 1
163 156 1
163 161 1
163 162 1
164 2 1
164 3 1
164 4 1
164 5 1
164 7 1
164 8 1
164 9 1
164 11 1
164 16 1
164 18 1
164 20 1
164 23 1
164 31 1
164 32 1
164 33 1
164 35 1
164 38 1
164 40 1
164 44 1
164 46 1
164 47 1
164 49 1
164 50 1
164 51 1
164 52 1
164 53 1
164 56 1
164 58 1
164 59 1
164 60 1
164 61 1
164 62 1
164 63 1
164 64 1
164 67 1
164 75 1
164 77 1
164 78 1
164 80 1
164 83 1
164 84 1
164 86 1
164 87 1
164 90 1
164 91 1
164 93 1
164 94 1
164 95 1
164 101 1
164 102 1
164 104 1
164 105 1
164 107 1
164 116 1
164 121 1
164 125 1
164 126 1
164 129 1
164 130 1
164 136 1
164 146 1
164 156 1
164 157 1
164 158 1
164 160 1
164 161 1
164 162 1
164 163 1
165 8 1
165 9 1
165 10 1
165 15 1
165 16 1
165 18 1
165 21 1
165 33 1
165 36 1
165 37 1
165 44 1
165 45 1
165 50 1
165 51 1
165 52 1
165 54 1
165 56 1
165 60 1
165 61 1
165 66 1
165 74 1
165 76 1
165 78 1
165 79 1
165 81 1
165 84 1
165 85 1
165 88 1
165 89 1
165 91 1
165 92 1
165 100 1
165 101 1
165 114 1
165 115 1
165 120 1
165 125 1
165 131 1
165 137 1
165 138 1
165 139 1
165 140 1
165 141 1
165 146 1
165 147 1
165 148 1
165 152 1
165 157 1
165 158 1
166 8 1
166 9 1
166 15 1
166 17 1
166 21 1
166 36 1
166 37 1
166 44 1
166 45 1
166 52 1
166 54 1
166 60 1
166 61 1
166 66 1
166 74 1
166 76 1
166 78 1
166 79 1
166 81 1
166 84 1
166 85 1
166 89 1
166 91 1
166 92 1
166 100 1
166 111 1
166 114 1
166 115 1
166 120 1
166 131 1
166 137 1
166 138 1
166 139 1
166 140 1
166 141 1
166 147 1
166 148 1
166 152 1
166 153 1
166 157 1
166 158 1
166 165 1
167 6 1
167 9 1
167 10 1
167 15 1
167 17 1
167 21 1
167 36 1
167 37 1
167 45 1
167 57 1
167 60 1
167 61 1
167 74 1
167 76 1
167 81 1
167 84 1
167 85 1
167 91 1
167 92 1
167 100 1
167 111 1
167 115 1
167 120 1
167 131 1
167 137 1
167 139 1
167 140 1
167 141 1
167 147 1
167 148 1
167 153 1
167 154 1
167 158 1
167 159 1
167 165 1
167 166 1
168 6 1
168 8 1
168 9 1
168 10 1
168 11 1
168 15 1
168 16 1
168 17 1
168 21 1
168 24 1
168 36 1
168 37 1
168 44 1
168 45 1
168 48 1
168 51 1
168 52 1
168 54 1
168 60 1
168 61 1
168 66 1
168 74 1
168 76 1
168 78 1
168 79 1
168 81 1
168 83 1
168 84 1
168 85 1
168 89 1
168 91 1
168 92 1
168 100 1
168 101 1
168 111 1
168 115 1
168 120 1
168 123 1
168 131 1
168 137 1
168 138 1
168 139 1
168 140 1
168 141 1
168 146 1
168 147 1
168 148 1
168 153 1
168 154 1
168 155 1
168 157 1
168 158 1
168 159 1
168 165 1
168 166 1
168 167 1
169 2 1
169 3 1
169 4 1
169 7 1
169 12 1
169 13 1
169 14 1
169 18 1
169 23 1
169 30 1
169 31 1
169 32 1
169 40 1
169 41 1
169 44 1
169 46 1
169 51 1
169 53 1
169 56 1
169 59 1
169 62 1
169 63 1
169 64 1
169 75 1
169 77 1
169 80 1
169 83 1
169 86 1
169 95 1
169 105 1
169 107 1
169 108 1
169 109 1
169 116 1
169 121 1
169 125 1
169 130 1
169 136 1
169 142 1
169 149 1
169 156 1
169 160 1
169 164 1
170 8 1
170 9 1
170 10 1
170 15 1
170 16 1
170 17 1
170 21 1
170 24 1
170 25 1
170 26 1
170 36 1
170 37 1
170 44 1
170 45 1
170 54 1
170 60 1
170 61 1
170 76 1
170 78 1
170 79 1
170 81 1
170 83 1
170 84 1
170 85 1
170 91 1
170 92 1
170 100 1
170 103 1
170 114 1
170 115 1
170 120 1
170 123 1
170 124 1
170 131 1
170 137 1
170 138 1
170 139 1
170 140 1
170 141 1
170 147 1
170 148 1
170 150 1
170 157 1
170 158 1
170 159 1
170 165 1
170 166 1
170 167 1
170 168 1
171 2 1
171 3 1
171 4 1
171 7 1
171 20 1
171 23 1
171 31 1
171 32 1
171 35 1
171 38 1
171 39 1
171 40 1
171 46 1
171 49 1
171 50 1
171 51 1
171 52 1
171 53 1
171 56 1
171 58 1
171 59 1
171 62 1
171 63 1
171 64 1
171 67 1
171 75 1
171 77 1
171 80 1
171 86 1
171 90 1
171 93 1
171 94 1
171 95 1
171 104 1
171 105 1
171 107 1
171 112 1
171 116 1
171 121 1
171 125 1
171 129 1
171 130 1
171 146 1
171 156 1
171 160 1
171 162 1
171 163 1
171 164 1
171 169 1
172 6 1
172 8 1
172 9 1
172 10 1
172 11 1
172 15 1
172 16 1
172 22 1
172 24 1
172 34 1
172 38 1
172 44 1
172 48 1
172 49 1
172 50 1
172 51 1
172 52 1
172 60 1
172 61 1
172 67 1
172 74 1
172 75 1
172 76 1
172 83 1
172 84 1
172 89 1
172 91 1
172 92 1
172 93 1
172 94 1
172 101 1
172 102 1
172 104 1
172 106 1
172 113 1
172 118 1
172 119 1
172 123 1
172 131 1
172 136 1
172 145 1
172 146 1
172 148 1
172 154 1
172 155 1
172 157 1
172 158 1
172 161 1
172 162 1
172 167 1
172 168 1
173 0 1
173 20 1
173 22 1
173 23 1
173 38 1
173 39 1
173 49 1
173 50 1
173 53 1
173 58 1
173 59 1
173 62 1
173 63 1
173 67 1
173 75 1
173 77 1
173 90 1
173 93 1
173 94 1
173 99 1
173 102 1
173 105 1
173 106 1
173 107 1
173 112 1
173 121 1
173 129 1
173 130 1
173 155 1
173 156 1
173 163 1
173 164 1
173 171 1
174 0 1
174 2 1
174 3 1
174 4 1
174 7 1
174 23 1
174 30 1
174 31 1
174 38 1
174 39 1
174 40 1
174 50 1
174 51 1
174 53 1
174 59 1
174 62 1
174 63 1
174 64 1
174 75 1
174 77 1
174 80 1
174 83 1
174 86 1
174 93 1
174 94 1
174 95 1
174 98 1
174 99 1
174 102 1
174 105 1
174 106 1
174 107 1
174 108 1
174 112 1
174 113 1
174 116 1
174 121 1
174 125 1
174 130 1
174 134 1
174 135 1
174 136 1
174 142 1
174 156 1
174 157 1
174 160 1
174 163 1
174 164 1
174 169 1
174 171 1
174 173 1
175 2 1
175 3 1
175 4 1
175 8 1
175 9 1
175 15 1
175 16 1
175 18 1
175 21 1
175 24 1
175 29 1
175 30 1
175 31 1
175 36 1
175 44 1
175 45 1
175 51 1
175 52 1
175 54 1
175 56 1
175 60 1
175 61 1
175 78 1
175 79 1
175 80 1
175 83 1
175 84 1
175 85 1
175 86 1
175 91 1
175 114 1
175 115 1
175 116 1
175 125 1
175 137 1
175 138 1
175 139 1
175 140 1
175 146 1
175 157 1
175 158 1
175 160 1
175 165 1
175 166 1
175 168 1
175 170 1
176 8 1
176 15 1
176 16 1
176 17 1
176 21 1
176 36 1
176 37 1
176 44 1
176 45 1
176 54 1
176 61 1
176 78 1
176 79 1
176 81 1
176 84 1
176 85 1
176 91 1
176 92 1
176 100 1
176 114 1
176 115 1
176 120 1
176 137 1
176 138 1
176 139 1
176 140 1
176 141 1
176 147 1
176 148 1
176 158 1
176 165 1
176 166 1
176 167 1
176 168 1
176 170 1
176 175 1
177 4 1
177 5 1
177 7 1
177 8 1
177 18 1
177 19 1
177 32 1
177 33 1
177 35 1
177 46 1
177 47 1
177 50 1
177 51 1
177 52 1
177 56 1
177 59 1
177 75 1
177 87 1
177 88 1
177 90 1
177 126 1
177 127 1
177 128 1
177 130 1
177 143 1
177 146 1
177 152 1
177 162 1
177 164 1
178 6 1
178 9 1
178 10 1
178 11 1
178 15 1
178 34 1
178 35 1
178 48 1
178 50 1
178 52 1
178 57 1
178 60 1
178 61 1
178 66 1
178 67 1
178 74 1
178 76 1
178 88 1
178 89 1
178 91 1
178 92 1
178 93 1
178 101 1
178 104 1
178 111 1
178 117 1
178 118 1
178 119 1
178 131 1
178 145 1
178 147 1
178 148 1
178 152 1
178 153 1
178 154 1
178 155 1
178 161 1
178 162 1
178 167 1
178 168 1
178 172 1
179 6 1
179 7 1
179 9 1
179 10 1
179 11 1
179 22 1
179 24 1
179 34 1
179 35 1
179 38 1
179 48 1
179 49 1
179 50 1
179 51 1
179 52 1
179 58 1
179 60 1
179 61 1
179 67 1
179 75 1
179 76 1
179 77 1
179 83 1
179 90 1
179 93 1
179 94 1
179 99 1
179 101 1
179 102 1
179 104 1
179 105 1
179 106 1
179 112 1
179 113 1
179 118 1
179 119 1
179 121 1
179 123 1
179 129 1
179 130 1
179 131 1
179 135 1
179 136 1
179 145 1
179 146 1
179 148 1
179 155 1
179 157 1
179 158 1
179 161 1
179 162 1
179 163 1
179 164 1
179 171 1
179 172 1
179 173 1
179 178 1
180 2 1
180 3 1
180 4 1
180 7 1
180 12 1
180 13 1
180 14 1
180 18 1
180 23 1
180 30 1
180 31 1
180 32 1
180 40 1
180 41 1
180 46 1
180 53 1
180 56 1
180 59 1
180 62 1
180 63 1
180 64 1
180 75 1
180 80 1
180 82 1
180 86 1
180 95 1
180 105 1
180 108 1
180 109 1
180 116 1
180 125 1
180 132 1
180 149 1
180 156 1
180 160 1
180 164 1
180 169 1
180 171 1
180 174 1
