# minsup
1
# graph
G_./2BZW.pdb
# node ID, label
0 A
1 A
2 A
3 A
4 A
5 A
6 A
7 A
8 A
9 A
10 A
11 A
12 A
13 C
14 D
15 D
16 D
17 D
18 D
19 D
20 D
21 D
22 D
23 E
24 E
25 E
26 E
27 E
28 E
29 E
30 E
31 E
32 E
33 E
34 E
35 E
36 F
37 F
38 F
39 F
40 F
41 F
42 F
43 F
44 F
45 F
46 F
47 F
48 G
49 G
50 G
51 G
52 G
53 G
54 G
55 G
56 G
57 G
58 G
59 G
60 H
61 H
62 I
63 I
64 I
65 I
66 K
67 K
68 K
69 K
70 K
71 L
72 L
73 L
74 L
75 L
76 L
77 L
78 L
79 L
80 L
81 L
82 L
83 L
84 L
85 L
86 M
87 M
88 M
89 N
90 N
91 N
92 N
93 N
94 N
95 P
96 P
97 P
98 P
99 Q
100 Q
101 Q
102 Q
103 Q
104 Q
105 Q
106 Q
107 Q
108 Q
109 R
110 R
111 R
112 R
113 R
114 R
115 R
116 R
117 R
118 R
119 R
120 R
121 S
122 S
123 S
124 S
125 S
126 S
127 S
128 S
129 S
130 S
131 S
132 S
133 S
134 S
135 S
136 T
137 T
138 T
139 T
140 T
141 V
142 V
143 V
144 V
145 V
146 V
147 V
148 V
149 V
150 V
151 V
152 V
153 W
154 W
155 W
156 W
157 W
158 W
159 Y
160 Y
161 Y
162 Y
163 Y
164 Y
165 Y
# node ID1, node ID2, number of bounds
1 0 1
2 0 1
2 1 1
3 0 1
3 1 1
3 2 1
6 2 1
6 3 1
6 4 1
7 3 1
7 4 1
7 5 1
7 6 1
8 5 1
8 6 1
8 7 1
9 6 1
9 8 1
10 5 1
11 4 1
11 5 1
11 10 1
12 4 1
12 5 1
12 6 1
12 7 1
12 10 1
12 11 1
13 4 1
13 5 1
13 6 1
13 7 1
13 8 1
13 9 1
14 0 1
14 1 1
14 2 1
14 3 1
14 7 1
14 8 1
14 9 1
14 13 1
15 2 1
15 3 1
15 4 1
15 6 1
15 7 1
15 14 1
16 4 1
16 5 1
16 7 1
16 11 1
16 12 1
16 13 1
17 6 1
18 5 1
18 7 1
18 13 1
18 16 1
19 8 1
19 9 1
20 0 1
20 1 1
20 2 1
20 3 1
21 0 1
21 1 1
21 2 1
21 3 1
21 20 1
22 3 1
22 4 1
22 6 1
22 17 1
23 0 1
23 1 1
23 2 1
23 8 1
23 9 1
23 14 1
24 0 1
24 1 1
24 2 1
24 3 1
24 6 1
24 7 1
24 14 1
24 15 1
24 20 1
24 21 1
25 2 1
25 3 1
25 4 1
25 6 1
25 7 1
25 15 1
25 22 1
25 24 1
26 2 1
26 3 1
26 4 1
26 6 1
26 7 1
26 13 1
26 15 1
26 16 1
26 22 1
26 24 1
26 25 1
27 5 1
27 6 1
27 7 1
27 8 1
27 9 1
27 10 1
27 11 1
27 12 1
27 13 1
27 17 1
27 19 1
28 4 1
28 6 1
28 10 1
28 11 1
28 12 1
28 17 1
28 22 1
28 27 1
29 4 1
29 5 1
29 7 1
29 8 1
29 13 1
29 16 1
29 18 1
29 26 1
30 5 1
30 7 1
30 13 1
30 16 1
30 18 1
30 29 1
31 9 1
31 19 1
31 20 1
31 23 1
32 19 1
32 20 1
32 31 1
33 4 1
33 6 1
33 11 1
33 12 1
33 17 1
33 22 1
33 26 1
33 27 1
33 28 1
34 3 1
34 4 1
34 6 1
34 17 1
34 22 1
34 25 1
34 26 1
34 33 1
35 2 1
35 3 1
35 6 1
35 15 1
35 17 1
35 21 1
35 22 1
35 24 1
35 25 1
35 26 1
35 33 1
35 34 1
36 0 1
36 1 1
36 2 1
36 3 1
36 6 1
36 7 1
36 8 1
36 9 1
36 13 1
36 14 1
36 15 1
36 23 1
36 24 1
36 25 1
36 26 1
37 8 1
37 13 1
37 14 1
37 18 1
37 29 1
37 30 1
37 36 1
38 2 1
38 3 1
38 4 1
38 6 1
38 7 1
38 15 1
38 22 1
38 24 1
38 25 1
38 26 1
38 33 1
38 34 1
38 35 1
38 36 1
39 4 1
39 6 1
39 7 1
39 11 1
39 12 1
39 13 1
39 15 1
39 16 1
39 18 1
39 25 1
39 26 1
39 29 1
39 33 1
39 38 1
40 4 1
40 5 1
40 6 1
40 7 1
40 8 1
40 9 1
40 10 1
40 11 1
40 12 1
40 13 1
40 16 1
40 27 1
40 28 1
40 29 1
40 33 1
40 39 1
41 6 1
41 12 1
41 17 1
41 19 1
41 22 1
41 27 1
41 28 1
41 31 1
41 33 1
41 34 1
41 35 1
41 40 1
42 2 1
42 3 1
42 4 1
42 6 1
42 7 1
42 8 1
42 9 1
42 12 1
42 13 1
42 14 1
42 15 1
42 17 1
42 19 1
42 22 1
42 24 1
42 25 1
42 26 1
42 27 1
42 28 1
42 31 1
42 33 1
42 34 1
42 35 1
42 36 1
42 38 1
42 39 1
42 40 1
42 41 1
43 2 1
43 3 1
43 4 1
43 6 1
43 7 1
43 8 1
43 9 1
43 13 1
43 14 1
43 15 1
43 22 1
43 23 1
43 24 1
43 25 1
43 26 1
43 27 1
43 28 1
43 29 1
43 31 1
43 35 1
43 36 1
43 38 1
43 39 1
43 40 1
43 41 1
43 42 1
44 3 1
44 4 1
44 5 1
44 6 1
44 7 1
44 8 1
44 9 1
44 11 1
44 12 1
44 13 1
44 14 1
44 15 1
44 16 1
44 22 1
44 24 1
44 25 1
44 26 1
44 27 1
44 28 1
44 29 1
44 33 1
44 36 1
44 38 1
44 39 1
44 40 1
44 41 1
44 42 1
44 43 1
45 0 1
45 1 1
45 2 1
45 3 1
45 6 1
45 20 1
45 21 1
45 24 1
45 25 1
45 31 1
45 32 1
45 35 1
45 38 1
45 42 1
45 43 1
46 2 1
46 3 1
46 4 1
46 6 1
46 15 1
46 22 1
46 24 1
46 25 1
46 26 1
46 33 1
46 34 1
46 35 1
46 38 1
46 41 1
46 42 1
46 43 1
46 44 1
46 45 1
47 2 1
47 3 1
47 6 1
47 20 1
47 21 1
47 22 1
47 24 1
47 25 1
47 34 1
47 35 1
47 38 1
47 45 1
47 46 1
48 7 1
48 13 1
48 18 1
48 29 1
48 30 1
48 36 1
48 37 1
49 1 1
49 2 1
49 3 1
49 4 1
49 6 1
49 7 1
49 13 1
49 14 1
49 15 1
49 22 1
49 24 1
49 25 1
49 26 1
49 34 1
49 35 1
49 36 1
49 38 1
49 39 1
49 42 1
49 43 1
49 44 1
49 45 1
49 46 1
49 47 1
50 5 1
50 12 1
50 13 1
50 27 1
50 30 1
50 40 1
51 6 1
51 17 1
51 19 1
51 22 1
51 28 1
51 31 1
51 32 1
51 33 1
51 34 1
51 35 1
51 41 1
51 42 1
52 2 1
52 3 1
52 4 1
52 6 1
52 15 1
52 17 1
52 20 1
52 21 1
52 22 1
52 24 1
52 25 1
52 26 1
52 28 1
52 31 1
52 33 1
52 34 1
52 35 1
52 38 1
52 41 1
52 42 1
52 43 1
52 44 1
52 45 1
52 46 1
52 47 1
52 49 1
52 51 1
53 3 1
53 4 1
53 5 1
53 6 1
53 7 1
53 8 1
53 9 1
53 12 1
53 13 1
53 14 1
53 15 1
53 16 1
53 18 1
53 23 1
53 26 1
53 27 1
53 28 1
53 29 1
53 36 1
53 38 1
53 39 1
53 40 1
53 41 1
53 42 1
53 43 1
53 44 1
53 49 1
53 52 1
54 3 1
54 4 1
54 5 1
54 6 1
54 7 1
54 8 1
54 9 1
54 13 1
54 14 1
54 15 1
54 16 1
54 18 1
54 23 1
54 24 1
54 25 1
54 26 1
54 27 1
54 29 1
54 36 1
54 37 1
54 38 1
54 39 1
54 40 1
54 42 1
54 43 1
54 44 1
54 48 1
54 49 1
54 53 1
55 20 1
55 21 1
55 31 1
55 32 1
55 45 1
56 0 1
56 1 1
56 2 1
56 20 1
56 21 1
56 23 1
56 31 1
56 32 1
56 45 1
56 52 1
56 55 1
57 0 1
57 1 1
57 2 1
57 3 1
57 15 1
57 20 1
57 21 1
57 24 1
57 25 1
57 35 1
57 38 1
57 45 1
57 46 1
57 47 1
57 49 1
57 52 1
58 4 1
58 5 1
58 6 1
58 7 1
58 10 1
58 11 1
58 12 1
58 16 1
58 17 1
58 22 1
58 27 1
58 28 1
58 33 1
58 34 1
58 39 1
58 40 1
58 41 1
58 42 1
58 43 1
58 44 1
58 46 1
58 51 1
58 52 1
58 53 1
59 3 1
59 6 1
59 21 1
59 22 1
59 25 1
59 34 1
59 35 1
59 38 1
59 45 1
59 46 1
59 47 1
59 51 1
59 52 1
59 57 1
60 4 1
60 5 1
60 7 1
60 11 1
60 12 1
60 13 1
60 16 1
60 18 1
60 27 1
60 29 1
60 30 1
60 39 1
60 40 1
60 44 1
60 50 1
60 58 1
61 6 1
61 9 1
61 17 1
61 19 1
61 27 1
61 28 1
61 31 1
61 32 1
61 40 1
61 41 1
61 42 1
61 43 1
61 51 1
61 56 1
62 4 1
62 5 1
62 7 1
62 11 1
62 12 1
62 13 1
62 16 1
62 18 1
62 27 1
62 29 1
62 30 1
62 39 1
62 40 1
62 44 1
62 50 1
62 53 1
62 54 1
62 58 1
62 60 1
63 2 1
63 3 1
63 6 1
63 7 1
63 8 1
63 9 1
63 15 1
63 17 1
63 19 1
63 20 1
63 22 1
63 24 1
63 25 1
63 26 1
63 27 1
63 28 1
63 31 1
63 32 1
63 33 1
63 34 1
63 35 1
63 36 1
63 38 1
63 40 1
63 41 1
63 42 1
63 43 1
63 44 1
63 45 1
63 46 1
63 47 1
63 49 1
63 51 1
63 52 1
63 53 1
63 54 1
63 55 1
63 56 1
63 58 1
63 59 1
63 61 1
64 5 1
64 6 1
64 7 1
64 8 1
64 9 1
64 13 1
64 14 1
64 18 1
64 23 1
64 27 1
64 29 1
64 30 1
64 36 1
64 37 1
64 40 1
64 42 1
64 43 1
64 44 1
64 50 1
64 53 1
64 54 1
64 62 1
65 2 1
65 6 1
65 9 1
65 19 1
65 20 1
65 21 1
65 31 1
65 32 1
65 35 1
65 41 1
65 42 1
65 43 1
65 45 1
65 51 1
65 52 1
65 55 1
65 56 1
65 61 1
65 63 1
66 2 1
66 3 1
66 6 1
66 7 1
66 8 1
66 13 1
66 14 1
66 15 1
66 18 1
66 23 1
66 24 1
66 25 1
66 26 1
66 29 1
66 36 1
66 37 1
66 38 1
66 39 1
66 42 1
66 43 1
66 44 1
66 48 1
66 49 1
66 53 1
66 54 1
66 64 1
67 7 1
67 13 1
67 14 1
67 15 1
67 18 1
67 26 1
67 29 1
67 30 1
67 36 1
67 37 1
67 39 1
67 48 1
67 49 1
67 53 1
67 54 1
67 66 1
68 0 1
68 1 1
68 2 1
68 3 1
68 6 1
68 9 1
68 14 1
68 15 1
68 20 1
68 21 1
68 23 1
68 24 1
68 25 1
68 36 1
68 42 1
68 43 1
68 45 1
68 49 1
68 54 1
68 56 1
68 57 1
68 63 1
68 65 1
68 66 1
69 5 1
69 7 1
69 13 1
69 16 1
69 18 1
69 29 1
69 30 1
69 37 1
69 39 1
69 48 1
69 50 1
69 54 1
69 60 1
69 62 1
69 67 1
70 2 1
70 3 1
70 20 1
70 21 1
70 22 1
70 25 1
70 34 1
70 35 1
70 45 1
70 46 1
70 47 1
70 52 1
70 57 1
70 59 1
71 0 1
71 1 1
71 2 1
71 3 1
71 6 1
71 8 1
71 9 1
71 14 1
71 19 1
71 20 1
71 23 1
71 24 1
71 31 1
71 36 1
71 42 1
71 43 1
71 44 1
71 45 1
71 49 1
71 53 1
71 54 1
71 56 1
71 63 1
71 64 1
71 65 1
71 66 1
71 68 1
72 2 1
72 3 1
72 6 1
72 7 1
72 8 1
72 9 1
72 13 1
72 14 1
72 15 1
72 18 1
72 23 1
72 24 1
72 26 1
72 29 1
72 36 1
72 37 1
72 38 1
72 39 1
72 42 1
72 43 1
72 44 1
72 48 1
72 49 1
72 53 1
72 54 1
72 63 1
72 64 1
72 66 1
72 67 1
72 68 1
72 71 1
73 7 1
73 8 1
73 13 1
73 14 1
73 15 1
73 18 1
73 24 1
73 26 1
73 29 1
73 30 1
73 36 1
73 37 1
73 39 1
73 43 1
73 44 1
73 48 1
73 49 1
73 53 1
73 54 1
73 64 1
73 66 1
73 67 1
73 68 1
73 69 1
73 71 1
73 72 1
74 0 1
74 1 1
74 2 1
74 3 1
74 6 1
74 7 1
74 9 1
74 14 1
74 15 1
74 20 1
74 21 1
74 23 1
74 24 1
74 25 1
74 26 1
74 35 1
74 36 1
74 38 1
74 42 1
74 43 1
74 44 1
74 45 1
74 46 1
74 47 1
74 49 1
74 52 1
74 53 1
74 54 1
74 56 1
74 57 1
74 63 1
74 65 1
74 66 1
74 68 1
74 71 1
74 72 1
74 73 1
75 3 1
75 4 1
75 6 1
75 7 1
75 15 1
75 16 1
75 24 1
75 25 1
75 26 1
75 34 1
75 35 1
75 38 1
75 39 1
75 42 1
75 43 1
75 44 1
75 46 1
75 49 1
75 52 1
75 54 1
75 66 1
75 67 1
75 74 1
76 4 1
76 5 1
76 6 1
76 7 1
76 11 1
76 12 1
76 13 1
76 16 1
76 18 1
76 26 1
76 27 1
76 29 1
76 30 1
76 33 1
76 39 1
76 40 1
76 42 1
76 43 1
76 44 1
76 53 1
76 54 1
76 58 1
76 60 1
76 62 1
76 64 1
76 66 1
76 69 1
76 75 1
77 4 1
77 5 1
77 7 1
77 10 1
77 11 1
77 12 1
77 13 1
77 16 1
77 27 1
77 28 1
77 29 1
77 33 1
77 39 1
77 40 1
77 44 1
77 50 1
77 53 1
77 54 1
77 58 1
77 60 1
77 62 1
77 64 1
77 69 1
77 76 1
78 4 1
78 6 1
78 11 1
78 12 1
78 17 1
78 22 1
78 27 1
78 28 1
78 33 1
78 34 1
78 35 1
78 38 1
78 39 1
78 40 1
78 41 1
78 42 1
78 43 1
78 44 1
78 46 1
78 51 1
78 52 1
78 53 1
78 58 1
78 61 1
78 63 1
78 77 1
79 4 1
79 5 1
79 6 1
79 7 1
79 8 1
79 9 1
79 12 1
79 13 1
79 15 1
79 16 1
79 18 1
79 26 1
79 27 1
79 29 1
79 30 1
79 36 1
79 37 1
79 38 1
79 39 1
79 40 1
79 42 1
79 43 1
79 44 1
79 49 1
79 50 1
79 53 1
79 54 1
79 58 1
79 60 1
79 62 1
79 64 1
79 66 1
79 67 1
79 69 1
79 72 1
79 73 1
79 76 1
79 77 1
80 5 1
80 7 1
80 8 1
80 9 1
80 13 1
80 18 1
80 27 1
80 29 1
80 30 1
80 37 1
80 40 1
80 44 1
80 50 1
80 53 1
80 54 1
80 60 1
80 62 1
80 64 1
80 66 1
80 69 1
80 72 1
80 73 1
80 76 1
80 77 1
80 79 1
81 6 1
81 8 1
81 9 1
81 14 1
81 19 1
81 23 1
81 27 1
81 28 1
81 31 1
81 32 1
81 36 1
81 40 1
81 41 1
81 42 1
81 43 1
81 44 1
81 45 1
81 51 1
81 52 1
81 53 1
81 54 1
81 56 1
81 61 1
81 63 1
81 64 1
81 65 1
81 68 1
81 71 1
81 72 1
81 74 1
81 78 1
82 6 1
82 8 1
82 9 1
82 17 1
82 19 1
82 23 1
82 27 1
82 28 1
82 31 1
82 32 1
82 41 1
82 42 1
82 43 1
82 45 1
82 51 1
82 52 1
82 53 1
82 55 1
82 56 1
82 61 1
82 63 1
82 65 1
82 71 1
82 74 1
82 78 1
82 81 1
83 1 1
83 2 1
83 3 1
83 20 1
83 21 1
83 22 1
83 24 1
83 25 1
83 34 1
83 35 1
83 45 1
83 46 1
83 47 1
83 49 1
83 52 1
83 55 1
83 56 1
83 57 1
83 59 1
83 63 1
83 65 1
83 68 1
83 70 1
83 74 1
84 5 1
84 10 1
84 11 1
84 12 1
84 27 1
84 28 1
84 33 1
84 40 1
84 50 1
84 58 1
84 60 1
84 62 1
84 76 1
84 77 1
84 78 1
85 3 1
85 4 1
85 6 1
85 7 1
85 11 1
85 12 1
85 16 1
85 17 1
85 22 1
85 25 1
85 26 1
85 27 1
85 28 1
85 33 1
85 34 1
85 35 1
85 38 1
85 39 1
85 40 1
85 41 1
85 42 1
85 43 1
85 44 1
85 46 1
85 49 1
85 51 1
85 52 1
85 53 1
85 54 1
85 58 1
85 59 1
85 63 1
85 75 1
85 76 1
85 77 1
85 78 1
85 79 1
86 5 1
86 7 1
86 8 1
86 13 1
86 16 1
86 18 1
86 29 1
86 30 1
86 37 1
86 40 1
86 50 1
86 53 1
86 54 1
86 60 1
86 62 1
86 64 1
86 69 1
86 73 1
86 76 1
86 77 1
86 79 1
86 80 1
87 5 1
87 6 1
87 7 1
87 8 1
87 9 1
87 13 1
87 14 1
87 19 1
87 23 1
87 27 1
87 28 1
87 31 1
87 36 1
87 40 1
87 41 1
87 42 1
87 43 1
87 44 1
87 49 1
87 53 1
87 54 1
87 61 1
87 63 1
87 64 1
87 65 1
87 66 1
87 71 1
87 72 1
87 74 1
87 78 1
87 79 1
87 80 1
87 81 1
87 82 1
88 3 1
88 4 1
88 6 1
88 15 1
88 17 1
88 22 1
88 25 1
88 26 1
88 28 1
88 33 1
88 34 1
88 35 1
88 38 1
88 39 1
88 41 1
88 42 1
88 43 1
88 44 1
88 46 1
88 47 1
88 49 1
88 51 1
88 52 1
88 58 1
88 59 1
88 63 1
88 75 1
88 78 1
88 85 1
89 0 1
89 1 1
89 2 1
89 8 1
89 9 1
89 14 1
89 19 1
89 20 1
89 23 1
89 31 1
89 36 1
89 42 1
89 43 1
89 45 1
89 53 1
89 54 1
89 55 1
89 56 1
89 61 1
89 63 1
89 64 1
89 65 1
89 68 1
89 71 1
89 72 1
89 74 1
89 81 1
89 82 1
89 87 1
90 5 1
90 6 1
90 9 1
90 10 1
90 11 1
90 12 1
90 17 1
90 19 1
90 27 1
90 28 1
90 31 1
90 33 1
90 40 1
90 41 1
90 42 1
90 43 1
90 44 1
90 51 1
90 53 1
90 58 1
90 61 1
90 63 1
90 64 1
90 77 1
90 78 1
90 81 1
90 82 1
90 84 1
90 85 1
90 87 1
91 3 1
91 6 1
91 17 1
91 20 1
91 21 1
91 22 1
91 28 1
91 31 1
91 32 1
91 33 1
91 34 1
91 35 1
91 38 1
91 41 1
91 42 1
91 43 1
91 45 1
91 46 1
91 47 1
91 49 1
91 51 1
91 52 1
91 55 1
91 56 1
91 58 1
91 59 1
91 61 1
91 63 1
91 65 1
91 70 1
91 74 1
91 78 1
91 81 1
91 82 1
91 83 1
91 85 1
91 88 1
91 90 1
92 8 1
92 9 1
92 19 1
92 23 1
92 27 1
92 31 1
92 32 1
92 41 1
92 42 1
92 43 1
92 53 1
92 56 1
92 61 1
92 63 1
92 64 1
92 65 1
92 71 1
92 81 1
92 82 1
92 87 1
92 89 1
92 90 1
93 20 1
93 21 1
93 31 1
93 32 1
93 35 1
93 45 1
93 51 1
93 52 1
93 55 1
93 56 1
93 61 1
93 63 1
93 65 1
93 81 1
93 82 1
93 83 1
93 91 1
93 92 1
94 5 1
94 10 1
94 11 1
94 12 1
94 27 1
94 40 1
94 50 1
94 58 1
94 60 1
94 62 1
94 76 1
94 77 1
94 84 1
95 5 1
95 8 1
95 12 1
95 13 1
95 18 1
95 27 1
95 29 1
95 30 1
95 37 1
95 40 1
95 50 1
95 53 1
95 60 1
95 62 1
95 64 1
95 69 1
95 76 1
95 77 1
95 79 1
95 80 1
95 84 1
95 86 1
95 94 1
96 9 1
96 19 1
96 20 1
96 31 1
96 32 1
96 41 1
96 45 1
96 51 1
96 55 1
96 56 1
96 61 1
96 63 1
96 65 1
96 81 1
96 82 1
96 87 1
96 89 1
96 91 1
96 92 1
96 93 1
97 5 1
97 10 1
97 11 1
97 12 1
97 27 1
97 40 1
97 50 1
97 60 1
97 62 1
97 77 1
97 84 1
97 94 1
98 5 1
98 10 1
98 11 1
98 12 1
98 27 1
98 58 1
98 60 1
98 62 1
98 77 1
98 84 1
98 94 1
98 97 1
99 0 1
99 8 1
99 9 1
99 14 1
99 19 1
99 23 1
99 31 1
99 36 1
99 56 1
99 65 1
99 68 1
99 71 1
99 81 1
99 82 1
99 87 1
99 89 1
99 92 1
99 96 1
100 3 1
100 7 1
100 13 1
100 14 1
100 15 1
100 18 1
100 24 1
100 25 1
100 26 1
100 29 1
100 36 1
100 39 1
100 43 1
100 44 1
100 48 1
100 49 1
100 53 1
100 54 1
100 66 1
100 67 1
100 72 1
100 73 1
100 74 1
100 75 1
100 79 1
101 8 1
101 13 1
101 14 1
101 18 1
101 29 1
101 30 1
101 37 1
101 48 1
101 64 1
101 66 1
101 67 1
101 69 1
101 72 1
101 73 1
101 80 1
101 86 1
101 100 1
102 0 1
102 1 1
102 2 1
102 3 1
102 14 1
102 15 1
102 20 1
102 21 1
102 23 1
102 24 1
102 25 1
102 36 1
102 38 1
102 43 1
102 45 1
102 49 1
102 57 1
102 63 1
102 66 1
102 68 1
102 71 1
102 72 1
102 74 1
102 83 1
102 89 1
102 100 1
103 4 1
103 5 1
103 7 1
103 11 1
103 12 1
103 13 1
103 16 1
103 18 1
103 29 1
103 33 1
103 39 1
103 40 1
103 44 1
103 53 1
103 58 1
103 60 1
103 62 1
103 69 1
103 76 1
103 77 1
103 79 1
103 84 1
103 85 1
103 94 1
103 95 1
103 98 1
104 5 1
104 8 1
104 10 1
104 11 1
104 12 1
104 27 1
104 28 1
104 40 1
104 44 1
104 50 1
104 53 1
104 58 1
104 60 1
104 62 1
104 64 1
104 76 1
104 77 1
104 78 1
104 79 1
104 80 1
104 84 1
104 87 1
104 90 1
104 94 1
104 95 1
104 97 1
104 98 1
104 103 1
105 5 1
105 6 1
105 10 1
105 11 1
105 12 1
105 17 1
105 27 1
105 28 1
105 33 1
105 40 1
105 41 1
105 42 1
105 43 1
105 44 1
105 50 1
105 51 1
105 53 1
105 58 1
105 60 1
105 61 1
105 62 1
105 64 1
105 76 1
105 77 1
105 78 1
105 79 1
105 84 1
105 85 1
105 87 1
105 90 1
105 94 1
105 95 1
105 97 1
105 98 1
105 103 1
105 104 1
106 5 1
106 7 1
106 8 1
106 13 1
106 18 1
106 29 1
106 30 1
106 37 1
106 48 1
106 50 1
106 53 1
106 54 1
106 62 1
106 64 1
106 66 1
106 67 1
106 69 1
106 72 1
106 73 1
106 79 1
106 80 1
106 86 1
106 95 1
106 101 1
107 19 1
107 20 1
107 21 1
107 31 1
107 32 1
107 45 1
107 51 1
107 55 1
107 56 1
107 61 1
107 63 1
107 65 1
107 71 1
107 81 1
107 82 1
107 83 1
107 89 1
107 91 1
107 92 1
107 93 1
107 96 1
107 99 1
108 4 1
108 5 1
108 6 1
108 10 1
108 11 1
108 12 1
108 17 1
108 27 1
108 28 1
108 33 1
108 40 1
108 41 1
108 42 1
108 44 1
108 58 1
108 60 1
108 62 1
108 76 1
108 77 1
108 78 1
108 84 1
108 85 1
108 88 1
108 90 1
108 94 1
108 97 1
108 98 1
108 103 1
108 104 1
108 105 1
109 0 1
109 8 1
109 9 1
109 14 1
109 19 1
109 23 1
109 31 1
109 36 1
109 42 1
109 43 1
109 53 1
109 54 1
109 56 1
109 61 1
109 63 1
109 64 1
109 65 1
109 68 1
109 71 1
109 72 1
109 74 1
109 81 1
109 82 1
109 87 1
109 89 1
109 92 1
109 99 1
110 0 1
110 1 1
110 2 1
110 3 1
110 6 1
110 7 1
110 14 1
110 15 1
110 20 1
110 21 1
110 23 1
110 24 1
110 25 1
110 26 1
110 36 1
110 38 1
110 42 1
110 43 1
110 44 1
110 45 1
110 49 1
110 52 1
110 53 1
110 54 1
110 57 1
110 63 1
110 66 1
110 67 1
110 68 1
110 71 1
110 72 1
110 73 1
110 74 1
110 75 1
110 83 1
110 89 1
110 100 1
110 102 1
110 109 1
111 3 1
111 4 1
111 6 1
111 7 1
111 15 1
111 22 1
111 24 1
111 25 1
111 26 1
111 33 1
111 34 1
111 35 1
111 38 1
111 39 1
111 42 1
111 43 1
111 44 1
111 46 1
111 47 1
111 49 1
111 52 1
111 59 1
111 75 1
111 85 1
111 88 1
111 110 1
112 3 1
112 4 1
112 6 1
112 7 1
112 15 1
112 16 1
112 24 1
112 25 1
112 26 1
112 29 1
112 33 1
112 34 1
112 38 1
112 39 1
112 42 1
112 43 1
112 44 1
112 46 1
112 49 1
112 53 1
112 54 1
112 66 1
112 75 1
112 76 1
112 79 1
112 85 1
112 88 1
112 103 1
112 111 1
113 4 1
113 6 1
113 7 1
113 12 1
113 15 1
113 16 1
113 25 1
113 26 1
113 29 1
113 33 1
113 38 1
113 39 1
113 44 1
113 46 1
113 49 1
113 54 1
113 58 1
113 75 1
113 76 1
113 77 1
113 79 1
113 85 1
113 88 1
113 103 1
113 111 1
113 112 1
114 6 1
114 12 1
114 17 1
114 19 1
114 22 1
114 27 1
114 28 1
114 33 1
114 40 1
114 41 1
114 42 1
114 51 1
114 52 1
114 58 1
114 61 1
114 63 1
114 78 1
114 81 1
114 82 1
114 85 1
114 88 1
114 90 1
114 91 1
114 105 1
114 108 1
115 2 1
115 3 1
115 4 1
115 6 1
115 15 1
115 17 1
115 22 1
115 24 1
115 25 1
115 26 1
115 27 1
115 28 1
115 31 1
115 33 1
115 34 1
115 35 1
115 38 1
115 39 1
115 40 1
115 41 1
115 42 1
115 43 1
115 44 1
115 45 1
115 46 1
115 47 1
115 49 1
115 51 1
115 52 1
115 53 1
115 54 1
115 58 1
115 59 1
115 61 1
115 63 1
115 65 1
115 74 1
115 78 1
115 81 1
115 82 1
115 83 1
115 85 1
115 87 1
115 88 1
115 90 1
115 91 1
115 93 1
115 96 1
115 105 1
115 110 1
115 111 1
115 114 1
116 5 1
116 7 1
116 8 1
116 9 1
116 13 1
116 23 1
116 27 1
116 29 1
116 30 1
116 36 1
116 37 1
116 40 1
116 43 1
116 44 1
116 50 1
116 53 1
116 54 1
116 62 1
116 64 1
116 72 1
116 73 1
116 79 1
116 80 1
116 81 1
116 86 1
116 87 1
116 95 1
116 101 1
116 104 1
116 106 1
116 109 1
117 4 1
117 6 1
117 10 1
117 11 1
117 12 1
117 17 1
117 27 1
117 28 1
117 33 1
117 39 1
117 40 1
117 41 1
117 44 1
117 58 1
117 60 1
117 62 1
117 76 1
117 77 1
117 78 1
117 84 1
117 85 1
117 88 1
117 90 1
117 94 1
117 97 1
117 98 1
117 103 1
117 104 1
117 105 1
117 108 1
117 113 1
117 114 1
118 4 1
118 6 1
118 10 1
118 11 1
118 12 1
118 17 1
118 22 1
118 27 1
118 28 1
118 33 1
118 34 1
118 39 1
118 40 1
118 41 1
118 42 1
118 44 1
118 46 1
118 51 1
118 52 1
118 58 1
118 63 1
118 76 1
118 77 1
118 78 1
118 84 1
118 85 1
118 88 1
118 90 1
118 91 1
118 103 1
118 105 1
118 108 1
118 113 1
118 114 1
118 115 1
118 117 1
119 4 1
119 6 1
119 11 1
119 12 1
119 17 1
119 22 1
119 26 1
119 27 1
119 28 1
119 33 1
119 34 1
119 35 1
119 38 1
119 39 1
119 40 1
119 41 1
119 42 1
119 43 1
119 44 1
119 46 1
119 49 1
119 51 1
119 52 1
119 53 1
119 58 1
119 59 1
119 63 1
119 78 1
119 82 1
119 85 1
119 88 1
119 90 1
119 91 1
119 105 1
119 108 1
119 111 1
119 112 1
119 113 1
119 114 1
119 115 1
119 117 1
119 118 1
120 4 1
120 6 1
120 12 1
120 17 1
120 22 1
120 26 1
120 28 1
120 33 1
120 34 1
120 35 1
120 38 1
120 39 1
120 41 1
120 42 1
120 44 1
120 46 1
120 51 1
120 52 1
120 58 1
120 59 1
120 63 1
120 78 1
120 85 1
120 88 1
120 90 1
120 91 1
120 108 1
120 111 1
120 112 1
120 113 1
120 114 1
120 115 1
120 117 1
120 118 1
120 119 1
121 8 1
121 9 1
121 14 1
121 19 1
121 23 1
121 31 1
121 56 1
121 61 1
121 65 1
121 68 1
121 71 1
121 81 1
121 82 1
121 87 1
121 89 1
121 92 1
121 96 1
121 99 1
121 107 1
121 109 1
122 0 1
122 1 1
122 2 1
122 8 1
122 9 1
122 14 1
122 19 1
122 20 1
122 23 1
122 31 1
122 36 1
122 43 1
122 56 1
122 65 1
122 68 1
122 71 1
122 72 1
122 74 1
122 81 1
122 82 1
122 87 1
122 89 1
122 92 1
122 96 1
122 99 1
122 102 1
122 107 1
122 109 1
122 121 1
123 0 1
123 7 1
123 8 1
123 9 1
123 13 1
123 14 1
123 15 1
123 18 1
123 23 1
123 24 1
123 29 1
123 36 1
123 37 1
123 43 1
123 44 1
123 48 1
123 49 1
123 53 1
123 54 1
123 64 1
123 66 1
123 67 1
123 68 1
123 71 1
123 72 1
123 73 1
123 74 1
123 79 1
123 80 1
123 87 1
123 89 1
123 100 1
123 101 1
123 102 1
123 106 1
123 109 1
123 110 1
123 116 1
123 122 1
124 7 1
124 13 1
124 14 1
124 15 1
124 18 1
124 24 1
124 29 1
124 36 1
124 37 1
124 48 1
124 49 1
124 53 1
124 54 1
124 66 1
124 67 1
124 68 1
124 72 1
124 73 1
124 79 1
124 100 1
124 101 1
124 102 1
124 106 1
124 110 1
124 123 1
125 7 1
125 8 1
125 13 1
125 14 1
125 18 1
125 29 1
125 30 1
125 36 1
125 37 1
125 48 1
125 54 1
125 66 1
125 67 1
125 72 1
125 73 1
125 79 1
125 80 1
125 86 1
125 100 1
125 101 1
125 106 1
125 123 1
125 124 1
126 8 1
126 13 1
126 14 1
126 23 1
126 36 1
126 37 1
126 48 1
126 64 1
126 66 1
126 67 1
126 72 1
126 73 1
126 80 1
126 100 1
126 101 1
126 106 1
126 116 1
126 123 1
126 124 1
126 125 1
127 4 1
127 6 1
127 7 1
127 11 1
127 12 1
127 13 1
127 15 1
127 16 1
127 18 1
127 26 1
127 29 1
127 33 1
127 38 1
127 39 1
127 44 1
127 53 1
127 54 1
127 58 1
127 60 1
127 62 1
127 66 1
127 67 1
127 69 1
127 75 1
127 76 1
127 77 1
127 79 1
127 85 1
127 88 1
127 103 1
127 111 1
127 112 1
127 113 1
128 4 1
128 5 1
128 7 1
128 11 1
128 12 1
128 13 1
128 16 1
128 18 1
128 29 1
128 30 1
128 39 1
128 40 1
128 44 1
128 50 1
128 53 1
128 58 1
128 60 1
128 62 1
128 69 1
128 76 1
128 77 1
128 79 1
128 84 1
128 86 1
128 94 1
128 95 1
128 103 1
128 108 1
128 112 1
128 113 1
128 117 1
128 127 1
129 4 1
129 5 1
129 7 1
129 8 1
129 10 1
129 11 1
129 12 1
129 13 1
129 16 1
129 27 1
129 28 1
129 29 1
129 33 1
129 39 1
129 40 1
129 41 1
129 42 1
129 44 1
129 50 1
129 53 1
129 54 1
129 58 1
129 60 1
129 62 1
129 64 1
129 76 1
129 77 1
129 78 1
129 79 1
129 80 1
129 84 1
129 85 1
129 87 1
129 90 1
129 94 1
129 95 1
129 97 1
129 98 1
129 103 1
129 104 1
129 105 1
129 108 1
129 114 1
129 116 1
129 117 1
129 118 1
129 128 1
130 2 1
130 3 1
130 4 1
130 6 1
130 7 1
130 8 1
130 9 1
130 13 1
130 14 1
130 15 1
130 16 1
130 22 1
130 24 1
130 25 1
130 26 1
130 27 1
130 29 1
130 33 1
130 35 1
130 36 1
130 38 1
130 39 1
130 40 1
130 41 1
130 42 1
130 43 1
130 44 1
130 46 1
130 49 1
130 52 1
130 53 1
130 54 1
130 58 1
130 63 1
130 64 1
130 66 1
130 67 1
130 68 1
130 71 1
130 72 1
130 73 1
130 74 1
130 75 1
130 76 1
130 78 1
130 79 1
130 81 1
130 85 1
130 87 1
130 88 1
130 91 1
130 100 1
130 102 1
130 110 1
130 111 1
130 112 1
130 113 1
130 115 1
130 119 1
130 120 1
130 123 1
130 124 1
130 127 1
131 5 1
131 7 1
131 8 1
131 13 1
131 16 1
131 18 1
131 29 1
131 30 1
131 37 1
131 39 1
131 40 1
131 44 1
131 48 1
131 50 1
131 53 1
131 54 1
131 60 1
131 62 1
131 64 1
131 66 1
131 67 1
131 69 1
131 72 1
131 73 1
131 76 1
131 77 1
131 79 1
131 80 1
131 86 1
131 95 1
131 100 1
131 101 1
131 103 1
131 106 1
131 116 1
131 123 1
131 124 1
131 125 1
131 127 1
131 128 1
131 129 1
131 130 1
132 5 1
132 7 1
132 8 1
132 9 1
132 13 1
132 14 1
132 18 1
132 23 1
132 29 1
132 30 1
132 36 1
132 37 1
132 40 1
132 43 1
132 44 1
132 50 1
132 53 1
132 54 1
132 64 1
132 66 1
132 71 1
132 72 1
132 73 1
132 79 1
132 80 1
132 81 1
132 86 1
132 87 1
132 89 1
132 95 1
132 101 1
132 106 1
132 109 1
132 116 1
132 123 1
132 124 1
132 125 1
132 126 1
132 131 1
133 5 1
133 8 1
133 9 1
133 13 1
133 14 1
133 19 1
133 23 1
133 27 1
133 36 1
133 37 1
133 40 1
133 42 1
133 43 1
133 44 1
133 53 1
133 54 1
133 61 1
133 64 1
133 71 1
133 72 1
133 79 1
133 80 1
133 81 1
133 82 1
133 87 1
133 89 1
133 92 1
133 95 1
133 99 1
133 104 1
133 106 1
133 109 1
133 116 1
133 121 1
133 122 1
133 123 1
133 129 1
133 131 1
133 132 1
134 3 1
134 4 1
134 6 1
134 15 1
134 17 1
134 22 1
134 24 1
134 25 1
134 26 1
134 28 1
134 33 1
134 34 1
134 35 1
134 38 1
134 39 1
134 41 1
134 42 1
134 43 1
134 44 1
134 45 1
134 46 1
134 47 1
134 49 1
134 51 1
134 52 1
134 53 1
134 58 1
134 59 1
134 63 1
134 70 1
134 74 1
134 75 1
134 78 1
134 83 1
134 85 1
134 88 1
134 90 1
134 91 1
134 111 1
134 112 1
134 113 1
134 114 1
134 115 1
134 117 1
134 118 1
134 119 1
134 120 1
134 130 1
135 3 1
135 6 1
135 15 1
135 21 1
135 22 1
135 24 1
135 25 1
135 26 1
135 34 1
135 35 1
135 38 1
135 45 1
135 46 1
135 47 1
135 49 1
135 52 1
135 57 1
135 59 1
135 63 1
135 70 1
135 75 1
135 83 1
135 88 1
135 91 1
135 111 1
135 115 1
135 119 1
135 120 1
135 134 1
136 4 1
136 5 1
136 7 1
136 11 1
136 12 1
136 13 1
136 16 1
136 18 1
136 27 1
136 29 1
136 30 1
136 39 1
136 40 1
136 44 1
136 50 1
136 53 1
136 54 1
136 58 1
136 60 1
136 62 1
136 64 1
136 69 1
136 76 1
136 77 1
136 79 1
136 80 1
136 84 1
136 86 1
136 94 1
136 95 1
136 103 1
136 104 1
136 105 1
136 106 1
136 108 1
136 112 1
136 113 1
136 117 1
136 127 1
136 128 1
136 129 1
136 130 1
136 131 1
137 5 1
137 7 1
137 11 1
137 12 1
137 13 1
137 16 1
137 18 1
137 27 1
137 29 1
137 30 1
137 40 1
137 50 1
137 53 1
137 60 1
137 62 1
137 64 1
137 69 1
137 76 1
137 77 1
137 79 1
137 80 1
137 84 1
137 86 1
137 94 1
137 95 1
137 103 1
137 104 1
137 105 1
137 106 1
137 116 1
137 128 1
137 129 1
137 131 1
137 132 1
137 136 1
138 5 1
138 10 1
138 11 1
138 12 1
138 13 1
138 27 1
138 29 1
138 40 1
138 50 1
138 53 1
138 60 1
138 62 1
138 64 1
138 69 1
138 76 1
138 77 1
138 79 1
138 80 1
138 84 1
138 86 1
138 94 1
138 95 1
138 97 1
138 98 1
138 103 1
138 104 1
138 105 1
138 106 1
138 108 1
138 116 1
138 128 1
138 129 1
138 131 1
138 136 1
138 137 1
139 8 1
139 9 1
139 19 1
139 23 1
139 27 1
139 31 1
139 40 1
139 41 1
139 42 1
139 43 1
139 53 1
139 61 1
139 63 1
139 64 1
139 65 1
139 71 1
139 72 1
139 81 1
139 82 1
139 87 1
139 89 1
139 90 1
139 92 1
139 96 1
139 99 1
139 104 1
139 105 1
139 109 1
139 116 1
139 121 1
139 122 1
139 132 1
139 133 1
140 0 1
140 1 1
140 2 1
140 3 1
140 20 1
140 21 1
140 31 1
140 32 1
140 35 1
140 45 1
140 47 1
140 52 1
140 55 1
140 56 1
140 57 1
140 63 1
140 65 1
140 68 1
140 70 1
140 74 1
140 82 1
140 83 1
140 91 1
140 93 1
140 96 1
140 102 1
140 107 1
140 115 1
141 0 1
141 1 1
141 2 1
141 3 1
141 6 1
141 7 1
141 8 1
141 9 1
141 13 1
141 14 1
141 15 1
141 19 1
141 23 1
141 24 1
141 31 1
141 36 1
141 37 1
141 42 1
141 43 1
141 44 1
141 49 1
141 53 1
141 54 1
141 61 1
141 63 1
141 64 1
141 65 1
141 66 1
141 68 1
141 71 1
141 72 1
141 73 1
141 74 1
141 79 1
141 80 1
141 81 1
141 82 1
141 87 1
141 89 1
141 92 1
141 99 1
141 102 1
141 109 1
141 110 1
141 116 1
141 121 1
141 122 1
141 123 1
141 124 1
141 125 1
141 126 1
141 130 1
141 132 1
141 133 1
141 139 1
142 0 1
142 2 1
142 7 1
142 8 1
142 9 1
142 13 1
142 14 1
142 23 1
142 36 1
142 37 1
142 42 1
142 43 1
142 44 1
142 49 1
142 53 1
142 54 1
142 64 1
142 66 1
142 68 1
142 71 1
142 72 1
142 73 1
142 74 1
142 79 1
142 80 1
142 81 1
142 87 1
142 89 1
142 92 1
142 99 1
142 100 1
142 101 1
142 102 1
142 109 1
142 110 1
142 116 1
142 121 1
142 122 1
142 123 1
142 124 1
142 125 1
142 126 1
142 130 1
142 132 1
142 133 1
142 139 1
142 141 1
143 0 1
143 1 1
143 2 1
143 3 1
143 14 1
143 15 1
143 20 1
143 21 1
143 23 1
143 24 1
143 31 1
143 36 1
143 43 1
143 45 1
143 49 1
143 52 1
143 55 1
143 56 1
143 57 1
143 63 1
143 65 1
143 68 1
143 71 1
143 72 1
143 74 1
143 83 1
143 89 1
143 93 1
143 99 1
143 102 1
143 107 1
143 109 1
143 110 1
143 121 1
143 122 1
143 140 1
143 141 1
143 142 1
144 4 1
144 5 1
144 6 1
144 7 1
144 10 1
144 11 1
144 12 1
144 13 1
144 16 1
144 17 1
144 27 1
144 28 1
144 33 1
144 39 1
144 40 1
144 41 1
144 42 1
144 43 1
144 44 1
144 51 1
144 53 1
144 54 1
144 58 1
144 60 1
144 61 1
144 62 1
144 63 1
144 64 1
144 76 1
144 77 1
144 78 1
144 79 1
144 81 1
144 82 1
144 84 1
144 85 1
144 87 1
144 88 1
144 90 1
144 94 1
144 97 1
144 98 1
144 103 1
144 104 1
144 105 1
144 108 1
144 114 1
144 115 1
144 117 1
144 118 1
144 119 1
144 120 1
144 128 1
144 129 1
144 130 1
144 134 1
144 136 1
144 137 1
144 138 1
145 4 1
145 5 1
145 6 1
145 7 1
145 8 1
145 9 1
145 10 1
145 11 1
145 12 1
145 17 1
145 19 1
145 22 1
145 27 1
145 28 1
145 31 1
145 33 1
145 39 1
145 40 1
145 41 1
145 42 1
145 43 1
145 44 1
145 51 1
145 52 1
145 53 1
145 54 1
145 58 1
145 61 1
145 62 1
145 63 1
145 64 1
145 76 1
145 77 1
145 78 1
145 79 1
145 81 1
145 82 1
145 84 1
145 85 1
145 87 1
145 88 1
145 90 1
145 91 1
145 92 1
145 103 1
145 104 1
145 105 1
145 108 1
145 114 1
145 115 1
145 117 1
145 118 1
145 119 1
145 120 1
145 129 1
145 130 1
145 133 1
145 134 1
145 138 1
145 139 1
145 144 1
146 6 1
146 17 1
146 19 1
146 22 1
146 28 1
146 31 1
146 32 1
146 33 1
146 34 1
146 35 1
146 41 1
146 42 1
146 43 1
146 45 1
146 46 1
146 47 1
146 51 1
146 52 1
146 55 1
146 56 1
146 58 1
146 59 1
146 61 1
146 63 1
146 65 1
146 78 1
146 81 1
146 82 1
146 83 1
146 85 1
146 88 1
146 90 1
146 91 1
146 92 1
146 93 1
146 96 1
146 107 1
146 114 1
146 115 1
146 118 1
146 119 1
146 120 1
146 134 1
146 140 1
146 144 1
146 145 1
147 2 1
147 3 1
147 4 1
147 6 1
147 7 1
147 8 1
147 9 1
147 14 1
147 15 1
147 20 1
147 21 1
147 22 1
147 24 1
147 25 1
147 26 1
147 28 1
147 31 1
147 33 1
147 34 1
147 35 1
147 36 1
147 38 1
147 39 1
147 41 1
147 42 1
147 43 1
147 44 1
147 45 1
147 46 1
147 47 1
147 49 1
147 51 1
147 52 1
147 53 1
147 54 1
147 56 1
147 57 1
147 58 1
147 59 1
147 61 1
147 63 1
147 65 1
147 66 1
147 68 1
147 71 1
147 72 1
147 74 1
147 75 1
147 78 1
147 79 1
147 81 1
147 82 1
147 83 1
147 85 1
147 87 1
147 88 1
147 89 1
147 90 1
147 91 1
147 102 1
147 110 1
147 111 1
147 112 1
147 115 1
147 119 1
147 120 1
147 130 1
147 134 1
147 135 1
147 140 1
147 141 1
147 142 1
147 143 1
147 144 1
147 145 1
147 146 1
148 4 1
148 5 1
148 7 1
148 8 1
148 13 1
148 14 1
148 15 1
148 16 1
148 18 1
148 26 1
148 29 1
148 30 1
148 36 1
148 37 1
148 39 1
148 40 1
148 42 1
148 43 1
148 44 1
148 48 1
148 49 1
148 53 1
148 54 1
148 62 1
148 64 1
148 66 1
148 67 1
148 69 1
148 72 1
148 73 1
148 76 1
148 77 1
148 79 1
148 80 1
148 86 1
148 87 1
148 95 1
148 100 1
148 101 1
148 103 1
148 106 1
148 110 1
148 112 1
148 116 1
148 123 1
148 124 1
148 125 1
148 126 1
148 127 1
148 128 1
148 130 1
148 131 1
148 132 1
148 136 1
148 137 1
148 141 1
148 142 1
149 5 1
149 7 1
149 8 1
149 13 1
149 16 1
149 18 1
149 29 1
149 30 1
149 37 1
149 39 1
149 44 1
149 48 1
149 53 1
149 54 1
149 62 1
149 64 1
149 66 1
149 67 1
149 69 1
149 72 1
149 73 1
149 76 1
149 79 1
149 80 1
149 86 1
149 95 1
149 100 1
149 101 1
149 106 1
149 116 1
149 123 1
149 124 1
149 125 1
149 126 1
149 127 1
149 128 1
149 131 1
149 132 1
149 136 1
149 137 1
149 148 1
150 5 1
150 7 1
150 8 1
150 13 1
150 18 1
150 29 1
150 30 1
150 37 1
150 40 1
150 50 1
150 53 1
150 54 1
150 62 1
150 64 1
150 69 1
150 72 1
150 73 1
150 79 1
150 80 1
150 86 1
150 95 1
150 101 1
150 106 1
150 116 1
150 123 1
150 125 1
150 126 1
150 131 1
150 132 1
150 133 1
150 136 1
150 137 1
150 138 1
150 148 1
150 149 1
151 5 1
151 7 1
151 8 1
151 9 1
151 13 1
151 14 1
151 18 1
151 23 1
151 29 1
151 30 1
151 36 1
151 37 1
151 40 1
151 43 1
151 44 1
151 48 1
151 50 1
151 53 1
151 54 1
151 62 1
151 64 1
151 66 1
151 67 1
151 69 1
151 71 1
151 72 1
151 73 1
151 76 1
151 79 1
151 80 1
151 86 1
151 87 1
151 95 1
151 100 1
151 101 1
151 106 1
151 109 1
151 116 1
151 123 1
151 124 1
151 125 1
151 126 1
151 129 1
151 130 1
151 131 1
151 132 1
151 133 1
151 136 1
151 137 1
151 138 1
151 139 1
151 141 1
151 142 1
151 148 1
151 149 1
151 150 1
152 0 1
152 1 1
152 2 1
152 3 1
152 15 1
152 20 1
152 21 1
152 24 1
152 25 1
152 35 1
152 36 1
152 45 1
152 47 1
152 49 1
152 52 1
152 55 1
152 56 1
152 57 1
152 63 1
152 65 1
152 68 1
152 70 1
152 71 1
152 74 1
152 83 1
152 91 1
152 93 1
152 102 1
152 107 1
152 110 1
152 135 1
152 140 1
152 143 1
152 147 1
153 7 1
153 8 1
153 13 1
153 14 1
153 18 1
153 23 1
153 29 1
153 30 1
153 36 1
153 37 1
153 48 1
153 53 1
153 54 1
153 64 1
153 66 1
153 67 1
153 71 1
153 72 1
153 73 1
153 79 1
153 80 1
153 86 1
153 100 1
153 101 1
153 106 1
153 109 1
153 116 1
153 123 1
153 124 1
153 125 1
153 126 1
153 131 1
153 132 1
153 133 1
153 141 1
153 142 1
153 148 1
153 149 1
153 150 1
153 151 1
154 2 1
154 3 1
154 6 1
154 15 1
154 17 1
154 20 1
154 21 1
154 22 1
154 24 1
154 25 1
154 26 1
154 31 1
154 32 1
154 34 1
154 35 1
154 38 1
154 41 1
154 42 1
154 43 1
154 44 1
154 45 1
154 46 1
154 47 1
154 49 1
154 51 1
154 52 1
154 55 1
154 56 1
154 57 1
154 59 1
154 61 1
154 63 1
154 65 1
154 68 1
154 70 1
154 71 1
154 74 1
154 78 1
154 81 1
154 82 1
154 83 1
154 85 1
154 88 1
154 91 1
154 93 1
154 96 1
154 102 1
154 107 1
154 110 1
154 114 1
154 115 1
154 119 1
154 120 1
154 130 1
154 134 1
154 135 1
154 140 1
154 143 1
154 145 1
154 146 1
154 147 1
154 152 1
155 5 1
155 7 1
155 8 1
155 9 1
155 13 1
155 14 1
155 19 1
155 23 1
155 27 1
155 31 1
155 36 1
155 40 1
155 41 1
155 42 1
155 43 1
155 44 1
155 50 1
155 53 1
155 54 1
155 61 1
155 63 1
155 64 1
155 71 1
155 72 1
155 78 1
155 79 1
155 80 1
155 81 1
155 82 1
155 87 1
155 89 1
155 90 1
155 92 1
155 95 1
155 99 1
155 104 1
155 105 1
155 109 1
155 116 1
155 121 1
155 129 1
155 130 1
155 131 1
155 132 1
155 133 1
155 138 1
155 139 1
155 141 1
155 142 1
155 144 1
155 145 1
155 150 1
155 151 1
156 9 1
156 17 1
156 19 1
156 20 1
156 31 1
156 32 1
156 41 1
156 42 1
156 45 1
156 51 1
156 52 1
156 55 1
156 56 1
156 61 1
156 63 1
156 65 1
156 78 1
156 81 1
156 82 1
156 89 1
156 91 1
156 92 1
156 93 1
156 96 1
156 107 1
156 114 1
156 115 1
156 121 1
156 139 1
156 140 1
156 146 1
156 147 1
156 154 1
157 0 1
157 1 1
157 2 1
157 3 1
157 14 1
157 20 1
157 21 1
157 23 1
157 24 1
157 31 1
157 32 1
157 36 1
157 42 1
157 43 1
157 45 1
157 49 1
157 52 1
157 55 1
157 56 1
157 57 1
157 63 1
157 65 1
157 68 1
157 71 1
157 74 1
157 81 1
157 82 1
157 83 1
157 89 1
157 91 1
157 92 1
157 93 1
157 96 1
157 99 1
157 102 1
157 107 1
157 109 1
157 110 1
157 115 1
157 121 1
157 122 1
157 140 1
157 141 1
157 143 1
157 146 1
157 147 1
157 152 1
157 154 1
157 156 1
158 5 1
158 10 1
158 11 1
158 12 1
158 27 1
158 28 1
158 33 1
158 40 1
158 58 1
158 60 1
158 62 1
158 76 1
158 77 1
158 78 1
158 84 1
158 85 1
158 90 1
158 94 1
158 97 1
158 98 1
158 103 1
158 104 1
158 105 1
158 108 1
158 114 1
158 117 1
158 118 1
158 128 1
158 129 1
158 136 1
158 138 1
158 144 1
158 145 1
159 0 1
159 1 1
159 2 1
159 3 1
159 7 1
159 8 1
159 13 1
159 14 1
159 15 1
159 23 1
159 24 1
159 25 1
159 26 1
159 29 1
159 36 1
159 37 1
159 38 1
159 43 1
159 44 1
159 48 1
159 49 1
159 53 1
159 54 1
159 64 1
159 66 1
159 67 1
159 68 1
159 71 1
159 72 1
159 73 1
159 74 1
159 79 1
159 100 1
159 101 1
159 102 1
159 109 1
159 110 1
159 123 1
159 124 1
159 125 1
159 126 1
159 130 1
159 132 1
159 141 1
159 142 1
159 143 1
159 147 1
159 148 1
159 149 1
159 151 1
159 153 1
160 7 1
160 13 1
160 14 1
160 18 1
160 29 1
160 30 1
160 36 1
160 37 1
160 48 1
160 54 1
160 66 1
160 67 1
160 69 1
160 72 1
160 73 1
160 79 1
160 80 1
160 86 1
160 100 1
160 101 1
160 106 1
160 123 1
160 124 1
160 125 1
160 126 1
160 131 1
160 132 1
160 142 1
160 148 1
160 149 1
160 150 1
160 151 1
160 153 1
160 159 1
161 3 1
161 4 1
161 6 1
161 7 1
161 15 1
161 16 1
161 22 1
161 24 1
161 25 1
161 26 1
161 33 1
161 34 1
161 35 1
161 38 1
161 39 1
161 42 1
161 43 1
161 44 1
161 46 1
161 49 1
161 52 1
161 53 1
161 54 1
161 58 1
161 59 1
161 63 1
161 75 1
161 76 1
161 78 1
161 79 1
161 85 1
161 88 1
161 103 1
161 111 1
161 112 1
161 113 1
161 115 1
161 118 1
161 119 1
161 120 1
161 127 1
161 130 1
161 134 1
161 135 1
161 147 1
162 5 1
162 7 1
162 8 1
162 9 1
162 10 1
162 11 1
162 12 1
162 13 1
162 27 1
162 28 1
162 29 1
162 40 1
162 42 1
162 44 1
162 50 1
162 53 1
162 54 1
162 58 1
162 60 1
162 62 1
162 64 1
162 76 1
162 77 1
162 79 1
162 80 1
162 84 1
162 86 1
162 87 1
162 90 1
162 94 1
162 95 1
162 97 1
162 104 1
162 105 1
162 106 1
162 108 1
162 116 1
162 129 1
162 131 1
162 132 1
162 133 1
162 136 1
162 137 1
162 138 1
162 139 1
162 144 1
162 145 1
162 150 1
162 151 1
162 155 1
162 158 1
163 5 1
163 6 1
163 8 1
163 9 1
163 19 1
163 23 1
163 27 1
163 28 1
163 31 1
163 40 1
163 41 1
163 42 1
163 43 1
163 44 1
163 51 1
163 53 1
163 54 1
163 61 1
163 63 1
163 64 1
163 65 1
163 71 1
163 78 1
163 81 1
163 82 1
163 87 1
163 89 1
163 90 1
163 91 1
163 92 1
163 96 1
163 99 1
163 104 1
163 105 1
163 107 1
163 109 1
163 114 1
163 115 1
163 116 1
163 121 1
163 122 1
163 129 1
163 130 1
163 132 1
163 133 1
163 139 1
163 141 1
163 142 1
163 144 1
163 145 1
163 146 1
163 147 1
163 155 1
163 156 1
163 162 1
164 0 1
164 1 1
164 2 1
164 3 1
164 6 1
164 15 1
164 20 1
164 21 1
164 22 1
164 24 1
164 25 1
164 34 1
164 35 1
164 38 1
164 43 1
164 45 1
164 46 1
164 47 1
164 49 1
164 52 1
164 55 1
164 56 1
164 57 1
164 59 1
164 63 1
164 65 1
164 68 1
164 70 1
164 74 1
164 83 1
164 91 1
164 93 1
164 102 1
164 110 1
164 115 1
164 134 1
164 135 1
164 140 1
164 143 1
164 147 1
164 152 1
164 154 1
164 157 1
165 4 1
165 5 1
165 6 1
165 7 1
165 10 1
165 11 1
165 12 1
165 16 1
165 17 1
165 22 1
165 26 1
165 27 1
165 28 1
165 33 1
165 39 1
165 40 1
165 41 1
165 42 1
165 43 1
165 44 1
165 53 1
165 58 1
165 60 1
165 62 1
165 76 1
165 77 1
165 78 1
165 79 1
165 84 1
165 85 1
165 88 1
165 90 1
165 94 1
165 98 1
165 103 1
165 104 1
165 105 1
165 108 1
165 112 1
165 113 1
165 114 1
165 115 1
165 117 1
165 118 1
165 119 1
165 120 1
165 127 1
165 128 1
165 129 1
165 130 1
165 134 1
165 136 1
165 144 1
165 145 1
165 158 1
165 161 1
165 162 1
