# minsup
1
# graph
G_./1LCY.pdb
# node ID, label
0 A
1 A
2 A
3 A
4 A
5 A
6 A
7 A
8 A
9 A
10 A
11 A
12 A
13 A
14 A
15 A
16 A
17 A
18 A
19 A
20 A
21 A
22 A
23 A
24 A
25 A
26 A
27 A
28 D
29 D
30 D
31 D
32 D
33 D
34 D
35 D
36 D
37 D
38 D
39 D
40 D
41 D
42 D
43 E
44 E
45 E
46 E
47 E
48 E
49 E
50 E
51 E
52 E
53 E
54 E
55 E
56 E
57 E
58 E
59 F
60 F
61 F
62 F
63 F
64 F
65 F
66 F
67 G
68 G
69 G
70 G
71 G
72 G
73 G
74 G
75 G
76 G
77 G
78 G
79 G
80 G
81 G
82 G
83 G
84 G
85 G
86 G
87 G
88 G
89 H
90 H
91 H
92 H
93 H
94 H
95 I
96 I
97 I
98 I
99 I
100 I
101 I
102 I
103 I
104 I
105 I
106 I
107 I
108 I
109 I
110 I
111 I
112 I
113 I
114 I
115 I
116 K
117 K
118 K
119 K
120 L
121 L
122 L
123 L
124 L
125 L
126 L
127 L
128 L
129 L
130 L
131 L
132 L
133 L
134 L
135 L
136 L
137 L
138 L
139 L
140 L
141 L
142 L
143 L
144 L
145 L
146 M
147 M
148 M
149 M
150 M
151 N
152 N
153 N
154 N
155 N
156 N
157 N
158 N
159 N
160 P
161 P
162 P
163 P
164 P
165 P
166 P
167 P
168 P
169 P
170 P
171 P
172 P
173 P
174 P
175 P
176 P
177 Q
178 Q
179 Q
180 Q
181 Q
182 Q
183 Q
184 Q
185 Q
186 Q
187 Q
188 Q
189 R
190 R
191 R
192 R
193 R
194 R
195 R
196 R
197 R
198 R
199 R
200 R
201 R
202 R
203 R
204 R
205 R
206 R
207 R
208 R
209 R
210 R
211 S
212 S
213 S
214 S
215 S
216 S
217 S
218 S
219 S
220 S
221 S
222 S
223 S
224 S
225 S
226 S
227 T
228 T
229 T
230 T
231 T
232 T
233 T
234 T
235 T
236 T
237 T
238 T
239 T
240 T
241 T
242 T
243 T
244 T
245 V
246 V
247 V
248 V
249 V
250 V
251 V
252 V
253 V
254 V
255 V
256 V
257 V
258 V
259 V
260 V
261 V
262 V
263 V
264 V
265 V
266 V
267 V
268 V
269 V
270 V
271 V
272 V
273 V
274 V
275 V
276 V
277 V
278 V
279 V
280 V
281 Y
282 Y
283 Y
284 Y
285 Y
286 Y
287 Y
# node ID1, node ID2, number of bounds
2 1 1
3 2 1
4 3 1
5 2 1
5 3 1
5 4 1
7 6 1
8 4 1
8 5 1
8 6 1
8 7 1
9 4 1
9 6 1
9 7 1
9 8 1
10 6 1
10 7 1
10 9 1
11 4 1
11 6 1
11 7 1
11 8 1
11 9 1
11 10 1
13 1 1
13 2 1
13 3 1
14 2 1
14 3 1
14 13 1
15 12 1
16 1 1
16 13 1
17 13 1
17 14 1
17 16 1
18 2 1
18 6 1
18 7 1
18 10 1
18 11 1
18 13 1
18 14 1
18 16 1
18 17 1
19 16 1
19 17 1
20 6 1
20 10 1
20 11 1
20 12 1
20 13 1
20 15 1
20 16 1
20 17 1
20 18 1
20 19 1
21 19 1
22 7 1
23 22 1
25 6 1
25 10 1
25 22 1
25 24 1
26 22 1
26 24 1
26 25 1
27 22 1
27 23 1
27 24 1
27 26 1
28 1 1
28 2 1
28 3 1
28 13 1
29 7 1
29 8 1
30 3 1
30 4 1
30 5 1
30 8 1
31 6 1
31 7 1
31 8 1
31 9 1
31 11 1
31 22 1
31 29 1
32 2 1
32 3 1
32 8 1
32 14 1
33 6 1
33 7 1
33 9 1
33 10 1
33 11 1
33 20 1
33 25 1
33 31 1
34 6 1
34 7 1
34 9 1
34 10 1
34 11 1
34 18 1
34 20 1
34 25 1
34 31 1
34 33 1
35 12 1
35 15 1
36 13 1
36 15 1
36 16 1
36 17 1
36 18 1
36 19 1
36 20 1
37 6 1
37 13 1
37 14 1
37 16 1
37 17 1
37 18 1
37 19 1
37 20 1
37 34 1
37 36 1
38 1 1
38 2 1
38 3 1
38 13 1
38 28 1
38 35 1
39 10 1
39 11 1
39 12 1
39 15 1
39 20 1
39 33 1
39 34 1
39 35 1
40 21 1
41 22 1
41 23 1
41 24 1
41 25 1
41 27 1
41 40 1
42 10 1
42 24 1
42 25 1
42 26 1
42 27 1
42 33 1
42 34 1
43 1 1
43 2 1
43 3 1
43 13 1
43 28 1
43 38 1
44 6 1
44 7 1
44 8 1
44 11 1
44 14 1
44 18 1
44 29 1
44 31 1
44 32 1
45 29 1
45 44 1
46 8 1
46 29 1
46 30 1
46 32 1
46 44 1
47 3 1
47 4 1
47 5 1
47 30 1
47 32 1
48 12 1
48 13 1
48 15 1
48 16 1
48 20 1
48 35 1
48 36 1
48 38 1
49 10 1
49 12 1
49 15 1
49 20 1
49 25 1
49 34 1
49 35 1
49 39 1
50 1 1
50 2 1
50 3 1
50 4 1
50 12 1
50 13 1
50 20 1
50 28 1
50 35 1
50 38 1
50 39 1
50 43 1
50 48 1
51 4 1
51 9 1
51 10 1
51 11 1
51 12 1
51 33 1
51 34 1
51 39 1
51 49 1
52 19 1
52 21 1
52 36 1
52 40 1
53 24 1
53 26 1
53 27 1
53 42 1
54 10 1
54 24 1
54 25 1
54 26 1
54 33 1
54 34 1
54 42 1
54 49 1
55 10 1
55 24 1
55 25 1
55 26 1
55 27 1
55 33 1
55 34 1
55 42 1
55 53 1
55 54 1
56 24 1
56 40 1
56 41 1
57 7 1
57 22 1
57 23 1
57 26 1
57 31 1
57 55 1
58 6 1
58 7 1
58 9 1
58 11 1
58 31 1
58 33 1
58 57 1
59 1 1
59 2 1
59 13 1
59 28 1
59 38 1
59 43 1
59 48 1
59 50 1
60 29 1
60 45 1
61 2 1
61 3 1
61 4 1
61 5 1
61 6 1
61 8 1
61 9 1
61 11 1
61 13 1
61 14 1
61 18 1
61 20 1
61 30 1
61 32 1
61 34 1
61 43 1
61 44 1
61 50 1
62 1 1
62 13 1
62 15 1
62 16 1
62 17 1
62 20 1
62 28 1
62 35 1
62 36 1
62 38 1
62 48 1
62 50 1
62 59 1
63 2 1
63 3 1
63 13 1
63 14 1
63 18 1
63 32 1
63 37 1
63 44 1
63 61 1
64 6 1
64 7 1
64 13 1
64 14 1
64 16 1
64 17 1
64 18 1
64 19 1
64 20 1
64 34 1
64 37 1
64 44 1
64 63 1
65 6 1
65 10 1
65 13 1
65 15 1
65 16 1
65 17 1
65 18 1
65 19 1
65 20 1
65 25 1
65 34 1
65 36 1
65 37 1
65 39 1
65 48 1
65 49 1
65 52 1
65 62 1
65 64 1
66 4 1
66 6 1
66 9 1
66 10 1
66 11 1
66 20 1
66 33 1
66 34 1
66 39 1
66 49 1
66 51 1
67 29 1
67 45 1
67 60 1
68 2 1
68 3 1
68 6 1
68 7 1
68 8 1
68 11 1
68 13 1
68 14 1
68 17 1
68 18 1
68 20 1
68 31 1
68 34 1
68 37 1
68 44 1
68 61 1
68 63 1
68 64 1
69 2 1
69 3 1
69 4 1
69 5 1
69 6 1
69 7 1
69 8 1
69 9 1
69 11 1
69 13 1
69 14 1
69 18 1
69 20 1
69 32 1
69 34 1
69 37 1
69 44 1
69 46 1
69 50 1
69 61 1
69 63 1
69 64 1
69 68 1
70 3 1
70 4 1
70 5 1
70 8 1
70 9 1
70 11 1
70 30 1
70 32 1
70 46 1
70 47 1
70 61 1
70 69 1
71 2 1
71 3 1
71 8 1
71 14 1
71 32 1
71 44 1
71 46 1
71 61 1
71 63 1
71 69 1
72 4 1
72 12 1
72 13 1
72 20 1
72 35 1
72 38 1
72 39 1
72 48 1
72 50 1
72 51 1
72 61 1
72 62 1
72 66 1
73 12 1
73 13 1
73 15 1
73 16 1
73 35 1
73 36 1
73 38 1
73 48 1
73 62 1
73 65 1
74 1 1
74 2 1
74 3 1
74 13 1
74 14 1
74 16 1
74 17 1
74 18 1
74 20 1
74 37 1
74 43 1
74 44 1
74 50 1
74 61 1
74 63 1
74 64 1
74 65 1
74 68 1
74 69 1
74 71 1
75 1 1
75 13 1
75 15 1
75 16 1
75 17 1
75 19 1
75 20 1
75 28 1
75 36 1
75 37 1
75 38 1
75 48 1
75 59 1
75 62 1
75 65 1
75 73 1
75 74 1
76 2 1
76 13 1
76 14 1
76 16 1
76 17 1
76 18 1
76 20 1
76 37 1
76 44 1
76 61 1
76 63 1
76 64 1
76 65 1
76 68 1
76 69 1
76 74 1
77 2 1
77 3 1
77 6 1
77 7 1
77 9 1
77 10 1
77 11 1
77 13 1
77 14 1
77 16 1
77 17 1
77 18 1
77 20 1
77 33 1
77 34 1
77 37 1
77 44 1
77 61 1
77 63 1
77 64 1
77 65 1
77 66 1
77 68 1
77 69 1
77 74 1
77 76 1
78 2 1
78 3 1
78 4 1
78 6 1
78 10 1
78 11 1
78 13 1
78 14 1
78 16 1
78 17 1
78 18 1
78 20 1
78 34 1
78 37 1
78 43 1
78 44 1
78 50 1
78 61 1
78 63 1
78 64 1
78 65 1
78 68 1
78 69 1
78 72 1
78 74 1
78 76 1
78 77 1
79 1 1
79 2 1
79 3 1
79 13 1
79 28 1
79 35 1
79 38 1
79 43 1
79 48 1
79 50 1
79 59 1
79 61 1
79 62 1
79 72 1
79 74 1
79 75 1
79 78 1
80 3 1
80 6 1
80 10 1
80 11 1
80 12 1
80 13 1
80 15 1
80 16 1
80 17 1
80 18 1
80 20 1
80 34 1
80 35 1
80 36 1
80 37 1
80 38 1
80 39 1
80 48 1
80 49 1
80 50 1
80 51 1
80 61 1
80 62 1
80 65 1
80 66 1
80 69 1
80 72 1
80 73 1
80 74 1
80 75 1
80 77 1
80 78 1
80 79 1
81 13 1
81 16 1
81 17 1
81 19 1
81 20 1
81 21 1
81 36 1
81 37 1
81 52 1
81 62 1
81 65 1
81 73 1
81 75 1
82 6 1
82 7 1
82 10 1
82 11 1
82 22 1
82 23 1
82 25 1
82 26 1
82 31 1
82 33 1
82 34 1
82 41 1
82 54 1
82 55 1
82 57 1
82 58 1
83 21 1
83 24 1
83 25 1
83 26 1
83 27 1
83 40 1
83 41 1
83 42 1
83 52 1
83 53 1
83 54 1
83 55 1
84 7 1
84 22 1
84 23 1
84 29 1
84 31 1
84 57 1
84 82 1
85 22 1
85 23 1
85 27 1
85 41 1
85 56 1
85 82 1
85 84 1
86 22 1
86 23 1
86 25 1
86 40 1
86 41 1
86 56 1
86 82 1
86 83 1
86 85 1
87 23 1
87 24 1
87 26 1
87 27 1
87 42 1
87 53 1
87 55 1
87 83 1
88 40 1
88 41 1
88 56 1
88 83 1
88 85 1
88 86 1
89 29 1
89 45 1
89 60 1
89 67 1
90 6 1
90 7 1
90 9 1
90 10 1
90 11 1
90 14 1
90 18 1
90 20 1
90 22 1
90 25 1
90 31 1
90 33 1
90 34 1
90 37 1
90 44 1
90 57 1
90 64 1
90 65 1
90 68 1
90 69 1
90 76 1
90 77 1
90 78 1
90 82 1
90 84 1
91 4 1
91 9 1
91 10 1
91 11 1
91 33 1
91 39 1
91 51 1
91 66 1
92 21 1
92 24 1
92 25 1
92 40 1
92 41 1
92 42 1
92 52 1
92 54 1
92 83 1
92 86 1
92 88 1
93 6 1
93 7 1
93 10 1
93 18 1
93 19 1
93 20 1
93 22 1
93 25 1
93 34 1
93 37 1
93 41 1
93 64 1
93 65 1
93 82 1
93 83 1
93 85 1
93 86 1
93 88 1
93 90 1
94 7 1
94 22 1
94 23 1
94 27 1
94 31 1
94 41 1
94 57 1
94 82 1
94 84 1
94 85 1
94 86 1
94 90 1
94 93 1
95 1 1
95 2 1
95 13 1
95 16 1
95 17 1
95 28 1
95 36 1
95 38 1
95 43 1
95 48 1
95 50 1
95 59 1
95 62 1
95 73 1
95 74 1
95 75 1
95 79 1
96 2 1
96 3 1
96 6 1
96 7 1
96 8 1
96 11 1
96 14 1
96 18 1
96 29 1
96 31 1
96 32 1
96 37 1
96 44 1
96 46 1
96 61 1
96 63 1
96 64 1
96 68 1
96 69 1
96 70 1
96 71 1
96 74 1
96 76 1
96 77 1
96 78 1
96 90 1
97 6 1
97 7 1
97 8 1
97 11 1
97 14 1
97 18 1
97 29 1
97 31 1
97 44 1
97 45 1
97 46 1
97 63 1
97 64 1
97 68 1
97 69 1
97 76 1
97 77 1
97 82 1
97 84 1
97 89 1
97 90 1
97 96 1
98 6 1
98 7 1
98 14 1
98 29 1
98 31 1
98 44 1
98 45 1
98 64 1
98 68 1
98 82 1
98 84 1
98 89 1
98 90 1
98 94 1
98 96 1
98 97 1
99 2 1
99 3 1
99 4 1
99 5 1
99 6 1
99 8 1
99 9 1
99 11 1
99 18 1
99 30 1
99 33 1
99 34 1
99 44 1
99 46 1
99 51 1
99 61 1
99 66 1
99 68 1
99 69 1
99 70 1
99 74 1
99 77 1
99 78 1
99 80 1
99 90 1
99 91 1
99 96 1
100 6 1
100 7 1
100 9 1
100 10 1
100 11 1
100 18 1
100 20 1
100 25 1
100 31 1
100 33 1
100 34 1
100 39 1
100 49 1
100 51 1
100 54 1
100 61 1
100 65 1
100 66 1
100 68 1
100 69 1
100 77 1
100 78 1
100 80 1
100 82 1
100 90 1
100 91 1
100 96 1
100 99 1
101 3 1
101 4 1
101 5 1
101 8 1
101 9 1
101 11 1
101 30 1
101 32 1
101 44 1
101 46 1
101 47 1
101 61 1
101 69 1
101 70 1
101 71 1
101 96 1
101 97 1
101 99 1
102 1 1
102 2 1
102 3 1
102 13 1
102 14 1
102 16 1
102 17 1
102 18 1
102 20 1
102 28 1
102 36 1
102 37 1
102 43 1
102 59 1
102 61 1
102 62 1
102 63 1
102 64 1
102 68 1
102 69 1
102 74 1
102 75 1
102 76 1
102 77 1
102 78 1
102 79 1
102 95 1
103 1 1
103 13 1
103 15 1
103 16 1
103 17 1
103 19 1
103 20 1
103 35 1
103 36 1
103 38 1
103 48 1
103 50 1
103 59 1
103 62 1
103 65 1
103 73 1
103 75 1
103 79 1
103 80 1
103 81 1
103 95 1
103 102 1
104 10 1
104 12 1
104 13 1
104 15 1
104 16 1
104 17 1
104 18 1
104 20 1
104 34 1
104 35 1
104 36 1
104 39 1
104 48 1
104 49 1
104 50 1
104 62 1
104 65 1
104 72 1
104 73 1
104 75 1
104 77 1
104 78 1
104 80 1
104 81 1
104 100 1
104 103 1
105 13 1
105 14 1
105 16 1
105 17 1
105 18 1
105 19 1
105 20 1
105 34 1
105 36 1
105 37 1
105 62 1
105 64 1
105 65 1
105 68 1
105 69 1
105 74 1
105 75 1
105 76 1
105 77 1
105 78 1
105 80 1
105 81 1
105 90 1
105 93 1
105 102 1
105 103 1
105 104 1
106 3 1
106 10 1
106 12 1
106 13 1
106 15 1
106 16 1
106 18 1
106 20 1
106 35 1
106 36 1
106 38 1
106 39 1
106 48 1
106 49 1
106 50 1
106 51 1
106 61 1
106 62 1
106 65 1
106 66 1
106 69 1
106 72 1
106 73 1
106 74 1
106 75 1
106 77 1
106 78 1
106 79 1
106 80 1
106 100 1
106 103 1
106 104 1
106 105 1
107 13 1
107 15 1
107 16 1
107 17 1
107 18 1
107 19 1
107 20 1
107 21 1
107 36 1
107 37 1
107 49 1
107 52 1
107 62 1
107 64 1
107 65 1
107 73 1
107 75 1
107 80 1
107 81 1
107 93 1
107 103 1
107 104 1
107 105 1
108 6 1
108 10 1
108 11 1
108 12 1
108 13 1
108 15 1
108 16 1
108 17 1
108 18 1
108 20 1
108 25 1
108 33 1
108 34 1
108 35 1
108 36 1
108 37 1
108 39 1
108 49 1
108 50 1
108 51 1
108 54 1
108 61 1
108 65 1
108 66 1
108 69 1
108 72 1
108 74 1
108 77 1
108 78 1
108 80 1
108 90 1
108 100 1
108 104 1
108 105 1
108 106 1
108 107 1
109 6 1
109 7 1
109 10 1
109 22 1
109 23 1
109 25 1
109 26 1
109 27 1
109 31 1
109 33 1
109 34 1
109 41 1
109 42 1
109 54 1
109 55 1
109 57 1
109 58 1
109 82 1
109 84 1
109 85 1
109 90 1
109 93 1
109 94 1
110 15 1
110 19 1
110 20 1
110 21 1
110 25 1
110 36 1
110 40 1
110 49 1
110 52 1
110 65 1
110 81 1
110 83 1
110 86 1
110 92 1
110 93 1
110 104 1
110 107 1
111 10 1
111 22 1
111 23 1
111 24 1
111 25 1
111 34 1
111 41 1
111 42 1
111 54 1
111 65 1
111 82 1
111 83 1
111 85 1
111 86 1
111 88 1
111 90 1
111 92 1
111 93 1
111 94 1
111 109 1
111 110 1
112 6 1
112 7 1
112 18 1
112 22 1
112 23 1
112 29 1
112 31 1
112 34 1
112 41 1
112 44 1
112 57 1
112 64 1
112 68 1
112 82 1
112 84 1
112 85 1
112 86 1
112 90 1
112 93 1
112 94 1
112 97 1
112 98 1
112 109 1
112 111 1
113 22 1
113 23 1
113 24 1
113 25 1
113 26 1
113 27 1
113 40 1
113 41 1
113 42 1
113 53 1
113 54 1
113 55 1
113 56 1
113 82 1
113 83 1
113 85 1
113 86 1
113 87 1
113 88 1
113 92 1
113 93 1
113 94 1
113 109 1
113 111 1
114 22 1
114 23 1
114 24 1
114 25 1
114 26 1
114 27 1
114 41 1
114 42 1
114 53 1
114 54 1
114 55 1
114 83 1
114 87 1
114 92 1
114 109 1
114 111 1
114 113 1
115 22 1
115 23 1
115 24 1
115 25 1
115 27 1
115 40 1
115 41 1
115 42 1
115 53 1
115 56 1
115 83 1
115 85 1
115 86 1
115 87 1
115 88 1
115 92 1
115 93 1
115 94 1
115 111 1
115 113 1
115 114 1
116 1 1
116 2 1
116 3 1
116 13 1
116 28 1
116 38 1
116 43 1
116 50 1
116 59 1
116 61 1
116 74 1
116 78 1
116 79 1
116 95 1
116 102 1
117 4 1
117 5 1
117 8 1
117 30 1
117 32 1
117 46 1
117 47 1
117 70 1
117 101 1
118 13 1
118 16 1
118 17 1
118 18 1
118 19 1
118 20 1
118 34 1
118 36 1
118 37 1
118 52 1
118 64 1
118 65 1
118 68 1
118 74 1
118 75 1
118 76 1
118 77 1
118 78 1
118 80 1
118 81 1
118 86 1
118 90 1
118 93 1
118 102 1
118 103 1
118 104 1
118 105 1
118 107 1
118 108 1
118 110 1
118 111 1
119 6 1
119 7 1
119 10 1
119 18 1
119 22 1
119 23 1
119 25 1
119 31 1
119 34 1
119 37 1
119 41 1
119 64 1
119 65 1
119 68 1
119 77 1
119 82 1
119 84 1
119 85 1
119 86 1
119 90 1
119 93 1
119 94 1
119 98 1
119 105 1
119 109 1
119 111 1
119 112 1
119 113 1
119 115 1
119 118 1
120 7 1
120 8 1
120 14 1
120 29 1
120 31 1
120 44 1
120 45 1
120 46 1
120 63 1
120 67 1
120 68 1
120 84 1
120 89 1
120 90 1
120 96 1
120 97 1
120 98 1
120 112 1
121 29 1
121 45 1
121 60 1
121 67 1
121 89 1
121 120 1
122 3 1
122 4 1
122 5 1
122 6 1
122 8 1
122 9 1
122 11 1
122 30 1
122 46 1
122 47 1
122 51 1
122 61 1
122 66 1
122 69 1
122 70 1
122 77 1
122 78 1
122 91 1
122 96 1
122 99 1
122 100 1
122 101 1
122 117 1
123 2 1
123 3 1
123 4 1
123 5 1
123 8 1
123 14 1
123 30 1
123 32 1
123 43 1
123 44 1
123 46 1
123 47 1
123 61 1
123 63 1
123 68 1
123 69 1
123 70 1
123 71 1
123 74 1
123 77 1
123 78 1
123 96 1
123 97 1
123 99 1
123 101 1
123 116 1
123 117 1
123 122 1
124 2 1
124 3 1
124 5 1
124 14 1
124 32 1
124 43 1
124 44 1
124 47 1
124 61 1
124 63 1
124 68 1
124 69 1
124 70 1
124 71 1
124 74 1
124 76 1
124 78 1
124 96 1
124 99 1
124 101 1
124 102 1
124 116 1
124 123 1
125 3 1
125 4 1
125 5 1
125 6 1
125 7 1
125 8 1
125 9 1
125 11 1
125 30 1
125 31 1
125 33 1
125 34 1
125 44 1
125 46 1
125 58 1
125 61 1
125 66 1
125 68 1
125 69 1
125 70 1
125 77 1
125 78 1
125 90 1
125 91 1
125 96 1
125 97 1
125 99 1
125 100 1
125 101 1
125 122 1
125 123 1
126 2 1
126 3 1
126 4 1
126 5 1
126 8 1
126 30 1
126 32 1
126 47 1
126 61 1
126 69 1
126 70 1
126 71 1
126 99 1
126 101 1
126 116 1
126 117 1
126 122 1
126 123 1
126 124 1
126 125 1
127 2 1
127 3 1
127 4 1
127 5 1
127 13 1
127 28 1
127 30 1
127 38 1
127 39 1
127 43 1
127 50 1
127 61 1
127 69 1
127 70 1
127 72 1
127 74 1
127 77 1
127 78 1
127 79 1
127 80 1
127 99 1
127 106 1
127 116 1
127 122 1
127 123 1
127 124 1
127 126 1
128 3 1
128 4 1
128 5 1
128 12 1
128 13 1
128 20 1
128 35 1
128 38 1
128 39 1
128 50 1
128 51 1
128 61 1
128 66 1
128 69 1
128 72 1
128 77 1
128 78 1
128 79 1
128 80 1
128 91 1
128 99 1
128 100 1
128 104 1
128 106 1
128 108 1
128 116 1
128 122 1
128 127 1
129 13 1
129 14 1
129 17 1
129 18 1
129 37 1
129 44 1
129 63 1
129 64 1
129 68 1
129 69 1
129 71 1
129 74 1
129 76 1
129 77 1
129 78 1
129 96 1
129 97 1
129 98 1
129 102 1
129 105 1
129 120 1
129 123 1
129 124 1
130 1 1
130 2 1
130 3 1
130 12 1
130 13 1
130 16 1
130 17 1
130 18 1
130 20 1
130 28 1
130 34 1
130 35 1
130 36 1
130 37 1
130 38 1
130 39 1
130 43 1
130 48 1
130 49 1
130 50 1
130 59 1
130 61 1
130 62 1
130 64 1
130 65 1
130 68 1
130 69 1
130 72 1
130 73 1
130 74 1
130 75 1
130 76 1
130 77 1
130 78 1
130 79 1
130 80 1
130 95 1
130 99 1
130 100 1
130 102 1
130 103 1
130 104 1
130 105 1
130 106 1
130 107 1
130 108 1
130 116 1
130 118 1
130 127 1
130 128 1
131 1 1
131 2 1
131 13 1
131 16 1
131 28 1
131 35 1
131 38 1
131 43 1
131 48 1
131 50 1
131 59 1
131 62 1
131 72 1
131 73 1
131 75 1
131 79 1
131 80 1
131 95 1
131 102 1
131 103 1
131 106 1
131 116 1
131 127 1
131 128 1
131 130 1
132 4 1
132 6 1
132 9 1
132 10 1
132 11 1
132 12 1
132 18 1
132 20 1
132 33 1
132 34 1
132 35 1
132 39 1
132 49 1
132 50 1
132 51 1
132 61 1
132 65 1
132 66 1
132 69 1
132 72 1
132 77 1
132 78 1
132 80 1
132 91 1
132 99 1
132 100 1
132 104 1
132 106 1
132 108 1
132 122 1
132 125 1
132 127 1
132 128 1
132 130 1
133 4 1
133 5 1
133 6 1
133 9 1
133 10 1
133 11 1
133 30 1
133 33 1
133 34 1
133 39 1
133 51 1
133 61 1
133 66 1
133 69 1
133 70 1
133 72 1
133 80 1
133 91 1
133 99 1
133 100 1
133 106 1
133 108 1
133 122 1
133 125 1
133 127 1
133 128 1
133 132 1
134 6 1
134 10 1
134 20 1
134 21 1
134 24 1
134 25 1
134 33 1
134 34 1
134 41 1
134 42 1
134 49 1
134 52 1
134 54 1
134 55 1
134 65 1
134 82 1
134 83 1
134 86 1
134 90 1
134 92 1
134 93 1
134 100 1
134 104 1
134 107 1
134 108 1
134 109 1
134 110 1
134 111 1
134 113 1
134 115 1
134 118 1
134 119 1
135 10 1
135 21 1
135 24 1
135 25 1
135 40 1
135 41 1
135 42 1
135 49 1
135 52 1
135 54 1
135 65 1
135 83 1
135 86 1
135 92 1
135 93 1
135 107 1
135 110 1
135 111 1
135 113 1
135 115 1
135 118 1
135 119 1
135 134 1
136 19 1
136 21 1
136 25 1
136 40 1
136 41 1
136 52 1
136 65 1
136 81 1
136 83 1
136 86 1
136 88 1
136 92 1
136 93 1
136 107 1
136 110 1
136 111 1
136 113 1
136 118 1
136 134 1
136 135 1
137 19 1
137 21 1
137 36 1
137 40 1
137 41 1
137 52 1
137 65 1
137 81 1
137 83 1
137 86 1
137 88 1
137 92 1
137 93 1
137 107 1
137 110 1
137 111 1
137 118 1
137 134 1
137 135 1
137 136 1
138 19 1
138 21 1
138 40 1
138 52 1
138 81 1
138 107 1
138 110 1
138 135 1
138 136 1
138 137 1
139 10 1
139 21 1
139 22 1
139 24 1
139 25 1
139 34 1
139 40 1
139 41 1
139 42 1
139 52 1
139 54 1
139 65 1
139 82 1
139 83 1
139 85 1
139 86 1
139 88 1
139 92 1
139 93 1
139 94 1
139 109 1
139 110 1
139 111 1
139 112 1
139 113 1
139 114 1
139 115 1
139 118 1
139 119 1
139 134 1
139 135 1
139 136 1
139 137 1
140 6 1
140 7 1
140 22 1
140 23 1
140 29 1
140 31 1
140 45 1
140 57 1
140 82 1
140 84 1
140 85 1
140 90 1
140 93 1
140 94 1
140 97 1
140 98 1
140 109 1
140 111 1
140 112 1
140 119 1
140 120 1
141 22 1
141 23 1
141 24 1
141 27 1
141 41 1
141 56 1
141 82 1
141 83 1
141 84 1
141 85 1
141 86 1
141 88 1
141 93 1
141 94 1
141 109 1
141 111 1
141 112 1
141 113 1
141 114 1
141 115 1
141 119 1
141 134 1
141 139 1
141 140 1
142 24 1
142 25 1
142 26 1
142 27 1
142 40 1
142 41 1
142 42 1
142 53 1
142 54 1
142 55 1
142 56 1
142 83 1
142 86 1
142 87 1
142 88 1
142 92 1
142 93 1
142 111 1
142 113 1
142 114 1
142 115 1
142 134 1
142 135 1
142 136 1
142 139 1
142 141 1
143 22 1
143 23 1
143 24 1
143 25 1
143 26 1
143 27 1
143 42 1
143 53 1
143 54 1
143 55 1
143 57 1
143 82 1
143 85 1
143 87 1
143 94 1
143 109 1
143 113 1
143 114 1
143 115 1
143 141 1
143 142 1
144 22 1
144 23 1
144 24 1
144 27 1
144 40 1
144 41 1
144 53 1
144 56 1
144 83 1
144 85 1
144 86 1
144 87 1
144 88 1
144 111 1
144 113 1
144 114 1
144 115 1
144 139 1
144 141 1
144 142 1
144 143 1
145 22 1
145 23 1
145 24 1
145 26 1
145 27 1
145 41 1
145 53 1
145 56 1
145 82 1
145 85 1
145 86 1
145 87 1
145 88 1
145 94 1
145 109 1
145 111 1
145 113 1
145 114 1
145 115 1
145 139 1
145 141 1
145 142 1
145 143 1
145 144 1
146 1 1
146 2 1
146 3 1
146 13 1
146 14 1
146 16 1
146 17 1
146 18 1
146 20 1
146 28 1
146 36 1
146 37 1
146 38 1
146 43 1
146 50 1
146 59 1
146 61 1
146 62 1
146 63 1
146 64 1
146 65 1
146 68 1
146 69 1
146 74 1
146 75 1
146 76 1
146 77 1
146 78 1
146 79 1
146 80 1
146 95 1
146 96 1
146 99 1
146 102 1
146 103 1
146 104 1
146 105 1
146 106 1
146 108 1
146 116 1
146 118 1
146 123 1
146 124 1
146 127 1
146 128 1
146 129 1
146 130 1
146 131 1
147 6 1
147 10 1
147 13 1
147 14 1
147 16 1
147 17 1
147 18 1
147 19 1
147 20 1
147 25 1
147 34 1
147 36 1
147 37 1
147 49 1
147 64 1
147 65 1
147 68 1
147 69 1
147 74 1
147 76 1
147 77 1
147 78 1
147 80 1
147 81 1
147 86 1
147 90 1
147 93 1
147 100 1
147 102 1
147 104 1
147 105 1
147 107 1
147 108 1
147 110 1
147 111 1
147 112 1
147 118 1
147 119 1
147 130 1
147 134 1
147 135 1
147 137 1
147 139 1
147 146 1
148 6 1
148 7 1
148 10 1
148 11 1
148 18 1
148 20 1
148 22 1
148 23 1
148 25 1
148 31 1
148 33 1
148 34 1
148 37 1
148 41 1
148 42 1
148 54 1
148 64 1
148 65 1
148 68 1
148 77 1
148 82 1
148 83 1
148 84 1
148 85 1
148 86 1
148 90 1
148 93 1
148 94 1
148 100 1
148 105 1
148 108 1
148 109 1
148 111 1
148 112 1
148 113 1
148 115 1
148 118 1
148 119 1
148 134 1
148 135 1
148 139 1
148 140 1
148 141 1
148 147 1
149 6 1
149 7 1
149 10 1
149 18 1
149 20 1
149 22 1
149 24 1
149 25 1
149 26 1
149 33 1
149 34 1
149 41 1
149 42 1
149 49 1
149 54 1
149 55 1
149 65 1
149 82 1
149 83 1
149 86 1
149 90 1
149 92 1
149 93 1
149 94 1
149 100 1
149 108 1
149 109 1
149 110 1
149 111 1
149 112 1
149 113 1
149 114 1
149 115 1
149 118 1
149 119 1
149 134 1
149 135 1
149 136 1
149 137 1
149 139 1
149 141 1
149 142 1
149 147 1
149 148 1
150 24 1
150 25 1
150 26 1
150 27 1
150 41 1
150 42 1
150 53 1
150 54 1
150 55 1
150 83 1
150 87 1
150 92 1
150 113 1
150 114 1
150 115 1
150 135 1
150 139 1
150 142 1
150 143 1
150 144 1
150 145 1
151 0 1
151 1 1
151 28 1
151 38 1
151 43 1
151 59 1
151 62 1
151 75 1
151 79 1
151 95 1
151 102 1
151 116 1
151 131 1
152 6 1
152 7 1
152 8 1
152 11 1
152 14 1
152 18 1
152 29 1
152 31 1
152 34 1
152 37 1
152 44 1
152 45 1
152 46 1
152 61 1
152 63 1
152 64 1
152 68 1
152 69 1
152 74 1
152 76 1
152 77 1
152 78 1
152 82 1
152 90 1
152 96 1
152 97 1
152 98 1
152 99 1
152 100 1
152 105 1
152 112 1
152 119 1
152 120 1
152 123 1
152 125 1
152 129 1
152 140 1
152 146 1
152 147 1
152 148 1
153 6 1
153 7 1
153 8 1
153 9 1
153 10 1
153 11 1
153 13 1
153 14 1
153 18 1
153 20 1
153 31 1
153 33 1
153 34 1
153 37 1
153 44 1
153 61 1
153 64 1
153 65 1
153 66 1
153 68 1
153 69 1
153 74 1
153 76 1
153 77 1
153 78 1
153 80 1
153 82 1
153 90 1
153 93 1
153 96 1
153 97 1
153 98 1
153 99 1
153 100 1
153 104 1
153 105 1
153 106 1
153 108 1
153 112 1
153 118 1
153 119 1
153 122 1
153 125 1
153 130 1
153 132 1
153 133 1
153 134 1
153 146 1
153 147 1
153 148 1
153 149 1
153 152 1
154 1 1
154 2 1
154 3 1
154 13 1
154 14 1
154 16 1
154 17 1
154 18 1
154 37 1
154 43 1
154 63 1
154 64 1
154 68 1
154 69 1
154 71 1
154 74 1
154 76 1
154 77 1
154 78 1
154 96 1
154 102 1
154 105 1
154 123 1
154 124 1
154 129 1
154 146 1
154 152 1
155 10 1
155 12 1
155 15 1
155 20 1
155 25 1
155 33 1
155 34 1
155 39 1
155 42 1
155 49 1
155 51 1
155 54 1
155 55 1
155 65 1
155 66 1
155 80 1
155 100 1
155 104 1
155 108 1
155 132 1
155 134 1
155 135 1
155 149 1
156 2 1
156 3 1
156 6 1
156 13 1
156 14 1
156 16 1
156 17 1
156 18 1
156 20 1
156 34 1
156 36 1
156 37 1
156 44 1
156 61 1
156 63 1
156 64 1
156 65 1
156 68 1
156 69 1
156 74 1
156 75 1
156 76 1
156 77 1
156 78 1
156 80 1
156 90 1
156 96 1
156 99 1
156 100 1
156 102 1
156 105 1
156 106 1
156 107 1
156 108 1
156 118 1
156 123 1
156 124 1
156 129 1
156 130 1
156 146 1
156 147 1
156 152 1
156 153 1
156 154 1
157 1 1
157 2 1
157 3 1
157 12 1
157 13 1
157 15 1
157 16 1
157 17 1
157 20 1
157 28 1
157 35 1
157 36 1
157 38 1
157 39 1
157 43 1
157 48 1
157 50 1
157 59 1
157 61 1
157 62 1
157 65 1
157 72 1
157 73 1
157 74 1
157 75 1
157 78 1
157 79 1
157 80 1
157 95 1
157 102 1
157 103 1
157 104 1
157 106 1
157 108 1
157 116 1
157 127 1
157 128 1
157 130 1
157 131 1
157 146 1
157 151 1
158 2 1
158 3 1
158 6 1
158 10 1
158 11 1
158 13 1
158 14 1
158 16 1
158 17 1
158 18 1
158 20 1
158 33 1
158 34 1
158 36 1
158 37 1
158 39 1
158 49 1
158 50 1
158 61 1
158 62 1
158 64 1
158 65 1
158 68 1
158 69 1
158 72 1
158 74 1
158 75 1
158 76 1
158 77 1
158 78 1
158 79 1
158 80 1
158 81 1
158 90 1
158 93 1
158 96 1
158 99 1
158 100 1
158 102 1
158 103 1
158 104 1
158 105 1
158 106 1
158 107 1
158 108 1
158 118 1
158 127 1
158 128 1
158 130 1
158 132 1
158 134 1
158 146 1
158 147 1
158 148 1
158 149 1
158 152 1
158 153 1
158 156 1
158 157 1
159 10 1
159 24 1
159 25 1
159 26 1
159 34 1
159 41 1
159 42 1
159 49 1
159 54 1
159 55 1
159 83 1
159 87 1
159 92 1
159 93 1
159 110 1
159 111 1
159 113 1
159 114 1
159 115 1
159 134 1
159 135 1
159 136 1
159 139 1
159 142 1
159 148 1
159 149 1
159 150 1
159 155 1
160 0 1
160 151 1
161 0 1
161 1 1
161 28 1
161 59 1
161 95 1
161 151 1
161 160 1
162 1 1
162 2 1
162 3 1
162 4 1
162 5 1
162 13 1
162 14 1
162 28 1
162 30 1
162 32 1
162 43 1
162 47 1
162 50 1
162 61 1
162 63 1
162 69 1
162 70 1
162 71 1
162 74 1
162 78 1
162 79 1
162 96 1
162 99 1
162 102 1
162 116 1
162 122 1
162 123 1
162 124 1
162 126 1
162 127 1
162 130 1
162 146 1
162 154 1
162 156 1
163 29 1
163 45 1
163 60 1
163 67 1
163 89 1
163 120 1
163 121 1
164 7 1
164 14 1
164 29 1
164 31 1
164 44 1
164 45 1
164 63 1
164 64 1
164 67 1
164 68 1
164 76 1
164 84 1
164 89 1
164 90 1
164 96 1
164 97 1
164 98 1
164 112 1
164 120 1
164 121 1
164 129 1
164 140 1
164 152 1
164 163 1
165 6 1
165 7 1
165 9 1
165 10 1
165 11 1
165 18 1
165 20 1
165 22 1
165 25 1
165 26 1
165 31 1
165 33 1
165 34 1
165 42 1
165 49 1
165 51 1
165 54 1
165 55 1
165 57 1
165 58 1
165 66 1
165 77 1
165 82 1
165 90 1
165 93 1
165 100 1
165 108 1
165 109 1
165 111 1
165 112 1
165 119 1
165 125 1
165 132 1
165 133 1
165 134 1
165 139 1
165 147 1
165 148 1
165 149 1
165 153 1
165 155 1
165 158 1
165 159 1
166 3 1
166 4 1
166 5 1
166 30 1
166 32 1
166 47 1
166 61 1
166 70 1
166 99 1
166 101 1
166 117 1
166 122 1
166 123 1
166 124 1
166 126 1
166 127 1
166 162 1
167 2 1
167 3 1
167 4 1
167 5 1
167 30 1
167 32 1
167 43 1
167 47 1
167 50 1
167 61 1
167 69 1
167 70 1
167 71 1
167 78 1
167 79 1
167 99 1
167 101 1
167 116 1
167 117 1
167 122 1
167 123 1
167 124 1
167 126 1
167 127 1
167 128 1
167 162 1
167 166 1
168 2 1
168 3 1
168 4 1
168 5 1
168 12 1
168 30 1
168 35 1
168 38 1
168 39 1
168 50 1
168 51 1
168 61 1
168 66 1
168 69 1
168 70 1
168 72 1
168 78 1
168 79 1
168 80 1
168 99 1
168 106 1
168 116 1
168 122 1
168 126 1
168 127 1
168 128 1
168 130 1
168 131 1
168 132 1
168 133 1
168 146 1
168 157 1
168 162 1
168 166 1
168 167 1
169 2 1
169 3 1
169 13 1
169 14 1
169 18 1
169 32 1
169 37 1
169 43 1
169 44 1
169 61 1
169 63 1
169 64 1
169 68 1
169 69 1
169 71 1
169 74 1
169 76 1
169 77 1
169 78 1
169 96 1
169 102 1
169 105 1
169 116 1
169 123 1
169 124 1
169 129 1
169 146 1
169 152 1
169 154 1
169 156 1
169 162 1
170 12 1
170 15 1
170 35 1
170 39 1
170 49 1
170 73 1
170 104 1
170 155 1
171 2 1
171 3 1
171 4 1
171 6 1
171 10 1
171 11 1
171 13 1
171 14 1
171 16 1
171 17 1
171 18 1
171 20 1
171 34 1
171 36 1
171 37 1
171 38 1
171 39 1
171 43 1
171 50 1
171 61 1
171 62 1
171 64 1
171 65 1
171 68 1
171 69 1
171 72 1
171 74 1
171 75 1
171 76 1
171 77 1
171 78 1
171 79 1
171 80 1
171 90 1
171 95 1
171 96 1
171 99 1
171 100 1
171 102 1
171 103 1
171 104 1
171 105 1
171 106 1
171 108 1
171 116 1
171 118 1
171 122 1
171 123 1
171 124 1
171 127 1
171 128 1
171 130 1
171 131 1
171 132 1
171 133 1
171 146 1
171 147 1
171 153 1
171 154 1
171 156 1
171 157 1
171 158 1
171 162 1
171 167 1
171 168 1
171 169 1
172 6 1
172 10 1
172 11 1
172 12 1
172 13 1
172 15 1
172 18 1
172 20 1
172 33 1
172 34 1
172 35 1
172 39 1
172 48 1
172 49 1
172 50 1
172 51 1
172 61 1
172 65 1
172 66 1
172 69 1
172 72 1
172 77 1
172 78 1
172 80 1
172 91 1
172 100 1
172 103 1
172 104 1
172 105 1
172 106 1
172 108 1
172 127 1
172 128 1
172 130 1
172 132 1
172 133 1
172 134 1
172 146 1
172 147 1
172 153 1
172 155 1
172 157 1
172 158 1
172 165 1
172 168 1
172 170 1
172 171 1
173 21 1
173 25 1
173 40 1
173 49 1
173 52 1
173 83 1
173 92 1
173 110 1
173 134 1
173 135 1
173 136 1
173 137 1
173 138 1
173 139 1
173 142 1
173 155 1
173 159 1
173 170 1
174 7 1
174 22 1
174 23 1
174 26 1
174 27 1
174 31 1
174 57 1
174 82 1
174 84 1
174 85 1
174 90 1
174 94 1
174 109 1
174 111 1
174 112 1
174 119 1
174 140 1
174 141 1
174 143 1
174 145 1
174 148 1
174 149 1
174 165 1
175 22 1
175 23 1
175 25 1
175 41 1
175 82 1
175 83 1
175 84 1
175 85 1
175 86 1
175 88 1
175 90 1
175 93 1
175 94 1
175 109 1
175 111 1
175 112 1
175 113 1
175 115 1
175 118 1
175 119 1
175 134 1
175 135 1
175 137 1
175 139 1
175 140 1
175 141 1
175 142 1
175 144 1
175 145 1
175 147 1
175 148 1
175 149 1
175 174 1
176 7 1
176 22 1
176 23 1
176 26 1
176 27 1
176 31 1
176 42 1
176 55 1
176 57 1
176 58 1
176 82 1
176 84 1
176 85 1
176 87 1
176 94 1
176 109 1
176 112 1
176 114 1
176 140 1
176 141 1
176 143 1
176 145 1
176 148 1
176 165 1
176 174 1
177 0 1
177 1 1
177 28 1
177 59 1
177 95 1
177 131 1
177 151 1
177 160 1
177 161 1
178 3 1
178 4 1
178 5 1
178 8 1
178 30 1
178 32 1
178 46 1
178 47 1
178 61 1
178 70 1
178 96 1
178 99 1
178 101 1
178 117 1
178 122 1
178 123 1
178 125 1
178 126 1
178 166 1
178 167 1
179 12 1
179 15 1
179 16 1
179 20 1
179 35 1
179 36 1
179 48 1
179 49 1
179 62 1
179 65 1
179 72 1
179 73 1
179 75 1
179 80 1
179 103 1
179 104 1
179 106 1
179 107 1
179 130 1
179 131 1
179 157 1
179 170 1
179 172 1
180 2 1
180 13 1
180 14 1
180 17 1
180 18 1
180 37 1
180 44 1
180 63 1
180 64 1
180 68 1
180 69 1
180 71 1
180 74 1
180 76 1
180 77 1
180 78 1
180 96 1
180 102 1
180 105 1
180 123 1
180 124 1
180 129 1
180 146 1
180 152 1
180 154 1
180 156 1
180 169 1
181 12 1
181 15 1
181 20 1
181 35 1
181 39 1
181 48 1
181 49 1
181 62 1
181 65 1
181 72 1
181 73 1
181 80 1
181 103 1
181 104 1
181 106 1
181 108 1
181 130 1
181 155 1
181 157 1
181 170 1
181 172 1
181 179 1
182 10 1
182 12 1
182 13 1
182 15 1
182 16 1
182 17 1
182 18 1
182 19 1
182 20 1
182 35 1
182 36 1
182 37 1
182 39 1
182 48 1
182 49 1
182 52 1
182 62 1
182 65 1
182 73 1
182 75 1
182 78 1
182 80 1
182 81 1
182 103 1
182 104 1
182 105 1
182 106 1
182 107 1
182 108 1
182 110 1
182 118 1
182 130 1
182 134 1
182 135 1
182 136 1
182 137 1
182 146 1
182 147 1
182 155 1
182 157 1
182 158 1
182 170 1
182 171 1
182 172 1
182 179 1
182 181 1
183 19 1
183 21 1
183 40 1
183 41 1
183 52 1
183 81 1
183 83 1
183 86 1
183 88 1
183 92 1
183 93 1
183 107 1
183 110 1
183 111 1
183 118 1
183 134 1
183 135 1
183 136 1
183 137 1
183 138 1
183 139 1
183 173 1
184 21 1
184 24 1
184 40 1
184 41 1
184 52 1
184 56 1
184 83 1
184 88 1
184 92 1
184 110 1
184 113 1
184 115 1
184 134 1
184 135 1
184 136 1
184 137 1
184 138 1
184 139 1
184 142 1
184 150 1
184 159 1
184 173 1
184 183 1
185 21 1
185 24 1
185 25 1
185 26 1
185 41 1
185 42 1
185 49 1
185 53 1
185 54 1
185 55 1
185 83 1
185 87 1
185 92 1
185 110 1
185 111 1
185 113 1
185 114 1
185 115 1
185 134 1
185 135 1
185 136 1
185 139 1
185 142 1
185 149 1
185 150 1
185 155 1
185 159 1
185 173 1
185 184 1
186 22 1
186 24 1
186 26 1
186 27 1
186 42 1
186 53 1
186 54 1
186 55 1
186 57 1
186 87 1
186 109 1
186 114 1
186 143 1
186 145 1
186 174 1
186 176 1
187 22 1
187 23 1
187 24 1
187 26 1
187 27 1
187 42 1
187 53 1
187 55 1
187 57 1
187 82 1
187 85 1
187 87 1
187 94 1
187 109 1
187 114 1
187 141 1
187 143 1
187 145 1
187 174 1
187 176 1
187 186 1
188 22 1
188 23 1
188 24 1
188 25 1
188 26 1
188 27 1
188 41 1
188 42 1
188 53 1
188 56 1
188 83 1
188 85 1
188 86 1
188 87 1
188 88 1
188 92 1
188 111 1
188 113 1
188 114 1
188 115 1
188 139 1
188 141 1
188 142 1
188 143 1
188 144 1
188 145 1
188 149 1
188 150 1
188 159 1
188 175 1
188 184 1
188 185 1
188 187 1
189 0 1
189 1 1
189 28 1
189 43 1
189 59 1
189 95 1
189 151 1
189 160 1
189 161 1
189 177 1
190 29 1
190 44 1
190 45 1
190 46 1
190 60 1
190 67 1
190 89 1
190 97 1
190 98 1
190 120 1
190 121 1
190 152 1
190 163 1
190 164 1
191 29 1
191 45 1
191 60 1
191 67 1
191 89 1
191 97 1
191 98 1
191 120 1
191 121 1
191 163 1
191 164 1
191 190 1
192 6 1
192 7 1
192 8 1
192 9 1
192 11 1
192 29 1
192 31 1
192 33 1
192 34 1
192 44 1
192 46 1
192 57 1
192 58 1
192 68 1
192 82 1
192 84 1
192 90 1
192 96 1
192 97 1
192 98 1
192 100 1
192 109 1
192 112 1
192 120 1
192 125 1
192 140 1
192 152 1
192 153 1
192 164 1
192 165 1
192 174 1
192 176 1
192 190 1
193 6 1
193 7 1
193 8 1
193 9 1
193 11 1
193 29 1
193 31 1
193 33 1
193 44 1
193 46 1
193 57 1
193 58 1
193 82 1
193 90 1
193 96 1
193 97 1
193 98 1
193 99 1
193 100 1
193 101 1
193 120 1
193 122 1
193 125 1
193 152 1
193 153 1
193 165 1
193 192 1
194 6 1
194 7 1
194 8 1
194 9 1
194 11 1
194 29 1
194 31 1
194 44 1
194 46 1
194 58 1
194 68 1
194 69 1
194 70 1
194 90 1
194 96 1
194 97 1
194 98 1
194 99 1
194 101 1
194 120 1
194 122 1
194 125 1
194 152 1
194 153 1
194 164 1
194 178 1
194 190 1
194 192 1
194 193 1
195 6 1
195 7 1
195 8 1
195 11 1
195 14 1
195 29 1
195 31 1
195 32 1
195 44 1
195 45 1
195 46 1
195 61 1
195 63 1
195 68 1
195 69 1
195 70 1
195 71 1
195 77 1
195 90 1
195 96 1
195 97 1
195 98 1
195 99 1
195 101 1
195 120 1
195 122 1
195 123 1
195 124 1
195 125 1
195 152 1
195 153 1
195 164 1
195 169 1
195 178 1
195 190 1
195 192 1
195 193 1
195 194 1
196 2 1
196 3 1
196 8 1
196 14 1
196 32 1
196 44 1
196 46 1
196 61 1
196 63 1
196 68 1
196 69 1
196 70 1
196 71 1
196 74 1
196 76 1
196 77 1
196 78 1
196 96 1
196 97 1
196 99 1
196 101 1
196 117 1
196 120 1
196 122 1
196 123 1
196 124 1
196 125 1
196 126 1
196 129 1
196 146 1
196 152 1
196 154 1
196 156 1
196 162 1
196 167 1
196 169 1
196 178 1
196 180 1
196 194 1
196 195 1
197 3 1
197 4 1
197 5 1
197 6 1
197 8 1
197 9 1
197 11 1
197 30 1
197 32 1
197 44 1
197 46 1
197 47 1
197 61 1
197 69 1
197 70 1
197 77 1
197 96 1
197 97 1
197 99 1
197 100 1
197 101 1
197 117 1
197 122 1
197 123 1
197 125 1
197 126 1
197 133 1
197 153 1
197 166 1
197 167 1
197 178 1
197 192 1
197 193 1
197 194 1
197 195 1
197 196 1
198 12 1
198 15 1
198 20 1
198 35 1
198 38 1
198 39 1
198 48 1
198 49 1
198 50 1
198 51 1
198 62 1
198 66 1
198 72 1
198 79 1
198 80 1
198 104 1
198 106 1
198 108 1
198 127 1
198 128 1
198 130 1
198 131 1
198 132 1
198 133 1
198 157 1
198 168 1
198 171 1
198 172 1
198 179 1
198 181 1
199 12 1
199 15 1
199 20 1
199 35 1
199 36 1
199 38 1
199 39 1
199 48 1
199 49 1
199 50 1
199 62 1
199 72 1
199 73 1
199 75 1
199 80 1
199 103 1
199 104 1
199 106 1
199 130 1
199 131 1
199 157 1
199 170 1
199 172 1
199 179 1
199 181 1
199 182 1
199 198 1
200 12 1
200 15 1
200 20 1
200 35 1
200 39 1
200 48 1
200 49 1
200 72 1
200 73 1
200 80 1
200 104 1
200 106 1
200 108 1
200 155 1
200 170 1
200 172 1
200 179 1
200 181 1
200 182 1
200 198 1
200 199 1
201 6 1
201 9 1
201 10 1
201 11 1
201 12 1
201 20 1
201 33 1
201 34 1
201 35 1
201 39 1
201 49 1
201 50 1
201 51 1
201 54 1
201 65 1
201 66 1
201 72 1
201 77 1
201 80 1
201 91 1
201 100 1
201 104 1
201 106 1
201 108 1
201 128 1
201 130 1
201 132 1
201 133 1
201 153 1
201 155 1
201 158 1
201 165 1
201 168 1
201 171 1
201 172 1
201 181 1
201 182 1
201 198 1
201 200 1
202 4 1
202 9 1
202 10 1
202 11 1
202 12 1
202 20 1
202 33 1
202 34 1
202 35 1
202 39 1
202 49 1
202 50 1
202 51 1
202 61 1
202 66 1
202 72 1
202 80 1
202 91 1
202 99 1
202 100 1
202 104 1
202 106 1
202 108 1
202 122 1
202 125 1
202 127 1
202 128 1
202 130 1
202 132 1
202 133 1
202 153 1
202 155 1
202 158 1
202 168 1
202 171 1
202 172 1
202 198 1
202 201 1
203 6 1
203 7 1
203 9 1
203 10 1
203 11 1
203 26 1
203 31 1
203 33 1
203 34 1
203 55 1
203 57 1
203 58 1
203 82 1
203 90 1
203 100 1
203 109 1
203 165 1
203 174 1
203 176 1
203 186 1
203 187 1
203 192 1
203 193 1
204 6 1
204 7 1
204 9 1
204 10 1
204 11 1
204 22 1
204 25 1
204 26 1
204 31 1
204 33 1
204 34 1
204 42 1
204 54 1
204 55 1
204 57 1
204 58 1
204 82 1
204 84 1
204 90 1
204 109 1
204 112 1
204 143 1
204 148 1
204 165 1
204 174 1
204 176 1
204 186 1
204 187 1
204 192 1
204 193 1
204 203 1
205 7 1
205 22 1
205 23 1
205 27 1
205 31 1
205 41 1
205 57 1
205 82 1
205 84 1
205 85 1
205 94 1
205 109 1
205 111 1
205 112 1
205 119 1
205 140 1
205 141 1
205 143 1
205 145 1
205 174 1
205 175 1
205 176 1
205 187 1
206 22 1
206 23 1
206 41 1
206 56 1
206 82 1
206 83 1
206 84 1
206 85 1
206 86 1
206 88 1
206 93 1
206 94 1
206 109 1
206 111 1
206 112 1
206 113 1
206 115 1
206 119 1
206 134 1
206 139 1
206 140 1
206 141 1
206 142 1
206 144 1
206 145 1
206 148 1
206 149 1
206 174 1
206 175 1
206 188 1
206 205 1
207 22 1
207 25 1
207 26 1
207 27 1
207 33 1
207 42 1
207 54 1
207 55 1
207 57 1
207 58 1
207 82 1
207 87 1
207 109 1
207 114 1
207 143 1
207 165 1
207 174 1
207 176 1
207 186 1
207 187 1
207 203 1
207 204 1
208 22 1
208 23 1
208 24 1
208 27 1
208 40 1
208 41 1
208 56 1
208 83 1
208 85 1
208 86 1
208 87 1
208 88 1
208 92 1
208 93 1
208 111 1
208 113 1
208 114 1
208 115 1
208 134 1
208 135 1
208 136 1
208 139 1
208 141 1
208 142 1
208 144 1
208 145 1
208 149 1
208 150 1
208 159 1
208 175 1
208 183 1
208 184 1
208 185 1
208 188 1
208 206 1
209 22 1
209 23 1
209 24 1
209 40 1
209 41 1
209 56 1
209 83 1
209 85 1
209 86 1
209 88 1
209 92 1
209 93 1
209 94 1
209 111 1
209 113 1
209 115 1
209 119 1
209 135 1
209 139 1
209 141 1
209 142 1
209 144 1
209 145 1
209 149 1
209 175 1
209 183 1
209 184 1
209 188 1
209 206 1
209 208 1
210 40 1
210 41 1
210 56 1
210 83 1
210 86 1
210 88 1
210 92 1
210 113 1
210 115 1
210 139 1
210 142 1
210 144 1
210 175 1
210 183 1
210 184 1
210 188 1
210 206 1
210 208 1
210 209 1
211 0 1
211 59 1
211 151 1
211 160 1
211 161 1
211 177 1
211 189 1
212 0 1
212 1 1
212 28 1
212 43 1
212 59 1
212 95 1
212 151 1
212 160 1
212 161 1
212 177 1
212 189 1
212 211 1
213 6 1
213 7 1
213 8 1
213 11 1
213 14 1
213 18 1
213 29 1
213 31 1
213 34 1
213 37 1
213 44 1
213 45 1
213 46 1
213 63 1
213 64 1
213 68 1
213 69 1
213 74 1
213 76 1
213 77 1
213 78 1
213 82 1
213 84 1
213 90 1
213 94 1
213 96 1
213 97 1
213 98 1
213 100 1
213 112 1
213 119 1
213 120 1
213 125 1
213 129 1
213 140 1
213 147 1
213 148 1
213 152 1
213 153 1
213 156 1
213 164 1
213 190 1
213 192 1
213 193 1
213 194 1
213 195 1
213 196 1
214 2 1
214 3 1
214 6 1
214 7 1
214 8 1
214 11 1
214 13 1
214 14 1
214 17 1
214 18 1
214 20 1
214 32 1
214 34 1
214 37 1
214 44 1
214 46 1
214 61 1
214 63 1
214 64 1
214 68 1
214 69 1
214 71 1
214 74 1
214 76 1
214 77 1
214 78 1
214 80 1
214 90 1
214 96 1
214 97 1
214 98 1
214 99 1
214 100 1
214 101 1
214 102 1
214 105 1
214 108 1
214 118 1
214 120 1
214 122 1
214 123 1
214 124 1
214 125 1
214 127 1
214 129 1
214 130 1
214 146 1
214 147 1
214 152 1
214 153 1
214 154 1
214 156 1
214 158 1
214 162 1
214 169 1
214 171 1
214 180 1
214 195 1
214 196 1
214 197 1
214 213 1
215 2 1
215 3 1
215 14 1
215 32 1
215 43 1
215 47 1
215 61 1
215 63 1
215 69 1
215 71 1
215 74 1
215 96 1
215 116 1
215 117 1
215 123 1
215 124 1
215 126 1
215 154 1
215 162 1
215 166 1
215 167 1
215 169 1
215 180 1
215 195 1
215 196 1
215 214 1
216 10 1
216 12 1
216 13 1
216 15 1
216 20 1
216 35 1
216 38 1
216 39 1
216 48 1
216 49 1
216 50 1
216 51 1
216 62 1
216 65 1
216 66 1
216 72 1
216 73 1
216 79 1
216 80 1
216 103 1
216 104 1
216 106 1
216 108 1
216 127 1
216 128 1
216 130 1
216 131 1
216 132 1
216 133 1
216 155 1
216 157 1
216 158 1
216 168 1
216 170 1
216 171 1
216 172 1
216 179 1
216 181 1
216 182 1
216 198 1
216 199 1
216 200 1
216 201 1
216 202 1
217 2 1
217 3 1
217 13 1
217 14 1
217 17 1
217 18 1
217 32 1
217 37 1
217 43 1
217 44 1
217 61 1
217 63 1
217 64 1
217 68 1
217 69 1
217 71 1
217 74 1
217 76 1
217 77 1
217 78 1
217 96 1
217 97 1
217 99 1
217 102 1
217 105 1
217 116 1
217 123 1
217 124 1
217 127 1
217 129 1
217 130 1
217 146 1
217 152 1
217 153 1
217 154 1
217 156 1
217 158 1
217 162 1
217 167 1
217 169 1
217 171 1
217 180 1
217 195 1
217 196 1
217 213 1
217 214 1
217 215 1
218 1 1
218 2 1
218 13 1
218 16 1
218 17 1
218 18 1
218 19 1
218 20 1
218 28 1
218 36 1
218 37 1
218 38 1
218 43 1
218 48 1
218 50 1
218 59 1
218 62 1
218 65 1
218 73 1
218 74 1
218 75 1
218 76 1
218 78 1
218 79 1
218 80 1
218 81 1
218 95 1
218 102 1
218 103 1
218 104 1
218 105 1
218 106 1
218 107 1
218 116 1
218 118 1
218 130 1
218 131 1
218 146 1
218 147 1
218 151 1
218 154 1
218 156 1
218 157 1
218 158 1
218 171 1
218 179 1
218 182 1
218 217 1
219 12 1
219 13 1
219 15 1
219 16 1
219 17 1
219 19 1
219 20 1
219 35 1
219 36 1
219 48 1
219 49 1
219 52 1
219 62 1
219 65 1
219 73 1
219 75 1
219 80 1
219 81 1
219 103 1
219 104 1
219 105 1
219 106 1
219 107 1
219 108 1
219 110 1
219 118 1
219 130 1
219 147 1
219 157 1
219 158 1
219 170 1
219 172 1
219 179 1
219 181 1
219 182 1
219 199 1
219 200 1
219 216 1
219 218 1
220 12 1
220 15 1
220 16 1
220 17 1
220 20 1
220 35 1
220 36 1
220 48 1
220 49 1
220 52 1
220 62 1
220 65 1
220 73 1
220 75 1
220 80 1
220 81 1
220 103 1
220 104 1
220 106 1
220 107 1
220 108 1
220 110 1
220 118 1
220 130 1
220 157 1
220 158 1
220 170 1
220 172 1
220 173 1
220 179 1
220 181 1
220 182 1
220 198 1
220 199 1
220 200 1
220 216 1
220 219 1
221 13 1
221 15 1
221 16 1
221 17 1
221 18 1
221 19 1
221 20 1
221 34 1
221 36 1
221 37 1
221 48 1
221 49 1
221 52 1
221 62 1
221 64 1
221 65 1
221 73 1
221 74 1
221 75 1
221 76 1
221 77 1
221 78 1
221 80 1
221 81 1
221 93 1
221 102 1
221 103 1
221 104 1
221 105 1
221 106 1
221 107 1
221 108 1
221 110 1
221 118 1
221 119 1
221 130 1
221 134 1
221 135 1
221 136 1
221 137 1
221 139 1
221 146 1
221 147 1
221 148 1
221 149 1
221 153 1
221 156 1
221 158 1
221 171 1
221 172 1
221 179 1
221 182 1
221 218 1
221 219 1
221 220 1
222 4 1
222 6 1
222 10 1
222 11 1
222 12 1
222 13 1
222 15 1
222 18 1
222 20 1
222 33 1
222 34 1
222 35 1
222 38 1
222 39 1
222 49 1
222 50 1
222 51 1
222 61 1
222 65 1
222 66 1
222 69 1
222 72 1
222 77 1
222 78 1
222 79 1
222 80 1
222 91 1
222 99 1
222 100 1
222 104 1
222 106 1
222 108 1
222 127 1
222 128 1
222 130 1
222 131 1
222 132 1
222 133 1
222 146 1
222 153 1
222 155 1
222 157 1
222 158 1
222 168 1
222 171 1
222 172 1
222 181 1
222 182 1
222 198 1
222 199 1
222 200 1
222 201 1
222 202 1
222 216 1
222 220 1
223 21 1
223 25 1
223 40 1
223 42 1
223 49 1
223 52 1
223 54 1
223 65 1
223 83 1
223 92 1
223 93 1
223 104 1
223 107 1
223 110 1
223 111 1
223 113 1
223 134 1
223 135 1
223 136 1
223 137 1
223 138 1
223 139 1
223 142 1
223 149 1
223 150 1
223 155 1
223 159 1
223 170 1
223 173 1
223 182 1
223 183 1
223 184 1
223 185 1
223 220 1
224 15 1
224 21 1
224 40 1
224 49 1
224 52 1
224 65 1
224 81 1
224 83 1
224 92 1
224 104 1
224 107 1
224 110 1
224 134 1
224 135 1
224 136 1
224 137 1
224 138 1
224 139 1
224 159 1
224 170 1
224 173 1
224 181 1
224 182 1
224 183 1
224 184 1
224 185 1
224 219 1
224 220 1
224 221 1
224 223 1
225 6 1
225 7 1
225 22 1
225 23 1
225 31 1
225 57 1
225 82 1
225 84 1
225 85 1
225 90 1
225 93 1
225 94 1
225 97 1
225 98 1
225 109 1
225 111 1
225 112 1
225 119 1
225 140 1
225 141 1
225 143 1
225 145 1
225 148 1
225 149 1
225 164 1
225 165 1
225 174 1
225 175 1
225 176 1
225 187 1
225 192 1
225 203 1
225 204 1
225 205 1
225 206 1
225 213 1
226 22 1
226 23 1
226 26 1
226 27 1
226 53 1
226 55 1
226 57 1
226 87 1
226 109 1
226 114 1
226 143 1
226 145 1
226 174 1
226 176 1
226 186 1
226 187 1
226 203 1
226 204 1
226 207 1
227 1 1
227 2 1
227 3 1
227 4 1
227 5 1
227 13 1
227 28 1
227 38 1
227 43 1
227 50 1
227 59 1
227 61 1
227 69 1
227 72 1
227 74 1
227 77 1
227 78 1
227 79 1
227 80 1
227 95 1
227 99 1
227 102 1
227 106 1
227 116 1
227 123 1
227 124 1
227 126 1
227 127 1
227 128 1
227 130 1
227 131 1
227 146 1
227 151 1
227 154 1
227 156 1
227 157 1
227 158 1
227 162 1
227 167 1
227 168 1
227 169 1
227 171 1
227 214 1
227 215 1
227 217 1
227 218 1
228 2 1
228 3 1
228 4 1
228 6 1
228 7 1
228 8 1
228 9 1
228 10 1
228 11 1
228 13 1
228 14 1
228 18 1
228 20 1
228 31 1
228 33 1
228 34 1
228 37 1
228 39 1
228 44 1
228 51 1
228 61 1
228 63 1
228 64 1
228 65 1
228 66 1
228 68 1
228 69 1
228 70 1
228 74 1
228 76 1
228 77 1
228 78 1
228 80 1
228 90 1
228 96 1
228 97 1
228 99 1
228 100 1
228 101 1
228 105 1
228 106 1
228 108 1
228 122 1
228 123 1
228 125 1
228 127 1
228 128 1
228 130 1
228 132 1
228 133 1
228 146 1
228 147 1
228 148 1
228 152 1
228 153 1
228 156 1
228 158 1
228 165 1
228 168 1
228 171 1
228 172 1
228 192 1
228 193 1
228 194 1
228 195 1
228 196 1
228 197 1
228 201 1
228 202 1
228 213 1
228 214 1
228 217 1
228 222 1
229 3 1
229 8 1
229 14 1
229 32 1
229 44 1
229 46 1
229 47 1
229 61 1
229 63 1
229 68 1
229 69 1
229 70 1
229 71 1
229 96 1
229 97 1
229 99 1
229 101 1
229 117 1
229 120 1
229 122 1
229 123 1
229 124 1
229 125 1
229 126 1
229 152 1
229 162 1
229 169 1
229 178 1
229 194 1
229 195 1
229 196 1
229 197 1
229 214 1
229 215 1
229 217 1
230 4 1
230 6 1
230 7 1
230 8 1
230 9 1
230 11 1
230 30 1
230 31 1
230 33 1
230 34 1
230 46 1
230 58 1
230 61 1
230 66 1
230 69 1
230 70 1
230 90 1
230 91 1
230 96 1
230 99 1
230 100 1
230 101 1
230 122 1
230 125 1
230 132 1
230 133 1
230 153 1
230 165 1
230 178 1
230 192 1
230 193 1
230 194 1
230 195 1
230 197 1
230 203 1
230 228 1
231 3 1
231 4 1
231 5 1
231 6 1
231 7 1
231 8 1
231 9 1
231 10 1
231 11 1
231 18 1
231 30 1
231 31 1
231 33 1
231 34 1
231 44 1
231 46 1
231 51 1
231 58 1
231 61 1
231 66 1
231 68 1
231 69 1
231 70 1
231 77 1
231 78 1
231 80 1
231 90 1
231 91 1
231 96 1
231 97 1
231 99 1
231 100 1
231 101 1
231 108 1
231 122 1
231 125 1
231 127 1
231 128 1
231 132 1
231 133 1
231 152 1
231 153 1
231 158 1
231 165 1
231 171 1
231 178 1
231 192 1
231 193 1
231 194 1
231 195 1
231 197 1
231 201 1
231 202 1
231 203 1
231 214 1
231 222 1
231 228 1
231 230 1
232 3 1
232 4 1
232 5 1
232 8 1
232 30 1
232 32 1
232 46 1
232 47 1
232 61 1
232 70 1
232 71 1
232 99 1
232 101 1
232 117 1
232 122 1
232 123 1
232 124 1
232 125 1
232 126 1
232 162 1
232 166 1
232 167 1
232 178 1
232 195 1
232 196 1
232 197 1
232 215 1
232 229 1
233 2 1
233 3 1
233 4 1
233 5 1
233 30 1
233 38 1
233 43 1
233 47 1
233 50 1
233 61 1
233 69 1
233 70 1
233 72 1
233 74 1
233 78 1
233 79 1
233 80 1
233 99 1
233 101 1
233 106 1
233 116 1
233 122 1
233 123 1
233 124 1
233 125 1
233 126 1
233 127 1
233 128 1
233 130 1
233 133 1
233 146 1
233 157 1
233 162 1
233 166 1
233 167 1
233 168 1
233 171 1
233 178 1
233 196 1
233 197 1
233 202 1
233 214 1
233 215 1
233 217 1
233 222 1
233 227 1
233 228 1
233 231 1
233 232 1
234 1 1
234 2 1
234 13 1
234 14 1
234 16 1
234 17 1
234 18 1
234 37 1
234 43 1
234 63 1
234 64 1
234 68 1
234 69 1
234 74 1
234 75 1
234 76 1
234 77 1
234 78 1
234 95 1
234 102 1
234 105 1
234 124 1
234 129 1
234 130 1
234 146 1
234 152 1
234 154 1
234 156 1
234 158 1
234 169 1
234 171 1
234 180 1
234 214 1
234 217 1
234 218 1
234 227 1
235 1 1
235 2 1
235 13 1
235 14 1
235 16 1
235 17 1
235 18 1
235 19 1
235 20 1
235 28 1
235 36 1
235 37 1
235 43 1
235 48 1
235 59 1
235 62 1
235 64 1
235 65 1
235 74 1
235 75 1
235 76 1
235 77 1
235 78 1
235 79 1
235 80 1
235 81 1
235 95 1
235 102 1
235 103 1
235 105 1
235 107 1
235 118 1
235 129 1
235 130 1
235 131 1
235 146 1
235 147 1
235 151 1
235 154 1
235 156 1
235 157 1
235 158 1
235 169 1
235 171 1
235 180 1
235 182 1
235 214 1
235 217 1
235 218 1
235 219 1
235 221 1
235 227 1
235 234 1
236 13 1
236 15 1
236 16 1
236 17 1
236 18 1
236 19 1
236 20 1
236 36 1
236 37 1
236 48 1
236 49 1
236 52 1
236 62 1
236 65 1
236 73 1
236 75 1
236 78 1
236 80 1
236 81 1
236 102 1
236 103 1
236 104 1
236 105 1
236 106 1
236 107 1
236 108 1
236 110 1
236 118 1
236 130 1
236 131 1
236 137 1
236 146 1
236 147 1
236 156 1
236 157 1
236 158 1
236 171 1
236 172 1
236 179 1
236 181 1
236 182 1
236 199 1
236 216 1
236 218 1
236 219 1
236 220 1
236 221 1
236 222 1
236 224 1
236 235 1
237 6 1
237 7 1
237 10 1
237 11 1
237 13 1
237 14 1
237 16 1
237 17 1
237 18 1
237 19 1
237 20 1
237 25 1
237 33 1
237 34 1
237 36 1
237 37 1
237 49 1
237 61 1
237 64 1
237 65 1
237 68 1
237 69 1
237 74 1
237 76 1
237 77 1
237 78 1
237 80 1
237 81 1
237 90 1
237 93 1
237 96 1
237 100 1
237 102 1
237 104 1
237 105 1
237 106 1
237 107 1
237 108 1
237 111 1
237 118 1
237 119 1
237 130 1
237 132 1
237 134 1
237 139 1
237 146 1
237 147 1
237 148 1
237 149 1
237 152 1
237 153 1
237 156 1
237 158 1
237 165 1
237 171 1
237 172 1
237 182 1
237 201 1
237 213 1
237 214 1
237 217 1
237 218 1
237 221 1
237 222 1
237 228 1
237 231 1
237 235 1
237 236 1
238 16 1
238 17 1
238 18 1
238 19 1
238 20 1
238 21 1
238 36 1
238 37 1
238 52 1
238 64 1
238 65 1
238 81 1
238 86 1
238 93 1
238 104 1
238 105 1
238 107 1
238 110 1
238 111 1
238 118 1
238 119 1
238 134 1
238 135 1
238 136 1
238 137 1
238 138 1
238 139 1
238 147 1
238 148 1
238 149 1
238 158 1
238 175 1
238 182 1
238 183 1
238 219 1
238 220 1
238 221 1
238 223 1
238 224 1
238 236 1
238 237 1
239 10 1
239 20 1
239 21 1
239 24 1
239 25 1
239 34 1
239 41 1
239 42 1
239 49 1
239 52 1
239 54 1
239 55 1
239 65 1
239 83 1
239 86 1
239 92 1
239 93 1
239 104 1
239 107 1
239 108 1
239 110 1
239 111 1
239 113 1
239 114 1
239 115 1
239 118 1
239 119 1
239 134 1
239 135 1
239 136 1
239 137 1
239 139 1
239 142 1
239 147 1
239 148 1
239 149 1
239 150 1
239 155 1
239 159 1
239 165 1
239 173 1
239 175 1
239 182 1
239 183 1
239 184 1
239 185 1
239 208 1
239 221 1
239 223 1
239 224 1
239 237 1
239 238 1
240 25 1
240 26 1
240 27 1
240 42 1
240 53 1
240 54 1
240 55 1
240 57 1
240 87 1
240 109 1
240 114 1
240 143 1
240 165 1
240 176 1
240 186 1
240 187 1
240 203 1
240 204 1
240 207 1
240 226 1
241 24 1
241 27 1
241 40 1
241 41 1
241 56 1
241 83 1
241 85 1
241 86 1
241 87 1
241 88 1
241 92 1
241 111 1
241 113 1
241 114 1
241 115 1
241 139 1
241 141 1
241 142 1
241 144 1
241 145 1
241 150 1
241 175 1
241 184 1
241 188 1
241 206 1
241 208 1
241 209 1
241 210 1
242 22 1
242 23 1
242 24 1
242 27 1
242 41 1
242 53 1
242 56 1
242 83 1
242 85 1
242 86 1
242 87 1
242 88 1
242 94 1
242 111 1
242 113 1
242 114 1
242 115 1
242 139 1
242 141 1
242 142 1
242 143 1
242 144 1
242 145 1
242 150 1
242 174 1
242 187 1
242 188 1
242 205 1
242 206 1
242 208 1
242 209 1
242 210 1
242 241 1
243 22 1
243 23 1
243 26 1
243 27 1
243 31 1
243 55 1
243 57 1
243 82 1
243 84 1
243 85 1
243 87 1
243 94 1
243 109 1
243 112 1
243 114 1
243 140 1
243 141 1
243 143 1
243 145 1
243 174 1
243 176 1
243 186 1
243 187 1
243 188 1
243 203 1
243 204 1
243 205 1
243 207 1
243 225 1
243 226 1
243 240 1
243 242 1
244 6 1
244 7 1
244 9 1
244 11 1
244 22 1
244 31 1
244 33 1
244 57 1
244 58 1
244 82 1
244 84 1
244 90 1
244 109 1
244 112 1
244 165 1
244 174 1
244 176 1
244 192 1
244 193 1
244 194 1
244 203 1
244 204 1
244 207 1
244 225 1
244 226 1
244 230 1
244 240 1
244 243 1
245 1 1
245 2 1
245 3 1
245 13 1
245 16 1
245 28 1
245 38 1
245 43 1
245 48 1
245 50 1
245 59 1
245 61 1
245 62 1
245 72 1
245 74 1
245 75 1
245 78 1
245 79 1
245 80 1
245 95 1
245 102 1
245 103 1
245 106 1
245 116 1
245 127 1
245 128 1
245 130 1
245 131 1
245 146 1
245 151 1
245 154 1
245 157 1
245 162 1
245 167 1
245 168 1
245 171 1
245 177 1
245 189 1
245 212 1
245 217 1
245 218 1
245 227 1
245 233 1
245 234 1
245 235 1
246 1 1
246 2 1
246 3 1
246 13 1
246 16 1
246 28 1
246 38 1
246 43 1
246 50 1
246 59 1
246 61 1
246 62 1
246 69 1
246 74 1
246 75 1
246 78 1
246 79 1
246 95 1
246 102 1
246 106 1
246 116 1
246 124 1
246 127 1
246 130 1
246 131 1
246 146 1
246 151 1
246 154 1
246 156 1
246 157 1
246 158 1
246 162 1
246 167 1
246 168 1
246 169 1
246 171 1
246 180 1
246 212 1
246 214 1
246 217 1
246 218 1
246 227 1
246 233 1
246 234 1
246 235 1
246 245 1
247 2 1
247 3 1
247 4 1
247 5 1
247 8 1
247 11 1
247 13 1
247 14 1
247 18 1
247 28 1
247 30 1
247 32 1
247 43 1
247 44 1
247 50 1
247 61 1
247 63 1
247 64 1
247 68 1
247 69 1
247 70 1
247 71 1
247 74 1
247 76 1
247 77 1
247 78 1
247 79 1
247 80 1
247 96 1
247 99 1
247 101 1
247 102 1
247 106 1
247 116 1
247 122 1
247 123 1
247 124 1
247 125 1
247 126 1
247 127 1
247 128 1
247 129 1
247 130 1
247 146 1
247 152 1
247 153 1
247 154 1
247 156 1
247 157 1
247 158 1
247 162 1
247 166 1
247 167 1
247 168 1
247 169 1
247 171 1
247 180 1
247 195 1
247 196 1
247 197 1
247 214 1
247 215 1
247 217 1
247 227 1
247 228 1
247 229 1
247 231 1
247 233 1
247 234 1
247 235 1
247 237 1
247 245 1
247 246 1
248 2 1
248 3 1
248 4 1
248 5 1
248 8 1
248 11 1
248 13 1
248 14 1
248 18 1
248 30 1
248 32 1
248 43 1
248 44 1
248 46 1
248 61 1
248 63 1
248 64 1
248 68 1
248 69 1
248 70 1
248 71 1
248 74 1
248 76 1
248 77 1
248 78 1
248 96 1
248 97 1
248 99 1
248 101 1
248 102 1
248 116 1
248 122 1
248 123 1
248 124 1
248 125 1
248 126 1
248 127 1
248 129 1
248 130 1
248 146 1
248 152 1
248 153 1
248 154 1
248 156 1
248 158 1
248 162 1
248 166 1
248 167 1
248 169 1
248 171 1
248 178 1
248 180 1
248 195 1
248 196 1
248 197 1
248 213 1
248 214 1
248 215 1
248 217 1
248 227 1
248 228 1
248 229 1
248 231 1
248 232 1
248 233 1
248 234 1
248 246 1
248 247 1
249 7 1
249 29 1
249 44 1
249 45 1
249 60 1
249 67 1
249 84 1
249 89 1
249 97 1
249 98 1
249 112 1
249 120 1
249 121 1
249 140 1
249 152 1
249 163 1
249 164 1
249 190 1
249 191 1
249 192 1
249 195 1
249 213 1
249 225 1
250 2 1
250 3 1
250 4 1
250 5 1
250 8 1
250 9 1
250 11 1
250 18 1
250 30 1
250 32 1
250 46 1
250 47 1
250 50 1
250 61 1
250 68 1
250 69 1
250 70 1
250 71 1
250 72 1
250 74 1
250 77 1
250 78 1
250 79 1
250 80 1
250 96 1
250 99 1
250 100 1
250 101 1
250 106 1
250 116 1
250 117 1
250 122 1
250 123 1
250 124 1
250 125 1
250 126 1
250 127 1
250 128 1
250 130 1
250 132 1
250 133 1
250 146 1
250 153 1
250 156 1
250 158 1
250 162 1
250 166 1
250 167 1
250 168 1
250 171 1
250 178 1
250 195 1
250 196 1
250 197 1
250 202 1
250 214 1
250 215 1
250 217 1
250 222 1
250 227 1
250 228 1
250 229 1
250 230 1
250 231 1
250 232 1
250 233 1
250 246 1
250 247 1
250 248 1
251 2 1
251 3 1
251 4 1
251 5 1
251 8 1
251 9 1
251 11 1
251 30 1
251 39 1
251 47 1
251 50 1
251 51 1
251 61 1
251 66 1
251 69 1
251 70 1
251 72 1
251 74 1
251 77 1
251 78 1
251 79 1
251 80 1
251 91 1
251 96 1
251 99 1
251 100 1
251 101 1
251 106 1
251 116 1
251 122 1
251 123 1
251 124 1
251 125 1
251 126 1
251 127 1
251 128 1
251 130 1
251 132 1
251 133 1
251 146 1
251 153 1
251 158 1
251 162 1
251 166 1
251 167 1
251 168 1
251 171 1
251 172 1
251 178 1
251 197 1
251 198 1
251 201 1
251 202 1
251 214 1
251 222 1
251 227 1
251 228 1
251 230 1
251 231 1
251 232 1
251 233 1
251 247 1
251 248 1
251 250 1
252 2 1
252 3 1
252 4 1
252 5 1
252 6 1
252 7 1
252 8 1
252 9 1
252 10 1
252 11 1
252 13 1
252 18 1
252 20 1
252 30 1
252 33 1
252 34 1
252 39 1
252 44 1
252 46 1
252 50 1
252 51 1
252 61 1
252 66 1
252 68 1
252 69 1
252 70 1
252 72 1
252 74 1
252 77 1
252 78 1
252 80 1
252 90 1
252 91 1
252 96 1
252 99 1
252 100 1
252 101 1
252 106 1
252 108 1
252 122 1
252 123 1
252 125 1
252 126 1
252 127 1
252 128 1
252 130 1
252 132 1
252 133 1
252 146 1
252 152 1
252 153 1
252 156 1
252 158 1
252 162 1
252 165 1
252 167 1
252 168 1
252 171 1
252 172 1
252 178 1
252 193 1
252 194 1
252 195 1
252 196 1
252 197 1
252 201 1
252 202 1
252 214 1
252 217 1
252 222 1
252 227 1
252 228 1
252 230 1
252 231 1
252 233 1
252 237 1
252 247 1
252 248 1
252 250 1
252 251 1
253 6 1
253 7 1
253 8 1
253 9 1
253 10 1
253 11 1
253 14 1
253 18 1
253 20 1
253 29 1
253 31 1
253 33 1
253 34 1
253 37 1
253 44 1
253 61 1
253 63 1
253 64 1
253 68 1
253 69 1
253 74 1
253 76 1
253 77 1
253 78 1
253 82 1
253 84 1
253 90 1
253 93 1
253 96 1
253 97 1
253 98 1
253 99 1
253 100 1
253 105 1
253 108 1
253 109 1
253 112 1
253 118 1
253 119 1
253 120 1
253 125 1
253 129 1
253 140 1
253 147 1
253 148 1
253 149 1
253 152 1
253 153 1
253 156 1
253 158 1
253 164 1
253 165 1
253 171 1
253 192 1
253 193 1
253 194 1
253 195 1
253 196 1
253 197 1
253 213 1
253 214 1
253 217 1
253 225 1
253 228 1
253 230 1
253 231 1
253 237 1
253 247 1
253 248 1
253 252 1
254 6 1
254 7 1
254 8 1
254 9 1
254 10 1
254 11 1
254 14 1
254 18 1
254 29 1
254 31 1
254 33 1
254 34 1
254 44 1
254 46 1
254 58 1
254 61 1
254 64 1
254 68 1
254 69 1
254 77 1
254 78 1
254 82 1
254 84 1
254 90 1
254 96 1
254 97 1
254 98 1
254 99 1
254 100 1
254 101 1
254 109 1
254 112 1
254 119 1
254 120 1
254 122 1
254 125 1
254 140 1
254 148 1
254 152 1
254 153 1
254 156 1
254 158 1
254 164 1
254 165 1
254 192 1
254 193 1
254 194 1
254 195 1
254 196 1
254 197 1
254 203 1
254 204 1
254 213 1
254 214 1
254 225 1
254 228 1
254 230 1
254 231 1
254 237 1
254 244 1
254 248 1
254 249 1
254 252 1
254 253 1
255 6 1
255 7 1
255 8 1
255 9 1
255 11 1
255 14 1
255 29 1
255 31 1
255 32 1
255 44 1
255 45 1
255 46 1
255 58 1
255 61 1
255 63 1
255 68 1
255 69 1
255 70 1
255 77 1
255 90 1
255 96 1
255 97 1
255 98 1
255 99 1
255 100 1
255 101 1
255 120 1
255 122 1
255 123 1
255 125 1
255 152 1
255 153 1
255 164 1
255 178 1
255 190 1
255 192 1
255 193 1
255 194 1
255 195 1
255 196 1
255 197 1
255 213 1
255 214 1
255 228 1
255 229 1
255 230 1
255 231 1
255 248 1
255 249 1
255 250 1
255 252 1
255 253 1
255 254 1
256 2 1
256 3 1
256 4 1
256 5 1
256 6 1
256 7 1
256 8 1
256 11 1
256 14 1
256 18 1
256 29 1
256 30 1
256 32 1
256 44 1
256 46 1
256 61 1
256 63 1
256 68 1
256 69 1
256 70 1
256 71 1
256 74 1
256 77 1
256 78 1
256 96 1
256 97 1
256 98 1
256 99 1
256 101 1
256 120 1
256 122 1
256 123 1
256 124 1
256 125 1
256 126 1
256 129 1
256 152 1
256 153 1
256 156 1
256 162 1
256 164 1
256 167 1
256 169 1
256 178 1
256 192 1
256 193 1
256 194 1
256 195 1
256 196 1
256 197 1
256 213 1
256 214 1
256 215 1
256 217 1
256 228 1
256 229 1
256 230 1
256 231 1
256 232 1
256 233 1
256 247 1
256 248 1
256 250 1
256 251 1
256 252 1
256 253 1
256 254 1
256 255 1
257 4 1
257 6 1
257 7 1
257 8 1
257 9 1
257 11 1
257 30 1
257 31 1
257 44 1
257 46 1
257 58 1
257 61 1
257 69 1
257 70 1
257 96 1
257 97 1
257 99 1
257 100 1
257 101 1
257 120 1
257 122 1
257 125 1
257 153 1
257 178 1
257 192 1
257 193 1
257 194 1
257 195 1
257 196 1
257 197 1
257 213 1
257 228 1
257 229 1
257 230 1
257 231 1
257 232 1
257 244 1
257 248 1
257 250 1
257 252 1
257 253 1
257 254 1
257 255 1
257 256 1
258 4 1
258 6 1
258 7 1
258 8 1
258 9 1
258 11 1
258 30 1
258 31 1
258 33 1
258 34 1
258 44 1
258 46 1
258 58 1
258 61 1
258 66 1
258 68 1
258 69 1
258 70 1
258 77 1
258 90 1
258 96 1
258 97 1
258 99 1
258 100 1
258 101 1
258 122 1
258 125 1
258 133 1
258 152 1
258 153 1
258 165 1
258 178 1
258 192 1
258 193 1
258 194 1
258 195 1
258 196 1
258 197 1
258 203 1
258 213 1
258 214 1
258 228 1
258 230 1
258 231 1
258 244 1
258 248 1
258 250 1
258 251 1
258 252 1
258 253 1
258 254 1
258 255 1
258 256 1
258 257 1
259 6 1
259 7 1
259 8 1
259 9 1
259 10 1
259 11 1
259 31 1
259 33 1
259 34 1
259 51 1
259 54 1
259 57 1
259 58 1
259 66 1
259 69 1
259 77 1
259 82 1
259 90 1
259 91 1
259 96 1
259 99 1
259 100 1
259 108 1
259 109 1
259 122 1
259 125 1
259 132 1
259 133 1
259 148 1
259 153 1
259 165 1
259 192 1
259 193 1
259 194 1
259 197 1
259 201 1
259 202 1
259 203 1
259 204 1
259 207 1
259 228 1
259 230 1
259 231 1
259 237 1
259 244 1
259 252 1
259 253 1
259 254 1
259 255 1
259 257 1
259 258 1
260 6 1
260 7 1
260 9 1
260 10 1
260 11 1
260 20 1
260 25 1
260 26 1
260 31 1
260 33 1
260 34 1
260 39 1
260 42 1
260 49 1
260 51 1
260 54 1
260 55 1
260 65 1
260 66 1
260 77 1
260 82 1
260 90 1
260 93 1
260 100 1
260 108 1
260 109 1
260 111 1
260 119 1
260 132 1
260 133 1
260 134 1
260 135 1
260 139 1
260 147 1
260 148 1
260 149 1
260 153 1
260 155 1
260 158 1
260 159 1
260 165 1
260 172 1
260 176 1
260 185 1
260 201 1
260 202 1
260 203 1
260 204 1
260 207 1
260 222 1
260 228 1
260 231 1
260 237 1
260 239 1
260 240 1
260 252 1
260 253 1
260 254 1
260 259 1
261 12 1
261 13 1
261 15 1
261 20 1
261 35 1
261 36 1
261 38 1
261 39 1
261 48 1
261 49 1
261 50 1
261 62 1
261 65 1
261 72 1
261 73 1
261 75 1
261 79 1
261 80 1
261 103 1
261 104 1
261 106 1
261 108 1
261 128 1
261 130 1
261 131 1
261 132 1
261 157 1
261 168 1
261 170 1
261 171 1
261 172 1
261 179 1
261 181 1
261 182 1
261 198 1
261 199 1
261 200 1
261 201 1
261 202 1
261 216 1
261 219 1
261 220 1
261 222 1
261 236 1
262 1 1
262 2 1
262 12 1
262 13 1
262 15 1
262 16 1
262 17 1
262 18 1
262 20 1
262 28 1
262 35 1
262 36 1
262 38 1
262 43 1
262 48 1
262 50 1
262 59 1
262 62 1
262 65 1
262 72 1
262 73 1
262 74 1
262 75 1
262 78 1
262 79 1
262 80 1
262 81 1
262 95 1
262 102 1
262 103 1
262 104 1
262 105 1
262 106 1
262 107 1
262 108 1
262 116 1
262 127 1
262 128 1
262 130 1
262 131 1
262 146 1
262 151 1
262 156 1
262 157 1
262 158 1
262 168 1
262 171 1
262 172 1
262 179 1
262 181 1
262 182 1
262 198 1
262 199 1
262 216 1
262 218 1
262 219 1
262 220 1
262 221 1
262 222 1
262 227 1
262 234 1
262 235 1
262 236 1
262 237 1
262 245 1
262 246 1
262 261 1
263 1 1
263 2 1
263 3 1
263 13 1
263 16 1
263 17 1
263 18 1
263 20 1
263 28 1
263 36 1
263 37 1
263 38 1
263 43 1
263 48 1
263 50 1
263 59 1
263 61 1
263 62 1
263 65 1
263 69 1
263 72 1
263 73 1
263 74 1
263 75 1
263 76 1
263 77 1
263 78 1
263 79 1
263 80 1
263 81 1
263 95 1
263 102 1
263 103 1
263 104 1
263 105 1
263 106 1
263 107 1
263 108 1
263 116 1
263 118 1
263 127 1
263 128 1
263 130 1
263 131 1
263 146 1
263 147 1
263 151 1
263 154 1
263 156 1
263 157 1
263 158 1
263 162 1
263 168 1
263 169 1
263 171 1
263 172 1
263 179 1
263 182 1
263 199 1
263 214 1
263 216 1
263 217 1
263 218 1
263 219 1
263 220 1
263 221 1
263 222 1
263 227 1
263 234 1
263 235 1
263 236 1
263 237 1
263 245 1
263 246 1
263 247 1
263 261 1
263 262 1
264 12 1
264 13 1
264 15 1
264 16 1
264 17 1
264 19 1
264 20 1
264 35 1
264 36 1
264 38 1
264 48 1
264 49 1
264 50 1
264 62 1
264 65 1
264 72 1
264 73 1
264 75 1
264 79 1
264 80 1
264 81 1
264 95 1
264 103 1
264 104 1
264 105 1
264 106 1
264 107 1
264 108 1
264 118 1
264 130 1
264 131 1
264 146 1
264 147 1
264 157 1
264 158 1
264 170 1
264 171 1
264 172 1
264 179 1
264 181 1
264 182 1
264 198 1
264 199 1
264 200 1
264 216 1
264 218 1
264 219 1
264 220 1
264 221 1
264 222 1
264 235 1
264 236 1
264 237 1
264 261 1
264 262 1
264 263 1
265 6 1
265 10 1
265 12 1
265 15 1
265 20 1
265 25 1
265 33 1
265 34 1
265 39 1
265 42 1
265 49 1
265 51 1
265 54 1
265 55 1
265 65 1
265 66 1
265 80 1
265 100 1
265 104 1
265 106 1
265 108 1
265 110 1
265 132 1
265 134 1
265 135 1
265 139 1
265 147 1
265 148 1
265 149 1
265 153 1
265 155 1
265 158 1
265 159 1
265 165 1
265 170 1
265 172 1
265 173 1
265 181 1
265 182 1
265 185 1
265 200 1
265 201 1
265 202 1
265 216 1
265 220 1
265 221 1
265 222 1
265 223 1
265 224 1
265 237 1
265 239 1
265 260 1
266 1 1
266 2 1
266 3 1
266 12 1
266 13 1
266 16 1
266 17 1
266 18 1
266 20 1
266 28 1
266 35 1
266 36 1
266 38 1
266 39 1
266 43 1
266 48 1
266 50 1
266 59 1
266 61 1
266 62 1
266 65 1
266 69 1
266 72 1
266 73 1
266 74 1
266 75 1
266 77 1
266 78 1
266 79 1
266 80 1
266 95 1
266 102 1
266 103 1
266 104 1
266 105 1
266 106 1
266 108 1
266 116 1
266 127 1
266 128 1
266 130 1
266 131 1
266 132 1
266 146 1
266 156 1
266 157 1
266 158 1
266 162 1
266 168 1
266 171 1
266 172 1
266 179 1
266 182 1
266 198 1
266 199 1
266 202 1
266 214 1
266 216 1
266 217 1
266 218 1
266 219 1
266 220 1
266 221 1
266 222 1
266 227 1
266 228 1
266 233 1
266 234 1
266 235 1
266 236 1
266 237 1
266 245 1
266 246 1
266 247 1
266 248 1
266 250 1
266 251 1
266 252 1
266 261 1
266 262 1
266 263 1
266 264 1
267 2 1
267 3 1
267 4 1
267 12 1
267 13 1
267 16 1
267 18 1
267 20 1
267 28 1
267 35 1
267 38 1
267 39 1
267 43 1
267 48 1
267 50 1
267 51 1
267 61 1
267 62 1
267 65 1
267 66 1
267 69 1
267 72 1
267 74 1
267 75 1
267 77 1
267 78 1
267 79 1
267 80 1
267 95 1
267 99 1
267 100 1
267 102 1
267 103 1
267 104 1
267 106 1
267 108 1
267 116 1
267 122 1
267 127 1
267 128 1
267 130 1
267 131 1
267 132 1
267 133 1
267 146 1
267 153 1
267 156 1
267 157 1
267 158 1
267 162 1
267 167 1
267 168 1
267 171 1
267 172 1
267 181 1
267 182 1
267 198 1
267 199 1
267 201 1
267 202 1
267 214 1
267 216 1
267 218 1
267 222 1
267 227 1
267 228 1
267 233 1
267 235 1
267 236 1
267 237 1
267 245 1
267 246 1
267 247 1
267 248 1
267 250 1
267 251 1
267 252 1
267 261 1
267 262 1
267 263 1
267 264 1
267 266 1
268 2 1
268 3 1
268 6 1
268 10 1
268 11 1
268 12 1
268 13 1
268 16 1
268 17 1
268 18 1
268 20 1
268 33 1
268 34 1
268 36 1
268 37 1
268 39 1
268 49 1
268 50 1
268 51 1
268 61 1
268 64 1
268 65 1
268 66 1
268 68 1
268 69 1
268 72 1
268 74 1
268 75 1
268 76 1
268 77 1
268 78 1
268 79 1
268 80 1
268 90 1
268 96 1
268 99 1
268 100 1
268 102 1
268 103 1
268 104 1
268 105 1
268 106 1
268 107 1
268 108 1
268 118 1
268 122 1
268 125 1
268 127 1
268 128 1
268 130 1
268 132 1
268 133 1
268 146 1
268 147 1
268 148 1
268 153 1
268 156 1
268 157 1
268 158 1
268 165 1
268 168 1
268 171 1
268 172 1
268 182 1
268 198 1
268 201 1
268 202 1
268 214 1
268 216 1
268 217 1
268 218 1
268 221 1
268 222 1
268 227 1
268 228 1
268 231 1
268 233 1
268 235 1
268 236 1
268 237 1
268 247 1
268 248 1
268 250 1
268 251 1
268 252 1
268 253 1
268 254 1
268 259 1
268 260 1
268 261 1
268 262 1
268 263 1
268 264 1
268 265 1
268 266 1
268 267 1
269 13 1
269 16 1
269 17 1
269 18 1
269 19 1
269 20 1
269 21 1
269 34 1
269 36 1
269 37 1
269 41 1
269 49 1
269 52 1
269 64 1
269 65 1
269 76 1
269 81 1
269 86 1
269 93 1
269 104 1
269 105 1
269 107 1
269 108 1
269 110 1
269 111 1
269 118 1
269 119 1
269 134 1
269 135 1
269 136 1
269 137 1
269 138 1
269 139 1
269 147 1
269 148 1
269 149 1
269 156 1
269 158 1
269 173 1
269 175 1
269 182 1
269 183 1
269 219 1
269 220 1
269 221 1
269 223 1
269 224 1
269 236 1
269 237 1
269 238 1
269 239 1
269 264 1
269 268 1
270 6 1
270 7 1
270 10 1
270 11 1
270 18 1
270 22 1
270 23 1
270 25 1
270 26 1
270 31 1
270 33 1
270 34 1
270 41 1
270 42 1
270 54 1
270 55 1
270 57 1
270 64 1
270 77 1
270 82 1
270 83 1
270 84 1
270 85 1
270 86 1
270 90 1
270 93 1
270 94 1
270 98 1
270 100 1
270 109 1
270 111 1
270 112 1
270 113 1
270 115 1
270 118 1
270 119 1
270 134 1
270 139 1
270 140 1
270 141 1
270 143 1
270 145 1
270 147 1
270 148 1
270 149 1
270 152 1
270 153 1
270 159 1
270 165 1
270 174 1
270 175 1
270 176 1
270 192 1
270 203 1
270 204 1
270 205 1
270 206 1
270 207 1
270 213 1
270 225 1
270 237 1
270 239 1
270 243 1
270 244 1
270 253 1
270 254 1
270 259 1
270 260 1
270 269 1
271 21 1
271 24 1
271 40 1
271 41 1
271 52 1
271 56 1
271 83 1
271 86 1
271 88 1
271 92 1
271 110 1
271 111 1
271 113 1
271 115 1
271 134 1
271 135 1
271 136 1
271 137 1
271 138 1
271 139 1
271 142 1
271 144 1
271 150 1
271 159 1
271 173 1
271 183 1
271 184 1
271 185 1
271 188 1
271 208 1
271 209 1
271 210 1
271 223 1
271 224 1
271 239 1
271 241 1
272 10 1
272 21 1
272 22 1
272 24 1
272 25 1
272 26 1
272 27 1
272 34 1
272 40 1
272 41 1
272 42 1
272 49 1
272 52 1
272 54 1
272 55 1
272 82 1
272 83 1
272 86 1
272 87 1
272 88 1
272 92 1
272 93 1
272 109 1
272 110 1
272 111 1
272 113 1
272 114 1
272 115 1
272 119 1
272 134 1
272 135 1
272 136 1
272 137 1
272 139 1
272 141 1
272 142 1
272 143 1
272 144 1
272 145 1
272 147 1
272 148 1
272 149 1
272 150 1
272 155 1
272 159 1
272 165 1
272 173 1
272 175 1
272 183 1
272 184 1
272 185 1
272 188 1
272 206 1
272 208 1
272 209 1
272 223 1
272 224 1
272 239 1
272 241 1
272 242 1
272 260 1
272 265 1
272 269 1
272 270 1
272 271 1
273 6 1
273 7 1
273 22 1
273 23 1
273 25 1
273 31 1
273 34 1
273 41 1
273 57 1
273 64 1
273 82 1
273 84 1
273 85 1
273 86 1
273 90 1
273 93 1
273 94 1
273 98 1
273 109 1
273 111 1
273 112 1
273 113 1
273 115 1
273 118 1
273 119 1
273 134 1
273 139 1
273 140 1
273 141 1
273 145 1
273 147 1
273 148 1
273 149 1
273 152 1
273 153 1
273 164 1
273 165 1
273 174 1
273 175 1
273 176 1
273 205 1
273 206 1
273 209 1
273 213 1
273 225 1
273 237 1
273 243 1
273 253 1
273 254 1
273 260 1
273 270 1
273 272 1
274 21 1
274 22 1
274 23 1
274 24 1
274 25 1
274 27 1
274 40 1
274 41 1
274 42 1
274 54 1
274 56 1
274 83 1
274 85 1
274 86 1
274 87 1
274 88 1
274 92 1
274 93 1
274 94 1
274 110 1
274 111 1
274 113 1
274 114 1
274 115 1
274 119 1
274 134 1
274 135 1
274 136 1
274 137 1
274 139 1
274 141 1
274 142 1
274 143 1
274 144 1
274 145 1
274 148 1
274 149 1
274 150 1
274 159 1
274 173 1
274 175 1
274 183 1
274 184 1
274 185 1
274 188 1
274 206 1
274 208 1
274 209 1
274 210 1
274 223 1
274 239 1
274 241 1
274 242 1
274 269 1
274 270 1
274 271 1
274 272 1
274 273 1
275 24 1
275 25 1
275 26 1
275 27 1
275 41 1
275 42 1
275 53 1
275 54 1
275 55 1
275 83 1
275 87 1
275 92 1
275 111 1
275 113 1
275 114 1
275 115 1
275 134 1
275 135 1
275 136 1
275 139 1
275 142 1
275 143 1
275 144 1
275 145 1
275 149 1
275 150 1
275 159 1
275 173 1
275 184 1
275 185 1
275 186 1
275 188 1
275 207 1
275 208 1
275 223 1
275 239 1
275 240 1
275 241 1
275 242 1
275 260 1
275 271 1
275 272 1
275 274 1
276 10 1
276 22 1
276 24 1
276 25 1
276 26 1
276 27 1
276 33 1
276 34 1
276 41 1
276 42 1
276 53 1
276 54 1
276 55 1
276 57 1
276 82 1
276 83 1
276 87 1
276 92 1
276 93 1
276 109 1
276 111 1
276 113 1
276 114 1
276 115 1
276 119 1
276 134 1
276 135 1
276 139 1
276 141 1
276 142 1
276 143 1
276 145 1
276 148 1
276 149 1
276 150 1
276 155 1
276 159 1
276 165 1
276 174 1
276 176 1
276 185 1
276 186 1
276 187 1
276 188 1
276 203 1
276 204 1
276 207 1
276 223 1
276 226 1
276 239 1
276 240 1
276 242 1
276 243 1
276 260 1
276 265 1
276 270 1
276 272 1
276 273 1
276 274 1
276 275 1
277 10 1
277 22 1
277 23 1
277 24 1
277 25 1
277 26 1
277 27 1
277 31 1
277 33 1
277 42 1
277 53 1
277 54 1
277 55 1
277 57 1
277 82 1
277 87 1
277 109 1
277 113 1
277 114 1
277 141 1
277 143 1
277 145 1
277 148 1
277 149 1
277 150 1
277 159 1
277 165 1
277 174 1
277 176 1
277 186 1
277 187 1
277 188 1
277 203 1
277 204 1
277 207 1
277 225 1
277 226 1
277 240 1
277 243 1
277 244 1
277 259 1
277 260 1
277 270 1
277 272 1
277 275 1
277 276 1
278 22 1
278 23 1
278 24 1
278 25 1
278 26 1
278 27 1
278 41 1
278 42 1
278 53 1
278 54 1
278 55 1
278 56 1
278 82 1
278 83 1
278 85 1
278 86 1
278 87 1
278 92 1
278 94 1
278 109 1
278 111 1
278 113 1
278 114 1
278 115 1
278 139 1
278 141 1
278 142 1
278 143 1
278 144 1
278 145 1
278 149 1
278 150 1
278 159 1
278 174 1
278 175 1
278 176 1
278 185 1
278 186 1
278 187 1
278 188 1
278 205 1
278 206 1
278 207 1
278 208 1
278 209 1
278 226 1
278 240 1
278 241 1
278 242 1
278 243 1
278 270 1
278 272 1
278 273 1
278 274 1
278 275 1
278 276 1
278 277 1
279 22 1
279 23 1
279 24 1
279 26 1
279 27 1
279 41 1
279 42 1
279 53 1
279 55 1
279 57 1
279 82 1
279 84 1
279 85 1
279 87 1
279 94 1
279 109 1
279 111 1
279 112 1
279 113 1
279 114 1
279 115 1
279 140 1
279 141 1
279 142 1
279 143 1
279 144 1
279 145 1
279 148 1
279 149 1
279 174 1
279 176 1
279 186 1
279 187 1
279 188 1
279 204 1
279 205 1
279 206 1
279 207 1
279 225 1
279 226 1
279 240 1
279 242 1
279 243 1
279 270 1
279 273 1
279 274 1
279 276 1
279 277 1
279 278 1
280 7 1
280 9 1
280 22 1
280 26 1
280 31 1
280 33 1
280 55 1
280 57 1
280 58 1
280 82 1
280 84 1
280 109 1
280 143 1
280 165 1
280 174 1
280 176 1
280 186 1
280 187 1
280 192 1
280 193 1
280 203 1
280 204 1
280 207 1
280 225 1
280 226 1
280 240 1
280 243 1
280 244 1
280 259 1
280 270 1
280 277 1
280 279 1
281 0 1
281 1 1
281 28 1
281 38 1
281 43 1
281 48 1
281 59 1
281 62 1
281 75 1
281 95 1
281 131 1
281 151 1
281 160 1
281 161 1
281 177 1
281 189 1
281 211 1
281 212 1
281 218 1
281 245 1
281 246 1
281 262 1
282 2 1
282 3 1
282 6 1
282 8 1
282 11 1
282 13 1
282 14 1
282 18 1
282 32 1
282 37 1
282 44 1
282 46 1
282 61 1
282 63 1
282 64 1
282 68 1
282 69 1
282 70 1
282 71 1
282 74 1
282 76 1
282 77 1
282 78 1
282 90 1
282 96 1
282 97 1
282 98 1
282 99 1
282 101 1
282 102 1
282 120 1
282 122 1
282 123 1
282 124 1
282 125 1
282 126 1
282 129 1
282 146 1
282 152 1
282 153 1
282 154 1
282 156 1
282 158 1
282 162 1
282 164 1
282 167 1
282 169 1
282 171 1
282 180 1
282 194 1
282 195 1
282 196 1
282 197 1
282 213 1
282 214 1
282 215 1
282 217 1
282 227 1
282 228 1
282 229 1
282 231 1
282 233 1
282 234 1
282 237 1
282 247 1
282 248 1
282 250 1
282 251 1
282 252 1
282 253 1
282 254 1
282 255 1
282 256 1
282 257 1
282 258 1
282 268 1
283 3 1
283 5 1
283 8 1
283 30 1
283 32 1
283 44 1
283 46 1
283 47 1
283 61 1
283 63 1
283 68 1
283 69 1
283 70 1
283 71 1
283 96 1
283 97 1
283 99 1
283 101 1
283 117 1
283 120 1
283 122 1
283 123 1
283 124 1
283 125 1
283 126 1
283 152 1
283 166 1
283 178 1
283 193 1
283 194 1
283 195 1
283 196 1
283 197 1
283 214 1
283 215 1
283 217 1
283 229 1
283 231 1
283 232 1
283 247 1
283 248 1
283 250 1
283 252 1
283 254 1
283 255 1
283 256 1
283 257 1
283 258 1
283 282 1
284 10 1
284 12 1
284 13 1
284 15 1
284 16 1
284 17 1
284 18 1
284 20 1
284 25 1
284 34 1
284 35 1
284 36 1
284 39 1
284 49 1
284 51 1
284 54 1
284 65 1
284 66 1
284 72 1
284 73 1
284 77 1
284 78 1
284 80 1
284 81 1
284 100 1
284 103 1
284 104 1
284 105 1
284 106 1
284 107 1
284 108 1
284 110 1
284 118 1
284 130 1
284 132 1
284 134 1
284 135 1
284 136 1
284 147 1
284 148 1
284 149 1
284 153 1
284 155 1
284 158 1
284 159 1
284 165 1
284 170 1
284 171 1
284 172 1
284 173 1
284 179 1
284 181 1
284 182 1
284 198 1
284 199 1
284 200 1
284 201 1
284 202 1
284 216 1
284 219 1
284 220 1
284 221 1
284 222 1
284 223 1
284 224 1
284 236 1
284 237 1
284 238 1
284 239 1
284 260 1
284 261 1
284 262 1
284 264 1
284 265 1
284 266 1
284 267 1
284 268 1
284 269 1
285 6 1
285 7 1
285 9 1
285 10 1
285 11 1
285 22 1
285 23 1
285 25 1
285 26 1
285 31 1
285 33 1
285 34 1
285 42 1
285 54 1
285 55 1
285 57 1
285 58 1
285 82 1
285 84 1
285 90 1
285 94 1
285 100 1
285 109 1
285 111 1
285 112 1
285 119 1
285 140 1
285 141 1
285 143 1
285 148 1
285 149 1
285 153 1
285 165 1
285 174 1
285 176 1
285 186 1
285 187 1
285 192 1
285 193 1
285 203 1
285 204 1
285 205 1
285 207 1
285 225 1
285 226 1
285 240 1
285 243 1
285 244 1
285 253 1
285 254 1
285 258 1
285 259 1
285 260 1
285 270 1
285 273 1
285 276 1
285 277 1
285 279 1
285 280 1
286 6 1
286 10 1
286 22 1
286 24 1
286 25 1
286 26 1
286 27 1
286 33 1
286 34 1
286 42 1
286 53 1
286 54 1
286 55 1
286 57 1
286 82 1
286 83 1
286 87 1
286 90 1
286 100 1
286 109 1
286 111 1
286 113 1
286 114 1
286 134 1
286 139 1
286 142 1
286 143 1
286 148 1
286 149 1
286 150 1
286 155 1
286 159 1
286 165 1
286 174 1
286 176 1
286 185 1
286 186 1
286 187 1
286 188 1
286 203 1
286 204 1
286 207 1
286 226 1
286 239 1
286 240 1
286 243 1
286 244 1
286 259 1
286 260 1
286 265 1
286 270 1
286 272 1
286 273 1
286 274 1
286 275 1
286 276 1
286 277 1
286 278 1
286 279 1
286 280 1
286 285 1
287 22 1
287 23 1
287 24 1
287 26 1
287 27 1
287 41 1
287 53 1
287 57 1
287 82 1
287 85 1
287 87 1
287 94 1
287 109 1
287 113 1
287 114 1
287 115 1
287 141 1
287 142 1
287 143 1
287 144 1
287 145 1
287 174 1
287 176 1
287 186 1
287 187 1
287 188 1
287 205 1
287 206 1
287 207 1
287 208 1
287 209 1
287 225 1
287 226 1
287 240 1
287 241 1
287 242 1
287 243 1
287 270 1
287 273 1
287 274 1
287 276 1
287 277 1
287 278 1
287 279 1
287 285 1
287 286 1
