# minsup
1
# graph
G_./1TE0.pdb
# node ID, label
0 A
1 A
2 A
3 A
4 A
5 A
6 A
7 A
8 A
9 A
10 A
11 A
12 A
13 A
14 A
15 A
16 A
17 A
18 A
19 A
20 A
21 A
22 A
23 A
24 A
25 A
26 A
27 A
28 A
29 A
30 A
31 A
32 A
33 A
34 A
35 A
36 A
37 A
38 A
39 A
40 D
41 D
42 D
43 D
44 D
45 D
46 D
47 D
48 D
49 D
50 D
51 D
52 D
53 D
54 D
55 D
56 D
57 D
58 D
59 D
60 D
61 D
62 D
63 D
64 E
65 E
66 E
67 E
68 E
69 E
70 E
71 E
72 E
73 E
74 F
75 F
76 F
77 F
78 F
79 F
80 F
81 F
82 G
83 G
84 G
85 G
86 G
87 G
88 G
89 G
90 G
91 G
92 G
93 G
94 G
95 G
96 G
97 G
98 G
99 G
100 G
101 G
102 G
103 G
104 G
105 G
106 G
107 G
108 G
109 G
110 G
111 G
112 G
113 G
114 G
115 G
116 G
117 G
118 G
119 G
120 G
121 G
122 G
123 G
124 H
125 H
126 H
127 H
128 H
129 H
130 I
131 I
132 I
133 I
134 I
135 I
136 I
137 I
138 I
139 I
140 I
141 I
142 I
143 I
144 I
145 I
146 I
147 I
148 I
149 I
150 I
151 I
152 I
153 I
154 I
155 I
156 I
157 I
158 I
159 I
160 I
161 I
162 I
163 I
164 I
165 I
166 I
167 I
168 I
169 I
170 I
171 I
172 I
173 I
174 I
175 I
176 I
177 I
178 I
179 I
180 I
181 I
182 K
183 K
184 K
185 K
186 K
187 K
188 K
189 K
190 K
191 K
192 L
193 L
194 L
195 L
196 L
197 L
198 L
199 L
200 L
201 L
202 L
203 L
204 L
205 L
206 L
207 L
208 L
209 L
210 L
211 L
212 L
213 L
214 L
215 L
216 L
217 L
218 L
219 L
220 L
221 L
222 L
223 L
224 L
225 L
226 L
227 L
228 L
229 L
230 M
231 M
232 M
233 M
234 M
235 M
236 M
237 M
238 N
239 N
240 N
241 N
242 N
243 N
244 N
245 N
246 N
247 N
248 N
249 N
250 N
251 N
252 N
253 N
254 N
255 N
256 N
257 N
258 N
259 N
260 P
261 P
262 P
263 P
264 P
265 P
266 P
267 P
268 P
269 P
270 P
271 P
272 P
273 P
274 P
275 P
276 P
277 P
278 Q
279 Q
280 Q
281 Q
282 Q
283 Q
284 Q
285 Q
286 Q
287 Q
288 Q
289 Q
290 Q
291 Q
292 Q
293 Q
294 R
295 R
296 R
297 R
298 R
299 R
300 R
301 R
302 R
303 R
304 R
305 R
306 R
307 R
308 R
309 R
310 R
311 R
312 R
313 R
314 R
315 R
316 R
317 R
318 R
319 R
320 S
321 S
322 S
323 S
324 S
325 S
326 S
327 S
328 S
329 S
330 S
331 S
332 S
333 S
334 S
335 S
336 S
337 S
338 S
339 S
340 T
341 T
342 T
343 T
344 T
345 T
346 T
347 T
348 T
349 T
350 T
351 T
352 T
353 T
354 T
355 T
356 T
357 T
358 T
359 T
360 T
361 T
362 V
363 V
364 V
365 V
366 V
367 V
368 V
369 V
370 V
371 V
372 V
373 V
374 V
375 V
376 V
377 V
378 V
379 V
380 V
381 V
382 V
383 V
384 V
385 V
386 V
387 V
388 V
389 V
390 V
391 V
392 V
393 V
394 V
395 V
396 V
397 V
398 V
399 V
400 V
401 Y
402 Y
403 Y
404 Y
405 Y
406 Y
407 Y
# node ID1, node ID2, number of bounds
1 0 1
2 1 1
3 1 1
3 2 1
4 1 1
4 2 1
4 3 1
6 3 1
6 4 1
7 5 1
7 6 1
8 5 1
8 7 1
9 4 1
9 6 1
9 7 1
11 1 1
11 2 1
11 3 1
11 4 1
13 1 1
13 11 1
13 12 1
14 1 1
14 2 1
14 3 1
14 4 1
14 8 1
14 11 1
14 13 1
15 8 1
15 11 1
15 12 1
15 13 1
15 14 1
16 8 1
16 10 1
16 14 1
16 15 1
18 17 1
19 17 1
19 18 1
21 20 1
22 21 1
23 21 1
23 22 1
24 21 1
24 22 1
24 23 1
25 5 1
26 23 1
26 24 1
27 25 1
27 26 1
28 25 1
28 27 1
29 24 1
29 26 1
29 27 1
31 21 1
31 22 1
31 23 1
31 24 1
33 21 1
33 31 1
33 32 1
34 21 1
34 22 1
34 23 1
34 24 1
34 28 1
34 31 1
34 33 1
35 28 1
35 31 1
35 32 1
35 33 1
35 34 1
36 28 1
36 30 1
36 34 1
36 35 1
38 37 1
39 37 1
39 38 1
40 2 1
40 3 1
40 4 1
40 7 1
40 9 1
40 10 1
40 14 1
40 16 1
41 5 1
41 7 1
41 8 1
41 25 1
42 5 1
42 7 1
42 25 1
42 41 1
43 2 1
43 3 1
43 4 1
43 6 1
43 9 1
44 8 1
44 15 1
44 16 1
44 19 1
44 41 1
45 8 1
45 14 1
45 15 1
45 16 1
45 41 1
45 44 1
46 1 1
46 11 1
46 12 1
46 13 1
46 15 1
47 11 1
47 12 1
47 13 1
47 14 1
47 15 1
47 46 1
48 8 1
48 10 1
48 16 1
48 40 1
48 44 1
49 8 1
49 44 1
49 48 1
50 17 1
50 18 1
50 19 1
51 17 1
51 18 1
51 19 1
51 50 1
52 22 1
52 23 1
52 24 1
52 27 1
52 29 1
52 30 1
52 34 1
52 36 1
53 5 1
53 25 1
53 27 1
53 28 1
53 41 1
53 42 1
54 5 1
54 25 1
54 27 1
54 41 1
54 42 1
54 53 1
55 22 1
55 23 1
55 24 1
55 26 1
55 29 1
56 28 1
56 35 1
56 36 1
56 39 1
56 53 1
57 28 1
57 34 1
57 35 1
57 36 1
57 53 1
57 56 1
58 21 1
58 31 1
58 32 1
58 33 1
58 35 1
59 31 1
59 32 1
59 33 1
59 34 1
59 35 1
59 58 1
60 28 1
60 30 1
60 36 1
60 52 1
60 56 1
61 28 1
61 56 1
61 60 1
62 37 1
62 38 1
62 39 1
63 37 1
63 38 1
63 39 1
63 62 1
64 0 1
65 5 1
65 6 1
65 7 1
65 9 1
65 42 1
66 1 1
66 2 1
66 3 1
66 4 1
66 10 1
66 11 1
66 14 1
66 15 1
66 16 1
66 40 1
66 46 1
67 17 1
67 18 1
67 19 1
67 50 1
67 51 1
68 16 1
68 18 1
68 19 1
68 48 1
68 49 1
68 50 1
68 51 1
68 67 1
69 20 1
70 25 1
70 26 1
70 27 1
70 29 1
70 54 1
71 21 1
71 22 1
71 23 1
71 24 1
71 30 1
71 31 1
71 34 1
71 35 1
71 36 1
71 52 1
71 58 1
72 37 1
72 38 1
72 39 1
72 62 1
72 63 1
73 36 1
73 38 1
73 39 1
73 60 1
73 61 1
73 62 1
73 63 1
73 72 1
74 4 1
74 5 1
74 6 1
74 7 1
74 9 1
74 42 1
74 43 1
74 65 1
75 11 1
75 12 1
75 13 1
75 14 1
75 15 1
75 16 1
75 44 1
75 45 1
75 47 1
75 51 1
76 11 1
76 12 1
76 13 1
76 14 1
76 15 1
76 16 1
76 45 1
76 46 1
76 47 1
76 75 1
77 2 1
77 8 1
77 10 1
77 11 1
77 12 1
77 14 1
77 15 1
77 16 1
77 40 1
77 45 1
77 46 1
77 48 1
77 66 1
77 75 1
77 76 1
78 24 1
78 25 1
78 26 1
78 27 1
78 29 1
78 54 1
78 55 1
78 70 1
79 31 1
79 32 1
79 33 1
79 34 1
79 35 1
79 36 1
79 56 1
79 57 1
79 59 1
79 63 1
80 31 1
80 32 1
80 33 1
80 34 1
80 35 1
80 36 1
80 57 1
80 59 1
80 79 1
81 22 1
81 28 1
81 30 1
81 31 1
81 32 1
81 34 1
81 35 1
81 36 1
81 52 1
81 57 1
81 58 1
81 60 1
81 71 1
81 79 1
81 80 1
82 5 1
82 7 1
82 25 1
82 41 1
82 42 1
82 53 1
82 65 1
83 3 1
83 4 1
83 5 1
83 6 1
83 7 1
83 8 1
83 11 1
83 14 1
83 15 1
83 41 1
83 45 1
83 65 1
83 74 1
83 82 1
84 2 1
84 3 1
84 4 1
84 6 1
84 7 1
84 8 1
84 11 1
84 14 1
84 15 1
84 16 1
84 40 1
84 43 1
84 45 1
84 65 1
84 74 1
84 77 1
84 83 1
85 4 1
85 6 1
85 7 1
85 8 1
85 9 1
85 40 1
85 48 1
85 65 1
85 74 1
85 84 1
86 3 1
86 4 1
86 6 1
86 9 1
86 43 1
86 65 1
86 74 1
87 5 1
87 7 1
87 8 1
87 16 1
87 41 1
87 42 1
87 44 1
87 45 1
87 48 1
87 49 1
87 84 1
87 85 1
88 11 1
88 12 1
88 13 1
88 46 1
88 47 1
89 1 1
89 2 1
89 3 1
89 4 1
89 6 1
89 11 1
89 13 1
89 14 1
89 15 1
89 43 1
89 76 1
89 83 1
89 84 1
90 0 1
90 1 1
90 11 1
90 12 1
90 13 1
90 14 1
90 15 1
90 46 1
90 47 1
90 76 1
90 88 1
90 89 1
91 12 1
91 15 1
91 16 1
91 46 1
91 47 1
91 51 1
91 67 1
91 75 1
91 76 1
91 77 1
91 88 1
92 15 1
92 16 1
92 18 1
92 19 1
92 44 1
92 45 1
92 48 1
92 51 1
92 67 1
92 68 1
92 75 1
92 77 1
92 91 1
93 3 1
93 6 1
93 11 1
93 13 1
93 14 1
93 15 1
93 76 1
93 83 1
93 84 1
93 89 1
94 2 1
94 3 1
94 4 1
94 6 1
94 8 1
94 11 1
94 13 1
94 14 1
94 15 1
94 16 1
94 44 1
94 45 1
94 75 1
94 76 1
94 77 1
94 83 1
94 84 1
94 89 1
94 93 1
95 1 1
95 2 1
95 3 1
95 4 1
95 6 1
95 8 1
95 11 1
95 13 1
95 14 1
95 15 1
95 16 1
95 40 1
95 45 1
95 66 1
95 75 1
95 76 1
95 77 1
95 83 1
95 84 1
95 89 1
95 93 1
95 94 1
96 1 1
96 2 1
96 3 1
96 4 1
96 10 1
96 11 1
96 14 1
96 46 1
96 66 1
96 77 1
96 89 1
96 90 1
96 95 1
97 1 1
97 2 1
97 3 1
97 4 1
97 8 1
97 10 1
97 11 1
97 12 1
97 13 1
97 14 1
97 15 1
97 16 1
97 45 1
97 46 1
97 47 1
97 66 1
97 75 1
97 76 1
97 77 1
97 84 1
97 88 1
97 89 1
97 90 1
97 91 1
97 92 1
97 94 1
97 95 1
97 96 1
98 11 1
98 12 1
98 13 1
98 15 1
98 47 1
98 76 1
98 90 1
99 11 1
99 12 1
99 13 1
99 14 1
99 15 1
99 45 1
99 47 1
99 75 1
99 76 1
99 88 1
99 89 1
99 90 1
99 91 1
99 93 1
99 94 1
99 95 1
99 97 1
99 98 1
100 8 1
100 16 1
100 44 1
100 45 1
100 48 1
100 49 1
100 87 1
101 19 1
101 44 1
101 49 1
101 50 1
101 51 1
101 67 1
101 68 1
101 92 1
102 19 1
102 50 1
102 68 1
102 101 1
103 5 1
103 25 1
103 27 1
103 41 1
103 44 1
103 53 1
103 54 1
103 70 1
104 23 1
104 24 1
104 25 1
104 26 1
104 27 1
104 28 1
104 31 1
104 34 1
104 35 1
104 53 1
104 57 1
104 70 1
104 103 1
105 22 1
105 23 1
105 24 1
105 26 1
105 27 1
105 28 1
105 31 1
105 34 1
105 35 1
105 36 1
105 52 1
105 55 1
105 57 1
105 70 1
105 78 1
105 81 1
105 104 1
106 24 1
106 26 1
106 27 1
106 28 1
106 29 1
106 52 1
106 60 1
106 70 1
106 78 1
106 105 1
107 23 1
107 24 1
107 26 1
107 29 1
107 55 1
107 70 1
107 78 1
108 25 1
108 27 1
108 28 1
108 36 1
108 53 1
108 54 1
108 56 1
108 57 1
108 60 1
108 61 1
108 105 1
108 106 1
109 31 1
109 32 1
109 33 1
109 58 1
109 59 1
110 21 1
110 22 1
110 23 1
110 24 1
110 26 1
110 31 1
110 33 1
110 34 1
110 35 1
110 55 1
110 80 1
110 104 1
110 105 1
111 20 1
111 21 1
111 31 1
111 32 1
111 33 1
111 34 1
111 35 1
111 58 1
111 59 1
111 80 1
111 109 1
111 110 1
112 32 1
112 35 1
112 36 1
112 58 1
112 59 1
112 63 1
112 72 1
112 79 1
112 80 1
112 81 1
112 109 1
113 35 1
113 36 1
113 38 1
113 39 1
113 56 1
113 57 1
113 60 1
113 63 1
113 72 1
113 73 1
113 79 1
113 81 1
113 112 1
114 23 1
114 26 1
114 31 1
114 33 1
114 34 1
114 35 1
114 80 1
114 104 1
114 105 1
114 110 1
115 22 1
115 23 1
115 24 1
115 26 1
115 28 1
115 31 1
115 33 1
115 34 1
115 35 1
115 36 1
115 56 1
115 57 1
115 79 1
115 80 1
115 81 1
115 104 1
115 105 1
115 110 1
115 114 1
116 21 1
116 22 1
116 23 1
116 24 1
116 26 1
116 28 1
116 31 1
116 33 1
116 34 1
116 35 1
116 36 1
116 52 1
116 57 1
116 71 1
116 80 1
116 81 1
116 104 1
116 105 1
116 110 1
116 114 1
116 115 1
117 21 1
117 22 1
117 23 1
117 24 1
117 30 1
117 31 1
117 34 1
117 58 1
117 71 1
117 81 1
117 110 1
117 111 1
117 116 1
118 21 1
118 22 1
118 23 1
118 24 1
118 28 1
118 30 1
118 31 1
118 32 1
118 33 1
118 34 1
118 35 1
118 36 1
118 57 1
118 58 1
118 59 1
118 71 1
118 79 1
118 80 1
118 81 1
118 105 1
118 109 1
118 110 1
118 111 1
118 112 1
118 113 1
118 115 1
118 116 1
118 117 1
119 31 1
119 32 1
119 33 1
119 35 1
119 59 1
119 80 1
119 109 1
119 111 1
120 31 1
120 32 1
120 33 1
120 34 1
120 35 1
120 57 1
120 59 1
120 79 1
120 80 1
120 109 1
120 110 1
120 111 1
120 112 1
120 114 1
120 115 1
120 116 1
120 118 1
120 119 1
121 28 1
121 36 1
121 56 1
121 57 1
121 60 1
121 61 1
121 108 1
122 39 1
122 61 1
122 62 1
122 63 1
122 72 1
122 73 1
122 113 1
123 39 1
123 62 1
123 73 1
123 122 1
124 5 1
124 8 1
124 15 1
124 41 1
124 42 1
124 44 1
124 45 1
124 53 1
124 82 1
124 83 1
124 84 1
124 87 1
124 93 1
124 94 1
124 95 1
124 103 1
125 10 1
125 12 1
125 15 1
125 46 1
125 47 1
125 66 1
125 75 1
125 77 1
125 88 1
125 90 1
125 91 1
125 96 1
125 97 1
126 11 1
126 13 1
126 14 1
126 15 1
126 45 1
126 76 1
126 83 1
126 84 1
126 89 1
126 93 1
126 94 1
126 95 1
126 99 1
126 124 1
127 25 1
127 28 1
127 35 1
127 41 1
127 53 1
127 54 1
127 56 1
127 57 1
127 80 1
127 82 1
127 103 1
127 104 1
127 105 1
127 108 1
127 114 1
127 115 1
127 116 1
128 30 1
128 32 1
128 35 1
128 58 1
128 59 1
128 71 1
128 79 1
128 81 1
128 109 1
128 111 1
128 112 1
128 118 1
129 31 1
129 33 1
129 34 1
129 35 1
129 57 1
129 80 1
129 104 1
129 105 1
129 110 1
129 114 1
129 115 1
129 116 1
129 120 1
129 127 1
130 2 1
130 3 1
130 4 1
130 6 1
130 7 1
130 8 1
130 9 1
130 14 1
130 16 1
130 40 1
130 43 1
130 48 1
130 65 1
130 66 1
130 74 1
130 77 1
130 83 1
130 84 1
130 85 1
130 86 1
130 89 1
130 94 1
130 95 1
130 96 1
130 97 1
131 2 1
131 3 1
131 4 1
131 6 1
131 7 1
131 8 1
131 9 1
131 14 1
131 16 1
131 40 1
131 44 1
131 45 1
131 48 1
131 65 1
131 74 1
131 77 1
131 83 1
131 84 1
131 85 1
131 87 1
131 89 1
131 94 1
131 95 1
131 97 1
131 100 1
131 124 1
131 130 1
132 2 1
132 3 1
132 4 1
132 6 1
132 7 1
132 8 1
132 11 1
132 14 1
132 15 1
132 16 1
132 40 1
132 44 1
132 45 1
132 48 1
132 65 1
132 74 1
132 77 1
132 83 1
132 84 1
132 85 1
132 87 1
132 89 1
132 94 1
132 95 1
132 97 1
132 100 1
132 124 1
132 130 1
132 131 1
133 5 1
133 6 1
133 7 1
133 8 1
133 41 1
133 42 1
133 44 1
133 45 1
133 53 1
133 65 1
133 74 1
133 82 1
133 83 1
133 84 1
133 87 1
133 93 1
133 94 1
133 95 1
133 124 1
133 126 1
133 131 1
133 132 1
134 5 1
134 6 1
134 7 1
134 8 1
134 41 1
134 42 1
134 65 1
134 74 1
134 82 1
134 83 1
134 84 1
134 85 1
134 87 1
134 94 1
134 124 1
134 130 1
134 131 1
134 132 1
134 133 1
135 5 1
135 6 1
135 7 1
135 8 1
135 9 1
135 41 1
135 42 1
135 43 1
135 65 1
135 74 1
135 82 1
135 83 1
135 84 1
135 85 1
135 86 1
135 94 1
135 124 1
135 130 1
135 131 1
135 132 1
135 133 1
135 134 1
136 4 1
136 5 1
136 6 1
136 7 1
136 8 1
136 9 1
136 40 1
136 48 1
136 49 1
136 65 1
136 74 1
136 84 1
136 85 1
136 87 1
136 100 1
136 130 1
136 131 1
136 132 1
136 133 1
136 134 1
136 135 1
137 4 1
137 6 1
137 7 1
137 8 1
137 9 1
137 40 1
137 65 1
137 74 1
137 84 1
137 85 1
137 86 1
137 87 1
137 130 1
137 131 1
137 132 1
137 133 1
137 134 1
137 135 1
137 136 1
138 1 1
138 2 1
138 3 1
138 4 1
138 10 1
138 11 1
138 14 1
138 16 1
138 40 1
138 43 1
138 66 1
138 77 1
138 84 1
138 85 1
138 89 1
138 94 1
138 95 1
138 96 1
138 97 1
138 130 1
138 131 1
138 132 1
139 1 1
139 2 1
139 3 1
139 4 1
139 10 1
139 14 1
139 16 1
139 40 1
139 66 1
139 77 1
139 95 1
139 96 1
139 97 1
139 130 1
139 131 1
139 132 1
139 138 1
140 12 1
140 13 1
140 15 1
140 46 1
140 47 1
140 75 1
140 76 1
140 77 1
140 88 1
140 90 1
140 91 1
140 97 1
140 99 1
140 125 1
141 1 1
141 2 1
141 3 1
141 4 1
141 11 1
141 13 1
141 14 1
141 15 1
141 47 1
141 66 1
141 76 1
141 77 1
141 83 1
141 84 1
141 89 1
141 90 1
141 93 1
141 94 1
141 95 1
141 96 1
141 97 1
141 99 1
141 126 1
141 130 1
141 131 1
141 132 1
141 138 1
142 1 1
142 2 1
142 3 1
142 4 1
142 11 1
142 13 1
142 14 1
142 15 1
142 47 1
142 83 1
142 84 1
142 89 1
142 90 1
142 93 1
142 94 1
142 95 1
142 96 1
142 97 1
142 99 1
142 126 1
142 141 1
143 1 1
143 11 1
143 12 1
143 13 1
143 14 1
143 15 1
143 46 1
143 47 1
143 66 1
143 75 1
143 76 1
143 88 1
143 90 1
143 91 1
143 96 1
143 97 1
143 98 1
143 99 1
143 125 1
143 140 1
143 141 1
143 142 1
144 11 1
144 12 1
144 13 1
144 14 1
144 15 1
144 46 1
144 47 1
144 66 1
144 75 1
144 76 1
144 77 1
144 88 1
144 90 1
144 91 1
144 96 1
144 97 1
144 98 1
144 99 1
144 125 1
144 140 1
144 141 1
144 143 1
145 10 1
145 12 1
145 15 1
145 16 1
145 19 1
145 45 1
145 48 1
145 51 1
145 67 1
145 68 1
145 75 1
145 76 1
145 77 1
145 91 1
145 92 1
145 97 1
145 125 1
146 11 1
146 13 1
146 14 1
146 15 1
146 45 1
146 47 1
146 75 1
146 76 1
146 83 1
146 84 1
146 89 1
146 90 1
146 93 1
146 94 1
146 95 1
146 97 1
146 98 1
146 99 1
146 124 1
146 126 1
146 141 1
146 142 1
146 143 1
146 144 1
147 2 1
147 3 1
147 4 1
147 8 1
147 10 1
147 11 1
147 12 1
147 13 1
147 14 1
147 15 1
147 16 1
147 40 1
147 44 1
147 45 1
147 47 1
147 66 1
147 75 1
147 76 1
147 77 1
147 83 1
147 84 1
147 89 1
147 90 1
147 91 1
147 93 1
147 94 1
147 95 1
147 96 1
147 97 1
147 99 1
147 124 1
147 126 1
147 130 1
147 131 1
147 132 1
147 138 1
147 139 1
147 141 1
147 142 1
147 143 1
147 144 1
147 145 1
147 146 1
148 11 1
148 12 1
148 13 1
148 15 1
148 47 1
148 75 1
148 76 1
148 88 1
148 90 1
148 91 1
148 97 1
148 98 1
148 99 1
148 126 1
148 140 1
148 143 1
148 144 1
148 146 1
149 8 1
149 11 1
149 12 1
149 13 1
149 14 1
149 15 1
149 16 1
149 44 1
149 45 1
149 47 1
149 48 1
149 66 1
149 75 1
149 76 1
149 77 1
149 84 1
149 91 1
149 92 1
149 94 1
149 95 1
149 97 1
149 99 1
149 124 1
149 131 1
149 132 1
149 139 1
149 141 1
149 143 1
149 144 1
149 145 1
149 146 1
149 147 1
149 148 1
150 8 1
150 15 1
150 16 1
150 19 1
150 40 1
150 44 1
150 45 1
150 48 1
150 49 1
150 51 1
150 68 1
150 75 1
150 77 1
150 87 1
150 91 1
150 92 1
150 97 1
150 100 1
150 101 1
150 130 1
150 131 1
150 132 1
150 136 1
150 145 1
150 147 1
150 149 1
151 7 1
151 8 1
151 16 1
151 40 1
151 44 1
151 48 1
151 49 1
151 85 1
151 87 1
151 100 1
151 130 1
151 131 1
151 132 1
151 136 1
151 137 1
151 150 1
152 8 1
152 16 1
152 19 1
152 44 1
152 45 1
152 48 1
152 49 1
152 51 1
152 68 1
152 87 1
152 92 1
152 100 1
152 101 1
152 102 1
152 150 1
152 151 1
153 19 1
153 49 1
153 50 1
153 51 1
153 67 1
153 68 1
153 92 1
153 101 1
153 102 1
153 145 1
153 150 1
153 152 1
154 17 1
154 19 1
154 50 1
154 68 1
154 101 1
154 102 1
154 153 1
155 19 1
155 50 1
155 51 1
155 68 1
155 101 1
155 102 1
155 152 1
155 153 1
155 154 1
156 22 1
156 23 1
156 24 1
156 26 1
156 27 1
156 28 1
156 29 1
156 34 1
156 36 1
156 52 1
156 55 1
156 60 1
156 70 1
156 71 1
156 78 1
156 81 1
156 104 1
156 105 1
156 106 1
156 107 1
156 110 1
156 115 1
156 116 1
156 117 1
156 118 1
157 22 1
157 23 1
157 24 1
157 26 1
157 27 1
157 28 1
157 29 1
157 34 1
157 36 1
157 52 1
157 56 1
157 57 1
157 60 1
157 70 1
157 78 1
157 81 1
157 104 1
157 105 1
157 106 1
157 108 1
157 110 1
157 115 1
157 116 1
157 118 1
157 121 1
157 127 1
157 156 1
158 22 1
158 23 1
158 24 1
158 26 1
158 27 1
158 28 1
158 31 1
158 34 1
158 35 1
158 36 1
158 52 1
158 56 1
158 57 1
158 60 1
158 70 1
158 78 1
158 81 1
158 104 1
158 105 1
158 106 1
158 108 1
158 110 1
158 115 1
158 116 1
158 118 1
158 121 1
158 127 1
158 156 1
158 157 1
159 25 1
159 26 1
159 27 1
159 28 1
159 41 1
159 53 1
159 54 1
159 56 1
159 57 1
159 70 1
159 78 1
159 103 1
159 104 1
159 105 1
159 108 1
159 114 1
159 115 1
159 116 1
159 127 1
159 129 1
159 157 1
159 158 1
160 25 1
160 26 1
160 27 1
160 28 1
160 53 1
160 54 1
160 70 1
160 78 1
160 103 1
160 104 1
160 105 1
160 106 1
160 108 1
160 115 1
160 127 1
160 156 1
160 157 1
160 158 1
160 159 1
161 25 1
161 26 1
161 27 1
161 28 1
161 29 1
161 53 1
161 54 1
161 55 1
161 70 1
161 78 1
161 103 1
161 104 1
161 105 1
161 106 1
161 107 1
161 115 1
161 127 1
161 156 1
161 157 1
161 158 1
161 159 1
161 160 1
162 24 1
162 25 1
162 26 1
162 27 1
162 28 1
162 29 1
162 52 1
162 60 1
162 61 1
162 70 1
162 78 1
162 105 1
162 106 1
162 108 1
162 121 1
162 156 1
162 157 1
162 158 1
162 159 1
162 160 1
162 161 1
163 24 1
163 26 1
163 27 1
163 28 1
163 29 1
163 52 1
163 70 1
163 78 1
163 105 1
163 106 1
163 107 1
163 108 1
163 156 1
163 157 1
163 158 1
163 159 1
163 160 1
163 161 1
163 162 1
164 21 1
164 22 1
164 23 1
164 24 1
164 30 1
164 31 1
164 34 1
164 36 1
164 52 1
164 55 1
164 71 1
164 81 1
164 105 1
164 106 1
164 110 1
164 115 1
164 116 1
164 117 1
164 118 1
164 156 1
164 157 1
164 158 1
165 21 1
165 22 1
165 23 1
165 24 1
165 30 1
165 34 1
165 36 1
165 52 1
165 71 1
165 81 1
165 116 1
165 117 1
165 118 1
165 156 1
165 157 1
165 158 1
165 164 1
166 32 1
166 33 1
166 35 1
166 58 1
166 59 1
166 79 1
166 80 1
166 81 1
166 109 1
166 111 1
166 112 1
166 118 1
166 120 1
166 128 1
167 21 1
167 22 1
167 23 1
167 24 1
167 26 1
167 31 1
167 33 1
167 34 1
167 35 1
167 59 1
167 71 1
167 80 1
167 81 1
167 104 1
167 105 1
167 110 1
167 111 1
167 114 1
167 115 1
167 116 1
167 117 1
167 118 1
167 120 1
167 129 1
167 156 1
167 157 1
167 158 1
167 164 1
167 165 1
168 21 1
168 22 1
168 23 1
168 24 1
168 31 1
168 33 1
168 34 1
168 35 1
168 59 1
168 104 1
168 105 1
168 110 1
168 111 1
168 114 1
168 115 1
168 116 1
168 117 1
168 118 1
168 120 1
168 129 1
168 167 1
169 21 1
169 31 1
169 32 1
169 33 1
169 34 1
169 35 1
169 58 1
169 59 1
169 71 1
169 79 1
169 80 1
169 109 1
169 111 1
169 112 1
169 117 1
169 118 1
169 119 1
169 120 1
169 128 1
169 166 1
169 167 1
169 168 1
170 31 1
170 32 1
170 33 1
170 34 1
170 35 1
170 58 1
170 59 1
170 71 1
170 79 1
170 80 1
170 81 1
170 109 1
170 111 1
170 112 1
170 117 1
170 118 1
170 119 1
170 120 1
170 128 1
170 166 1
170 167 1
170 169 1
171 30 1
171 32 1
171 35 1
171 36 1
171 38 1
171 39 1
171 60 1
171 63 1
171 72 1
171 73 1
171 79 1
171 80 1
171 81 1
171 112 1
171 113 1
171 118 1
171 128 1
172 31 1
172 33 1
172 34 1
172 35 1
172 57 1
172 59 1
172 79 1
172 80 1
172 104 1
172 105 1
172 110 1
172 111 1
172 114 1
172 115 1
172 116 1
172 118 1
172 119 1
172 120 1
172 127 1
172 129 1
172 167 1
172 168 1
172 169 1
172 170 1
173 22 1
173 23 1
173 24 1
173 28 1
173 30 1
173 31 1
173 32 1
173 33 1
173 34 1
173 35 1
173 36 1
173 56 1
173 57 1
173 59 1
173 60 1
173 71 1
173 79 1
173 80 1
173 81 1
173 104 1
173 105 1
173 110 1
173 111 1
173 112 1
173 114 1
173 115 1
173 116 1
173 117 1
173 118 1
173 120 1
173 127 1
173 129 1
173 156 1
173 157 1
173 158 1
173 164 1
173 165 1
173 167 1
173 168 1
173 169 1
173 170 1
173 171 1
173 172 1
174 31 1
174 32 1
174 33 1
174 35 1
174 59 1
174 79 1
174 80 1
174 109 1
174 111 1
174 112 1
174 118 1
174 119 1
174 120 1
174 129 1
174 166 1
174 169 1
174 170 1
174 172 1
175 28 1
175 30 1
175 31 1
175 32 1
175 33 1
175 34 1
175 35 1
175 36 1
175 56 1
175 57 1
175 59 1
175 60 1
175 71 1
175 79 1
175 80 1
175 81 1
175 105 1
175 112 1
175 113 1
175 115 1
175 116 1
175 118 1
175 120 1
175 127 1
175 128 1
175 157 1
175 158 1
175 165 1
175 167 1
175 169 1
175 170 1
175 171 1
175 172 1
175 173 1
175 174 1
176 28 1
176 30 1
176 35 1
176 36 1
176 39 1
176 52 1
176 56 1
176 57 1
176 60 1
176 61 1
176 63 1
176 73 1
176 79 1
176 81 1
176 108 1
176 112 1
176 113 1
176 118 1
176 121 1
176 122 1
176 156 1
176 157 1
176 158 1
176 171 1
176 173 1
176 175 1
177 27 1
177 28 1
177 36 1
177 52 1
177 56 1
177 60 1
177 61 1
177 106 1
177 108 1
177 121 1
177 156 1
177 157 1
177 158 1
177 162 1
177 163 1
177 176 1
178 28 1
178 36 1
178 39 1
178 56 1
178 60 1
178 61 1
178 63 1
178 73 1
178 108 1
178 113 1
178 121 1
178 122 1
178 123 1
178 176 1
178 177 1
179 39 1
179 61 1
179 62 1
179 63 1
179 72 1
179 73 1
179 113 1
179 122 1
179 123 1
179 171 1
179 176 1
179 178 1
180 37 1
180 39 1
180 62 1
180 73 1
180 122 1
180 123 1
180 179 1
181 39 1
181 62 1
181 63 1
181 73 1
181 122 1
181 123 1
181 178 1
181 179 1
181 180 1
182 5 1
182 7 1
182 8 1
182 15 1
182 16 1
182 41 1
182 42 1
182 44 1
182 45 1
182 83 1
182 84 1
182 87 1
182 94 1
182 95 1
182 100 1
182 103 1
182 124 1
182 126 1
182 131 1
182 132 1
182 133 1
182 134 1
182 135 1
182 136 1
182 147 1
182 149 1
182 150 1
182 151 1
183 6 1
183 7 1
183 9 1
183 40 1
183 65 1
183 74 1
183 85 1
183 130 1
183 131 1
183 132 1
183 134 1
183 135 1
183 136 1
183 137 1
184 8 1
184 10 1
184 15 1
184 16 1
184 19 1
184 40 1
184 44 1
184 45 1
184 48 1
184 49 1
184 51 1
184 68 1
184 75 1
184 77 1
184 87 1
184 91 1
184 92 1
184 97 1
184 100 1
184 101 1
184 131 1
184 132 1
184 139 1
184 145 1
184 147 1
184 149 1
184 150 1
184 151 1
184 152 1
184 153 1
185 8 1
185 16 1
185 19 1
185 44 1
185 45 1
185 48 1
185 49 1
185 68 1
185 77 1
185 87 1
185 92 1
185 100 1
185 101 1
185 131 1
185 132 1
185 136 1
185 145 1
185 150 1
185 151 1
185 152 1
185 153 1
185 184 1
186 17 1
186 18 1
186 19 1
186 50 1
186 51 1
186 67 1
186 68 1
186 153 1
186 154 1
187 25 1
187 27 1
187 28 1
187 34 1
187 35 1
187 36 1
187 53 1
187 54 1
187 56 1
187 57 1
187 80 1
187 104 1
187 105 1
187 108 1
187 115 1
187 116 1
187 121 1
187 127 1
187 129 1
187 157 1
187 158 1
187 159 1
187 160 1
187 161 1
187 162 1
187 173 1
187 175 1
187 176 1
187 177 1
188 26 1
188 27 1
188 29 1
188 52 1
188 70 1
188 78 1
188 106 1
188 156 1
188 157 1
188 158 1
188 160 1
188 161 1
188 162 1
188 163 1
189 28 1
189 30 1
189 35 1
189 36 1
189 39 1
189 52 1
189 56 1
189 57 1
189 60 1
189 61 1
189 63 1
189 73 1
189 79 1
189 81 1
189 108 1
189 112 1
189 113 1
189 118 1
189 121 1
189 122 1
189 157 1
189 158 1
189 165 1
189 171 1
189 173 1
189 175 1
189 176 1
189 177 1
189 178 1
189 179 1
190 28 1
190 36 1
190 39 1
190 56 1
190 57 1
190 60 1
190 61 1
190 73 1
190 81 1
190 108 1
190 113 1
190 121 1
190 122 1
190 157 1
190 158 1
190 162 1
190 171 1
190 176 1
190 177 1
190 178 1
190 179 1
190 189 1
191 37 1
191 38 1
191 39 1
191 62 1
191 63 1
191 72 1
191 73 1
191 179 1
191 180 1
192 0 1
192 1 1
192 2 1
192 3 1
192 4 1
192 11 1
192 14 1
192 66 1
192 96 1
192 138 1
192 141 1
192 142 1
193 5 1
193 6 1
193 7 1
193 8 1
193 41 1
193 42 1
193 65 1
193 74 1
193 82 1
193 83 1
193 84 1
193 89 1
193 93 1
193 94 1
193 95 1
193 124 1
193 126 1
193 131 1
193 132 1
193 133 1
193 134 1
193 135 1
193 141 1
193 182 1
194 2 1
194 3 1
194 4 1
194 6 1
194 7 1
194 9 1
194 14 1
194 40 1
194 43 1
194 65 1
194 74 1
194 83 1
194 84 1
194 85 1
194 86 1
194 89 1
194 94 1
194 95 1
194 130 1
194 131 1
194 132 1
194 134 1
194 135 1
194 136 1
194 137 1
194 138 1
194 141 1
194 183 1
194 193 1
195 5 1
195 6 1
195 7 1
195 8 1
195 9 1
195 41 1
195 42 1
195 65 1
195 74 1
195 84 1
195 85 1
195 87 1
195 100 1
195 130 1
195 131 1
195 132 1
195 133 1
195 134 1
195 135 1
195 136 1
195 137 1
195 151 1
195 182 1
195 183 1
196 5 1
196 7 1
196 8 1
196 41 1
196 42 1
196 44 1
196 45 1
196 48 1
196 49 1
196 65 1
196 74 1
196 83 1
196 84 1
196 85 1
196 87 1
196 94 1
196 100 1
196 124 1
196 130 1
196 131 1
196 132 1
196 133 1
196 134 1
196 135 1
196 136 1
196 137 1
196 150 1
196 151 1
196 182 1
196 183 1
196 185 1
196 195 1
197 8 1
197 15 1
197 16 1
197 19 1
197 44 1
197 45 1
197 51 1
197 75 1
197 76 1
197 87 1
197 92 1
197 100 1
197 101 1
197 124 1
197 132 1
197 133 1
197 145 1
197 147 1
197 149 1
197 150 1
197 152 1
197 182 1
197 184 1
197 185 1
198 5 1
198 8 1
198 14 1
198 15 1
198 16 1
198 41 1
198 44 1
198 45 1
198 48 1
198 49 1
198 75 1
198 76 1
198 77 1
198 83 1
198 84 1
198 87 1
198 92 1
198 94 1
198 95 1
198 97 1
198 100 1
198 124 1
198 126 1
198 130 1
198 131 1
198 132 1
198 133 1
198 134 1
198 136 1
198 145 1
198 147 1
198 149 1
198 150 1
198 151 1
198 152 1
198 182 1
198 184 1
198 185 1
198 193 1
198 195 1
198 196 1
198 197 1
199 4 1
199 5 1
199 6 1
199 7 1
199 8 1
199 9 1
199 16 1
199 40 1
199 41 1
199 42 1
199 44 1
199 45 1
199 48 1
199 49 1
199 65 1
199 74 1
199 83 1
199 84 1
199 85 1
199 87 1
199 94 1
199 95 1
199 100 1
199 124 1
199 130 1
199 131 1
199 132 1
199 133 1
199 134 1
199 135 1
199 136 1
199 137 1
199 138 1
199 147 1
199 150 1
199 151 1
199 182 1
199 183 1
199 185 1
199 193 1
199 194 1
199 195 1
199 196 1
199 198 1
200 2 1
200 3 1
200 4 1
200 6 1
200 7 1
200 9 1
200 40 1
200 43 1
200 65 1
200 74 1
200 84 1
200 85 1
200 86 1
200 130 1
200 131 1
200 132 1
200 136 1
200 137 1
200 138 1
200 139 1
200 183 1
200 194 1
200 199 1
201 0 1
201 1 1
201 2 1
201 3 1
201 4 1
201 11 1
201 13 1
201 14 1
201 15 1
201 46 1
201 47 1
201 66 1
201 76 1
201 77 1
201 88 1
201 89 1
201 90 1
201 93 1
201 94 1
201 95 1
201 96 1
201 97 1
201 99 1
201 125 1
201 138 1
201 139 1
201 140 1
201 141 1
201 142 1
201 143 1
201 144 1
201 146 1
201 147 1
201 148 1
201 149 1
201 192 1
202 15 1
202 16 1
202 18 1
202 19 1
202 44 1
202 45 1
202 48 1
202 51 1
202 67 1
202 68 1
202 75 1
202 77 1
202 91 1
202 92 1
202 101 1
202 145 1
202 149 1
202 150 1
202 152 1
202 153 1
202 184 1
202 185 1
202 197 1
202 198 1
203 11 1
203 12 1
203 13 1
203 14 1
203 15 1
203 16 1
203 45 1
203 46 1
203 47 1
203 75 1
203 76 1
203 77 1
203 88 1
203 90 1
203 91 1
203 92 1
203 95 1
203 97 1
203 98 1
203 99 1
203 125 1
203 140 1
203 143 1
203 144 1
203 145 1
203 146 1
203 147 1
203 148 1
203 149 1
203 197 1
203 198 1
203 201 1
203 202 1
204 1 1
204 2 1
204 3 1
204 4 1
204 10 1
204 11 1
204 12 1
204 13 1
204 14 1
204 15 1
204 16 1
204 46 1
204 47 1
204 66 1
204 75 1
204 76 1
204 77 1
204 83 1
204 84 1
204 88 1
204 89 1
204 90 1
204 91 1
204 93 1
204 94 1
204 95 1
204 96 1
204 97 1
204 99 1
204 125 1
204 126 1
204 130 1
204 131 1
204 132 1
204 138 1
204 139 1
204 140 1
204 141 1
204 142 1
204 143 1
204 144 1
204 146 1
204 147 1
204 148 1
204 149 1
204 192 1
204 198 1
204 201 1
204 203 1
205 0 1
205 1 1
205 2 1
205 3 1
205 4 1
205 10 1
205 11 1
205 14 1
205 46 1
205 66 1
205 88 1
205 90 1
205 96 1
205 97 1
205 125 1
205 138 1
205 139 1
205 141 1
205 143 1
205 144 1
205 192 1
205 201 1
205 204 1
206 1 1
206 2 1
206 3 1
206 4 1
206 10 1
206 11 1
206 13 1
206 14 1
206 15 1
206 16 1
206 40 1
206 46 1
206 66 1
206 75 1
206 76 1
206 77 1
206 84 1
206 89 1
206 90 1
206 91 1
206 94 1
206 95 1
206 96 1
206 97 1
206 125 1
206 130 1
206 131 1
206 132 1
206 138 1
206 139 1
206 141 1
206 142 1
206 143 1
206 144 1
206 147 1
206 149 1
206 184 1
206 192 1
206 201 1
206 203 1
206 204 1
206 205 1
207 8 1
207 11 1
207 13 1
207 14 1
207 15 1
207 44 1
207 45 1
207 47 1
207 75 1
207 76 1
207 83 1
207 84 1
207 89 1
207 93 1
207 94 1
207 95 1
207 97 1
207 98 1
207 99 1
207 124 1
207 126 1
207 132 1
207 133 1
207 141 1
207 142 1
207 146 1
207 147 1
207 148 1
207 149 1
207 182 1
207 193 1
207 197 1
207 198 1
207 201 1
207 203 1
207 204 1
208 8 1
208 10 1
208 14 1
208 15 1
208 16 1
208 19 1
208 44 1
208 45 1
208 48 1
208 51 1
208 68 1
208 75 1
208 76 1
208 77 1
208 91 1
208 92 1
208 97 1
208 131 1
208 132 1
208 139 1
208 145 1
208 147 1
208 149 1
208 150 1
208 151 1
208 152 1
208 184 1
208 185 1
208 197 1
208 198 1
208 202 1
208 203 1
208 204 1
208 206 1
209 8 1
209 16 1
209 40 1
209 44 1
209 45 1
209 48 1
209 49 1
209 68 1
209 85 1
209 87 1
209 100 1
209 131 1
209 132 1
209 136 1
209 150 1
209 151 1
209 152 1
209 182 1
209 184 1
209 185 1
209 195 1
209 196 1
209 197 1
209 198 1
209 199 1
209 202 1
209 208 1
210 17 1
210 18 1
210 19 1
210 51 1
210 67 1
210 68 1
210 91 1
210 92 1
210 101 1
210 145 1
210 186 1
210 202 1
211 20 1
211 21 1
211 22 1
211 23 1
211 24 1
211 31 1
211 34 1
211 71 1
211 117 1
211 164 1
211 167 1
211 168 1
212 25 1
212 26 1
212 27 1
212 28 1
212 53 1
212 54 1
212 70 1
212 78 1
212 103 1
212 104 1
212 105 1
212 110 1
212 114 1
212 115 1
212 116 1
212 127 1
212 129 1
212 157 1
212 158 1
212 159 1
212 160 1
212 161 1
212 167 1
212 187 1
213 22 1
213 23 1
213 24 1
213 26 1
213 27 1
213 29 1
213 34 1
213 52 1
213 55 1
213 70 1
213 78 1
213 104 1
213 105 1
213 106 1
213 107 1
213 110 1
213 115 1
213 116 1
213 156 1
213 157 1
213 158 1
213 160 1
213 161 1
213 162 1
213 163 1
213 164 1
213 167 1
213 188 1
213 212 1
214 25 1
214 26 1
214 27 1
214 28 1
214 29 1
214 53 1
214 54 1
214 70 1
214 78 1
214 105 1
214 106 1
214 108 1
214 121 1
214 156 1
214 157 1
214 158 1
214 159 1
214 160 1
214 161 1
214 162 1
214 163 1
214 177 1
214 187 1
214 188 1
215 25 1
215 27 1
215 28 1
215 53 1
215 54 1
215 56 1
215 57 1
215 60 1
215 61 1
215 70 1
215 78 1
215 103 1
215 105 1
215 106 1
215 108 1
215 115 1
215 121 1
215 127 1
215 156 1
215 157 1
215 158 1
215 159 1
215 160 1
215 161 1
215 162 1
215 163 1
215 176 1
215 177 1
215 187 1
215 188 1
215 190 1
215 214 1
216 28 1
216 35 1
216 36 1
216 39 1
216 56 1
216 57 1
216 63 1
216 79 1
216 80 1
216 108 1
216 112 1
216 113 1
216 121 1
216 122 1
216 127 1
216 158 1
216 171 1
216 173 1
216 175 1
216 176 1
216 178 1
216 187 1
216 189 1
216 190 1
217 25 1
217 28 1
217 34 1
217 35 1
217 36 1
217 53 1
217 56 1
217 57 1
217 60 1
217 61 1
217 79 1
217 80 1
217 81 1
217 104 1
217 105 1
217 108 1
217 113 1
217 115 1
217 116 1
217 118 1
217 121 1
217 127 1
217 129 1
217 156 1
217 157 1
217 158 1
217 159 1
217 162 1
217 171 1
217 173 1
217 175 1
217 176 1
217 177 1
217 178 1
217 187 1
217 189 1
217 190 1
217 214 1
217 215 1
217 216 1
218 24 1
218 25 1
218 26 1
218 27 1
218 28 1
218 29 1
218 36 1
218 52 1
218 53 1
218 54 1
218 56 1
218 57 1
218 60 1
218 61 1
218 70 1
218 78 1
218 104 1
218 105 1
218 106 1
218 108 1
218 115 1
218 116 1
218 121 1
218 127 1
218 156 1
218 157 1
218 158 1
218 159 1
218 160 1
218 161 1
218 162 1
218 163 1
218 173 1
218 176 1
218 177 1
218 187 1
218 188 1
218 190 1
218 212 1
218 213 1
218 214 1
218 215 1
218 217 1
219 22 1
219 23 1
219 24 1
219 26 1
219 27 1
219 29 1
219 52 1
219 55 1
219 70 1
219 78 1
219 105 1
219 106 1
219 107 1
219 156 1
219 157 1
219 158 1
219 162 1
219 163 1
219 164 1
219 165 1
219 188 1
219 213 1
219 218 1
220 20 1
220 21 1
220 22 1
220 23 1
220 24 1
220 31 1
220 33 1
220 34 1
220 35 1
220 58 1
220 59 1
220 71 1
220 80 1
220 81 1
220 105 1
220 109 1
220 110 1
220 111 1
220 114 1
220 115 1
220 116 1
220 117 1
220 118 1
220 120 1
220 128 1
220 164 1
220 165 1
220 166 1
220 167 1
220 168 1
220 169 1
220 170 1
220 172 1
220 173 1
220 174 1
220 175 1
220 211 1
221 35 1
221 36 1
221 38 1
221 39 1
221 56 1
221 57 1
221 60 1
221 63 1
221 72 1
221 73 1
221 79 1
221 81 1
221 112 1
221 113 1
221 122 1
221 171 1
221 175 1
221 176 1
221 178 1
221 179 1
221 181 1
221 189 1
221 190 1
221 216 1
221 217 1
222 31 1
222 32 1
222 33 1
222 34 1
222 35 1
222 36 1
222 57 1
222 58 1
222 59 1
222 79 1
222 80 1
222 81 1
222 109 1
222 111 1
222 112 1
222 113 1
222 116 1
222 118 1
222 119 1
222 120 1
222 128 1
222 166 1
222 169 1
222 170 1
222 171 1
222 172 1
222 173 1
222 174 1
222 175 1
222 216 1
222 217 1
222 220 1
222 221 1
223 21 1
223 22 1
223 23 1
223 24 1
223 30 1
223 31 1
223 32 1
223 33 1
223 34 1
223 35 1
223 36 1
223 58 1
223 59 1
223 71 1
223 79 1
223 80 1
223 81 1
223 104 1
223 105 1
223 109 1
223 110 1
223 111 1
223 112 1
223 114 1
223 115 1
223 116 1
223 117 1
223 118 1
223 120 1
223 128 1
223 129 1
223 156 1
223 157 1
223 158 1
223 164 1
223 165 1
223 166 1
223 167 1
223 168 1
223 169 1
223 170 1
223 172 1
223 173 1
223 174 1
223 175 1
223 211 1
223 217 1
223 220 1
223 222 1
224 20 1
224 21 1
224 22 1
224 23 1
224 24 1
224 30 1
224 31 1
224 34 1
224 58 1
224 71 1
224 81 1
224 109 1
224 111 1
224 117 1
224 118 1
224 128 1
224 164 1
224 165 1
224 167 1
224 169 1
224 170 1
224 211 1
224 220 1
224 223 1
225 21 1
225 22 1
225 23 1
225 24 1
225 30 1
225 31 1
225 33 1
225 34 1
225 35 1
225 36 1
225 52 1
225 58 1
225 71 1
225 79 1
225 80 1
225 81 1
225 105 1
225 110 1
225 111 1
225 112 1
225 115 1
225 116 1
225 117 1
225 118 1
225 128 1
225 156 1
225 157 1
225 158 1
225 164 1
225 165 1
225 167 1
225 168 1
225 169 1
225 170 1
225 171 1
225 173 1
225 175 1
225 189 1
225 211 1
225 220 1
225 222 1
225 223 1
225 224 1
226 28 1
226 31 1
226 33 1
226 34 1
226 35 1
226 57 1
226 59 1
226 79 1
226 80 1
226 104 1
226 105 1
226 110 1
226 114 1
226 115 1
226 116 1
226 118 1
226 119 1
226 120 1
226 127 1
226 129 1
226 158 1
226 159 1
226 167 1
226 168 1
226 172 1
226 173 1
226 174 1
226 175 1
226 187 1
226 212 1
226 216 1
226 217 1
226 222 1
226 223 1
227 28 1
227 30 1
227 34 1
227 35 1
227 36 1
227 39 1
227 56 1
227 57 1
227 60 1
227 63 1
227 71 1
227 73 1
227 79 1
227 80 1
227 81 1
227 112 1
227 113 1
227 118 1
227 158 1
227 165 1
227 171 1
227 173 1
227 175 1
227 176 1
227 177 1
227 178 1
227 189 1
227 190 1
227 216 1
227 217 1
227 221 1
227 222 1
227 223 1
227 225 1
228 28 1
228 36 1
228 52 1
228 56 1
228 57 1
228 60 1
228 61 1
228 73 1
228 106 1
228 108 1
228 121 1
228 157 1
228 158 1
228 162 1
228 176 1
228 177 1
228 178 1
228 187 1
228 189 1
228 190 1
228 214 1
228 215 1
228 216 1
228 217 1
228 218 1
228 221 1
228 227 1
229 37 1
229 38 1
229 39 1
229 63 1
229 72 1
229 73 1
229 79 1
229 112 1
229 113 1
229 122 1
229 171 1
229 179 1
229 191 1
229 221 1
230 2 1
230 3 1
230 4 1
230 6 1
230 7 1
230 8 1
230 9 1
230 10 1
230 14 1
230 16 1
230 40 1
230 48 1
230 66 1
230 77 1
230 84 1
230 85 1
230 89 1
230 94 1
230 95 1
230 96 1
230 97 1
230 130 1
230 131 1
230 132 1
230 136 1
230 137 1
230 138 1
230 139 1
230 141 1
230 147 1
230 149 1
230 150 1
230 151 1
230 183 1
230 184 1
230 185 1
230 194 1
230 195 1
230 196 1
230 198 1
230 199 1
230 200 1
230 204 1
230 206 1
230 208 1
230 209 1
231 1 1
231 2 1
231 3 1
231 4 1
231 10 1
231 11 1
231 12 1
231 13 1
231 14 1
231 15 1
231 16 1
231 46 1
231 47 1
231 66 1
231 75 1
231 76 1
231 77 1
231 84 1
231 88 1
231 89 1
231 90 1
231 91 1
231 94 1
231 95 1
231 96 1
231 97 1
231 99 1
231 125 1
231 130 1
231 132 1
231 138 1
231 139 1
231 140 1
231 141 1
231 143 1
231 144 1
231 145 1
231 146 1
231 147 1
231 149 1
231 150 1
231 184 1
231 201 1
231 203 1
231 204 1
231 205 1
231 206 1
231 208 1
231 230 1
232 8 1
232 10 1
232 14 1
232 15 1
232 16 1
232 40 1
232 44 1
232 45 1
232 48 1
232 49 1
232 68 1
232 77 1
232 84 1
232 85 1
232 87 1
232 92 1
232 94 1
232 95 1
232 97 1
232 100 1
232 130 1
232 131 1
232 132 1
232 136 1
232 137 1
232 138 1
232 139 1
232 145 1
232 147 1
232 149 1
232 150 1
232 151 1
232 152 1
232 182 1
232 184 1
232 185 1
232 195 1
232 196 1
232 197 1
232 198 1
232 199 1
232 202 1
232 206 1
232 208 1
232 209 1
232 230 1
233 17 1
233 18 1
233 19 1
233 50 1
233 51 1
233 67 1
233 68 1
233 92 1
233 101 1
233 145 1
233 152 1
233 153 1
233 154 1
233 155 1
233 186 1
233 202 1
233 210 1
234 22 1
234 23 1
234 24 1
234 26 1
234 27 1
234 28 1
234 29 1
234 30 1
234 34 1
234 36 1
234 52 1
234 60 1
234 71 1
234 81 1
234 105 1
234 106 1
234 110 1
234 115 1
234 116 1
234 117 1
234 118 1
234 156 1
234 157 1
234 158 1
234 162 1
234 163 1
234 164 1
234 165 1
234 167 1
234 173 1
234 175 1
234 176 1
234 177 1
234 188 1
234 189 1
234 190 1
234 213 1
234 214 1
234 215 1
234 217 1
234 218 1
234 219 1
234 223 1
234 225 1
234 227 1
234 228 1
235 21 1
235 22 1
235 23 1
235 24 1
235 30 1
235 31 1
235 32 1
235 33 1
235 34 1
235 35 1
235 36 1
235 58 1
235 59 1
235 71 1
235 79 1
235 80 1
235 81 1
235 105 1
235 109 1
235 110 1
235 111 1
235 112 1
235 115 1
235 116 1
235 117 1
235 118 1
235 120 1
235 128 1
235 156 1
235 158 1
235 164 1
235 165 1
235 166 1
235 167 1
235 169 1
235 170 1
235 171 1
235 172 1
235 173 1
235 175 1
235 176 1
235 189 1
235 220 1
235 222 1
235 223 1
235 224 1
235 225 1
235 227 1
235 234 1
236 28 1
236 30 1
236 34 1
236 35 1
236 36 1
236 52 1
236 56 1
236 57 1
236 60 1
236 61 1
236 73 1
236 81 1
236 105 1
236 106 1
236 108 1
236 113 1
236 115 1
236 116 1
236 118 1
236 121 1
236 156 1
236 157 1
236 158 1
236 162 1
236 163 1
236 164 1
236 165 1
236 171 1
236 173 1
236 175 1
236 176 1
236 177 1
236 178 1
236 187 1
236 189 1
236 190 1
236 214 1
236 215 1
236 216 1
236 217 1
236 218 1
236 221 1
236 225 1
236 227 1
236 228 1
236 234 1
237 37 1
237 38 1
237 39 1
237 62 1
237 63 1
237 72 1
237 73 1
237 113 1
237 122 1
237 171 1
237 178 1
237 179 1
237 180 1
237 181 1
237 191 1
237 221 1
237 229 1
238 0 1
238 1 1
238 2 1
238 3 1
238 4 1
238 11 1
238 14 1
238 66 1
238 89 1
238 90 1
238 96 1
238 141 1
238 142 1
238 192 1
238 201 1
238 204 1
238 205 1
239 2 1
239 3 1
239 4 1
239 5 1
239 6 1
239 7 1
239 8 1
239 11 1
239 14 1
239 43 1
239 65 1
239 74 1
239 83 1
239 84 1
239 85 1
239 86 1
239 89 1
239 93 1
239 94 1
239 95 1
239 124 1
239 126 1
239 130 1
239 131 1
239 132 1
239 133 1
239 134 1
239 135 1
239 136 1
239 137 1
239 138 1
239 141 1
239 142 1
239 147 1
239 182 1
239 193 1
239 194 1
239 195 1
239 199 1
239 200 1
239 230 1
240 5 1
240 6 1
240 7 1
240 8 1
240 41 1
240 42 1
240 53 1
240 65 1
240 74 1
240 82 1
240 83 1
240 84 1
240 93 1
240 94 1
240 124 1
240 126 1
240 131 1
240 132 1
240 133 1
240 134 1
240 135 1
240 136 1
240 137 1
240 182 1
240 193 1
240 195 1
240 196 1
240 198 1
240 199 1
240 239 1
241 5 1
241 7 1
241 8 1
241 11 1
241 14 1
241 15 1
241 16 1
241 41 1
241 44 1
241 45 1
241 75 1
241 76 1
241 77 1
241 83 1
241 84 1
241 87 1
241 89 1
241 93 1
241 94 1
241 95 1
241 97 1
241 99 1
241 124 1
241 126 1
241 130 1
241 131 1
241 132 1
241 133 1
241 134 1
241 135 1
241 136 1
241 141 1
241 146 1
241 147 1
241 149 1
241 150 1
241 182 1
241 193 1
241 195 1
241 196 1
241 197 1
241 198 1
241 199 1
241 204 1
241 207 1
241 208 1
241 209 1
241 230 1
241 232 1
241 239 1
241 240 1
242 5 1
242 7 1
242 8 1
242 25 1
242 41 1
242 42 1
242 44 1
242 45 1
242 53 1
242 54 1
242 82 1
242 83 1
242 84 1
242 87 1
242 94 1
242 103 1
242 124 1
242 132 1
242 133 1
242 134 1
242 135 1
242 182 1
242 193 1
242 195 1
242 196 1
242 197 1
242 198 1
242 199 1
242 240 1
242 241 1
243 1 1
243 2 1
243 10 1
243 14 1
243 16 1
243 40 1
243 66 1
243 77 1
243 96 1
243 97 1
243 125 1
243 130 1
243 138 1
243 139 1
243 147 1
243 184 1
243 204 1
243 205 1
243 206 1
243 208 1
243 230 1
243 231 1
244 12 1
244 15 1
244 16 1
244 19 1
244 44 1
244 45 1
244 51 1
244 67 1
244 68 1
244 75 1
244 76 1
244 77 1
244 91 1
244 92 1
244 97 1
244 99 1
244 140 1
244 144 1
244 145 1
244 147 1
244 148 1
244 149 1
244 150 1
244 184 1
244 197 1
244 198 1
244 202 1
244 203 1
244 207 1
244 208 1
244 210 1
244 231 1
244 233 1
245 11 1
245 13 1
245 14 1
245 15 1
245 45 1
245 47 1
245 76 1
245 83 1
245 84 1
245 89 1
245 90 1
245 93 1
245 94 1
245 95 1
245 97 1
245 98 1
245 99 1
245 124 1
245 126 1
245 141 1
245 142 1
245 146 1
245 147 1
245 148 1
245 149 1
245 193 1
245 201 1
245 204 1
245 207 1
245 239 1
245 241 1
246 2 1
246 3 1
246 4 1
246 11 1
246 13 1
246 14 1
246 15 1
246 45 1
246 47 1
246 76 1
246 83 1
246 84 1
246 89 1
246 90 1
246 93 1
246 94 1
246 95 1
246 97 1
246 99 1
246 124 1
246 126 1
246 132 1
246 133 1
246 141 1
246 142 1
246 146 1
246 147 1
246 148 1
246 149 1
246 182 1
246 193 1
246 198 1
246 201 1
246 204 1
246 206 1
246 207 1
246 231 1
246 239 1
246 241 1
246 245 1
247 1 1
247 2 1
247 3 1
247 4 1
247 10 1
247 11 1
247 12 1
247 13 1
247 14 1
247 15 1
247 46 1
247 47 1
247 66 1
247 76 1
247 77 1
247 88 1
247 89 1
247 90 1
247 95 1
247 96 1
247 97 1
247 125 1
247 138 1
247 139 1
247 140 1
247 141 1
247 142 1
247 143 1
247 144 1
247 147 1
247 149 1
247 192 1
247 201 1
247 203 1
247 204 1
247 205 1
247 206 1
247 231 1
247 238 1
247 243 1
248 2 1
248 3 1
248 4 1
248 8 1
248 11 1
248 12 1
248 13 1
248 14 1
248 15 1
248 16 1
248 44 1
248 45 1
248 47 1
248 66 1
248 75 1
248 76 1
248 77 1
248 83 1
248 84 1
248 89 1
248 90 1
248 91 1
248 93 1
248 94 1
248 95 1
248 96 1
248 97 1
248 99 1
248 124 1
248 126 1
248 130 1
248 131 1
248 132 1
248 138 1
248 141 1
248 142 1
248 143 1
248 144 1
248 146 1
248 147 1
248 148 1
248 149 1
248 150 1
248 182 1
248 193 1
248 197 1
248 198 1
248 201 1
248 203 1
248 204 1
248 206 1
248 207 1
248 208 1
248 230 1
248 231 1
248 232 1
248 239 1
248 241 1
248 244 1
248 245 1
248 246 1
248 247 1
249 20 1
249 21 1
249 22 1
249 23 1
249 24 1
249 31 1
249 34 1
249 71 1
249 110 1
249 111 1
249 117 1
249 167 1
249 168 1
249 211 1
249 220 1
249 223 1
249 224 1
250 22 1
250 23 1
250 24 1
250 25 1
250 26 1
250 27 1
250 28 1
250 31 1
250 34 1
250 55 1
250 70 1
250 78 1
250 104 1
250 105 1
250 106 1
250 107 1
250 110 1
250 114 1
250 115 1
250 116 1
250 127 1
250 129 1
250 156 1
250 157 1
250 158 1
250 159 1
250 160 1
250 161 1
250 162 1
250 163 1
250 164 1
250 167 1
250 168 1
250 173 1
250 187 1
250 212 1
250 213 1
250 214 1
250 218 1
250 219 1
250 234 1
251 25 1
251 26 1
251 27 1
251 28 1
251 41 1
251 53 1
251 54 1
251 70 1
251 78 1
251 103 1
251 104 1
251 105 1
251 114 1
251 115 1
251 127 1
251 129 1
251 157 1
251 158 1
251 159 1
251 160 1
251 161 1
251 162 1
251 163 1
251 187 1
251 212 1
251 214 1
251 215 1
251 217 1
251 218 1
251 242 1
251 250 1
252 25 1
252 27 1
252 28 1
252 31 1
252 34 1
252 35 1
252 36 1
252 53 1
252 56 1
252 57 1
252 79 1
252 80 1
252 81 1
252 104 1
252 105 1
252 108 1
252 110 1
252 114 1
252 115 1
252 116 1
252 118 1
252 120 1
252 127 1
252 129 1
252 156 1
252 157 1
252 158 1
252 159 1
252 160 1
252 161 1
252 162 1
252 167 1
252 172 1
252 173 1
252 175 1
252 176 1
252 187 1
252 212 1
252 214 1
252 215 1
252 216 1
252 217 1
252 218 1
252 223 1
252 226 1
252 227 1
252 228 1
252 234 1
252 236 1
252 250 1
252 251 1
253 5 1
253 25 1
253 27 1
253 28 1
253 41 1
253 42 1
253 53 1
253 54 1
253 56 1
253 57 1
253 82 1
253 103 1
253 104 1
253 105 1
253 108 1
253 115 1
253 127 1
253 158 1
253 159 1
253 160 1
253 161 1
253 187 1
253 212 1
253 214 1
253 215 1
253 216 1
253 217 1
253 218 1
253 226 1
253 242 1
253 251 1
253 252 1
254 21 1
254 22 1
254 30 1
254 34 1
254 36 1
254 52 1
254 71 1
254 81 1
254 117 1
254 118 1
254 128 1
254 164 1
254 165 1
254 173 1
254 189 1
254 223 1
254 224 1
254 225 1
254 227 1
254 234 1
254 235 1
255 32 1
255 35 1
255 36 1
255 38 1
255 39 1
255 56 1
255 57 1
255 63 1
255 72 1
255 79 1
255 80 1
255 81 1
255 112 1
255 113 1
255 118 1
255 120 1
255 166 1
255 170 1
255 171 1
255 173 1
255 174 1
255 175 1
255 176 1
255 189 1
255 216 1
255 217 1
255 221 1
255 222 1
255 226 1
255 227 1
255 229 1
255 235 1
255 237 1
256 31 1
256 33 1
256 34 1
256 35 1
256 57 1
256 59 1
256 80 1
256 104 1
256 105 1
256 110 1
256 111 1
256 114 1
256 115 1
256 116 1
256 118 1
256 119 1
256 120 1
256 127 1
256 129 1
256 167 1
256 168 1
256 172 1
256 173 1
256 174 1
256 175 1
256 212 1
256 220 1
256 223 1
256 226 1
256 250 1
256 252 1
257 22 1
257 23 1
257 24 1
257 31 1
257 33 1
257 34 1
257 35 1
257 57 1
257 59 1
257 80 1
257 104 1
257 105 1
257 110 1
257 111 1
257 114 1
257 115 1
257 116 1
257 118 1
257 120 1
257 127 1
257 129 1
257 158 1
257 159 1
257 167 1
257 168 1
257 172 1
257 173 1
257 174 1
257 175 1
257 187 1
257 212 1
257 217 1
257 220 1
257 223 1
257 225 1
257 226 1
257 235 1
257 250 1
257 252 1
257 256 1
258 21 1
258 22 1
258 23 1
258 24 1
258 30 1
258 31 1
258 32 1
258 33 1
258 34 1
258 35 1
258 58 1
258 59 1
258 71 1
258 81 1
258 109 1
258 110 1
258 111 1
258 116 1
258 117 1
258 118 1
258 128 1
258 164 1
258 165 1
258 166 1
258 167 1
258 168 1
258 169 1
258 170 1
258 173 1
258 175 1
258 211 1
258 220 1
258 222 1
258 223 1
258 224 1
258 225 1
258 235 1
258 249 1
258 254 1
259 22 1
259 23 1
259 24 1
259 28 1
259 31 1
259 32 1
259 33 1
259 34 1
259 35 1
259 36 1
259 56 1
259 57 1
259 59 1
259 71 1
259 79 1
259 80 1
259 81 1
259 104 1
259 105 1
259 110 1
259 111 1
259 112 1
259 114 1
259 115 1
259 116 1
259 117 1
259 118 1
259 119 1
259 120 1
259 127 1
259 129 1
259 156 1
259 157 1
259 158 1
259 164 1
259 167 1
259 168 1
259 169 1
259 170 1
259 172 1
259 173 1
259 174 1
259 175 1
259 176 1
259 187 1
259 212 1
259 216 1
259 217 1
259 220 1
259 222 1
259 223 1
259 225 1
259 226 1
259 227 1
259 234 1
259 235 1
259 236 1
259 250 1
259 252 1
259 255 1
259 256 1
259 257 1
259 258 1
260 0 1
260 1 1
260 64 1
260 192 1
260 238 1
261 1 1
261 2 1
261 3 1
261 4 1
261 6 1
261 11 1
261 14 1
261 40 1
261 43 1
261 66 1
261 84 1
261 85 1
261 86 1
261 89 1
261 94 1
261 95 1
261 96 1
261 130 1
261 131 1
261 132 1
261 138 1
261 139 1
261 141 1
261 142 1
261 192 1
261 194 1
261 200 1
261 201 1
261 204 1
261 205 1
261 206 1
261 230 1
261 238 1
261 239 1
261 246 1
262 1 1
262 2 1
262 3 1
262 4 1
262 6 1
262 9 1
262 14 1
262 40 1
262 43 1
262 66 1
262 74 1
262 84 1
262 85 1
262 86 1
262 95 1
262 96 1
262 130 1
262 131 1
262 132 1
262 136 1
262 137 1
262 138 1
262 139 1
262 141 1
262 183 1
262 194 1
262 200 1
262 206 1
262 230 1
262 239 1
262 261 1
263 1 1
263 2 1
263 3 1
263 4 1
263 10 1
263 11 1
263 14 1
263 16 1
263 40 1
263 66 1
263 77 1
263 84 1
263 85 1
263 95 1
263 96 1
263 97 1
263 130 1
263 131 1
263 132 1
263 138 1
263 139 1
263 141 1
263 147 1
263 192 1
263 200 1
263 201 1
263 204 1
263 205 1
263 206 1
263 230 1
263 231 1
263 238 1
263 243 1
263 247 1
263 261 1
263 262 1
264 10 1
264 11 1
264 12 1
264 14 1
264 15 1
264 16 1
264 46 1
264 66 1
264 75 1
264 76 1
264 77 1
264 88 1
264 90 1
264 91 1
264 96 1
264 97 1
264 125 1
264 139 1
264 140 1
264 143 1
264 144 1
264 145 1
264 147 1
264 149 1
264 201 1
264 203 1
264 204 1
264 205 1
264 206 1
264 208 1
264 231 1
264 243 1
264 244 1
264 247 1
264 263 1
265 8 1
265 10 1
265 11 1
265 12 1
265 13 1
265 14 1
265 15 1
265 16 1
265 45 1
265 46 1
265 47 1
265 48 1
265 66 1
265 75 1
265 76 1
265 77 1
265 91 1
265 92 1
265 94 1
265 95 1
265 96 1
265 97 1
265 99 1
265 125 1
265 132 1
265 138 1
265 139 1
265 140 1
265 143 1
265 144 1
265 145 1
265 146 1
265 147 1
265 149 1
265 150 1
265 184 1
265 197 1
265 198 1
265 201 1
265 202 1
265 203 1
265 204 1
265 206 1
265 207 1
265 208 1
265 230 1
265 231 1
265 232 1
265 241 1
265 243 1
265 244 1
265 247 1
265 248 1
265 263 1
265 264 1
266 17 1
266 18 1
266 50 1
266 51 1
266 67 1
266 154 1
266 186 1
266 210 1
266 233 1
267 19 1
267 49 1
267 50 1
267 51 1
267 68 1
267 101 1
267 102 1
267 152 1
267 153 1
267 154 1
267 155 1
267 185 1
267 202 1
267 233 1
268 17 1
268 50 1
268 101 1
268 102 1
268 153 1
268 154 1
268 155 1
268 186 1
268 266 1
268 267 1
269 20 1
269 21 1
269 69 1
269 211 1
269 249 1
270 21 1
270 22 1
270 23 1
270 24 1
270 26 1
270 31 1
270 34 1
270 52 1
270 55 1
270 71 1
270 105 1
270 106 1
270 107 1
270 110 1
270 115 1
270 116 1
270 117 1
270 156 1
270 157 1
270 158 1
270 164 1
270 165 1
270 167 1
270 168 1
270 211 1
270 213 1
270 219 1
270 220 1
270 223 1
270 224 1
270 225 1
270 234 1
270 249 1
270 250 1
271 21 1
271 22 1
271 23 1
271 24 1
271 26 1
271 29 1
271 34 1
271 52 1
271 55 1
271 71 1
271 78 1
271 105 1
271 106 1
271 107 1
271 116 1
271 117 1
271 156 1
271 157 1
271 158 1
271 162 1
271 163 1
271 164 1
271 165 1
271 167 1
271 188 1
271 213 1
271 219 1
271 225 1
271 234 1
271 250 1
271 270 1
272 21 1
272 22 1
272 23 1
272 24 1
272 30 1
272 31 1
272 34 1
272 36 1
272 52 1
272 71 1
272 81 1
272 105 1
272 106 1
272 116 1
272 117 1
272 118 1
272 156 1
272 157 1
272 158 1
272 164 1
272 165 1
272 167 1
272 173 1
272 211 1
272 219 1
272 220 1
272 223 1
272 224 1
272 225 1
272 234 1
272 235 1
272 249 1
272 254 1
272 258 1
272 270 1
272 271 1
273 30 1
273 31 1
273 32 1
273 34 1
273 35 1
273 36 1
273 58 1
273 71 1
273 79 1
273 80 1
273 81 1
273 109 1
273 111 1
273 112 1
273 117 1
273 118 1
273 128 1
273 165 1
273 166 1
273 169 1
273 170 1
273 171 1
273 173 1
273 175 1
273 220 1
273 222 1
273 223 1
273 224 1
273 225 1
273 227 1
273 235 1
273 254 1
273 255 1
273 258 1
273 272 1
274 28 1
274 30 1
274 31 1
274 32 1
274 33 1
274 34 1
274 35 1
274 36 1
274 56 1
274 57 1
274 58 1
274 60 1
274 71 1
274 79 1
274 80 1
274 81 1
274 112 1
274 113 1
274 115 1
274 116 1
274 117 1
274 118 1
274 120 1
274 128 1
274 158 1
274 164 1
274 165 1
274 166 1
274 167 1
274 169 1
274 170 1
274 171 1
274 172 1
274 173 1
274 175 1
274 176 1
274 189 1
274 216 1
274 217 1
274 220 1
274 221 1
274 222 1
274 223 1
274 225 1
274 226 1
274 227 1
274 234 1
274 235 1
274 236 1
274 252 1
274 254 1
274 255 1
274 258 1
274 259 1
274 272 1
274 273 1
275 37 1
275 38 1
275 62 1
275 63 1
275 72 1
275 180 1
275 191 1
275 229 1
275 237 1
276 39 1
276 61 1
276 62 1
276 63 1
276 73 1
276 122 1
276 123 1
276 178 1
276 179 1
276 180 1
276 181 1
276 190 1
276 221 1
276 237 1
277 37 1
277 62 1
277 122 1
277 123 1
277 179 1
277 180 1
277 181 1
277 191 1
277 275 1
277 276 1
278 2 1
278 4 1
278 7 1
278 9 1
278 40 1
278 48 1
278 74 1
278 84 1
278 85 1
278 130 1
278 131 1
278 132 1
278 136 1
278 137 1
278 138 1
278 139 1
278 151 1
278 183 1
278 194 1
278 199 1
278 200 1
278 230 1
278 232 1
278 261 1
278 262 1
278 263 1
279 5 1
279 6 1
279 7 1
279 8 1
279 41 1
279 42 1
279 53 1
279 65 1
279 74 1
279 82 1
279 83 1
279 87 1
279 124 1
279 133 1
279 134 1
279 135 1
279 136 1
279 137 1
279 182 1
279 193 1
279 195 1
279 196 1
279 199 1
279 239 1
279 240 1
279 242 1
280 2 1
280 3 1
280 4 1
280 6 1
280 9 1
280 14 1
280 43 1
280 74 1
280 83 1
280 84 1
280 86 1
280 89 1
280 93 1
280 95 1
280 130 1
280 131 1
280 135 1
280 138 1
280 141 1
280 142 1
280 193 1
280 194 1
280 200 1
280 239 1
280 261 1
280 262 1
281 0 1
281 1 1
281 2 1
281 3 1
281 11 1
281 13 1
281 14 1
281 15 1
281 46 1
281 47 1
281 66 1
281 76 1
281 88 1
281 89 1
281 90 1
281 93 1
281 95 1
281 96 1
281 97 1
281 98 1
281 99 1
281 140 1
281 141 1
281 142 1
281 143 1
281 144 1
281 146 1
281 147 1
281 148 1
281 192 1
281 201 1
281 203 1
281 204 1
281 205 1
281 206 1
281 231 1
281 238 1
281 245 1
281 246 1
281 247 1
281 248 1
282 11 1
282 12 1
282 13 1
282 14 1
282 15 1
282 16 1
282 46 1
282 47 1
282 75 1
282 76 1
282 77 1
282 88 1
282 90 1
282 91 1
282 97 1
282 98 1
282 99 1
282 125 1
282 140 1
282 143 1
282 144 1
282 145 1
282 146 1
282 147 1
282 148 1
282 149 1
282 201 1
282 203 1
282 204 1
282 206 1
282 207 1
282 208 1
282 231 1
282 244 1
282 245 1
282 246 1
282 247 1
282 248 1
282 264 1
282 265 1
282 281 1
283 10 1
283 14 1
283 15 1
283 16 1
283 40 1
283 48 1
283 51 1
283 66 1
283 68 1
283 75 1
283 76 1
283 77 1
283 91 1
283 92 1
283 97 1
283 125 1
283 132 1
283 138 1
283 139 1
283 145 1
283 147 1
283 149 1
283 150 1
283 184 1
283 185 1
283 198 1
283 202 1
283 203 1
283 204 1
283 206 1
283 208 1
283 209 1
283 230 1
283 231 1
283 232 1
283 243 1
283 244 1
283 247 1
283 248 1
283 263 1
283 264 1
283 265 1
283 282 1
284 17 1
284 18 1
284 19 1
284 50 1
284 51 1
284 67 1
284 68 1
284 92 1
284 101 1
284 145 1
284 150 1
284 152 1
284 153 1
284 154 1
284 155 1
284 184 1
284 186 1
284 202 1
284 208 1
284 210 1
284 233 1
284 244 1
284 266 1
284 267 1
284 268 1
285 19 1
285 50 1
285 51 1
285 68 1
285 101 1
285 102 1
285 152 1
285 153 1
285 154 1
285 155 1
285 202 1
285 233 1
285 267 1
285 268 1
285 284 1
286 22 1
286 24 1
286 27 1
286 29 1
286 52 1
286 60 1
286 78 1
286 105 1
286 106 1
286 156 1
286 157 1
286 158 1
286 162 1
286 163 1
286 164 1
286 165 1
286 177 1
286 188 1
286 213 1
286 218 1
286 219 1
286 234 1
286 236 1
286 270 1
286 271 1
286 272 1
287 25 1
287 26 1
287 27 1
287 28 1
287 41 1
287 53 1
287 54 1
287 70 1
287 78 1
287 103 1
287 104 1
287 108 1
287 127 1
287 159 1
287 160 1
287 161 1
287 162 1
287 163 1
287 187 1
287 212 1
287 214 1
287 215 1
287 218 1
287 250 1
287 251 1
287 253 1
288 22 1
288 23 1
288 24 1
288 26 1
288 29 1
288 34 1
288 55 1
288 78 1
288 104 1
288 105 1
288 106 1
288 107 1
288 110 1
288 114 1
288 116 1
288 156 1
288 157 1
288 161 1
288 164 1
288 167 1
288 168 1
288 212 1
288 213 1
288 219 1
288 250 1
288 270 1
288 271 1
289 20 1
289 21 1
289 22 1
289 23 1
289 31 1
289 33 1
289 34 1
289 35 1
289 58 1
289 59 1
289 71 1
289 80 1
289 109 1
289 110 1
289 111 1
289 114 1
289 116 1
289 117 1
289 118 1
289 119 1
289 120 1
289 166 1
289 167 1
289 168 1
289 169 1
289 170 1
289 172 1
289 173 1
289 174 1
289 211 1
289 220 1
289 222 1
289 223 1
289 224 1
289 225 1
289 235 1
289 249 1
289 256 1
289 257 1
289 258 1
289 259 1
290 31 1
290 32 1
290 33 1
290 34 1
290 35 1
290 36 1
290 58 1
290 59 1
290 79 1
290 80 1
290 81 1
290 109 1
290 111 1
290 112 1
290 118 1
290 119 1
290 120 1
290 128 1
290 166 1
290 169 1
290 170 1
290 171 1
290 172 1
290 173 1
290 174 1
290 175 1
290 220 1
290 222 1
290 223 1
290 225 1
290 226 1
290 227 1
290 235 1
290 255 1
290 256 1
290 257 1
290 258 1
290 259 1
290 273 1
290 274 1
290 289 1
291 30 1
291 34 1
291 35 1
291 36 1
291 60 1
291 63 1
291 71 1
291 73 1
291 79 1
291 80 1
291 81 1
291 112 1
291 113 1
291 118 1
291 128 1
291 158 1
291 164 1
291 165 1
291 171 1
291 173 1
291 175 1
291 176 1
291 189 1
291 190 1
291 217 1
291 221 1
291 222 1
291 223 1
291 225 1
291 227 1
291 228 1
291 234 1
291 235 1
291 236 1
291 254 1
291 255 1
291 258 1
291 259 1
291 272 1
291 273 1
291 274 1
291 290 1
292 37 1
292 38 1
292 39 1
292 62 1
292 63 1
292 72 1
292 73 1
292 113 1
292 122 1
292 171 1
292 178 1
292 179 1
292 180 1
292 181 1
292 189 1
292 191 1
292 221 1
292 227 1
292 229 1
292 237 1
292 255 1
292 275 1
292 276 1
292 277 1
293 39 1
293 62 1
293 63 1
293 73 1
293 122 1
293 123 1
293 178 1
293 179 1
293 180 1
293 181 1
293 221 1
293 237 1
293 276 1
293 277 1
293 292 1
294 1 1
294 2 1
294 3 1
294 4 1
294 11 1
294 14 1
294 43 1
294 66 1
294 89 1
294 95 1
294 96 1
294 130 1
294 138 1
294 139 1
294 141 1
294 142 1
294 192 1
294 194 1
294 201 1
294 204 1
294 205 1
294 206 1
294 238 1
294 247 1
294 261 1
294 262 1
294 263 1
294 280 1
294 281 1
295 1 1
295 2 1
295 3 1
295 4 1
295 11 1
295 14 1
295 40 1
295 43 1
295 66 1
295 89 1
295 95 1
295 96 1
295 130 1
295 138 1
295 139 1
295 141 1
295 142 1
295 192 1
295 194 1
295 200 1
295 201 1
295 204 1
295 205 1
295 206 1
295 230 1
295 231 1
295 238 1
295 243 1
295 247 1
295 261 1
295 262 1
295 263 1
295 280 1
295 294 1
296 5 1
296 6 1
296 7 1
296 41 1
296 42 1
296 53 1
296 65 1
296 74 1
296 82 1
296 83 1
296 124 1
296 133 1
296 134 1
296 135 1
296 182 1
296 193 1
296 195 1
296 196 1
296 199 1
296 239 1
296 240 1
296 242 1
296 253 1
296 279 1
297 5 1
297 41 1
297 42 1
297 53 1
297 82 1
297 83 1
297 93 1
297 124 1
297 126 1
297 127 1
297 133 1
297 134 1
297 135 1
297 182 1
297 193 1
297 239 1
297 240 1
297 241 1
297 242 1
297 253 1
297 279 1
297 296 1
298 4 1
298 7 1
298 9 1
298 40 1
298 48 1
298 65 1
298 74 1
298 85 1
298 130 1
298 131 1
298 132 1
298 136 1
298 137 1
298 138 1
298 151 1
298 183 1
298 195 1
298 196 1
298 199 1
298 200 1
298 230 1
298 232 1
298 262 1
298 278 1
299 3 1
299 4 1
299 6 1
299 7 1
299 9 1
299 43 1
299 65 1
299 74 1
299 84 1
299 85 1
299 86 1
299 130 1
299 131 1
299 134 1
299 135 1
299 136 1
299 137 1
299 183 1
299 194 1
299 200 1
299 239 1
299 261 1
299 262 1
299 280 1
300 10 1
300 66 1
300 77 1
300 96 1
300 97 1
300 125 1
300 139 1
300 205 1
300 206 1
300 208 1
300 231 1
300 243 1
300 247 1
300 263 1
300 264 1
300 265 1
300 283 1
301 10 1
301 46 1
301 66 1
301 77 1
301 88 1
301 91 1
301 96 1
301 97 1
301 125 1
301 138 1
301 139 1
301 140 1
301 144 1
301 145 1
301 203 1
301 204 1
301 205 1
301 206 1
301 208 1
301 231 1
301 243 1
301 247 1
301 263 1
301 264 1
301 265 1
301 283 1
301 300 1
302 12 1
302 15 1
302 16 1
302 18 1
302 19 1
302 51 1
302 67 1
302 68 1
302 75 1
302 76 1
302 77 1
302 91 1
302 92 1
302 97 1
302 125 1
302 140 1
302 144 1
302 145 1
302 147 1
302 149 1
302 150 1
302 184 1
302 197 1
302 202 1
302 203 1
302 208 1
302 210 1
302 231 1
302 233 1
302 244 1
302 264 1
302 265 1
302 282 1
302 283 1
302 284 1
303 8 1
303 16 1
303 44 1
303 48 1
303 49 1
303 68 1
303 87 1
303 100 1
303 131 1
303 132 1
303 136 1
303 150 1
303 151 1
303 152 1
303 184 1
303 185 1
303 195 1
303 196 1
303 199 1
303 209 1
303 232 1
303 298 1
304 8 1
304 16 1
304 19 1
304 44 1
304 45 1
304 48 1
304 49 1
304 68 1
304 87 1
304 100 1
304 101 1
304 132 1
304 136 1
304 150 1
304 151 1
304 152 1
304 153 1
304 182 1
304 184 1
304 185 1
304 195 1
304 196 1
304 197 1
304 198 1
304 199 1
304 202 1
304 208 1
304 209 1
304 232 1
304 241 1
304 242 1
304 267 1
304 303 1
305 16 1
305 19 1
305 44 1
305 48 1
305 49 1
305 51 1
305 67 1
305 68 1
305 87 1
305 92 1
305 100 1
305 101 1
305 102 1
305 145 1
305 150 1
305 151 1
305 152 1
305 153 1
305 155 1
305 184 1
305 185 1
305 197 1
305 202 1
305 208 1
305 209 1
305 232 1
305 233 1
305 244 1
305 267 1
305 284 1
305 285 1
305 303 1
305 304 1
306 19 1
306 48 1
306 49 1
306 50 1
306 51 1
306 68 1
306 92 1
306 100 1
306 101 1
306 102 1
306 150 1
306 152 1
306 153 1
306 154 1
306 155 1
306 184 1
306 185 1
306 202 1
306 209 1
306 233 1
306 267 1
306 268 1
306 284 1
306 285 1
306 303 1
306 304 1
306 305 1
307 21 1
307 22 1
307 23 1
307 24 1
307 31 1
307 34 1
307 55 1
307 71 1
307 110 1
307 117 1
307 164 1
307 165 1
307 167 1
307 168 1
307 211 1
307 213 1
307 219 1
307 220 1
307 223 1
307 224 1
307 225 1
307 249 1
307 258 1
307 270 1
307 271 1
307 272 1
307 288 1
307 289 1
308 21 1
308 22 1
308 23 1
308 24 1
308 31 1
308 34 1
308 52 1
308 55 1
308 71 1
308 110 1
308 116 1
308 117 1
308 156 1
308 164 1
308 165 1
308 167 1
308 168 1
308 211 1
308 213 1
308 219 1
308 220 1
308 223 1
308 224 1
308 225 1
308 234 1
308 235 1
308 249 1
308 254 1
308 258 1
308 270 1
308 271 1
308 272 1
308 288 1
308 307 1
309 25 1
309 26 1
309 27 1
309 41 1
309 53 1
309 54 1
309 70 1
309 78 1
309 103 1
309 104 1
309 127 1
309 159 1
309 160 1
309 161 1
309 187 1
309 212 1
309 214 1
309 215 1
309 218 1
309 242 1
309 250 1
309 251 1
309 253 1
309 287 1
310 25 1
310 41 1
310 53 1
310 54 1
310 103 1
310 104 1
310 114 1
310 124 1
310 127 1
310 129 1
310 159 1
310 160 1
310 161 1
310 182 1
310 187 1
310 212 1
310 242 1
310 250 1
310 251 1
310 252 1
310 253 1
310 287 1
310 309 1
311 24 1
311 27 1
311 29 1
311 52 1
311 60 1
311 70 1
311 78 1
311 106 1
311 156 1
311 157 1
311 158 1
311 162 1
311 163 1
311 164 1
311 177 1
311 188 1
311 214 1
311 215 1
311 218 1
311 219 1
311 234 1
311 236 1
311 271 1
311 286 1
312 23 1
312 24 1
312 26 1
312 27 1
312 29 1
312 55 1
312 70 1
312 78 1
312 105 1
312 106 1
312 107 1
312 156 1
312 157 1
312 160 1
312 161 1
312 162 1
312 163 1
312 188 1
312 213 1
312 219 1
312 250 1
312 270 1
312 271 1
312 288 1
313 30 1
313 71 1
313 81 1
313 117 1
313 118 1
313 128 1
313 165 1
313 171 1
313 189 1
313 224 1
313 225 1
313 227 1
313 235 1
313 254 1
313 258 1
313 272 1
313 273 1
313 274 1
313 291 1
314 30 1
314 36 1
314 58 1
314 71 1
314 81 1
314 109 1
314 112 1
314 117 1
314 118 1
314 128 1
314 164 1
314 165 1
314 166 1
314 170 1
314 171 1
314 222 1
314 223 1
314 224 1
314 225 1
314 227 1
314 235 1
314 254 1
314 258 1
314 272 1
314 273 1
314 274 1
314 291 1
314 313 1
315 32 1
315 35 1
315 36 1
315 38 1
315 39 1
315 63 1
315 72 1
315 73 1
315 79 1
315 80 1
315 81 1
315 112 1
315 113 1
315 118 1
315 128 1
315 166 1
315 170 1
315 171 1
315 173 1
315 175 1
315 176 1
315 189 1
315 216 1
315 221 1
315 222 1
315 227 1
315 229 1
315 235 1
315 237 1
315 255 1
315 273 1
315 274 1
315 290 1
315 291 1
315 292 1
315 314 1
316 28 1
316 36 1
316 56 1
316 60 1
316 61 1
316 73 1
316 108 1
316 121 1
316 157 1
316 158 1
316 162 1
316 176 1
316 177 1
316 178 1
316 189 1
316 190 1
316 214 1
316 215 1
316 218 1
316 228 1
316 236 1
316 311 1
317 28 1
317 36 1
317 39 1
317 56 1
317 57 1
317 60 1
317 61 1
317 73 1
317 108 1
317 121 1
317 122 1
317 158 1
317 162 1
317 176 1
317 177 1
317 178 1
317 187 1
317 189 1
317 190 1
317 214 1
317 215 1
317 216 1
317 217 1
317 218 1
317 221 1
317 227 1
317 228 1
317 236 1
317 252 1
317 253 1
317 276 1
317 316 1
318 36 1
318 39 1
318 56 1
318 60 1
318 61 1
318 63 1
318 72 1
318 73 1
318 113 1
318 121 1
318 122 1
318 123 1
318 171 1
318 176 1
318 178 1
318 179 1
318 181 1
318 189 1
318 190 1
318 216 1
318 221 1
318 227 1
318 228 1
318 229 1
318 236 1
318 237 1
318 276 1
318 292 1
318 293 1
318 316 1
318 317 1
319 39 1
319 60 1
319 61 1
319 62 1
319 63 1
319 73 1
319 113 1
319 122 1
319 123 1
319 176 1
319 178 1
319 179 1
319 180 1
319 181 1
319 189 1
319 190 1
319 221 1
319 228 1
319 237 1
319 276 1
319 277 1
319 292 1
319 293 1
319 316 1
319 317 1
319 318 1
320 0 1
320 1 1
320 2 1
320 11 1
320 46 1
320 64 1
320 90 1
320 96 1
320 141 1
320 142 1
320 143 1
320 192 1
320 201 1
320 205 1
320 238 1
320 247 1
320 260 1
320 281 1
320 294 1
320 295 1
321 2 1
321 3 1
321 4 1
321 5 1
321 6 1
321 7 1
321 8 1
321 11 1
321 14 1
321 15 1
321 45 1
321 65 1
321 74 1
321 83 1
321 84 1
321 89 1
321 93 1
321 94 1
321 95 1
321 97 1
321 124 1
321 126 1
321 130 1
321 131 1
321 132 1
321 133 1
321 134 1
321 135 1
321 136 1
321 137 1
321 138 1
321 141 1
321 142 1
321 146 1
321 147 1
321 149 1
321 182 1
321 193 1
321 194 1
321 196 1
321 198 1
321 199 1
321 201 1
321 204 1
321 206 1
321 207 1
321 230 1
321 239 1
321 240 1
321 241 1
321 242 1
321 245 1
321 246 1
321 248 1
321 261 1
321 280 1
321 296 1
321 297 1
322 5 1
322 7 1
322 8 1
322 16 1
322 41 1
322 44 1
322 45 1
322 48 1
322 49 1
322 84 1
322 87 1
322 94 1
322 100 1
322 124 1
322 131 1
322 132 1
322 133 1
322 134 1
322 136 1
322 147 1
322 149 1
322 150 1
322 151 1
322 152 1
322 182 1
322 184 1
322 185 1
322 195 1
322 196 1
322 197 1
322 198 1
322 199 1
322 202 1
322 208 1
322 209 1
322 232 1
322 240 1
322 241 1
322 242 1
322 303 1
322 304 1
322 305 1
323 8 1
323 15 1
323 16 1
323 41 1
323 44 1
323 45 1
323 75 1
323 87 1
323 92 1
323 94 1
323 100 1
323 103 1
323 124 1
323 132 1
323 133 1
323 147 1
323 149 1
323 150 1
323 152 1
323 182 1
323 185 1
323 196 1
323 197 1
323 198 1
323 202 1
323 207 1
323 208 1
323 209 1
323 232 1
323 241 1
323 242 1
323 244 1
323 248 1
323 304 1
323 305 1
323 310 1
323 322 1
324 11 1
324 12 1
324 13 1
324 15 1
324 46 1
324 47 1
324 75 1
324 76 1
324 88 1
324 90 1
324 91 1
324 97 1
324 98 1
324 99 1
324 125 1
324 140 1
324 143 1
324 144 1
324 146 1
324 148 1
324 149 1
324 201 1
324 203 1
324 204 1
324 231 1
324 244 1
324 247 1
324 248 1
324 264 1
324 265 1
324 281 1
324 282 1
324 302 1
325 11 1
325 12 1
325 13 1
325 14 1
325 15 1
325 47 1
325 75 1
325 76 1
325 89 1
325 90 1
325 93 1
325 94 1
325 95 1
325 97 1
325 98 1
325 99 1
325 126 1
325 141 1
325 142 1
325 143 1
325 144 1
325 146 1
325 147 1
325 148 1
325 149 1
325 201 1
325 203 1
325 204 1
325 207 1
325 245 1
325 246 1
325 247 1
325 248 1
325 281 1
325 282 1
325 321 1
325 324 1
326 3 1
326 4 1
326 8 1
326 11 1
326 13 1
326 14 1
326 15 1
326 16 1
326 45 1
326 47 1
326 75 1
326 76 1
326 77 1
326 83 1
326 84 1
326 89 1
326 93 1
326 94 1
326 95 1
326 97 1
326 99 1
326 124 1
326 126 1
326 130 1
326 131 1
326 132 1
326 133 1
326 141 1
326 142 1
326 146 1
326 147 1
326 148 1
326 149 1
326 182 1
326 193 1
326 198 1
326 201 1
326 203 1
326 204 1
326 206 1
326 207 1
326 231 1
326 239 1
326 240 1
326 241 1
326 242 1
326 245 1
326 246 1
326 248 1
326 265 1
326 281 1
326 282 1
326 321 1
326 323 1
326 325 1
327 0 1
327 1 1
327 2 1
327 3 1
327 11 1
327 13 1
327 14 1
327 46 1
327 66 1
327 88 1
327 90 1
327 96 1
327 97 1
327 125 1
327 138 1
327 139 1
327 140 1
327 141 1
327 142 1
327 143 1
327 144 1
327 192 1
327 201 1
327 204 1
327 205 1
327 206 1
327 231 1
327 238 1
327 243 1
327 247 1
327 263 1
327 264 1
327 281 1
327 294 1
327 295 1
327 301 1
327 320 1
328 17 1
328 18 1
328 50 1
328 51 1
328 67 1
328 153 1
328 154 1
328 186 1
328 210 1
328 233 1
328 266 1
328 268 1
328 284 1
329 17 1
329 18 1
329 19 1
329 50 1
329 51 1
329 67 1
329 92 1
329 186 1
329 210 1
329 233 1
329 266 1
329 284 1
329 302 1
329 328 1
330 19 1
330 50 1
330 68 1
330 101 1
330 102 1
330 152 1
330 153 1
330 154 1
330 155 1
330 267 1
330 268 1
330 284 1
330 285 1
330 305 1
330 306 1
331 20 1
331 21 1
331 22 1
331 31 1
331 69 1
331 111 1
331 117 1
331 168 1
331 169 1
331 211 1
331 220 1
331 224 1
331 249 1
331 258 1
331 269 1
331 289 1
331 307 1
331 308 1
332 22 1
332 23 1
332 24 1
332 25 1
332 26 1
332 27 1
332 28 1
332 31 1
332 34 1
332 35 1
332 57 1
332 70 1
332 78 1
332 80 1
332 104 1
332 105 1
332 110 1
332 114 1
332 115 1
332 116 1
332 118 1
332 127 1
332 129 1
332 156 1
332 157 1
332 158 1
332 159 1
332 160 1
332 161 1
332 162 1
332 163 1
332 164 1
332 167 1
332 168 1
332 172 1
332 173 1
332 175 1
332 187 1
332 212 1
332 213 1
332 215 1
332 217 1
332 218 1
332 220 1
332 223 1
332 225 1
332 226 1
332 234 1
332 250 1
332 251 1
332 252 1
332 253 1
332 256 1
332 257 1
332 259 1
332 270 1
332 288 1
332 309 1
332 310 1
333 25 1
333 27 1
333 28 1
333 36 1
333 53 1
333 56 1
333 57 1
333 60 1
333 61 1
333 105 1
333 108 1
333 115 1
333 121 1
333 127 1
333 157 1
333 158 1
333 159 1
333 160 1
333 162 1
333 173 1
333 175 1
333 176 1
333 177 1
333 178 1
333 187 1
333 189 1
333 190 1
333 214 1
333 215 1
333 216 1
333 217 1
333 218 1
333 221 1
333 227 1
333 228 1
333 236 1
333 251 1
333 252 1
333 253 1
333 316 1
333 317 1
333 318 1
334 28 1
334 35 1
334 36 1
334 53 1
334 56 1
334 57 1
334 79 1
334 82 1
334 108 1
334 115 1
334 121 1
334 127 1
334 158 1
334 159 1
334 173 1
334 175 1
334 176 1
334 178 1
334 187 1
334 190 1
334 215 1
334 216 1
334 217 1
334 221 1
334 226 1
334 227 1
334 228 1
334 236 1
334 252 1
334 253 1
334 255 1
334 259 1
334 297 1
334 317 1
334 318 1
334 333 1
335 31 1
335 32 1
335 33 1
335 35 1
335 58 1
335 59 1
335 79 1
335 80 1
335 109 1
335 111 1
335 112 1
335 118 1
335 119 1
335 120 1
335 128 1
335 166 1
335 169 1
335 170 1
335 172 1
335 174 1
335 175 1
335 220 1
335 222 1
335 223 1
335 235 1
335 255 1
335 258 1
335 259 1
335 273 1
335 274 1
335 289 1
335 290 1
335 315 1
336 31 1
336 32 1
336 33 1
336 34 1
336 35 1
336 59 1
336 80 1
336 110 1
336 111 1
336 114 1
336 115 1
336 116 1
336 118 1
336 119 1
336 120 1
336 129 1
336 167 1
336 168 1
336 169 1
336 170 1
336 172 1
336 173 1
336 174 1
336 175 1
336 220 1
336 222 1
336 223 1
336 226 1
336 256 1
336 257 1
336 258 1
336 259 1
336 289 1
336 290 1
336 332 1
336 335 1
337 23 1
337 24 1
337 28 1
337 31 1
337 33 1
337 34 1
337 35 1
337 36 1
337 57 1
337 59 1
337 79 1
337 80 1
337 81 1
337 104 1
337 105 1
337 110 1
337 114 1
337 115 1
337 116 1
337 118 1
337 120 1
337 127 1
337 129 1
337 156 1
337 157 1
337 158 1
337 159 1
337 167 1
337 168 1
337 172 1
337 173 1
337 174 1
337 175 1
337 187 1
337 212 1
337 217 1
337 220 1
337 222 1
337 223 1
337 225 1
337 226 1
337 235 1
337 250 1
337 251 1
337 252 1
337 253 1
337 256 1
337 257 1
337 259 1
337 274 1
337 289 1
337 290 1
337 332 1
337 334 1
337 336 1
338 20 1
338 21 1
338 22 1
338 23 1
338 31 1
338 33 1
338 34 1
338 58 1
338 71 1
338 109 1
338 111 1
338 117 1
338 118 1
338 128 1
338 164 1
338 165 1
338 166 1
338 167 1
338 168 1
338 169 1
338 170 1
338 211 1
338 220 1
338 223 1
338 224 1
338 225 1
338 235 1
338 249 1
338 254 1
338 258 1
338 272 1
338 273 1
338 289 1
338 307 1
338 308 1
338 314 1
338 331 1
339 39 1
339 62 1
339 73 1
339 122 1
339 123 1
339 178 1
339 179 1
339 180 1
339 181 1
339 276 1
339 277 1
339 292 1
339 293 1
339 318 1
339 319 1
340 0 1
340 64 1
340 192 1
340 238 1
340 260 1
340 320 1
341 5 1
341 6 1
341 41 1
341 42 1
341 53 1
341 82 1
341 83 1
341 84 1
341 89 1
341 93 1
341 94 1
341 124 1
341 126 1
341 133 1
341 134 1
341 135 1
341 182 1
341 193 1
341 207 1
341 239 1
341 240 1
341 241 1
341 242 1
341 245 1
341 246 1
341 253 1
341 279 1
341 296 1
341 297 1
341 321 1
341 326 1
342 3 1
342 4 1
342 5 1
342 6 1
342 7 1
342 8 1
342 11 1
342 14 1
342 15 1
342 16 1
342 40 1
342 41 1
342 44 1
342 45 1
342 48 1
342 65 1
342 74 1
342 76 1
342 77 1
342 83 1
342 84 1
342 85 1
342 87 1
342 89 1
342 93 1
342 94 1
342 95 1
342 97 1
342 124 1
342 126 1
342 130 1
342 131 1
342 132 1
342 133 1
342 134 1
342 135 1
342 136 1
342 137 1
342 138 1
342 141 1
342 146 1
342 147 1
342 149 1
342 150 1
342 151 1
342 182 1
342 184 1
342 193 1
342 194 1
342 195 1
342 196 1
342 197 1
342 198 1
342 199 1
342 204 1
342 206 1
342 207 1
342 208 1
342 209 1
342 230 1
342 231 1
342 232 1
342 239 1
342 240 1
342 241 1
342 242 1
342 245 1
342 246 1
342 248 1
342 265 1
342 279 1
342 304 1
342 321 1
342 322 1
342 323 1
342 326 1
342 341 1
343 8 1
343 15 1
343 16 1
343 19 1
343 44 1
343 45 1
343 48 1
343 51 1
343 75 1
343 76 1
343 77 1
343 84 1
343 87 1
343 91 1
343 92 1
343 94 1
343 95 1
343 97 1
343 99 1
343 100 1
343 124 1
343 132 1
343 133 1
343 145 1
343 147 1
343 149 1
343 150 1
343 152 1
343 182 1
343 184 1
343 185 1
343 197 1
343 198 1
343 202 1
343 203 1
343 207 1
343 208 1
343 209 1
343 232 1
343 241 1
343 242 1
343 244 1
343 248 1
343 265 1
343 282 1
343 283 1
343 302 1
343 304 1
343 305 1
343 322 1
343 323 1
343 326 1
343 342 1
344 1 1
344 2 1
344 3 1
344 4 1
344 6 1
344 9 1
344 10 1
344 14 1
344 40 1
344 43 1
344 66 1
344 77 1
344 84 1
344 85 1
344 89 1
344 95 1
344 96 1
344 97 1
344 130 1
344 131 1
344 132 1
344 136 1
344 137 1
344 138 1
344 139 1
344 141 1
344 147 1
344 183 1
344 194 1
344 199 1
344 200 1
344 204 1
344 205 1
344 206 1
344 230 1
344 231 1
344 239 1
344 243 1
344 261 1
344 262 1
344 263 1
344 278 1
344 280 1
344 294 1
344 295 1
344 298 1
344 299 1
344 321 1
344 342 1
345 1 1
345 2 1
345 3 1
345 11 1
345 13 1
345 14 1
345 15 1
345 46 1
345 47 1
345 76 1
345 89 1
345 90 1
345 93 1
345 94 1
345 95 1
345 96 1
345 97 1
345 98 1
345 99 1
345 126 1
345 141 1
345 142 1
345 143 1
345 144 1
345 146 1
345 147 1
345 148 1
345 192 1
345 201 1
345 204 1
345 206 1
345 207 1
345 231 1
345 238 1
345 245 1
345 246 1
345 247 1
345 248 1
345 281 1
345 282 1
345 294 1
345 320 1
345 321 1
345 324 1
345 325 1
345 326 1
345 327 1
346 12 1
346 13 1
346 15 1
346 16 1
346 46 1
346 47 1
346 75 1
346 76 1
346 77 1
346 88 1
346 90 1
346 91 1
346 92 1
346 97 1
346 99 1
346 125 1
346 140 1
346 143 1
346 144 1
346 145 1
346 147 1
346 148 1
346 149 1
346 203 1
346 204 1
346 206 1
346 208 1
346 231 1
346 244 1
346 247 1
346 248 1
346 264 1
346 265 1
346 282 1
346 283 1
346 301 1
346 302 1
346 324 1
347 11 1
347 12 1
347 13 1
347 14 1
347 15 1
347 46 1
347 47 1
347 75 1
347 76 1
347 77 1
347 88 1
347 90 1
347 91 1
347 95 1
347 97 1
347 98 1
347 99 1
347 125 1
347 140 1
347 141 1
347 142 1
347 143 1
347 144 1
347 146 1
347 147 1
347 148 1
347 149 1
347 201 1
347 203 1
347 204 1
347 206 1
347 207 1
347 231 1
347 244 1
347 245 1
347 246 1
347 247 1
347 248 1
347 264 1
347 265 1
347 281 1
347 282 1
347 302 1
347 324 1
347 325 1
347 326 1
347 327 1
347 345 1
347 346 1
348 8 1
348 11 1
348 12 1
348 13 1
348 14 1
348 15 1
348 16 1
348 44 1
348 45 1
348 47 1
348 75 1
348 76 1
348 77 1
348 83 1
348 84 1
348 89 1
348 91 1
348 93 1
348 94 1
348 95 1
348 97 1
348 98 1
348 99 1
348 124 1
348 126 1
348 131 1
348 132 1
348 133 1
348 141 1
348 142 1
348 144 1
348 146 1
348 147 1
348 148 1
348 149 1
348 150 1
348 182 1
348 193 1
348 197 1
348 198 1
348 201 1
348 203 1
348 204 1
348 206 1
348 207 1
348 208 1
348 231 1
348 241 1
348 244 1
348 245 1
348 246 1
348 248 1
348 265 1
348 282 1
348 321 1
348 322 1
348 323 1
348 325 1
348 326 1
348 342 1
348 343 1
348 345 1
348 346 1
348 347 1
349 8 1
349 10 1
349 14 1
349 15 1
349 16 1
349 40 1
349 44 1
349 45 1
349 48 1
349 49 1
349 66 1
349 68 1
349 75 1
349 77 1
349 84 1
349 85 1
349 87 1
349 91 1
349 92 1
349 94 1
349 95 1
349 97 1
349 100 1
349 130 1
349 131 1
349 132 1
349 136 1
349 138 1
349 139 1
349 145 1
349 147 1
349 149 1
349 150 1
349 151 1
349 152 1
349 184 1
349 185 1
349 198 1
349 199 1
349 202 1
349 203 1
349 204 1
349 206 1
349 208 1
349 209 1
349 230 1
349 231 1
349 232 1
349 241 1
349 243 1
349 244 1
349 248 1
349 263 1
349 265 1
349 278 1
349 283 1
349 300 1
349 301 1
349 302 1
349 303 1
349 304 1
349 322 1
349 342 1
349 343 1
349 344 1
349 348 1
350 17 1
350 18 1
350 19 1
350 50 1
350 51 1
350 67 1
350 68 1
350 92 1
350 101 1
350 145 1
350 153 1
350 154 1
350 155 1
350 186 1
350 202 1
350 210 1
350 233 1
350 244 1
350 266 1
350 268 1
350 284 1
350 302 1
350 305 1
350 306 1
350 328 1
350 329 1
351 20 1
351 69 1
351 211 1
351 249 1
351 269 1
351 331 1
352 25 1
352 26 1
352 41 1
352 53 1
352 54 1
352 103 1
352 104 1
352 105 1
352 110 1
352 114 1
352 115 1
352 127 1
352 129 1
352 159 1
352 160 1
352 161 1
352 187 1
352 212 1
352 226 1
352 242 1
352 250 1
352 251 1
352 252 1
352 253 1
352 256 1
352 257 1
352 287 1
352 309 1
352 310 1
352 332 1
352 337 1
353 23 1
353 24 1
353 25 1
353 26 1
353 27 1
353 28 1
353 31 1
353 34 1
353 35 1
353 36 1
353 52 1
353 53 1
353 56 1
353 57 1
353 60 1
353 70 1
353 80 1
353 81 1
353 104 1
353 105 1
353 106 1
353 108 1
353 110 1
353 114 1
353 115 1
353 116 1
353 118 1
353 127 1
353 129 1
353 156 1
353 157 1
353 158 1
353 159 1
353 160 1
353 161 1
353 162 1
353 163 1
353 164 1
353 167 1
353 172 1
353 173 1
353 175 1
353 176 1
353 177 1
353 187 1
353 189 1
353 212 1
353 213 1
353 214 1
353 215 1
353 216 1
353 217 1
353 218 1
353 223 1
353 225 1
353 226 1
353 227 1
353 228 1
353 234 1
353 235 1
353 236 1
353 250 1
353 251 1
353 252 1
353 253 1
353 256 1
353 257 1
353 259 1
353 274 1
353 287 1
353 317 1
353 332 1
353 333 1
353 334 1
353 337 1
353 352 1
354 28 1
354 34 1
354 35 1
354 36 1
354 39 1
354 56 1
354 57 1
354 60 1
354 63 1
354 79 1
354 80 1
354 81 1
354 105 1
354 108 1
354 112 1
354 113 1
354 115 1
354 116 1
354 118 1
354 120 1
354 127 1
354 158 1
354 159 1
354 171 1
354 173 1
354 175 1
354 176 1
354 178 1
354 187 1
354 189 1
354 190 1
354 216 1
354 217 1
354 221 1
354 222 1
354 226 1
354 227 1
354 228 1
354 236 1
354 252 1
354 253 1
354 255 1
354 259 1
354 274 1
354 290 1
354 291 1
354 315 1
354 317 1
354 318 1
354 333 1
354 334 1
354 337 1
354 353 1
355 21 1
355 22 1
355 23 1
355 24 1
355 26 1
355 29 1
355 30 1
355 34 1
355 52 1
355 55 1
355 71 1
355 81 1
355 105 1
355 106 1
355 110 1
355 116 1
355 117 1
355 118 1
355 156 1
355 157 1
355 158 1
355 162 1
355 163 1
355 164 1
355 165 1
355 167 1
355 173 1
355 188 1
355 213 1
355 218 1
355 219 1
355 223 1
355 224 1
355 225 1
355 234 1
355 235 1
355 236 1
355 250 1
355 254 1
355 270 1
355 271 1
355 272 1
355 286 1
355 288 1
355 307 1
355 308 1
355 311 1
355 312 1
355 332 1
355 353 1
356 21 1
356 22 1
356 23 1
356 31 1
356 33 1
356 34 1
356 35 1
356 58 1
356 59 1
356 80 1
356 110 1
356 111 1
356 114 1
356 115 1
356 116 1
356 117 1
356 118 1
356 119 1
356 120 1
356 129 1
356 167 1
356 168 1
356 169 1
356 170 1
356 172 1
356 173 1
356 174 1
356 211 1
356 220 1
356 223 1
356 225 1
356 226 1
356 235 1
356 249 1
356 256 1
356 257 1
356 258 1
356 259 1
356 289 1
356 290 1
356 307 1
356 331 1
356 332 1
356 335 1
356 336 1
356 337 1
356 338 1
357 32 1
357 33 1
357 35 1
357 36 1
357 58 1
357 59 1
357 79 1
357 80 1
357 81 1
357 109 1
357 111 1
357 112 1
357 113 1
357 118 1
357 120 1
357 128 1
357 166 1
357 169 1
357 170 1
357 171 1
357 173 1
357 174 1
357 175 1
357 222 1
357 223 1
357 225 1
357 227 1
357 235 1
357 255 1
357 258 1
357 259 1
357 273 1
357 274 1
357 290 1
357 291 1
357 314 1
357 315 1
357 335 1
358 31 1
358 32 1
358 33 1
358 34 1
358 35 1
358 58 1
358 59 1
358 79 1
358 80 1
358 81 1
358 109 1
358 111 1
358 112 1
358 116 1
358 118 1
358 119 1
358 120 1
358 128 1
358 166 1
358 167 1
358 168 1
358 169 1
358 170 1
358 172 1
358 173 1
358 174 1
358 175 1
358 220 1
358 222 1
358 223 1
358 225 1
358 226 1
358 235 1
358 255 1
358 256 1
358 257 1
358 258 1
358 259 1
358 273 1
358 274 1
358 289 1
358 290 1
358 315 1
358 335 1
358 336 1
358 337 1
358 338 1
358 356 1
358 357 1
359 28 1
359 31 1
359 32 1
359 33 1
359 34 1
359 35 1
359 36 1
359 56 1
359 57 1
359 59 1
359 79 1
359 80 1
359 81 1
359 104 1
359 105 1
359 110 1
359 112 1
359 114 1
359 115 1
359 116 1
359 118 1
359 119 1
359 120 1
359 127 1
359 129 1
359 158 1
359 159 1
359 167 1
359 168 1
359 170 1
359 172 1
359 173 1
359 174 1
359 175 1
359 176 1
359 187 1
359 212 1
359 216 1
359 217 1
359 220 1
359 222 1
359 223 1
359 225 1
359 226 1
359 227 1
359 235 1
359 252 1
359 255 1
359 256 1
359 257 1
359 259 1
359 274 1
359 290 1
359 332 1
359 333 1
359 334 1
359 336 1
359 337 1
359 353 1
359 354 1
359 356 1
359 357 1
359 358 1
360 28 1
360 30 1
360 34 1
360 35 1
360 36 1
360 52 1
360 56 1
360 57 1
360 60 1
360 61 1
360 71 1
360 73 1
360 79 1
360 81 1
360 105 1
360 106 1
360 108 1
360 112 1
360 113 1
360 115 1
360 116 1
360 118 1
360 121 1
360 156 1
360 157 1
360 158 1
360 164 1
360 165 1
360 171 1
360 173 1
360 175 1
360 176 1
360 177 1
360 178 1
360 189 1
360 190 1
360 216 1
360 217 1
360 218 1
360 221 1
360 222 1
360 223 1
360 225 1
360 227 1
360 228 1
360 234 1
360 235 1
360 236 1
360 252 1
360 254 1
360 255 1
360 259 1
360 272 1
360 273 1
360 274 1
360 286 1
360 291 1
360 313 1
360 314 1
360 315 1
360 316 1
360 317 1
360 333 1
360 353 1
360 354 1
360 355 1
360 359 1
361 37 1
361 38 1
361 39 1
361 62 1
361 63 1
361 72 1
361 73 1
361 113 1
361 122 1
361 171 1
361 179 1
361 180 1
361 181 1
361 191 1
361 221 1
361 229 1
361 237 1
361 255 1
361 275 1
361 277 1
361 292 1
361 315 1
361 318 1
361 319 1
362 0 1
362 1 1
362 2 1
362 3 1
362 4 1
362 11 1
362 13 1
362 14 1
362 43 1
362 66 1
362 89 1
362 90 1
362 95 1
362 96 1
362 130 1
362 138 1
362 139 1
362 141 1
362 142 1
362 192 1
362 194 1
362 201 1
362 204 1
362 205 1
362 206 1
362 231 1
362 238 1
362 246 1
362 247 1
362 261 1
362 262 1
362 263 1
362 280 1
362 281 1
362 294 1
362 295 1
362 320 1
362 327 1
362 344 1
362 345 1
363 1 1
363 2 1
363 3 1
363 4 1
363 6 1
363 7 1
363 11 1
363 14 1
363 40 1
363 43 1
363 66 1
363 74 1
363 77 1
363 83 1
363 84 1
363 85 1
363 86 1
363 89 1
363 93 1
363 94 1
363 95 1
363 96 1
363 97 1
363 126 1
363 130 1
363 131 1
363 132 1
363 135 1
363 136 1
363 137 1
363 138 1
363 139 1
363 141 1
363 142 1
363 146 1
363 147 1
363 193 1
363 194 1
363 199 1
363 200 1
363 201 1
363 204 1
363 206 1
363 230 1
363 231 1
363 238 1
363 239 1
363 241 1
363 246 1
363 247 1
363 248 1
363 261 1
363 262 1
363 263 1
363 278 1
363 280 1
363 294 1
363 295 1
363 299 1
363 321 1
363 326 1
363 342 1
363 344 1
363 345 1
363 348 1
363 362 1
364 2 1
364 3 1
364 4 1
364 6 1
364 7 1
364 8 1
364 9 1
364 11 1
364 14 1
364 40 1
364 43 1
364 65 1
364 74 1
364 83 1
364 84 1
364 85 1
364 86 1
364 89 1
364 93 1
364 94 1
364 95 1
364 126 1
364 130 1
364 131 1
364 132 1
364 133 1
364 134 1
364 135 1
364 136 1
364 137 1
364 138 1
364 141 1
364 142 1
364 147 1
364 183 1
364 193 1
364 194 1
364 199 1
364 200 1
364 204 1
364 206 1
364 230 1
364 239 1
364 240 1
364 241 1
364 246 1
364 248 1
364 261 1
364 262 1
364 263 1
364 278 1
364 280 1
364 294 1
364 295 1
364 299 1
364 321 1
364 326 1
364 341 1
364 342 1
364 344 1
364 362 1
364 363 1
365 3 1
365 4 1
365 5 1
365 6 1
365 7 1
365 8 1
365 14 1
365 41 1
365 42 1
365 43 1
365 45 1
365 65 1
365 74 1
365 82 1
365 83 1
365 84 1
365 85 1
365 86 1
365 89 1
365 93 1
365 94 1
365 95 1
365 124 1
365 126 1
365 130 1
365 131 1
365 132 1
365 133 1
365 134 1
365 135 1
365 136 1
365 137 1
365 141 1
365 147 1
365 182 1
365 193 1
365 194 1
365 195 1
365 196 1
365 198 1
365 199 1
365 230 1
365 239 1
365 240 1
365 241 1
365 242 1
365 245 1
365 246 1
365 248 1
365 261 1
365 279 1
365 280 1
365 296 1
365 297 1
365 299 1
365 321 1
365 322 1
365 326 1
365 341 1
365 342 1
365 348 1
365 363 1
365 364 1
366 1 1
366 2 1
366 3 1
366 4 1
366 6 1
366 7 1
366 8 1
366 9 1
366 11 1
366 14 1
366 15 1
366 16 1
366 40 1
366 43 1
366 45 1
366 66 1
366 74 1
366 77 1
366 83 1
366 84 1
366 85 1
366 89 1
366 93 1
366 94 1
366 95 1
366 96 1
366 97 1
366 126 1
366 130 1
366 131 1
366 132 1
366 133 1
366 134 1
366 135 1
366 136 1
366 137 1
366 138 1
366 139 1
366 141 1
366 142 1
366 147 1
366 149 1
366 150 1
366 182 1
366 193 1
366 194 1
366 195 1
366 196 1
366 198 1
366 199 1
366 200 1
366 201 1
366 204 1
366 206 1
366 208 1
366 230 1
366 231 1
366 232 1
366 239 1
366 241 1
366 246 1
366 248 1
366 261 1
366 262 1
366 263 1
366 265 1
366 278 1
366 280 1
366 283 1
366 294 1
366 295 1
366 298 1
366 299 1
366 321 1
366 322 1
366 326 1
366 342 1
366 344 1
366 348 1
366 349 1
366 362 1
366 363 1
366 364 1
366 365 1
367 5 1
367 6 1
367 7 1
367 8 1
367 41 1
367 42 1
367 44 1
367 45 1
367 53 1
367 65 1
367 82 1
367 83 1
367 84 1
367 87 1
367 89 1
367 93 1
367 94 1
367 95 1
367 124 1
367 126 1
367 131 1
367 132 1
367 133 1
367 134 1
367 135 1
367 146 1
367 147 1
367 182 1
367 193 1
367 195 1
367 196 1
367 197 1
367 198 1
367 199 1
367 207 1
367 239 1
367 240 1
367 241 1
367 242 1
367 245 1
367 246 1
367 248 1
367 279 1
367 296 1
367 297 1
367 321 1
367 322 1
367 323 1
367 326 1
367 341 1
367 342 1
367 343 1
367 348 1
367 363 1
367 364 1
367 365 1
367 366 1
368 3 1
368 4 1
368 5 1
368 6 1
368 7 1
368 8 1
368 9 1
368 42 1
368 43 1
368 65 1
368 74 1
368 82 1
368 83 1
368 84 1
368 85 1
368 86 1
368 89 1
368 94 1
368 95 1
368 130 1
368 131 1
368 132 1
368 133 1
368 134 1
368 135 1
368 136 1
368 137 1
368 182 1
368 183 1
368 193 1
368 194 1
368 195 1
368 196 1
368 199 1
368 200 1
368 230 1
368 239 1
368 240 1
368 241 1
368 261 1
368 262 1
368 279 1
368 280 1
368 296 1
368 297 1
368 298 1
368 299 1
368 321 1
368 341 1
368 342 1
368 344 1
368 363 1
368 364 1
368 365 1
368 366 1
368 367 1
369 4 1
369 6 1
369 7 1
369 9 1
369 43 1
369 65 1
369 74 1
369 83 1
369 84 1
369 85 1
369 86 1
369 130 1
369 131 1
369 134 1
369 135 1
369 136 1
369 137 1
369 183 1
369 193 1
369 194 1
369 195 1
369 199 1
369 200 1
369 239 1
369 240 1
369 261 1
369 262 1
369 279 1
369 280 1
369 296 1
369 299 1
369 321 1
369 363 1
369 364 1
369 365 1
369 366 1
369 368 1
370 5 1
370 7 1
370 8 1
370 16 1
370 40 1
370 41 1
370 42 1
370 44 1
370 45 1
370 48 1
370 49 1
370 65 1
370 84 1
370 85 1
370 87 1
370 100 1
370 124 1
370 130 1
370 131 1
370 132 1
370 133 1
370 134 1
370 135 1
370 136 1
370 137 1
370 150 1
370 151 1
370 152 1
370 182 1
370 183 1
370 184 1
370 185 1
370 195 1
370 196 1
370 198 1
370 199 1
370 209 1
370 230 1
370 232 1
370 240 1
370 241 1
370 242 1
370 279 1
370 298 1
370 303 1
370 304 1
370 322 1
370 323 1
370 342 1
370 349 1
370 365 1
370 366 1
370 367 1
370 368 1
371 4 1
371 5 1
371 7 1
371 8 1
371 14 1
371 16 1
371 40 1
371 41 1
371 44 1
371 45 1
371 48 1
371 49 1
371 65 1
371 74 1
371 77 1
371 83 1
371 84 1
371 85 1
371 87 1
371 94 1
371 95 1
371 97 1
371 100 1
371 124 1
371 130 1
371 131 1
371 132 1
371 133 1
371 134 1
371 135 1
371 136 1
371 137 1
371 138 1
371 147 1
371 149 1
371 150 1
371 151 1
371 182 1
371 183 1
371 184 1
371 185 1
371 195 1
371 196 1
371 197 1
371 198 1
371 199 1
371 208 1
371 209 1
371 230 1
371 232 1
371 239 1
371 240 1
371 241 1
371 242 1
371 248 1
371 278 1
371 279 1
371 298 1
371 303 1
371 304 1
371 321 1
371 322 1
371 323 1
371 326 1
371 342 1
371 343 1
371 344 1
371 348 1
371 349 1
371 363 1
371 364 1
371 365 1
371 366 1
371 367 1
371 368 1
371 370 1
372 10 1
372 12 1
372 46 1
372 66 1
372 77 1
372 88 1
372 91 1
372 96 1
372 97 1
372 125 1
372 139 1
372 140 1
372 143 1
372 144 1
372 145 1
372 149 1
372 203 1
372 204 1
372 205 1
372 206 1
372 208 1
372 231 1
372 243 1
372 247 1
372 263 1
372 264 1
372 265 1
372 283 1
372 300 1
372 301 1
372 302 1
372 324 1
372 327 1
372 346 1
373 0 1
373 1 1
373 2 1
373 11 1
373 12 1
373 13 1
373 14 1
373 15 1
373 46 1
373 47 1
373 66 1
373 76 1
373 88 1
373 90 1
373 96 1
373 97 1
373 99 1
373 125 1
373 140 1
373 141 1
373 142 1
373 143 1
373 144 1
373 146 1
373 148 1
373 192 1
373 201 1
373 203 1
373 204 1
373 205 1
373 206 1
373 231 1
373 238 1
373 247 1
373 248 1
373 264 1
373 265 1
373 281 1
373 282 1
373 301 1
373 320 1
373 324 1
373 325 1
373 327 1
373 345 1
373 346 1
373 347 1
373 362 1
373 372 1
374 0 1
374 1 1
374 2 1
374 3 1
374 11 1
374 12 1
374 13 1
374 14 1
374 15 1
374 46 1
374 47 1
374 66 1
374 75 1
374 76 1
374 77 1
374 88 1
374 89 1
374 90 1
374 91 1
374 95 1
374 96 1
374 97 1
374 99 1
374 125 1
374 138 1
374 139 1
374 140 1
374 141 1
374 142 1
374 143 1
374 144 1
374 146 1
374 147 1
374 148 1
374 149 1
374 192 1
374 201 1
374 203 1
374 204 1
374 205 1
374 206 1
374 231 1
374 238 1
374 243 1
374 246 1
374 247 1
374 248 1
374 263 1
374 264 1
374 265 1
374 281 1
374 282 1
374 294 1
374 295 1
374 301 1
374 320 1
374 324 1
374 325 1
374 326 1
374 327 1
374 345 1
374 346 1
374 347 1
374 348 1
374 362 1
374 372 1
374 373 1
375 1 1
375 2 1
375 3 1
375 4 1
375 10 1
375 11 1
375 12 1
375 13 1
375 14 1
375 15 1
375 16 1
375 46 1
375 47 1
375 66 1
375 75 1
375 76 1
375 77 1
375 84 1
375 88 1
375 89 1
375 90 1
375 91 1
375 94 1
375 95 1
375 96 1
375 97 1
375 99 1
375 125 1
375 130 1
375 132 1
375 138 1
375 139 1
375 140 1
375 141 1
375 142 1
375 143 1
375 144 1
375 146 1
375 147 1
375 149 1
375 192 1
375 201 1
375 203 1
375 204 1
375 205 1
375 206 1
375 208 1
375 230 1
375 231 1
375 238 1
375 243 1
375 246 1
375 247 1
375 248 1
375 261 1
375 263 1
375 264 1
375 265 1
375 281 1
375 282 1
375 283 1
375 294 1
375 295 1
375 300 1
375 301 1
375 320 1
375 321 1
375 324 1
375 325 1
375 326 1
375 327 1
375 344 1
375 345 1
375 346 1
375 347 1
375 348 1
375 349 1
375 362 1
375 363 1
375 364 1
375 366 1
375 372 1
375 373 1
375 374 1
376 8 1
376 16 1
376 19 1
376 44 1
376 45 1
376 48 1
376 49 1
376 51 1
376 68 1
376 87 1
376 92 1
376 100 1
376 101 1
376 132 1
376 145 1
376 149 1
376 150 1
376 151 1
376 152 1
376 153 1
376 182 1
376 184 1
376 185 1
376 196 1
376 197 1
376 198 1
376 199 1
376 202 1
376 208 1
376 209 1
376 232 1
376 241 1
376 267 1
376 284 1
376 285 1
376 303 1
376 304 1
376 305 1
376 306 1
376 322 1
376 323 1
376 343 1
376 349 1
376 370 1
376 371 1
377 17 1
377 18 1
377 19 1
377 50 1
377 51 1
377 67 1
377 68 1
377 101 1
377 153 1
377 154 1
377 155 1
377 186 1
377 210 1
377 233 1
377 266 1
377 268 1
377 284 1
377 306 1
377 328 1
377 329 1
377 330 1
377 350 1
378 17 1
378 18 1
378 19 1
378 50 1
378 51 1
378 67 1
378 68 1
378 92 1
378 101 1
378 102 1
378 145 1
378 152 1
378 153 1
378 154 1
378 155 1
378 186 1
378 202 1
378 210 1
378 233 1
378 266 1
378 267 1
378 268 1
378 284 1
378 285 1
378 305 1
378 306 1
378 328 1
378 329 1
378 330 1
378 350 1
378 376 1
378 377 1
379 19 1
379 50 1
379 68 1
379 101 1
379 102 1
379 153 1
379 154 1
379 155 1
379 186 1
379 267 1
379 268 1
379 284 1
379 285 1
379 306 1
379 328 1
379 330 1
379 377 1
379 378 1
380 17 1
380 18 1
380 50 1
380 101 1
380 153 1
380 154 1
380 155 1
380 186 1
380 233 1
380 266 1
380 268 1
380 284 1
380 285 1
380 328 1
380 329 1
380 330 1
380 350 1
380 377 1
380 378 1
380 379 1
381 17 1
381 50 1
381 154 1
381 186 1
381 266 1
381 268 1
381 328 1
381 329 1
381 350 1
381 377 1
381 378 1
381 379 1
381 380 1
382 20 1
382 21 1
382 22 1
382 23 1
382 24 1
382 31 1
382 33 1
382 34 1
382 55 1
382 71 1
382 110 1
382 111 1
382 116 1
382 117 1
382 156 1
382 164 1
382 165 1
382 167 1
382 168 1
382 211 1
382 213 1
382 220 1
382 223 1
382 224 1
382 225 1
382 235 1
382 249 1
382 257 1
382 258 1
382 270 1
382 271 1
382 272 1
382 288 1
382 289 1
382 307 1
382 308 1
382 331 1
382 338 1
382 355 1
382 356 1
383 21 1
383 22 1
383 23 1
383 24 1
383 26 1
383 28 1
383 31 1
383 34 1
383 52 1
383 55 1
383 71 1
383 78 1
383 81 1
383 104 1
383 105 1
383 106 1
383 107 1
383 110 1
383 114 1
383 115 1
383 116 1
383 117 1
383 118 1
383 129 1
383 156 1
383 157 1
383 158 1
383 161 1
383 162 1
383 163 1
383 164 1
383 165 1
383 167 1
383 168 1
383 172 1
383 173 1
383 212 1
383 213 1
383 218 1
383 219 1
383 220 1
383 223 1
383 225 1
383 234 1
383 235 1
383 249 1
383 250 1
383 252 1
383 256 1
383 257 1
383 258 1
383 259 1
383 270 1
383 271 1
383 272 1
383 286 1
383 288 1
383 307 1
383 308 1
383 312 1
383 332 1
383 337 1
383 353 1
383 355 1
383 356 1
383 359 1
383 382 1
384 22 1
384 23 1
384 24 1
384 26 1
384 27 1
384 28 1
384 29 1
384 31 1
384 34 1
384 52 1
384 55 1
384 70 1
384 78 1
384 104 1
384 105 1
384 106 1
384 107 1
384 110 1
384 114 1
384 115 1
384 116 1
384 129 1
384 156 1
384 157 1
384 158 1
384 159 1
384 160 1
384 161 1
384 162 1
384 163 1
384 164 1
384 167 1
384 168 1
384 173 1
384 188 1
384 212 1
384 213 1
384 218 1
384 219 1
384 223 1
384 225 1
384 234 1
384 250 1
384 251 1
384 252 1
384 257 1
384 259 1
384 270 1
384 271 1
384 272 1
384 286 1
384 288 1
384 307 1
384 308 1
384 312 1
384 332 1
384 337 1
384 352 1
384 353 1
384 355 1
384 382 1
384 383 1
385 23 1
385 24 1
385 25 1
385 26 1
385 27 1
385 28 1
385 34 1
385 53 1
385 54 1
385 55 1
385 57 1
385 70 1
385 78 1
385 103 1
385 104 1
385 105 1
385 106 1
385 107 1
385 110 1
385 114 1
385 115 1
385 116 1
385 127 1
385 129 1
385 156 1
385 157 1
385 158 1
385 159 1
385 160 1
385 161 1
385 162 1
385 163 1
385 167 1
385 173 1
385 187 1
385 212 1
385 213 1
385 214 1
385 215 1
385 217 1
385 218 1
385 234 1
385 250 1
385 251 1
385 252 1
385 253 1
385 256 1
385 257 1
385 259 1
385 270 1
385 287 1
385 288 1
385 309 1
385 310 1
385 312 1
385 332 1
385 333 1
385 337 1
385 352 1
385 353 1
385 359 1
385 383 1
385 384 1
386 21 1
386 22 1
386 23 1
386 24 1
386 26 1
386 27 1
386 28 1
386 31 1
386 34 1
386 35 1
386 36 1
386 52 1
386 55 1
386 57 1
386 60 1
386 71 1
386 78 1
386 81 1
386 104 1
386 105 1
386 106 1
386 110 1
386 114 1
386 115 1
386 116 1
386 117 1
386 118 1
386 156 1
386 157 1
386 158 1
386 159 1
386 160 1
386 161 1
386 162 1
386 163 1
386 164 1
386 165 1
386 167 1
386 168 1
386 173 1
386 175 1
386 176 1
386 187 1
386 212 1
386 213 1
386 214 1
386 215 1
386 217 1
386 218 1
386 219 1
386 220 1
386 223 1
386 225 1
386 227 1
386 234 1
386 235 1
386 236 1
386 250 1
386 252 1
386 257 1
386 259 1
386 270 1
386 271 1
386 272 1
386 274 1
386 286 1
386 288 1
386 291 1
386 307 1
386 308 1
386 311 1
386 312 1
386 332 1
386 333 1
386 337 1
386 353 1
386 355 1
386 359 1
386 360 1
386 382 1
386 383 1
386 384 1
386 385 1
387 25 1
387 26 1
387 27 1
387 28 1
387 34 1
387 41 1
387 53 1
387 54 1
387 56 1
387 57 1
387 70 1
387 103 1
387 104 1
387 105 1
387 108 1
387 110 1
387 114 1
387 115 1
387 116 1
387 127 1
387 129 1
387 157 1
387 158 1
387 159 1
387 160 1
387 161 1
387 162 1
387 172 1
387 173 1
387 187 1
387 212 1
387 214 1
387 215 1
387 216 1
387 217 1
387 218 1
387 226 1
387 250 1
387 251 1
387 252 1
387 253 1
387 256 1
387 257 1
387 259 1
387 287 1
387 309 1
387 310 1
387 332 1
387 333 1
387 334 1
387 337 1
387 352 1
387 353 1
387 354 1
387 359 1
387 383 1
387 384 1
387 385 1
387 386 1
388 23 1
388 24 1
388 25 1
388 26 1
388 27 1
388 28 1
388 29 1
388 54 1
388 55 1
388 70 1
388 78 1
388 103 1
388 104 1
388 105 1
388 106 1
388 107 1
388 110 1
388 115 1
388 116 1
388 156 1
388 157 1
388 158 1
388 159 1
388 160 1
388 161 1
388 162 1
388 163 1
388 187 1
388 188 1
388 212 1
388 213 1
388 214 1
388 215 1
388 218 1
388 219 1
388 234 1
388 250 1
388 251 1
388 252 1
388 270 1
388 271 1
388 287 1
388 288 1
388 309 1
388 310 1
388 311 1
388 312 1
388 332 1
388 352 1
388 353 1
388 355 1
388 383 1
388 384 1
388 385 1
388 386 1
388 387 1
389 24 1
389 26 1
389 27 1
389 29 1
389 55 1
389 70 1
389 78 1
389 104 1
389 105 1
389 106 1
389 107 1
389 156 1
389 157 1
389 160 1
389 161 1
389 162 1
389 163 1
389 188 1
389 212 1
389 213 1
389 214 1
389 218 1
389 219 1
389 250 1
389 251 1
389 270 1
389 271 1
389 287 1
389 288 1
389 309 1
389 312 1
389 332 1
389 383 1
389 384 1
389 385 1
389 386 1
389 388 1
390 25 1
390 27 1
390 28 1
390 36 1
390 52 1
390 53 1
390 54 1
390 56 1
390 57 1
390 60 1
390 61 1
390 70 1
390 105 1
390 106 1
390 108 1
390 121 1
390 127 1
390 156 1
390 157 1
390 158 1
390 159 1
390 160 1
390 161 1
390 162 1
390 163 1
390 176 1
390 177 1
390 178 1
390 187 1
390 188 1
390 189 1
390 190 1
390 214 1
390 215 1
390 217 1
390 218 1
390 228 1
390 234 1
390 236 1
390 251 1
390 252 1
390 253 1
390 287 1
390 311 1
390 316 1
390 317 1
390 333 1
390 334 1
390 353 1
390 360 1
390 385 1
390 386 1
390 387 1
390 388 1
391 24 1
391 25 1
391 27 1
391 28 1
391 34 1
391 36 1
391 52 1
391 53 1
391 56 1
391 57 1
391 60 1
391 61 1
391 70 1
391 78 1
391 81 1
391 104 1
391 105 1
391 106 1
391 108 1
391 115 1
391 116 1
391 118 1
391 121 1
391 127 1
391 156 1
391 157 1
391 158 1
391 159 1
391 160 1
391 161 1
391 162 1
391 163 1
391 164 1
391 173 1
391 175 1
391 176 1
391 177 1
391 187 1
391 188 1
391 189 1
391 190 1
391 214 1
391 215 1
391 216 1
391 217 1
391 218 1
391 227 1
391 228 1
391 234 1
391 236 1
391 250 1
391 251 1
391 252 1
391 253 1
391 259 1
391 286 1
391 287 1
391 311 1
391 316 1
391 317 1
391 332 1
391 333 1
391 334 1
391 337 1
391 353 1
391 354 1
391 355 1
391 359 1
391 360 1
391 383 1
391 384 1
391 385 1
391 386 1
391 387 1
391 388 1
391 390 1
392 30 1
392 32 1
392 58 1
392 71 1
392 81 1
392 109 1
392 112 1
392 117 1
392 118 1
392 128 1
392 165 1
392 166 1
392 169 1
392 170 1
392 171 1
392 175 1
392 222 1
392 223 1
392 224 1
392 225 1
392 227 1
392 235 1
392 254 1
392 258 1
392 272 1
392 273 1
392 274 1
392 291 1
392 313 1
392 314 1
392 315 1
392 335 1
392 338 1
392 357 1
392 360 1
393 20 1
393 21 1
393 22 1
393 31 1
393 32 1
393 33 1
393 34 1
393 35 1
393 58 1
393 59 1
393 71 1
393 80 1
393 109 1
393 111 1
393 117 1
393 118 1
393 120 1
393 128 1
393 166 1
393 167 1
393 168 1
393 169 1
393 170 1
393 172 1
393 174 1
393 211 1
393 220 1
393 222 1
393 223 1
393 224 1
393 225 1
393 235 1
393 249 1
393 258 1
393 273 1
393 274 1
393 289 1
393 290 1
393 314 1
393 331 1
393 335 1
393 336 1
393 338 1
393 356 1
393 357 1
393 358 1
393 382 1
393 392 1
394 20 1
394 21 1
394 22 1
394 23 1
394 31 1
394 32 1
394 33 1
394 34 1
394 35 1
394 58 1
394 59 1
394 71 1
394 79 1
394 80 1
394 81 1
394 109 1
394 110 1
394 111 1
394 112 1
394 116 1
394 117 1
394 118 1
394 119 1
394 120 1
394 128 1
394 164 1
394 165 1
394 166 1
394 167 1
394 168 1
394 169 1
394 170 1
394 172 1
394 173 1
394 174 1
394 175 1
394 211 1
394 220 1
394 222 1
394 223 1
394 224 1
394 225 1
394 235 1
394 249 1
394 254 1
394 257 1
394 258 1
394 259 1
394 272 1
394 273 1
394 274 1
394 289 1
394 290 1
394 307 1
394 308 1
394 314 1
394 331 1
394 335 1
394 336 1
394 337 1
394 338 1
394 356 1
394 357 1
394 358 1
394 359 1
394 382 1
394 392 1
394 393 1
395 21 1
395 22 1
395 23 1
395 24 1
395 30 1
395 31 1
395 32 1
395 33 1
395 34 1
395 35 1
395 36 1
395 58 1
395 59 1
395 71 1
395 79 1
395 80 1
395 81 1
395 105 1
395 109 1
395 110 1
395 111 1
395 112 1
395 115 1
395 116 1
395 117 1
395 118 1
395 120 1
395 128 1
395 156 1
395 158 1
395 164 1
395 165 1
395 166 1
395 167 1
395 168 1
395 169 1
395 170 1
395 172 1
395 173 1
395 175 1
395 211 1
395 220 1
395 222 1
395 223 1
395 224 1
395 225 1
395 227 1
395 234 1
395 235 1
395 249 1
395 254 1
395 257 1
395 258 1
395 259 1
395 270 1
395 272 1
395 273 1
395 274 1
395 289 1
395 290 1
395 291 1
395 307 1
395 308 1
395 313 1
395 314 1
395 331 1
395 332 1
395 335 1
395 336 1
395 337 1
395 338 1
395 355 1
395 356 1
395 357 1
395 358 1
395 359 1
395 360 1
395 382 1
395 383 1
395 384 1
395 386 1
395 392 1
395 393 1
395 394 1
396 28 1
396 36 1
396 39 1
396 56 1
396 57 1
396 60 1
396 61 1
396 63 1
396 73 1
396 108 1
396 113 1
396 121 1
396 122 1
396 158 1
396 171 1
396 176 1
396 177 1
396 178 1
396 179 1
396 187 1
396 189 1
396 190 1
396 215 1
396 216 1
396 217 1
396 218 1
396 221 1
396 227 1
396 228 1
396 236 1
396 252 1
396 276 1
396 293 1
396 316 1
396 317 1
396 318 1
396 319 1
396 333 1
396 334 1
396 354 1
396 360 1
396 390 1
396 391 1
397 37 1
397 38 1
397 39 1
397 62 1
397 63 1
397 72 1
397 73 1
397 122 1
397 179 1
397 180 1
397 181 1
397 191 1
397 229 1
397 237 1
397 275 1
397 277 1
397 292 1
397 319 1
397 339 1
397 361 1
398 37 1
398 38 1
398 39 1
398 62 1
398 63 1
398 72 1
398 73 1
398 113 1
398 122 1
398 123 1
398 171 1
398 178 1
398 179 1
398 180 1
398 181 1
398 191 1
398 221 1
398 229 1
398 237 1
398 275 1
398 276 1
398 277 1
398 292 1
398 293 1
398 318 1
398 319 1
398 339 1
398 361 1
398 396 1
398 397 1
399 39 1
399 62 1
399 73 1
399 122 1
399 123 1
399 179 1
399 180 1
399 181 1
399 191 1
399 276 1
399 277 1
399 292 1
399 293 1
399 319 1
399 339 1
399 397 1
399 398 1
400 37 1
400 38 1
400 39 1
400 62 1
400 122 1
400 179 1
400 180 1
400 181 1
400 191 1
400 237 1
400 275 1
400 277 1
400 292 1
400 293 1
400 339 1
400 361 1
400 397 1
400 398 1
400 399 1
401 0 1
401 1 1
401 2 1
401 3 1
401 11 1
401 13 1
401 14 1
401 46 1
401 66 1
401 90 1
401 96 1
401 141 1
401 142 1
401 143 1
401 192 1
401 201 1
401 204 1
401 205 1
401 206 1
401 238 1
401 247 1
401 260 1
401 281 1
401 294 1
401 295 1
401 320 1
401 327 1
401 340 1
401 345 1
401 362 1
401 373 1
401 374 1
401 375 1
402 5 1
402 6 1
402 7 1
402 8 1
402 41 1
402 42 1
402 65 1
402 74 1
402 82 1
402 83 1
402 84 1
402 86 1
402 89 1
402 93 1
402 94 1
402 95 1
402 124 1
402 126 1
402 130 1
402 131 1
402 132 1
402 133 1
402 134 1
402 135 1
402 136 1
402 137 1
402 182 1
402 193 1
402 194 1
402 195 1
402 196 1
402 199 1
402 239 1
402 240 1
402 241 1
402 242 1
402 246 1
402 279 1
402 280 1
402 296 1
402 297 1
402 299 1
402 321 1
402 326 1
402 341 1
402 342 1
402 363 1
402 364 1
402 365 1
402 366 1
402 367 1
402 368 1
402 369 1
402 371 1
403 4 1
403 6 1
403 7 1
403 8 1
403 9 1
403 14 1
403 16 1
403 40 1
403 48 1
403 49 1
403 65 1
403 74 1
403 84 1
403 85 1
403 87 1
403 94 1
403 95 1
403 100 1
403 130 1
403 131 1
403 132 1
403 133 1
403 134 1
403 135 1
403 136 1
403 137 1
403 138 1
403 139 1
403 147 1
403 150 1
403 151 1
403 182 1
403 183 1
403 184 1
403 185 1
403 194 1
403 195 1
403 196 1
403 198 1
403 199 1
403 200 1
403 209 1
403 230 1
403 232 1
403 239 1
403 241 1
403 261 1
403 262 1
403 263 1
403 278 1
403 298 1
403 303 1
403 321 1
403 322 1
403 342 1
403 344 1
403 349 1
403 363 1
403 364 1
403 365 1
403 366 1
403 368 1
403 369 1
403 370 1
403 371 1
404 18 1
404 19 1
404 50 1
404 51 1
404 67 1
404 68 1
404 92 1
404 101 1
404 102 1
404 152 1
404 153 1
404 154 1
404 155 1
404 202 1
404 210 1
404 233 1
404 267 1
404 268 1
404 284 1
404 285 1
404 305 1
404 306 1
404 330 1
404 350 1
404 376 1
404 377 1
404 378 1
404 379 1
404 380 1
405 20 1
405 21 1
405 22 1
405 23 1
405 31 1
405 33 1
405 34 1
405 58 1
405 71 1
405 111 1
405 117 1
405 167 1
405 168 1
405 169 1
405 211 1
405 220 1
405 223 1
405 224 1
405 225 1
405 249 1
405 258 1
405 269 1
405 289 1
405 307 1
405 308 1
405 331 1
405 338 1
405 351 1
405 356 1
405 382 1
405 393 1
405 394 1
405 395 1
406 25 1
406 26 1
406 27 1
406 28 1
406 53 1
406 54 1
406 70 1
406 78 1
406 103 1
406 104 1
406 105 1
406 107 1
406 110 1
406 114 1
406 115 1
406 116 1
406 127 1
406 129 1
406 156 1
406 157 1
406 158 1
406 159 1
406 160 1
406 161 1
406 162 1
406 163 1
406 187 1
406 212 1
406 213 1
406 214 1
406 215 1
406 218 1
406 250 1
406 251 1
406 252 1
406 253 1
406 257 1
406 287 1
406 288 1
406 309 1
406 310 1
406 312 1
406 332 1
406 337 1
406 352 1
406 353 1
406 383 1
406 384 1
406 385 1
406 386 1
406 387 1
406 388 1
406 389 1
406 391 1
407 24 1
407 26 1
407 27 1
407 28 1
407 29 1
407 34 1
407 36 1
407 52 1
407 60 1
407 61 1
407 70 1
407 78 1
407 105 1
407 106 1
407 108 1
407 115 1
407 116 1
407 121 1
407 156 1
407 157 1
407 158 1
407 159 1
407 160 1
407 161 1
407 162 1
407 163 1
407 164 1
407 165 1
407 173 1
407 176 1
407 177 1
407 187 1
407 188 1
407 189 1
407 190 1
407 213 1
407 214 1
407 215 1
407 217 1
407 218 1
407 219 1
407 228 1
407 234 1
407 236 1
407 250 1
407 252 1
407 270 1
407 271 1
407 272 1
407 286 1
407 311 1
407 316 1
407 317 1
407 332 1
407 333 1
407 353 1
407 355 1
407 360 1
407 383 1
407 384 1
407 385 1
407 386 1
407 388 1
407 389 1
407 390 1
407 391 1
