# minsup
1
# graph
G_./3CS0.pdb
# node ID, label
0 A
1 A
2 A
3 A
4 A
5 A
6 A
7 A
8 A
9 A
10 A
11 A
12 A
13 A
14 A
15 A
16 A
17 A
18 A
19 A
20 D
21 D
22 D
23 D
24 D
25 D
26 D
27 D
28 D
29 D
30 E
31 E
32 E
33 E
34 E
35 F
36 F
37 F
38 F
39 F
40 G
41 G
42 G
43 G
44 G
45 G
46 G
47 G
48 G
49 G
50 G
51 G
52 G
53 G
54 G
55 G
56 G
57 G
58 G
59 G
60 G
61 G
62 H
63 I
64 I
65 I
66 I
67 I
68 I
69 I
70 I
71 I
72 I
73 I
74 I
75 I
76 I
77 I
78 I
79 I
80 I
81 I
82 I
83 I
84 K
85 K
86 K
87 K
88 K
89 K
90 K
91 K
92 K
93 K
94 K
95 L
96 L
97 L
98 L
99 L
100 L
101 L
102 L
103 L
104 L
105 L
106 L
107 L
108 L
109 L
110 L
111 L
112 N
113 N
114 N
115 N
116 N
117 N
118 N
119 N
120 N
121 N
122 N
123 N
124 N
125 N
126 N
127 N
128 N
129 N
130 N
131 N
132 P
133 P
134 P
135 P
136 P
137 P
138 P
139 P
140 Q
141 Q
142 Q
143 Q
144 Q
145 Q
146 Q
147 Q
148 Q
149 Q
150 R
151 R
152 R
153 R
154 R
155 R
156 S
157 S
158 S
159 S
160 S
161 S
162 S
163 S
164 S
165 S
166 S
167 S
168 S
169 S
170 S
171 S
172 S
173 T
174 T
175 T
176 T
177 T
178 T
179 T
180 T
181 T
182 T
183 T
184 V
185 V
186 V
187 V
188 V
189 V
190 V
191 V
192 V
193 V
194 V
195 V
196 V
197 V
198 V
199 V
200 V
201 V
202 V
203 V
204 Y
205 Y
206 Y
# node ID1, node ID2, number of bounds
2 1 1
3 2 1
4 1 1
5 4 1
6 5 1
7 0 1
7 5 1
8 6 1
9 7 1
9 8 1
10 7 1
10 9 1
11 3 1
11 4 1
11 5 1
11 7 1
11 9 1
11 10 1
12 3 1
12 7 1
12 8 1
12 9 1
12 10 1
12 11 1
13 3 1
13 5 1
13 7 1
13 8 1
13 9 1
13 10 1
13 11 1
13 12 1
15 8 1
15 13 1
17 16 1
18 16 1
18 17 1
20 1 1
20 2 1
20 3 1
20 4 1
20 5 1
20 11 1
21 1 1
21 2 1
21 4 1
21 20 1
22 4 1
23 1 1
23 2 1
24 3 1
24 11 1
24 12 1
24 13 1
25 5 1
25 6 1
25 11 1
25 13 1
26 5 1
26 6 1
26 8 1
26 13 1
26 15 1
26 25 1
27 5 1
27 6 1
27 7 1
27 8 1
27 9 1
27 13 1
27 25 1
27 26 1
28 7 1
28 8 1
28 9 1
28 10 1
28 11 1
28 12 1
28 13 1
28 27 1
29 3 1
29 16 1
29 17 1
29 18 1
30 0 1
30 4 1
30 7 1
30 11 1
30 22 1
31 0 1
31 7 1
31 9 1
31 10 1
31 11 1
31 22 1
31 30 1
32 0 1
32 4 1
32 5 1
32 6 1
32 7 1
32 11 1
32 13 1
32 20 1
32 25 1
32 26 1
32 27 1
32 30 1
33 16 1
33 17 1
33 18 1
33 29 1
34 16 1
34 17 1
34 18 1
34 29 1
34 33 1
35 1 1
35 2 1
35 21 1
35 22 1
35 23 1
36 7 1
36 10 1
36 12 1
36 31 1
37 6 1
37 7 1
37 8 1
37 9 1
37 11 1
37 12 1
37 13 1
37 15 1
37 24 1
37 25 1
37 26 1
37 27 1
37 28 1
38 7 1
38 8 1
38 9 1
38 10 1
38 11 1
38 12 1
38 13 1
38 15 1
38 24 1
38 27 1
38 28 1
38 37 1
39 16 1
39 17 1
39 18 1
39 19 1
39 29 1
39 33 1
39 34 1
40 2 1
40 3 1
40 7 1
40 10 1
40 11 1
40 12 1
40 13 1
40 23 1
40 24 1
40 31 1
40 36 1
41 1 1
41 2 1
41 3 1
41 4 1
41 7 1
41 11 1
41 12 1
41 13 1
41 20 1
41 22 1
41 23 1
41 24 1
41 31 1
41 32 1
41 35 1
41 36 1
41 40 1
42 1 1
42 2 1
42 3 1
42 4 1
42 20 1
42 21 1
42 23 1
42 35 1
42 41 1
43 22 1
43 23 1
43 31 1
43 35 1
43 41 1
44 2 1
44 3 1
44 20 1
44 24 1
44 29 1
44 39 1
44 41 1
44 42 1
45 6 1
45 8 1
45 9 1
45 26 1
45 27 1
45 28 1
46 7 1
46 9 1
46 10 1
46 11 1
46 12 1
46 13 1
46 22 1
46 28 1
46 30 1
46 31 1
46 32 1
46 36 1
46 38 1
46 40 1
46 41 1
46 43 1
47 10 1
47 31 1
47 36 1
47 40 1
47 41 1
47 43 1
47 46 1
48 7 1
48 10 1
48 11 1
48 22 1
48 31 1
48 36 1
48 40 1
48 41 1
48 43 1
48 46 1
48 47 1
49 7 1
49 8 1
49 9 1
49 10 1
49 11 1
49 13 1
49 27 1
49 28 1
49 38 1
49 45 1
49 46 1
50 6 1
50 8 1
50 12 1
50 13 1
50 15 1
50 25 1
50 26 1
50 27 1
50 37 1
50 38 1
50 45 1
51 7 1
51 9 1
51 10 1
51 11 1
51 12 1
51 13 1
51 31 1
51 36 1
51 38 1
51 40 1
51 41 1
51 46 1
51 47 1
51 48 1
52 2 1
52 3 1
52 4 1
52 7 1
52 9 1
52 10 1
52 11 1
52 12 1
52 13 1
52 24 1
52 31 1
52 36 1
52 37 1
52 38 1
52 40 1
52 41 1
52 44 1
52 46 1
52 47 1
52 48 1
52 51 1
53 3 1
53 4 1
53 7 1
53 9 1
53 10 1
53 11 1
53 12 1
53 13 1
53 24 1
53 28 1
53 31 1
53 32 1
53 36 1
53 37 1
53 38 1
53 40 1
53 41 1
53 46 1
53 47 1
53 48 1
53 51 1
53 52 1
54 0 1
54 4 1
54 5 1
54 7 1
54 11 1
54 25 1
54 27 1
54 30 1
54 32 1
54 46 1
54 49 1
54 53 1
55 3 1
55 4 1
55 5 1
55 6 1
55 7 1
55 8 1
55 9 1
55 10 1
55 11 1
55 12 1
55 13 1
55 24 1
55 25 1
55 26 1
55 27 1
55 28 1
55 32 1
55 37 1
55 38 1
55 41 1
55 46 1
55 49 1
55 50 1
55 52 1
55 53 1
55 54 1
56 7 1
56 8 1
56 9 1
56 10 1
56 12 1
56 13 1
56 28 1
56 37 1
56 38 1
56 49 1
57 7 1
57 8 1
57 9 1
57 10 1
57 11 1
57 12 1
57 13 1
57 27 1
57 28 1
57 37 1
57 38 1
57 46 1
57 49 1
57 50 1
57 51 1
57 52 1
57 53 1
57 55 1
57 56 1
58 16 1
58 17 1
58 18 1
58 29 1
58 33 1
58 34 1
58 39 1
59 16 1
59 17 1
59 18 1
59 29 1
59 33 1
59 34 1
59 39 1
59 58 1
60 16 1
60 17 1
60 18 1
60 29 1
60 33 1
60 34 1
60 58 1
60 59 1
61 16 1
61 17 1
61 18 1
61 33 1
61 34 1
61 39 1
61 59 1
61 60 1
62 3 1
62 12 1
62 13 1
62 24 1
62 38 1
62 40 1
62 41 1
62 44 1
62 51 1
62 52 1
62 53 1
63 2 1
63 3 1
63 11 1
63 22 1
63 23 1
63 31 1
63 35 1
63 36 1
63 40 1
63 41 1
63 42 1
63 43 1
63 46 1
63 47 1
63 48 1
63 51 1
63 52 1
63 53 1
63 62 1
64 1 1
64 2 1
64 3 1
64 4 1
64 5 1
64 7 1
64 11 1
64 20 1
64 21 1
64 22 1
64 23 1
64 31 1
64 32 1
64 35 1
64 40 1
64 41 1
64 42 1
64 44 1
64 46 1
64 52 1
64 53 1
64 54 1
64 55 1
64 63 1
65 1 1
65 2 1
65 3 1
65 4 1
65 5 1
65 11 1
65 20 1
65 21 1
65 25 1
65 32 1
65 41 1
65 42 1
65 44 1
65 46 1
65 52 1
65 53 1
65 54 1
65 55 1
65 63 1
65 64 1
66 2 1
66 3 1
66 23 1
66 35 1
66 40 1
66 41 1
66 42 1
66 44 1
66 47 1
66 51 1
66 52 1
66 62 1
66 63 1
66 64 1
67 3 1
67 11 1
67 12 1
67 13 1
67 24 1
67 37 1
67 38 1
67 40 1
67 41 1
67 44 1
67 52 1
67 53 1
67 55 1
67 62 1
67 63 1
67 64 1
67 65 1
68 1 1
68 2 1
68 3 1
68 4 1
68 20 1
68 21 1
68 23 1
68 24 1
68 35 1
68 40 1
68 41 1
68 42 1
68 44 1
68 52 1
68 53 1
68 62 1
68 63 1
68 64 1
68 65 1
68 66 1
68 67 1
69 1 1
69 2 1
69 3 1
69 4 1
69 20 1
69 21 1
69 23 1
69 35 1
69 41 1
69 42 1
69 43 1
69 44 1
69 52 1
69 63 1
69 64 1
69 65 1
69 66 1
69 68 1
70 1 1
70 4 1
70 5 1
70 7 1
70 11 1
70 20 1
70 21 1
70 25 1
70 30 1
70 32 1
70 41 1
70 42 1
70 46 1
70 52 1
70 53 1
70 54 1
70 55 1
70 64 1
70 65 1
71 0 1
71 4 1
71 7 1
71 9 1
71 10 1
71 11 1
71 12 1
71 13 1
71 22 1
71 28 1
71 30 1
71 31 1
71 32 1
71 36 1
71 38 1
71 40 1
71 41 1
71 46 1
71 47 1
71 48 1
71 49 1
71 51 1
71 52 1
71 53 1
71 54 1
71 55 1
71 57 1
71 63 1
71 64 1
71 65 1
71 70 1
72 6 1
72 7 1
72 8 1
72 9 1
72 10 1
72 11 1
72 13 1
72 27 1
72 28 1
72 32 1
72 37 1
72 38 1
72 45 1
72 49 1
72 50 1
72 54 1
72 55 1
72 56 1
72 57 1
72 71 1
73 5 1
73 6 1
73 7 1
73 8 1
73 9 1
73 10 1
73 11 1
73 12 1
73 13 1
73 15 1
73 24 1
73 25 1
73 26 1
73 27 1
73 28 1
73 32 1
73 37 1
73 38 1
73 45 1
73 49 1
73 50 1
73 52 1
73 53 1
73 55 1
73 56 1
73 57 1
73 67 1
73 72 1
74 7 1
74 9 1
74 10 1
74 11 1
74 12 1
74 13 1
74 28 1
74 31 1
74 36 1
74 37 1
74 38 1
74 40 1
74 41 1
74 46 1
74 47 1
74 48 1
74 49 1
74 51 1
74 52 1
74 53 1
74 55 1
74 56 1
74 57 1
74 71 1
74 72 1
74 73 1
75 4 1
75 5 1
75 6 1
75 7 1
75 8 1
75 9 1
75 11 1
75 13 1
75 25 1
75 26 1
75 27 1
75 28 1
75 32 1
75 37 1
75 38 1
75 41 1
75 45 1
75 46 1
75 49 1
75 50 1
75 52 1
75 53 1
75 54 1
75 55 1
75 57 1
75 64 1
75 65 1
75 67 1
75 70 1
75 71 1
75 72 1
75 73 1
76 3 1
76 4 1
76 5 1
76 7 1
76 9 1
76 10 1
76 11 1
76 12 1
76 13 1
76 24 1
76 25 1
76 26 1
76 28 1
76 32 1
76 37 1
76 38 1
76 40 1
76 41 1
76 46 1
76 49 1
76 50 1
76 51 1
76 52 1
76 53 1
76 54 1
76 55 1
76 57 1
76 62 1
76 63 1
76 64 1
76 65 1
76 67 1
76 68 1
76 70 1
76 71 1
76 72 1
76 73 1
76 74 1
76 75 1
77 7 1
77 8 1
77 9 1
77 10 1
77 11 1
77 12 1
77 13 1
77 24 1
77 28 1
77 36 1
77 37 1
77 38 1
77 40 1
77 46 1
77 49 1
77 50 1
77 51 1
77 52 1
77 53 1
77 55 1
77 56 1
77 57 1
77 62 1
77 71 1
77 72 1
77 73 1
77 74 1
77 76 1
78 7 1
78 9 1
78 10 1
78 12 1
78 28 1
78 38 1
78 49 1
78 56 1
78 57 1
78 72 1
78 74 1
78 77 1
79 7 1
79 8 1
79 9 1
79 10 1
79 12 1
79 13 1
79 28 1
79 37 1
79 38 1
79 49 1
79 50 1
79 55 1
79 56 1
79 57 1
79 72 1
79 73 1
79 74 1
79 76 1
79 77 1
79 78 1
80 3 1
80 5 1
80 6 1
80 7 1
80 8 1
80 9 1
80 11 1
80 12 1
80 13 1
80 15 1
80 24 1
80 25 1
80 26 1
80 28 1
80 32 1
80 37 1
80 38 1
80 41 1
80 46 1
80 50 1
80 52 1
80 53 1
80 55 1
80 57 1
80 62 1
80 65 1
80 67 1
80 71 1
80 73 1
80 74 1
80 75 1
80 76 1
80 77 1
80 79 1
81 3 1
81 16 1
81 17 1
81 18 1
81 19 1
81 29 1
81 33 1
81 34 1
81 39 1
81 44 1
81 58 1
81 59 1
81 66 1
81 68 1
82 16 1
82 17 1
82 18 1
82 29 1
82 33 1
82 34 1
82 39 1
82 58 1
82 59 1
82 60 1
82 61 1
82 81 1
83 16 1
83 17 1
83 18 1
83 19 1
83 33 1
83 34 1
83 39 1
83 58 1
83 59 1
83 60 1
83 61 1
83 82 1
84 0 1
84 1 1
84 4 1
84 7 1
84 11 1
84 22 1
84 30 1
84 31 1
84 32 1
84 54 1
84 64 1
84 65 1
84 70 1
84 71 1
85 58 1
85 66 1
86 1 1
86 2 1
86 4 1
86 20 1
86 21 1
86 23 1
86 35 1
86 41 1
86 42 1
86 44 1
86 64 1
86 65 1
86 68 1
86 69 1
86 70 1
87 2 1
87 3 1
87 22 1
87 23 1
87 35 1
87 40 1
87 41 1
87 42 1
87 43 1
87 47 1
87 48 1
87 51 1
87 52 1
87 63 1
87 64 1
87 66 1
87 68 1
87 69 1
88 2 1
88 22 1
88 23 1
88 31 1
88 35 1
88 40 1
88 41 1
88 42 1
88 43 1
88 47 1
88 48 1
88 63 1
88 64 1
88 66 1
88 68 1
88 69 1
88 87 1
89 2 1
89 3 1
89 20 1
89 23 1
89 35 1
89 39 1
89 41 1
89 42 1
89 44 1
89 63 1
89 64 1
89 65 1
89 66 1
89 67 1
89 68 1
89 69 1
89 81 1
89 86 1
89 87 1
89 88 1
90 1 1
90 4 1
90 5 1
90 11 1
90 20 1
90 21 1
90 25 1
90 30 1
90 32 1
90 41 1
90 42 1
90 53 1
90 54 1
90 55 1
90 64 1
90 65 1
90 70 1
90 71 1
90 75 1
90 76 1
90 84 1
90 86 1
91 3 1
91 4 1
91 5 1
91 6 1
91 11 1
91 13 1
91 20 1
91 24 1
91 25 1
91 26 1
91 32 1
91 37 1
91 41 1
91 44 1
91 52 1
91 55 1
91 64 1
91 65 1
91 67 1
91 68 1
91 70 1
91 75 1
91 76 1
91 80 1
91 90 1
92 16 1
92 17 1
92 18 1
92 29 1
92 33 1
92 34 1
92 58 1
92 59 1
92 60 1
92 61 1
92 82 1
92 83 1
93 16 1
93 17 1
93 18 1
93 29 1
93 33 1
93 34 1
93 59 1
93 60 1
93 61 1
93 82 1
93 83 1
93 92 1
94 16 1
94 17 1
94 18 1
94 29 1
94 33 1
94 34 1
94 59 1
94 60 1
94 61 1
94 82 1
94 83 1
94 92 1
94 93 1
95 0 1
95 7 1
95 9 1
95 11 1
95 27 1
95 30 1
95 31 1
95 32 1
95 49 1
95 54 1
95 71 1
95 72 1
95 84 1
96 0 1
96 4 1
96 7 1
96 11 1
96 22 1
96 30 1
96 31 1
96 32 1
96 46 1
96 49 1
96 53 1
96 54 1
96 64 1
96 70 1
96 71 1
96 75 1
96 84 1
96 90 1
96 95 1
97 2 1
97 3 1
97 11 1
97 12 1
97 23 1
97 31 1
97 35 1
97 36 1
97 40 1
97 41 1
97 46 1
97 47 1
97 48 1
97 51 1
97 52 1
97 53 1
97 62 1
97 63 1
97 66 1
97 68 1
97 71 1
97 74 1
97 85 1
97 87 1
97 88 1
98 1 1
98 2 1
98 4 1
98 11 1
98 20 1
98 21 1
98 22 1
98 23 1
98 30 1
98 31 1
98 35 1
98 40 1
98 41 1
98 42 1
98 43 1
98 46 1
98 47 1
98 48 1
98 51 1
98 52 1
98 53 1
98 63 1
98 64 1
98 65 1
98 66 1
98 68 1
98 69 1
98 70 1
98 71 1
98 84 1
98 87 1
98 88 1
98 96 1
98 97 1
99 1 1
99 2 1
99 3 1
99 4 1
99 11 1
99 20 1
99 21 1
99 23 1
99 24 1
99 40 1
99 41 1
99 42 1
99 44 1
99 52 1
99 53 1
99 55 1
99 62 1
99 63 1
99 64 1
99 65 1
99 66 1
99 67 1
99 68 1
99 69 1
99 70 1
99 76 1
99 80 1
99 81 1
99 86 1
99 87 1
99 89 1
99 91 1
100 1 1
100 2 1
100 4 1
100 20 1
100 21 1
100 22 1
100 23 1
100 30 1
100 35 1
100 41 1
100 42 1
100 43 1
100 64 1
100 65 1
100 68 1
100 69 1
100 70 1
100 84 1
100 86 1
100 88 1
100 90 1
100 98 1
101 5 1
101 6 1
101 8 1
101 13 1
101 15 1
101 25 1
101 26 1
101 27 1
101 32 1
101 37 1
101 38 1
101 45 1
101 49 1
101 50 1
101 54 1
101 55 1
101 72 1
101 73 1
101 75 1
101 76 1
101 80 1
102 7 1
102 10 1
102 22 1
102 31 1
102 36 1
102 40 1
102 41 1
102 43 1
102 46 1
102 47 1
102 48 1
102 51 1
102 53 1
102 63 1
102 71 1
102 74 1
102 97 1
102 98 1
103 6 1
103 8 1
103 9 1
103 12 1
103 13 1
103 15 1
103 25 1
103 26 1
103 27 1
103 28 1
103 37 1
103 38 1
103 45 1
103 49 1
103 50 1
103 55 1
103 57 1
103 72 1
103 73 1
103 75 1
103 76 1
103 77 1
103 79 1
103 80 1
103 101 1
104 4 1
104 5 1
104 6 1
104 7 1
104 8 1
104 9 1
104 10 1
104 11 1
104 12 1
104 13 1
104 25 1
104 26 1
104 27 1
104 28 1
104 31 1
104 32 1
104 37 1
104 38 1
104 40 1
104 41 1
104 45 1
104 46 1
104 49 1
104 51 1
104 52 1
104 53 1
104 54 1
104 55 1
104 56 1
104 57 1
104 64 1
104 65 1
104 67 1
104 70 1
104 71 1
104 72 1
104 73 1
104 74 1
104 75 1
104 76 1
104 77 1
104 79 1
104 80 1
104 84 1
104 90 1
104 91 1
104 95 1
104 96 1
104 101 1
104 103 1
105 0 1
105 5 1
105 6 1
105 7 1
105 9 1
105 11 1
105 25 1
105 27 1
105 30 1
105 32 1
105 45 1
105 49 1
105 54 1
105 55 1
105 70 1
105 71 1
105 72 1
105 75 1
105 84 1
105 90 1
105 95 1
105 96 1
105 101 1
105 104 1
106 1 1
106 4 1
106 5 1
106 6 1
106 7 1
106 9 1
106 11 1
106 13 1
106 20 1
106 25 1
106 26 1
106 27 1
106 30 1
106 32 1
106 37 1
106 38 1
106 41 1
106 46 1
106 49 1
106 52 1
106 53 1
106 54 1
106 55 1
106 64 1
106 65 1
106 67 1
106 70 1
106 71 1
106 72 1
106 73 1
106 75 1
106 76 1
106 80 1
106 84 1
106 90 1
106 91 1
106 95 1
106 96 1
106 101 1
106 104 1
106 105 1
107 8 1
107 9 1
107 10 1
107 12 1
107 13 1
107 28 1
107 37 1
107 38 1
107 50 1
107 51 1
107 56 1
107 57 1
107 73 1
107 74 1
107 77 1
107 78 1
107 79 1
107 80 1
107 103 1
108 3 1
108 13 1
108 20 1
108 24 1
108 25 1
108 37 1
108 44 1
108 52 1
108 55 1
108 65 1
108 67 1
108 68 1
108 75 1
108 76 1
108 80 1
108 91 1
108 99 1
109 14 1
109 15 1
109 50 1
110 15 1
110 26 1
110 37 1
110 50 1
110 73 1
110 80 1
110 103 1
110 109 1
111 16 1
111 17 1
111 18 1
111 19 1
111 29 1
111 33 1
111 34 1
111 39 1
111 58 1
111 59 1
111 60 1
111 61 1
111 81 1
111 82 1
111 83 1
111 92 1
111 93 1
111 94 1
112 2 1
112 3 1
112 23 1
112 31 1
112 35 1
112 36 1
112 40 1
112 41 1
112 43 1
112 46 1
112 47 1
112 48 1
112 51 1
112 52 1
112 53 1
112 62 1
112 63 1
112 66 1
112 68 1
112 69 1
112 85 1
112 87 1
112 88 1
112 89 1
112 97 1
112 98 1
112 99 1
112 102 1
113 2 1
113 3 1
113 7 1
113 11 1
113 12 1
113 13 1
113 24 1
113 37 1
113 38 1
113 40 1
113 41 1
113 44 1
113 46 1
113 51 1
113 52 1
113 53 1
113 55 1
113 57 1
113 62 1
113 63 1
113 64 1
113 65 1
113 66 1
113 67 1
113 68 1
113 71 1
113 73 1
113 74 1
113 75 1
113 76 1
113 77 1
113 80 1
113 87 1
113 89 1
113 91 1
113 97 1
113 99 1
113 104 1
113 106 1
113 108 1
113 112 1
114 2 1
114 3 1
114 11 1
114 12 1
114 13 1
114 24 1
114 29 1
114 38 1
114 40 1
114 41 1
114 44 1
114 51 1
114 52 1
114 53 1
114 55 1
114 62 1
114 63 1
114 66 1
114 67 1
114 68 1
114 76 1
114 80 1
114 81 1
114 87 1
114 89 1
114 91 1
114 97 1
114 99 1
114 108 1
114 112 1
114 113 1
115 1 1
115 2 1
115 20 1
115 21 1
115 23 1
115 35 1
115 42 1
115 64 1
115 66 1
115 68 1
115 69 1
115 86 1
115 87 1
115 88 1
115 89 1
115 98 1
115 100 1
116 1 1
116 4 1
116 20 1
116 21 1
116 22 1
116 23 1
116 35 1
116 42 1
116 43 1
116 64 1
116 65 1
116 69 1
116 70 1
116 84 1
116 86 1
116 88 1
116 98 1
116 100 1
116 115 1
117 7 1
117 9 1
117 10 1
117 11 1
117 12 1
117 22 1
117 31 1
117 36 1
117 40 1
117 41 1
117 43 1
117 46 1
117 47 1
117 48 1
117 51 1
117 52 1
117 53 1
117 57 1
117 63 1
117 64 1
117 71 1
117 74 1
117 76 1
117 77 1
117 87 1
117 88 1
117 97 1
117 98 1
117 102 1
117 104 1
117 112 1
117 113 1
118 6 1
118 8 1
118 12 1
118 13 1
118 15 1
118 24 1
118 25 1
118 26 1
118 37 1
118 38 1
118 50 1
118 55 1
118 57 1
118 67 1
118 73 1
118 75 1
118 76 1
118 77 1
118 79 1
118 80 1
118 91 1
118 101 1
118 103 1
118 104 1
118 107 1
118 108 1
118 110 1
118 113 1
119 7 1
119 9 1
119 10 1
119 11 1
119 12 1
119 13 1
119 28 1
119 31 1
119 36 1
119 38 1
119 40 1
119 41 1
119 46 1
119 47 1
119 48 1
119 49 1
119 51 1
119 52 1
119 53 1
119 56 1
119 57 1
119 62 1
119 63 1
119 71 1
119 74 1
119 76 1
119 77 1
119 78 1
119 79 1
119 97 1
119 102 1
119 104 1
119 107 1
119 113 1
119 117 1
120 3 1
120 7 1
120 9 1
120 10 1
120 11 1
120 12 1
120 13 1
120 24 1
120 28 1
120 31 1
120 36 1
120 38 1
120 40 1
120 41 1
120 46 1
120 47 1
120 48 1
120 49 1
120 51 1
120 52 1
120 53 1
120 55 1
120 56 1
120 57 1
120 62 1
120 63 1
120 64 1
120 67 1
120 71 1
120 74 1
120 76 1
120 77 1
120 78 1
120 79 1
120 80 1
120 97 1
120 98 1
120 102 1
120 104 1
120 106 1
120 107 1
120 112 1
120 113 1
120 114 1
120 117 1
120 119 1
121 0 1
121 5 1
121 6 1
121 7 1
121 8 1
121 9 1
121 10 1
121 11 1
121 13 1
121 25 1
121 26 1
121 27 1
121 28 1
121 30 1
121 32 1
121 38 1
121 45 1
121 46 1
121 49 1
121 53 1
121 54 1
121 55 1
121 70 1
121 71 1
121 72 1
121 73 1
121 75 1
121 76 1
121 80 1
121 84 1
121 90 1
121 95 1
121 96 1
121 101 1
121 103 1
121 104 1
121 105 1
121 106 1
122 0 1
122 4 1
122 5 1
122 6 1
122 7 1
122 11 1
122 25 1
122 27 1
122 30 1
122 32 1
122 49 1
122 54 1
122 55 1
122 70 1
122 71 1
122 72 1
122 75 1
122 84 1
122 90 1
122 95 1
122 96 1
122 101 1
122 104 1
122 105 1
122 106 1
122 121 1
123 3 1
123 5 1
123 7 1
123 8 1
123 9 1
123 10 1
123 11 1
123 12 1
123 13 1
123 24 1
123 28 1
123 31 1
123 32 1
123 36 1
123 37 1
123 38 1
123 40 1
123 41 1
123 46 1
123 49 1
123 50 1
123 51 1
123 52 1
123 53 1
123 55 1
123 56 1
123 57 1
123 62 1
123 63 1
123 64 1
123 65 1
123 67 1
123 70 1
123 71 1
123 72 1
123 73 1
123 74 1
123 75 1
123 76 1
123 77 1
123 78 1
123 79 1
123 80 1
123 91 1
123 97 1
123 99 1
123 103 1
123 104 1
123 106 1
123 107 1
123 113 1
123 114 1
123 117 1
123 118 1
123 119 1
123 120 1
123 121 1
124 7 1
124 9 1
124 10 1
124 12 1
124 13 1
124 28 1
124 36 1
124 38 1
124 46 1
124 49 1
124 51 1
124 56 1
124 57 1
124 71 1
124 72 1
124 74 1
124 77 1
124 78 1
124 79 1
124 107 1
124 117 1
124 119 1
124 120 1
124 123 1
125 3 1
125 5 1
125 6 1
125 11 1
125 13 1
125 15 1
125 24 1
125 25 1
125 26 1
125 32 1
125 37 1
125 38 1
125 50 1
125 55 1
125 65 1
125 67 1
125 70 1
125 73 1
125 75 1
125 76 1
125 80 1
125 90 1
125 91 1
125 101 1
125 103 1
125 104 1
125 106 1
125 108 1
125 110 1
125 118 1
125 121 1
125 123 1
126 3 1
126 5 1
126 15 1
126 20 1
126 24 1
126 25 1
126 26 1
126 44 1
126 55 1
126 65 1
126 67 1
126 75 1
126 76 1
126 80 1
126 90 1
126 91 1
126 99 1
126 106 1
126 108 1
126 110 1
126 113 1
126 118 1
126 125 1
127 16 1
127 24 1
127 29 1
127 34 1
127 44 1
127 59 1
127 81 1
127 92 1
127 94 1
128 3 1
128 16 1
128 17 1
128 18 1
128 29 1
128 33 1
128 34 1
128 39 1
128 44 1
128 58 1
128 59 1
128 62 1
128 66 1
128 68 1
128 81 1
128 82 1
128 85 1
128 89 1
128 114 1
129 16 1
129 17 1
129 18 1
129 29 1
129 33 1
129 34 1
129 39 1
129 59 1
129 61 1
129 81 1
129 82 1
129 92 1
129 93 1
129 94 1
129 111 1
129 127 1
130 16 1
130 17 1
130 18 1
130 29 1
130 33 1
130 34 1
130 59 1
130 60 1
130 61 1
130 82 1
130 83 1
130 92 1
130 93 1
130 94 1
130 111 1
130 127 1
130 129 1
131 19 1
131 39 1
132 0 1
132 30 1
132 95 1
132 96 1
132 105 1
132 122 1
133 0 1
133 30 1
133 32 1
133 54 1
133 71 1
133 84 1
133 95 1
133 96 1
133 105 1
133 121 1
133 122 1
133 132 1
134 0 1
134 1 1
134 4 1
134 7 1
134 11 1
134 20 1
134 21 1
134 22 1
134 30 1
134 31 1
134 32 1
134 35 1
134 41 1
134 42 1
134 43 1
134 46 1
134 48 1
134 52 1
134 53 1
134 54 1
134 63 1
134 64 1
134 65 1
134 69 1
134 70 1
134 71 1
134 84 1
134 88 1
134 90 1
134 95 1
134 96 1
134 98 1
134 100 1
134 104 1
134 106 1
134 116 1
134 117 1
134 133 1
135 3 1
135 12 1
135 24 1
135 29 1
135 34 1
135 44 1
135 52 1
135 62 1
135 67 1
135 68 1
135 76 1
135 80 1
135 81 1
135 99 1
135 108 1
135 113 1
135 114 1
135 118 1
135 126 1
135 127 1
135 128 1
136 1 1
136 2 1
136 4 1
136 20 1
136 21 1
136 22 1
136 23 1
136 35 1
136 41 1
136 42 1
136 43 1
136 64 1
136 65 1
136 66 1
136 68 1
136 69 1
136 86 1
136 87 1
136 88 1
136 89 1
136 98 1
136 99 1
136 100 1
136 115 1
136 116 1
136 134 1
137 7 1
137 9 1
137 10 1
137 11 1
137 12 1
137 31 1
137 36 1
137 38 1
137 40 1
137 41 1
137 46 1
137 47 1
137 48 1
137 51 1
137 52 1
137 53 1
137 56 1
137 57 1
137 63 1
137 71 1
137 74 1
137 76 1
137 77 1
137 78 1
137 97 1
137 98 1
137 102 1
137 104 1
137 112 1
137 113 1
137 117 1
137 119 1
137 120 1
137 123 1
137 124 1
138 3 1
138 5 1
138 6 1
138 7 1
138 8 1
138 11 1
138 12 1
138 13 1
138 15 1
138 24 1
138 25 1
138 26 1
138 27 1
138 32 1
138 37 1
138 38 1
138 41 1
138 50 1
138 52 1
138 53 1
138 54 1
138 55 1
138 57 1
138 65 1
138 67 1
138 70 1
138 71 1
138 72 1
138 73 1
138 75 1
138 76 1
138 77 1
138 80 1
138 90 1
138 91 1
138 101 1
138 103 1
138 104 1
138 106 1
138 108 1
138 110 1
138 113 1
138 114 1
138 118 1
138 121 1
138 123 1
138 125 1
138 126 1
139 16 1
139 17 1
139 18 1
139 29 1
139 33 1
139 34 1
139 39 1
139 58 1
139 59 1
139 60 1
139 61 1
139 81 1
139 82 1
139 83 1
139 92 1
139 93 1
139 94 1
139 111 1
139 128 1
139 130 1
140 58 1
140 85 1
140 128 1
141 1 1
141 2 1
141 4 1
141 11 1
141 22 1
141 23 1
141 31 1
141 35 1
141 36 1
141 40 1
141 41 1
141 42 1
141 43 1
141 46 1
141 47 1
141 48 1
141 51 1
141 52 1
141 53 1
141 63 1
141 64 1
141 65 1
141 66 1
141 68 1
141 69 1
141 71 1
141 87 1
141 88 1
141 89 1
141 97 1
141 98 1
141 100 1
141 102 1
141 112 1
141 115 1
141 116 1
141 117 1
141 120 1
141 134 1
141 136 1
141 137 1
142 1 1
142 2 1
142 3 1
142 4 1
142 20 1
142 21 1
142 23 1
142 35 1
142 41 1
142 42 1
142 44 1
142 52 1
142 63 1
142 64 1
142 65 1
142 66 1
142 67 1
142 68 1
142 69 1
142 86 1
142 87 1
142 88 1
142 89 1
142 98 1
142 99 1
142 100 1
142 112 1
142 113 1
142 114 1
142 115 1
142 116 1
142 136 1
142 141 1
143 1 1
143 2 1
143 20 1
143 21 1
143 23 1
143 35 1
143 41 1
143 42 1
143 44 1
143 63 1
143 64 1
143 65 1
143 66 1
143 68 1
143 69 1
143 86 1
143 87 1
143 88 1
143 89 1
143 98 1
143 99 1
143 100 1
143 112 1
143 115 1
143 116 1
143 136 1
143 141 1
143 142 1
144 6 1
144 7 1
144 8 1
144 9 1
144 10 1
144 11 1
144 12 1
144 13 1
144 15 1
144 26 1
144 27 1
144 28 1
144 37 1
144 38 1
144 45 1
144 49 1
144 50 1
144 53 1
144 55 1
144 56 1
144 57 1
144 72 1
144 73 1
144 74 1
144 75 1
144 76 1
144 77 1
144 78 1
144 79 1
144 80 1
144 101 1
144 103 1
144 104 1
144 106 1
144 107 1
144 118 1
144 119 1
144 120 1
144 121 1
144 123 1
144 124 1
144 138 1
145 3 1
145 20 1
145 24 1
145 44 1
145 65 1
145 67 1
145 68 1
145 91 1
145 99 1
145 108 1
145 114 1
145 125 1
145 126 1
145 135 1
145 142 1
146 127 1
146 129 1
147 16 1
147 29 1
147 34 1
147 108 1
147 127 1
147 129 1
147 130 1
147 135 1
147 145 1
147 146 1
148 3 1
148 16 1
148 24 1
148 29 1
148 33 1
148 34 1
148 39 1
148 44 1
148 59 1
148 62 1
148 67 1
148 81 1
148 92 1
148 94 1
148 108 1
148 114 1
148 127 1
148 128 1
148 129 1
148 130 1
148 135 1
148 145 1
148 146 1
148 147 1
149 16 1
149 17 1
149 18 1
149 33 1
149 34 1
149 39 1
149 58 1
149 59 1
149 60 1
149 61 1
149 82 1
149 83 1
149 92 1
149 93 1
149 94 1
149 111 1
149 130 1
149 139 1
150 1 1
150 2 1
150 22 1
150 23 1
150 31 1
150 35 1
150 41 1
150 42 1
150 43 1
150 48 1
150 63 1
150 64 1
150 66 1
150 69 1
150 87 1
150 88 1
150 98 1
150 100 1
150 112 1
150 115 1
150 116 1
150 134 1
150 136 1
150 141 1
150 143 1
151 3 1
151 12 1
151 13 1
151 15 1
151 24 1
151 29 1
151 37 1
151 44 1
151 62 1
151 67 1
151 76 1
151 80 1
151 99 1
151 108 1
151 110 1
151 113 1
151 114 1
151 118 1
151 126 1
151 127 1
151 135 1
151 138 1
151 145 1
151 147 1
151 148 1
152 5 1
152 6 1
152 8 1
152 13 1
152 25 1
152 26 1
152 27 1
152 28 1
152 32 1
152 37 1
152 38 1
152 45 1
152 49 1
152 50 1
152 55 1
152 72 1
152 73 1
152 75 1
152 80 1
152 101 1
152 103 1
152 104 1
152 105 1
152 106 1
152 118 1
152 121 1
152 122 1
152 125 1
152 138 1
152 144 1
153 8 1
153 12 1
153 13 1
153 15 1
153 24 1
153 26 1
153 28 1
153 37 1
153 38 1
153 50 1
153 55 1
153 56 1
153 57 1
153 72 1
153 73 1
153 76 1
153 77 1
153 79 1
153 80 1
153 101 1
153 103 1
153 107 1
153 110 1
153 118 1
153 123 1
153 138 1
153 144 1
153 152 1
154 7 1
154 9 1
154 10 1
154 11 1
154 12 1
154 13 1
154 28 1
154 31 1
154 36 1
154 38 1
154 40 1
154 41 1
154 46 1
154 47 1
154 48 1
154 51 1
154 52 1
154 53 1
154 56 1
154 57 1
154 62 1
154 63 1
154 71 1
154 74 1
154 76 1
154 77 1
154 78 1
154 79 1
154 97 1
154 102 1
154 104 1
154 107 1
154 112 1
154 113 1
154 114 1
154 117 1
154 119 1
154 120 1
154 123 1
154 124 1
154 137 1
155 15 1
155 24 1
155 37 1
155 50 1
155 80 1
155 108 1
155 109 1
155 110 1
155 118 1
155 125 1
155 126 1
155 138 1
155 147 1
155 151 1
155 153 1
156 0 1
156 7 1
156 30 1
156 49 1
156 54 1
156 84 1
156 95 1
156 96 1
156 105 1
156 121 1
156 122 1
156 132 1
156 133 1
157 0 1
157 1 1
157 4 1
157 5 1
157 7 1
157 11 1
157 20 1
157 21 1
157 22 1
157 30 1
157 31 1
157 32 1
157 35 1
157 40 1
157 41 1
157 42 1
157 43 1
157 46 1
157 48 1
157 52 1
157 53 1
157 54 1
157 55 1
157 63 1
157 64 1
157 65 1
157 68 1
157 69 1
157 70 1
157 71 1
157 75 1
157 76 1
157 84 1
157 86 1
157 88 1
157 90 1
157 96 1
157 98 1
157 99 1
157 100 1
157 104 1
157 106 1
157 116 1
157 117 1
157 120 1
157 121 1
157 122 1
157 123 1
157 133 1
157 134 1
157 136 1
157 141 1
157 142 1
157 150 1
158 2 1
158 3 1
158 4 1
158 7 1
158 11 1
158 22 1
158 23 1
158 31 1
158 35 1
158 36 1
158 40 1
158 41 1
158 42 1
158 43 1
158 46 1
158 47 1
158 48 1
158 51 1
158 52 1
158 53 1
158 62 1
158 63 1
158 64 1
158 65 1
158 66 1
158 68 1
158 69 1
158 70 1
158 71 1
158 74 1
158 76 1
158 87 1
158 88 1
158 89 1
158 97 1
158 98 1
158 99 1
158 100 1
158 102 1
158 104 1
158 112 1
158 113 1
158 114 1
158 117 1
158 119 1
158 120 1
158 123 1
158 134 1
158 137 1
158 141 1
158 142 1
158 150 1
158 154 1
158 157 1
159 2 1
159 3 1
159 4 1
159 7 1
159 10 1
159 11 1
159 12 1
159 13 1
159 22 1
159 23 1
159 24 1
159 31 1
159 35 1
159 36 1
159 38 1
159 40 1
159 41 1
159 42 1
159 43 1
159 46 1
159 47 1
159 48 1
159 51 1
159 52 1
159 53 1
159 55 1
159 62 1
159 63 1
159 64 1
159 65 1
159 66 1
159 67 1
159 68 1
159 69 1
159 70 1
159 71 1
159 74 1
159 76 1
159 77 1
159 80 1
159 87 1
159 88 1
159 89 1
159 97 1
159 98 1
159 99 1
159 102 1
159 104 1
159 106 1
159 112 1
159 113 1
159 114 1
159 117 1
159 119 1
159 120 1
159 123 1
159 134 1
159 137 1
159 141 1
159 142 1
159 150 1
159 154 1
159 157 1
159 158 1
160 1 1
160 4 1
160 7 1
160 11 1
160 22 1
160 23 1
160 30 1
160 31 1
160 35 1
160 40 1
160 41 1
160 42 1
160 43 1
160 46 1
160 47 1
160 48 1
160 51 1
160 52 1
160 53 1
160 63 1
160 64 1
160 69 1
160 70 1
160 71 1
160 84 1
160 87 1
160 88 1
160 96 1
160 98 1
160 100 1
160 102 1
160 112 1
160 116 1
160 117 1
160 120 1
160 134 1
160 136 1
160 137 1
160 141 1
160 150 1
160 157 1
160 158 1
160 159 1
161 3 1
161 12 1
161 13 1
161 15 1
161 24 1
161 37 1
161 38 1
161 44 1
161 50 1
161 52 1
161 55 1
161 62 1
161 67 1
161 73 1
161 76 1
161 80 1
161 91 1
161 99 1
161 108 1
161 110 1
161 113 1
161 114 1
161 118 1
161 123 1
161 125 1
161 126 1
161 127 1
161 135 1
161 138 1
161 145 1
161 147 1
161 148 1
161 151 1
161 153 1
161 155 1
162 5 1
162 6 1
162 7 1
162 8 1
162 11 1
162 13 1
162 15 1
162 25 1
162 26 1
162 27 1
162 32 1
162 37 1
162 38 1
162 45 1
162 50 1
162 54 1
162 55 1
162 70 1
162 72 1
162 73 1
162 75 1
162 76 1
162 80 1
162 90 1
162 91 1
162 101 1
162 103 1
162 104 1
162 105 1
162 106 1
162 108 1
162 118 1
162 121 1
162 122 1
162 123 1
162 125 1
162 126 1
162 138 1
162 144 1
162 152 1
162 153 1
163 0 1
163 7 1
163 9 1
163 10 1
163 11 1
163 13 1
163 27 1
163 28 1
163 31 1
163 32 1
163 38 1
163 45 1
163 46 1
163 49 1
163 53 1
163 54 1
163 55 1
163 56 1
163 57 1
163 71 1
163 72 1
163 73 1
163 74 1
163 75 1
163 76 1
163 77 1
163 78 1
163 79 1
163 95 1
163 96 1
163 104 1
163 105 1
163 106 1
163 117 1
163 119 1
163 120 1
163 121 1
163 122 1
163 123 1
163 124 1
163 132 1
163 133 1
163 137 1
163 144 1
163 156 1
164 6 1
164 7 1
164 8 1
164 9 1
164 10 1
164 12 1
164 13 1
164 26 1
164 27 1
164 28 1
164 37 1
164 38 1
164 45 1
164 49 1
164 50 1
164 55 1
164 56 1
164 57 1
164 72 1
164 73 1
164 74 1
164 75 1
164 77 1
164 78 1
164 79 1
164 80 1
164 101 1
164 103 1
164 104 1
164 107 1
164 118 1
164 121 1
164 123 1
164 124 1
164 138 1
164 144 1
164 152 1
164 153 1
164 162 1
164 163 1
165 3 1
165 7 1
165 9 1
165 10 1
165 11 1
165 12 1
165 13 1
165 24 1
165 28 1
165 31 1
165 36 1
165 37 1
165 38 1
165 40 1
165 41 1
165 46 1
165 47 1
165 48 1
165 51 1
165 52 1
165 53 1
165 55 1
165 57 1
165 62 1
165 63 1
165 64 1
165 66 1
165 67 1
165 68 1
165 71 1
165 73 1
165 74 1
165 75 1
165 76 1
165 77 1
165 79 1
165 80 1
165 97 1
165 99 1
165 102 1
165 104 1
165 106 1
165 107 1
165 112 1
165 113 1
165 114 1
165 117 1
165 119 1
165 120 1
165 123 1
165 124 1
165 135 1
165 137 1
165 138 1
165 141 1
165 144 1
165 154 1
165 158 1
165 159 1
165 161 1
166 3 1
166 4 1
166 5 1
166 6 1
166 7 1
166 11 1
166 13 1
166 15 1
166 20 1
166 24 1
166 25 1
166 26 1
166 32 1
166 37 1
166 38 1
166 41 1
166 50 1
166 52 1
166 53 1
166 54 1
166 55 1
166 64 1
166 65 1
166 67 1
166 70 1
166 71 1
166 73 1
166 75 1
166 76 1
166 80 1
166 90 1
166 91 1
166 99 1
166 101 1
166 103 1
166 104 1
166 106 1
166 108 1
166 113 1
166 118 1
166 121 1
166 122 1
166 123 1
166 125 1
166 126 1
166 138 1
166 144 1
166 145 1
166 152 1
166 153 1
166 161 1
166 162 1
166 165 1
167 1 1
167 3 1
167 4 1
167 20 1
167 21 1
167 24 1
167 42 1
167 44 1
167 64 1
167 65 1
167 67 1
167 68 1
167 70 1
167 86 1
167 90 1
167 91 1
167 99 1
167 108 1
167 125 1
167 126 1
167 138 1
167 142 1
167 145 1
167 161 1
167 166 1
168 34 1
168 127 1
168 129 1
168 146 1
168 147 1
168 148 1
168 151 1
168 155 1
169 16 1
169 29 1
169 34 1
169 127 1
169 129 1
169 130 1
169 146 1
169 147 1
169 148 1
169 151 1
169 168 1
170 16 1
170 17 1
170 18 1
170 19 1
170 29 1
170 33 1
170 34 1
170 39 1
170 44 1
170 58 1
170 59 1
170 60 1
170 61 1
170 81 1
170 82 1
170 83 1
170 92 1
170 93 1
170 94 1
170 111 1
170 127 1
170 128 1
170 129 1
170 130 1
170 135 1
170 139 1
170 147 1
170 148 1
170 149 1
171 3 1
171 16 1
171 17 1
171 18 1
171 29 1
171 33 1
171 34 1
171 39 1
171 44 1
171 58 1
171 59 1
171 60 1
171 62 1
171 81 1
171 82 1
171 83 1
171 92 1
171 93 1
171 94 1
171 111 1
171 114 1
171 127 1
171 128 1
171 129 1
171 130 1
171 135 1
171 139 1
171 148 1
171 149 1
171 170 1
172 3 1
172 16 1
172 17 1
172 24 1
172 29 1
172 33 1
172 34 1
172 39 1
172 44 1
172 58 1
172 59 1
172 62 1
172 66 1
172 67 1
172 68 1
172 81 1
172 82 1
172 89 1
172 99 1
172 113 1
172 114 1
172 127 1
172 128 1
172 129 1
172 130 1
172 135 1
172 139 1
172 148 1
172 151 1
172 170 1
172 171 1
173 29 1
173 33 1
173 39 1
173 58 1
173 59 1
173 62 1
173 81 1
173 82 1
173 85 1
173 128 1
173 139 1
173 140 1
173 170 1
173 171 1
173 172 1
174 2 1
174 3 1
174 4 1
174 7 1
174 11 1
174 12 1
174 13 1
174 20 1
174 23 1
174 24 1
174 38 1
174 40 1
174 41 1
174 42 1
174 44 1
174 46 1
174 51 1
174 52 1
174 53 1
174 55 1
174 62 1
174 63 1
174 64 1
174 65 1
174 66 1
174 67 1
174 68 1
174 69 1
174 70 1
174 71 1
174 75 1
174 76 1
174 80 1
174 87 1
174 89 1
174 91 1
174 97 1
174 98 1
174 99 1
174 104 1
174 106 1
174 108 1
174 112 1
174 113 1
174 114 1
174 117 1
174 120 1
174 123 1
174 125 1
174 126 1
174 135 1
174 137 1
174 138 1
174 141 1
174 142 1
174 145 1
174 151 1
174 154 1
174 157 1
174 158 1
174 159 1
174 161 1
174 165 1
174 166 1
174 167 1
175 1 1
175 4 1
175 11 1
175 20 1
175 21 1
175 22 1
175 30 1
175 32 1
175 35 1
175 41 1
175 42 1
175 43 1
175 53 1
175 54 1
175 64 1
175 65 1
175 69 1
175 70 1
175 71 1
175 84 1
175 86 1
175 88 1
175 90 1
175 96 1
175 98 1
175 100 1
175 106 1
175 115 1
175 116 1
175 134 1
175 136 1
175 141 1
175 142 1
175 150 1
175 157 1
175 158 1
175 160 1
176 0 1
176 5 1
176 6 1
176 7 1
176 8 1
176 9 1
176 10 1
176 11 1
176 13 1
176 25 1
176 26 1
176 27 1
176 28 1
176 32 1
176 37 1
176 38 1
176 45 1
176 46 1
176 49 1
176 53 1
176 54 1
176 55 1
176 56 1
176 57 1
176 71 1
176 72 1
176 73 1
176 74 1
176 75 1
176 76 1
176 79 1
176 80 1
176 95 1
176 96 1
176 101 1
176 103 1
176 104 1
176 105 1
176 106 1
176 120 1
176 121 1
176 122 1
176 123 1
176 138 1
176 144 1
176 152 1
176 156 1
176 162 1
176 163 1
176 164 1
176 166 1
177 0 1
177 7 1
177 9 1
177 10 1
177 11 1
177 22 1
177 30 1
177 31 1
177 36 1
177 40 1
177 41 1
177 43 1
177 46 1
177 47 1
177 48 1
177 49 1
177 51 1
177 52 1
177 53 1
177 63 1
177 71 1
177 74 1
177 76 1
177 84 1
177 95 1
177 96 1
177 97 1
177 98 1
177 102 1
177 104 1
177 117 1
177 119 1
177 120 1
177 123 1
177 124 1
177 134 1
177 137 1
177 141 1
177 154 1
177 157 1
177 158 1
177 159 1
177 160 1
177 163 1
177 165 1
177 176 1
178 0 1
178 7 1
178 9 1
178 10 1
178 11 1
178 13 1
178 27 1
178 28 1
178 30 1
178 31 1
178 36 1
178 38 1
178 46 1
178 47 1
178 48 1
178 49 1
178 51 1
178 52 1
178 53 1
178 54 1
178 55 1
178 56 1
178 57 1
178 71 1
178 72 1
178 74 1
178 76 1
178 77 1
178 78 1
178 79 1
178 95 1
178 96 1
178 102 1
178 104 1
178 105 1
178 106 1
178 117 1
178 119 1
178 120 1
178 121 1
178 123 1
178 124 1
178 133 1
178 137 1
178 144 1
178 154 1
178 156 1
178 159 1
178 163 1
178 164 1
178 165 1
178 176 1
178 177 1
179 7 1
179 8 1
179 9 1
179 10 1
179 11 1
179 12 1
179 13 1
179 27 1
179 28 1
179 37 1
179 38 1
179 45 1
179 46 1
179 49 1
179 50 1
179 53 1
179 55 1
179 56 1
179 57 1
179 71 1
179 72 1
179 73 1
179 74 1
179 75 1
179 76 1
179 77 1
179 78 1
179 79 1
179 80 1
179 101 1
179 103 1
179 104 1
179 105 1
179 106 1
179 107 1
179 118 1
179 119 1
179 120 1
179 121 1
179 123 1
179 124 1
179 138 1
179 144 1
179 152 1
179 153 1
179 162 1
179 163 1
179 164 1
179 165 1
179 166 1
179 176 1
179 178 1
180 3 1
180 7 1
180 8 1
180 9 1
180 10 1
180 11 1
180 12 1
180 13 1
180 24 1
180 28 1
180 36 1
180 37 1
180 38 1
180 40 1
180 41 1
180 46 1
180 50 1
180 51 1
180 52 1
180 53 1
180 55 1
180 56 1
180 57 1
180 62 1
180 63 1
180 67 1
180 71 1
180 73 1
180 74 1
180 75 1
180 76 1
180 77 1
180 78 1
180 79 1
180 80 1
180 97 1
180 99 1
180 103 1
180 104 1
180 106 1
180 107 1
180 113 1
180 114 1
180 117 1
180 118 1
180 119 1
180 120 1
180 123 1
180 124 1
180 125 1
180 135 1
180 137 1
180 138 1
180 144 1
180 151 1
180 153 1
180 154 1
180 158 1
180 159 1
180 161 1
180 165 1
180 166 1
180 174 1
180 176 1
180 179 1
181 1 1
181 3 1
181 4 1
181 5 1
181 11 1
181 20 1
181 24 1
181 25 1
181 41 1
181 42 1
181 44 1
181 52 1
181 55 1
181 64 1
181 65 1
181 67 1
181 68 1
181 70 1
181 75 1
181 76 1
181 80 1
181 86 1
181 90 1
181 91 1
181 99 1
181 106 1
181 108 1
181 113 1
181 114 1
181 125 1
181 126 1
181 135 1
181 138 1
181 142 1
181 145 1
181 151 1
181 161 1
181 162 1
181 166 1
181 167 1
181 174 1
182 16 1
182 17 1
182 18 1
182 29 1
182 33 1
182 34 1
182 59 1
182 60 1
182 61 1
182 82 1
182 83 1
182 92 1
182 93 1
182 94 1
182 111 1
182 129 1
182 130 1
182 139 1
182 149 1
182 170 1
182 171 1
183 16 1
183 17 1
183 18 1
183 29 1
183 33 1
183 34 1
183 39 1
183 58 1
183 59 1
183 60 1
183 61 1
183 81 1
183 82 1
183 83 1
183 92 1
183 93 1
183 94 1
183 111 1
183 128 1
183 129 1
183 130 1
183 139 1
183 149 1
183 170 1
183 171 1
183 172 1
183 173 1
183 182 1
184 0 1
184 1 1
184 4 1
184 5 1
184 7 1
184 11 1
184 20 1
184 22 1
184 30 1
184 31 1
184 32 1
184 41 1
184 46 1
184 53 1
184 54 1
184 55 1
184 64 1
184 65 1
184 70 1
184 71 1
184 75 1
184 76 1
184 84 1
184 90 1
184 95 1
184 96 1
184 98 1
184 100 1
184 104 1
184 105 1
184 106 1
184 116 1
184 117 1
184 121 1
184 122 1
184 133 1
184 134 1
184 156 1
184 157 1
184 158 1
184 159 1
184 160 1
184 163 1
184 175 1
184 176 1
184 177 1
184 178 1
185 1 1
185 2 1
185 4 1
185 7 1
185 11 1
185 20 1
185 22 1
185 30 1
185 31 1
185 32 1
185 35 1
185 40 1
185 41 1
185 42 1
185 43 1
185 46 1
185 47 1
185 48 1
185 51 1
185 52 1
185 53 1
185 54 1
185 55 1
185 63 1
185 64 1
185 65 1
185 68 1
185 69 1
185 70 1
185 71 1
185 74 1
185 75 1
185 76 1
185 84 1
185 87 1
185 88 1
185 90 1
185 96 1
185 97 1
185 98 1
185 99 1
185 100 1
185 102 1
185 104 1
185 106 1
185 112 1
185 113 1
185 116 1
185 117 1
185 120 1
185 121 1
185 123 1
185 134 1
185 136 1
185 137 1
185 141 1
185 142 1
185 150 1
185 157 1
185 158 1
185 159 1
185 160 1
185 165 1
185 166 1
185 174 1
185 175 1
185 177 1
185 178 1
185 180 1
185 184 1
186 1 1
186 2 1
186 3 1
186 4 1
186 7 1
186 11 1
186 20 1
186 22 1
186 23 1
186 30 1
186 31 1
186 35 1
186 36 1
186 40 1
186 41 1
186 42 1
186 43 1
186 46 1
186 47 1
186 48 1
186 51 1
186 52 1
186 53 1
186 55 1
186 63 1
186 64 1
186 65 1
186 66 1
186 68 1
186 69 1
186 70 1
186 71 1
186 76 1
186 84 1
186 87 1
186 88 1
186 89 1
186 90 1
186 96 1
186 97 1
186 98 1
186 99 1
186 100 1
186 102 1
186 104 1
186 106 1
186 112 1
186 113 1
186 116 1
186 117 1
186 120 1
186 123 1
186 134 1
186 136 1
186 137 1
186 141 1
186 142 1
186 143 1
186 150 1
186 154 1
186 157 1
186 158 1
186 159 1
186 160 1
186 165 1
186 174 1
186 175 1
186 177 1
186 180 1
186 184 1
186 185 1
187 2 1
187 3 1
187 23 1
187 35 1
187 36 1
187 40 1
187 41 1
187 47 1
187 51 1
187 52 1
187 53 1
187 62 1
187 63 1
187 66 1
187 68 1
187 69 1
187 85 1
187 87 1
187 88 1
187 89 1
187 97 1
187 98 1
187 99 1
187 112 1
187 113 1
187 114 1
187 117 1
187 120 1
187 128 1
187 137 1
187 140 1
187 141 1
187 142 1
187 154 1
187 158 1
187 159 1
187 165 1
187 173 1
187 174 1
187 186 1
188 1 1
188 2 1
188 3 1
188 4 1
188 5 1
188 7 1
188 11 1
188 13 1
188 20 1
188 21 1
188 22 1
188 23 1
188 24 1
188 31 1
188 32 1
188 35 1
188 40 1
188 41 1
188 42 1
188 44 1
188 46 1
188 48 1
188 51 1
188 52 1
188 53 1
188 54 1
188 55 1
188 62 1
188 63 1
188 64 1
188 65 1
188 66 1
188 67 1
188 68 1
188 69 1
188 70 1
188 71 1
188 75 1
188 76 1
188 80 1
188 84 1
188 86 1
188 87 1
188 88 1
188 89 1
188 90 1
188 91 1
188 96 1
188 97 1
188 98 1
188 99 1
188 100 1
188 104 1
188 106 1
188 108 1
188 112 1
188 113 1
188 114 1
188 116 1
188 117 1
188 120 1
188 121 1
188 123 1
188 125 1
188 134 1
188 136 1
188 137 1
188 138 1
188 141 1
188 142 1
188 157 1
188 158 1
188 159 1
188 160 1
188 165 1
188 166 1
188 167 1
188 174 1
188 175 1
188 177 1
188 180 1
188 181 1
188 184 1
188 185 1
188 186 1
189 1 1
189 2 1
189 3 1
189 4 1
189 11 1
189 20 1
189 21 1
189 23 1
189 24 1
189 35 1
189 40 1
189 41 1
189 42 1
189 44 1
189 46 1
189 52 1
189 53 1
189 55 1
189 62 1
189 63 1
189 64 1
189 65 1
189 66 1
189 67 1
189 68 1
189 69 1
189 70 1
189 71 1
189 76 1
189 86 1
189 87 1
189 88 1
189 89 1
189 90 1
189 91 1
189 97 1
189 98 1
189 99 1
189 100 1
189 104 1
189 106 1
189 108 1
189 112 1
189 113 1
189 114 1
189 115 1
189 116 1
189 117 1
189 120 1
189 123 1
189 126 1
189 134 1
189 136 1
189 141 1
189 142 1
189 143 1
189 145 1
189 157 1
189 158 1
189 159 1
189 160 1
189 165 1
189 166 1
189 167 1
189 174 1
189 175 1
189 181 1
189 184 1
189 185 1
189 186 1
189 187 1
189 188 1
190 1 1
190 2 1
190 3 1
190 4 1
190 11 1
190 13 1
190 20 1
190 21 1
190 23 1
190 24 1
190 32 1
190 35 1
190 40 1
190 41 1
190 42 1
190 44 1
190 46 1
190 51 1
190 52 1
190 53 1
190 55 1
190 62 1
190 63 1
190 64 1
190 65 1
190 66 1
190 67 1
190 68 1
190 69 1
190 70 1
190 71 1
190 75 1
190 76 1
190 80 1
190 86 1
190 87 1
190 89 1
190 90 1
190 91 1
190 97 1
190 98 1
190 99 1
190 100 1
190 104 1
190 106 1
190 108 1
190 112 1
190 113 1
190 114 1
190 117 1
190 120 1
190 123 1
190 125 1
190 126 1
190 134 1
190 135 1
190 136 1
190 138 1
190 141 1
190 142 1
190 143 1
190 145 1
190 157 1
190 158 1
190 159 1
190 161 1
190 165 1
190 166 1
190 167 1
190 174 1
190 175 1
190 180 1
190 181 1
190 185 1
190 186 1
190 187 1
190 188 1
190 189 1
191 2 1
191 3 1
191 11 1
191 12 1
191 13 1
191 24 1
191 36 1
191 40 1
191 41 1
191 44 1
191 46 1
191 47 1
191 51 1
191 52 1
191 53 1
191 62 1
191 63 1
191 66 1
191 67 1
191 68 1
191 76 1
191 77 1
191 80 1
191 85 1
191 87 1
191 89 1
191 97 1
191 99 1
191 112 1
191 113 1
191 114 1
191 117 1
191 119 1
191 120 1
191 123 1
191 128 1
191 135 1
191 137 1
191 141 1
191 142 1
191 151 1
191 154 1
191 158 1
191 159 1
191 161 1
191 165 1
191 172 1
191 173 1
191 174 1
191 180 1
191 186 1
191 187 1
191 188 1
191 189 1
191 190 1
192 2 1
192 3 1
192 12 1
192 23 1
192 24 1
192 39 1
192 40 1
192 41 1
192 44 1
192 51 1
192 52 1
192 53 1
192 58 1
192 62 1
192 63 1
192 66 1
192 67 1
192 68 1
192 69 1
192 76 1
192 81 1
192 85 1
192 87 1
192 89 1
192 97 1
192 99 1
192 112 1
192 113 1
192 114 1
192 117 1
192 120 1
192 123 1
192 128 1
192 135 1
192 141 1
192 142 1
192 151 1
192 154 1
192 158 1
192 159 1
192 161 1
192 165 1
192 171 1
192 172 1
192 173 1
192 174 1
192 180 1
192 186 1
192 187 1
192 188 1
192 189 1
192 190 1
192 191 1
193 1 1
193 2 1
193 3 1
193 4 1
193 20 1
193 22 1
193 23 1
193 31 1
193 35 1
193 40 1
193 41 1
193 42 1
193 43 1
193 46 1
193 47 1
193 48 1
193 51 1
193 52 1
193 53 1
193 63 1
193 64 1
193 65 1
193 66 1
193 68 1
193 69 1
193 86 1
193 87 1
193 88 1
193 89 1
193 97 1
193 98 1
193 99 1
193 100 1
193 102 1
193 112 1
193 113 1
193 114 1
193 115 1
193 116 1
193 117 1
193 120 1
193 134 1
193 136 1
193 141 1
193 142 1
193 143 1
193 150 1
193 157 1
193 158 1
193 159 1
193 160 1
193 165 1
193 174 1
193 175 1
193 185 1
193 186 1
193 187 1
193 188 1
193 189 1
193 190 1
193 191 1
193 192 1
194 2 1
194 3 1
194 20 1
194 23 1
194 24 1
194 29 1
194 39 1
194 41 1
194 42 1
194 44 1
194 62 1
194 64 1
194 65 1
194 66 1
194 67 1
194 68 1
194 69 1
194 81 1
194 86 1
194 87 1
194 89 1
194 99 1
194 108 1
194 113 1
194 114 1
194 115 1
194 126 1
194 128 1
194 135 1
194 136 1
194 142 1
194 143 1
194 145 1
194 148 1
194 167 1
194 170 1
194 171 1
194 172 1
194 174 1
194 181 1
194 188 1
194 189 1
194 190 1
194 191 1
194 192 1
194 193 1
195 6 1
195 8 1
195 9 1
195 13 1
195 25 1
195 26 1
195 27 1
195 28 1
195 37 1
195 38 1
195 45 1
195 49 1
195 50 1
195 55 1
195 57 1
195 72 1
195 73 1
195 75 1
195 79 1
195 80 1
195 101 1
195 103 1
195 104 1
195 105 1
195 118 1
195 121 1
195 138 1
195 144 1
195 152 1
195 153 1
195 162 1
195 163 1
195 164 1
195 176 1
195 179 1
196 0 1
196 5 1
196 7 1
196 8 1
196 9 1
196 10 1
196 11 1
196 13 1
196 27 1
196 28 1
196 30 1
196 31 1
196 32 1
196 38 1
196 45 1
196 46 1
196 49 1
196 52 1
196 53 1
196 54 1
196 55 1
196 56 1
196 57 1
196 70 1
196 71 1
196 72 1
196 73 1
196 74 1
196 75 1
196 76 1
196 79 1
196 80 1
196 84 1
196 90 1
196 95 1
196 96 1
196 101 1
196 104 1
196 105 1
196 106 1
196 117 1
196 119 1
196 120 1
196 121 1
196 122 1
196 123 1
196 132 1
196 133 1
196 134 1
196 137 1
196 138 1
196 144 1
196 152 1
196 156 1
196 157 1
196 159 1
196 162 1
196 163 1
196 164 1
196 165 1
196 166 1
196 176 1
196 177 1
196 178 1
196 179 1
196 180 1
196 184 1
196 185 1
196 188 1
196 195 1
197 0 1
197 7 1
197 9 1
197 10 1
197 11 1
197 28 1
197 30 1
197 31 1
197 32 1
197 36 1
197 40 1
197 41 1
197 46 1
197 47 1
197 48 1
197 49 1
197 51 1
197 52 1
197 53 1
197 54 1
197 55 1
197 56 1
197 57 1
197 71 1
197 72 1
197 74 1
197 76 1
197 84 1
197 95 1
197 96 1
197 98 1
197 102 1
197 104 1
197 105 1
197 106 1
197 117 1
197 119 1
197 120 1
197 121 1
197 122 1
197 123 1
197 124 1
197 133 1
197 134 1
197 137 1
197 154 1
197 156 1
197 157 1
197 158 1
197 159 1
197 160 1
197 163 1
197 165 1
197 176 1
197 177 1
197 178 1
197 179 1
197 184 1
197 185 1
197 186 1
197 188 1
197 196 1
198 5 1
198 6 1
198 7 1
198 8 1
198 9 1
198 10 1
198 11 1
198 12 1
198 13 1
198 25 1
198 26 1
198 27 1
198 28 1
198 32 1
198 37 1
198 38 1
198 45 1
198 49 1
198 50 1
198 54 1
198 55 1
198 56 1
198 57 1
198 71 1
198 72 1
198 73 1
198 74 1
198 75 1
198 76 1
198 77 1
198 78 1
198 79 1
198 80 1
198 101 1
198 103 1
198 104 1
198 105 1
198 106 1
198 118 1
198 121 1
198 122 1
198 123 1
198 138 1
198 144 1
198 152 1
198 153 1
198 162 1
198 163 1
198 164 1
198 166 1
198 176 1
198 178 1
198 179 1
198 180 1
198 195 1
198 196 1
199 0 1
199 4 1
199 5 1
199 6 1
199 7 1
199 9 1
199 10 1
199 11 1
199 13 1
199 25 1
199 26 1
199 27 1
199 28 1
199 30 1
199 31 1
199 32 1
199 37 1
199 38 1
199 41 1
199 45 1
199 46 1
199 49 1
199 52 1
199 53 1
199 54 1
199 55 1
199 57 1
199 64 1
199 65 1
199 70 1
199 71 1
199 72 1
199 73 1
199 74 1
199 75 1
199 76 1
199 80 1
199 84 1
199 90 1
199 91 1
199 95 1
199 96 1
199 101 1
199 103 1
199 104 1
199 105 1
199 106 1
199 120 1
199 121 1
199 122 1
199 123 1
199 125 1
199 133 1
199 134 1
199 138 1
199 144 1
199 152 1
199 156 1
199 157 1
199 159 1
199 162 1
199 163 1
199 164 1
199 165 1
199 166 1
199 174 1
199 176 1
199 177 1
199 178 1
199 179 1
199 180 1
199 184 1
199 185 1
199 186 1
199 188 1
199 190 1
199 195 1
199 196 1
199 197 1
199 198 1
200 3 1
200 4 1
200 5 1
200 11 1
200 13 1
200 15 1
200 20 1
200 24 1
200 25 1
200 26 1
200 32 1
200 37 1
200 38 1
200 41 1
200 44 1
200 50 1
200 52 1
200 53 1
200 55 1
200 62 1
200 64 1
200 65 1
200 67 1
200 68 1
200 70 1
200 73 1
200 75 1
200 76 1
200 80 1
200 90 1
200 91 1
200 99 1
200 104 1
200 106 1
200 108 1
200 113 1
200 114 1
200 118 1
200 123 1
200 125 1
200 126 1
200 135 1
200 138 1
200 145 1
200 151 1
200 159 1
200 161 1
200 162 1
200 165 1
200 166 1
200 167 1
200 174 1
200 180 1
200 181 1
200 188 1
200 189 1
200 190 1
200 194 1
200 199 1
201 3 1
201 16 1
201 17 1
201 24 1
201 29 1
201 33 1
201 34 1
201 39 1
201 44 1
201 58 1
201 59 1
201 62 1
201 67 1
201 81 1
201 82 1
201 92 1
201 94 1
201 99 1
201 108 1
201 114 1
201 127 1
201 128 1
201 129 1
201 130 1
201 135 1
201 145 1
201 147 1
201 148 1
201 151 1
201 161 1
201 168 1
201 169 1
201 170 1
201 171 1
201 172 1
201 192 1
201 194 1
202 16 1
202 17 1
202 18 1
202 19 1
202 29 1
202 33 1
202 34 1
202 39 1
202 59 1
202 61 1
202 81 1
202 82 1
202 83 1
202 92 1
202 93 1
202 94 1
202 111 1
202 127 1
202 129 1
202 130 1
202 139 1
202 147 1
202 148 1
202 149 1
202 169 1
202 170 1
202 171 1
202 172 1
202 182 1
202 183 1
202 201 1
203 16 1
203 17 1
203 18 1
203 29 1
203 33 1
203 34 1
203 39 1
203 58 1
203 59 1
203 60 1
203 61 1
203 81 1
203 82 1
203 83 1
203 92 1
203 93 1
203 94 1
203 111 1
203 127 1
203 129 1
203 130 1
203 139 1
203 148 1
203 149 1
203 170 1
203 171 1
203 172 1
203 182 1
203 183 1
203 201 1
203 202 1
204 1 1
204 2 1
204 3 1
204 4 1
204 11 1
204 20 1
204 21 1
204 23 1
204 35 1
204 41 1
204 42 1
204 44 1
204 52 1
204 53 1
204 63 1
204 64 1
204 65 1
204 66 1
204 67 1
204 68 1
204 69 1
204 70 1
204 76 1
204 86 1
204 87 1
204 88 1
204 89 1
204 90 1
204 91 1
204 98 1
204 99 1
204 100 1
204 108 1
204 113 1
204 114 1
204 115 1
204 116 1
204 126 1
204 134 1
204 136 1
204 141 1
204 142 1
204 143 1
204 145 1
204 157 1
204 158 1
204 159 1
204 167 1
204 174 1
204 175 1
204 181 1
204 185 1
204 186 1
204 188 1
204 189 1
204 190 1
204 192 1
204 193 1
204 194 1
204 200 1
205 0 1
205 5 1
205 6 1
205 7 1
205 8 1
205 9 1
205 10 1
205 11 1
205 13 1
205 25 1
205 26 1
205 27 1
205 28 1
205 32 1
205 38 1
205 45 1
205 49 1
205 54 1
205 55 1
205 56 1
205 57 1
205 71 1
205 72 1
205 73 1
205 75 1
205 79 1
205 95 1
205 96 1
205 101 1
205 103 1
205 104 1
205 105 1
205 106 1
205 121 1
205 122 1
205 123 1
205 132 1
205 138 1
205 144 1
205 152 1
205 156 1
205 162 1
205 163 1
205 164 1
205 176 1
205 178 1
205 179 1
205 195 1
205 196 1
205 197 1
205 198 1
205 199 1
206 17 1
206 18 1
206 19 1
206 61 1
206 83 1
206 93 1
206 94 1
206 111 1
206 131 1
206 149 1
206 202 1
