# minsup
1
# graph
G_./4LAX.pdb
# node ID, label
0 A
1 A
2 A
3 A
4 A
5 A
6 A
7 A
8 A
9 A
10 A
11 A
12 C
13 C
14 D
15 D
16 D
17 D
18 D
19 D
20 D
21 D
22 D
23 D
24 D
25 D
26 D
27 E
28 E
29 E
30 E
31 E
32 E
33 E
34 E
35 E
36 E
37 E
38 E
39 E
40 E
41 E
42 E
43 E
44 E
45 E
46 E
47 E
48 E
49 E
50 E
51 E
52 E
53 E
54 E
55 F
56 F
57 F
58 F
59 F
60 F
61 F
62 F
63 F
64 F
65 F
66 F
67 G
68 G
69 G
70 G
71 G
72 G
73 G
74 G
75 G
76 G
77 G
78 G
79 G
80 G
81 G
82 G
83 G
84 G
85 G
86 G
87 G
88 G
89 G
90 G
91 H
92 H
93 H
94 H
95 I
96 I
97 I
98 I
99 I
100 I
101 I
102 I
103 I
104 I
105 I
106 I
107 I
108 I
109 I
110 I
111 K
112 K
113 K
114 K
115 K
116 K
117 K
118 K
119 K
120 K
121 K
122 K
123 K
124 K
125 K
126 K
127 K
128 K
129 K
130 K
131 L
132 L
133 L
134 L
135 L
136 L
137 L
138 L
139 L
140 L
141 L
142 L
143 L
144 L
145 L
146 L
147 L
148 L
149 M
150 M
151 M
152 M
153 N
154 N
155 N
156 P
157 P
158 P
159 P
160 P
161 P
162 P
163 P
164 Q
165 Q
166 Q
167 Q
168 Q
169 R
170 R
171 R
172 R
173 R
174 R
175 R
176 R
177 R
178 S
179 S
180 S
181 S
182 S
183 S
184 S
185 S
186 S
187 T
188 T
189 T
190 T
191 T
192 T
193 T
194 T
195 T
196 V
197 V
198 V
199 V
200 V
201 V
202 V
203 V
204 V
205 V
206 V
207 V
208 V
209 V
210 W
211 W
212 X
213 X
214 X
215 X
216 X
217 X
218 Y
219 Y
220 Y
221 Y
222 Y
223 Y
224 Y
225 Y
226 Y
227 Y
# node ID1, node ID2, number of bounds
1 0 1
2 0 1
2 1 1
3 0 1
3 1 1
4 0 1
4 3 1
6 5 1
8 5 1
8 6 1
8 7 1
9 8 1
10 9 1
11 5 1
11 6 1
12 0 1
12 1 1
12 2 1
13 0 1
13 1 1
13 2 1
13 3 1
13 4 1
13 12 1
14 0 1
14 1 1
14 2 1
14 12 1
14 13 1
15 0 1
15 1 1
15 3 1
15 13 1
15 14 1
16 1 1
16 2 1
16 8 1
17 4 1
17 13 1
18 3 1
18 4 1
18 17 1
19 18 1
20 0 1
20 1 1
20 2 1
20 16 1
21 0 1
21 1 1
21 2 1
21 3 1
21 12 1
21 13 1
21 14 1
21 16 1
21 20 1
22 8 1
22 9 1
22 16 1
22 20 1
23 8 1
23 9 1
23 22 1
24 10 1
25 7 1
25 9 1
25 10 1
25 24 1
26 7 1
26 9 1
26 10 1
26 25 1
27 0 1
27 1 1
27 3 1
27 4 1
27 13 1
27 14 1
27 15 1
28 1 1
28 2 1
28 12 1
29 1 1
29 2 1
29 16 1
29 28 1
30 0 1
30 1 1
30 2 1
30 3 1
30 16 1
30 20 1
30 21 1
31 1 1
31 2 1
31 12 1
31 28 1
31 29 1
32 0 1
32 1 1
32 3 1
32 4 1
32 13 1
32 14 1
32 15 1
32 21 1
32 27 1
33 0 1
33 1 1
33 3 1
33 12 1
33 13 1
33 17 1
33 18 1
33 21 1
33 28 1
33 31 1
34 0 1
34 1 1
34 2 1
34 12 1
34 18 1
34 19 1
34 21 1
34 28 1
34 31 1
34 33 1
35 1 1
35 2 1
35 12 1
35 16 1
35 19 1
35 20 1
35 28 1
35 29 1
35 31 1
35 34 1
36 2 1
36 8 1
36 16 1
36 20 1
36 22 1
36 23 1
36 30 1
36 35 1
37 8 1
37 22 1
37 23 1
37 36 1
38 8 1
38 22 1
38 23 1
38 36 1
38 37 1
39 8 1
39 16 1
39 20 1
39 22 1
39 23 1
39 36 1
39 37 1
39 38 1
40 5 1
41 5 1
41 6 1
41 8 1
41 11 1
42 7 1
42 8 1
42 9 1
42 24 1
42 25 1
42 26 1
43 7 1
43 25 1
43 26 1
43 42 1
44 6 1
44 7 1
44 8 1
44 11 1
44 26 1
44 41 1
44 43 1
45 6 1
45 8 1
45 9 1
45 11 1
45 26 1
45 41 1
45 44 1
46 6 1
46 8 1
46 9 1
46 25 1
46 26 1
46 41 1
46 44 1
46 45 1
47 6 1
47 7 1
47 8 1
47 9 1
47 11 1
47 22 1
47 26 1
47 37 1
47 41 1
47 42 1
47 43 1
47 44 1
47 45 1
47 46 1
48 5 1
48 6 1
48 7 1
48 8 1
48 36 1
48 40 1
48 41 1
48 47 1
49 5 1
49 7 1
49 8 1
49 16 1
49 36 1
49 40 1
49 42 1
49 43 1
49 47 1
49 48 1
50 9 1
50 10 1
50 25 1
50 26 1
50 46 1
51 9 1
51 10 1
51 23 1
51 24 1
51 25 1
51 42 1
51 50 1
52 7 1
52 8 1
52 9 1
52 24 1
52 25 1
52 42 1
52 43 1
52 47 1
52 48 1
52 49 1
52 51 1
53 5 1
53 6 1
53 11 1
53 40 1
53 41 1
53 44 1
53 48 1
54 5 1
54 6 1
54 11 1
54 41 1
54 44 1
54 53 1
55 1 1
55 2 1
55 12 1
55 16 1
55 19 1
55 20 1
55 21 1
55 29 1
55 30 1
55 31 1
55 33 1
55 34 1
55 35 1
55 36 1
56 3 1
56 4 1
56 13 1
56 17 1
56 18 1
56 33 1
57 16 1
57 18 1
57 19 1
57 20 1
57 21 1
57 30 1
57 33 1
57 34 1
57 35 1
57 55 1
58 0 1
58 1 1
58 2 1
58 16 1
58 19 1
58 20 1
58 21 1
58 22 1
58 30 1
58 34 1
58 35 1
58 36 1
58 55 1
58 57 1
59 0 1
59 1 1
59 2 1
59 3 1
59 4 1
59 12 1
59 13 1
59 14 1
59 17 1
59 18 1
59 21 1
59 31 1
59 33 1
59 34 1
59 56 1
59 57 1
60 1 1
60 2 1
60 12 1
60 16 1
60 19 1
60 20 1
60 28 1
60 29 1
60 31 1
60 33 1
60 34 1
60 35 1
60 55 1
60 57 1
60 58 1
61 1 1
61 2 1
61 16 1
61 19 1
61 20 1
61 21 1
61 22 1
61 29 1
61 31 1
61 34 1
61 35 1
61 36 1
61 55 1
61 57 1
61 58 1
61 60 1
62 7 1
62 9 1
62 10 1
62 24 1
62 25 1
62 26 1
62 42 1
62 43 1
62 50 1
62 51 1
62 52 1
63 6 1
63 7 1
63 8 1
63 11 1
63 26 1
63 41 1
63 43 1
63 44 1
63 45 1
63 46 1
63 47 1
63 53 1
64 8 1
64 9 1
64 10 1
64 25 1
64 26 1
64 46 1
64 47 1
64 50 1
64 51 1
64 62 1
65 9 1
65 10 1
65 24 1
65 25 1
65 26 1
65 42 1
65 46 1
65 50 1
65 51 1
65 62 1
65 64 1
66 5 1
66 6 1
66 7 1
66 8 1
66 11 1
66 40 1
66 41 1
66 43 1
66 44 1
66 45 1
66 47 1
66 48 1
66 49 1
66 53 1
66 63 1
67 0 1
67 1 1
67 12 1
67 13 1
67 14 1
67 15 1
67 27 1
67 28 1
67 33 1
67 59 1
68 0 1
68 1 1
68 3 1
68 4 1
68 13 1
68 14 1
68 15 1
68 21 1
68 27 1
68 32 1
68 59 1
68 67 1
69 1 1
69 2 1
69 12 1
69 28 1
69 29 1
69 31 1
69 33 1
69 34 1
69 35 1
69 55 1
69 60 1
69 61 1
70 2 1
70 28 1
70 29 1
70 31 1
70 35 1
70 60 1
70 61 1
70 69 1
71 1 1
71 2 1
71 8 1
71 16 1
71 20 1
71 21 1
71 22 1
71 29 1
71 30 1
71 35 1
71 36 1
71 39 1
71 48 1
71 49 1
71 55 1
71 58 1
71 61 1
72 0 1
72 1 1
72 3 1
72 4 1
72 12 1
72 13 1
72 17 1
72 18 1
72 33 1
72 34 1
72 56 1
72 57 1
72 59 1
73 4 1
73 13 1
73 17 1
73 18 1
73 33 1
73 56 1
73 59 1
73 72 1
74 0 1
74 1 1
74 2 1
74 3 1
74 16 1
74 20 1
74 21 1
74 30 1
74 36 1
74 40 1
74 48 1
74 49 1
74 55 1
74 58 1
74 61 1
74 71 1
75 0 1
75 1 1
75 2 1
75 3 1
75 16 1
75 20 1
75 21 1
75 30 1
75 32 1
75 58 1
75 71 1
75 74 1
76 1 1
76 2 1
76 12 1
76 28 1
76 29 1
76 31 1
76 33 1
76 34 1
76 35 1
76 55 1
76 57 1
76 60 1
76 61 1
76 69 1
76 70 1
77 0 1
77 3 1
77 4 1
77 13 1
77 32 1
77 68 1
78 2 1
78 8 1
78 16 1
78 20 1
78 22 1
78 23 1
78 29 1
78 35 1
78 36 1
78 39 1
78 52 1
78 55 1
78 58 1
78 60 1
78 61 1
78 71 1
78 74 1
79 8 1
79 9 1
79 10 1
79 16 1
79 22 1
79 23 1
79 36 1
79 37 1
79 38 1
79 39 1
79 51 1
79 61 1
79 71 1
79 78 1
80 8 1
80 9 1
80 10 1
80 22 1
80 23 1
80 36 1
80 37 1
80 38 1
80 39 1
80 47 1
80 51 1
80 64 1
80 78 1
80 79 1
81 5 1
81 7 1
81 8 1
81 40 1
81 48 1
81 49 1
81 52 1
81 66 1
81 71 1
81 74 1
82 5 1
82 40 1
82 48 1
82 49 1
82 53 1
82 66 1
82 81 1
83 5 1
83 6 1
83 8 1
83 11 1
83 41 1
83 44 1
83 45 1
83 46 1
83 47 1
83 53 1
83 54 1
83 63 1
83 66 1
84 7 1
84 8 1
84 9 1
84 10 1
84 24 1
84 25 1
84 26 1
84 42 1
84 43 1
84 46 1
84 47 1
84 50 1
84 51 1
84 52 1
84 62 1
84 64 1
84 65 1
85 6 1
85 8 1
85 9 1
85 11 1
85 26 1
85 41 1
85 44 1
85 45 1
85 46 1
85 47 1
85 53 1
85 54 1
85 63 1
85 66 1
85 83 1
86 6 1
86 7 1
86 8 1
86 9 1
86 25 1
86 26 1
86 41 1
86 42 1
86 43 1
86 44 1
86 45 1
86 46 1
86 47 1
86 63 1
86 64 1
86 66 1
86 83 1
86 84 1
86 85 1
87 8 1
87 9 1
87 10 1
87 22 1
87 23 1
87 26 1
87 36 1
87 37 1
87 38 1
87 39 1
87 41 1
87 42 1
87 44 1
87 45 1
87 46 1
87 47 1
87 51 1
87 52 1
87 64 1
87 79 1
87 80 1
87 84 1
87 85 1
87 86 1
88 5 1
88 7 1
88 8 1
88 40 1
88 43 1
88 48 1
88 49 1
88 52 1
88 53 1
88 66 1
88 81 1
88 82 1
89 9 1
89 10 1
89 26 1
89 46 1
89 47 1
89 50 1
89 51 1
89 64 1
89 65 1
89 80 1
89 87 1
90 9 1
90 10 1
90 25 1
90 26 1
90 46 1
90 50 1
90 51 1
90 62 1
90 64 1
90 65 1
90 84 1
90 87 1
90 89 1
91 1 1
91 12 1
91 18 1
91 19 1
91 20 1
91 31 1
91 33 1
91 34 1
91 35 1
91 55 1
91 56 1
91 57 1
91 58 1
91 59 1
91 60 1
91 61 1
91 69 1
91 72 1
91 76 1
92 0 1
92 1 1
92 2 1
92 3 1
92 12 1
92 13 1
92 14 1
92 18 1
92 21 1
92 27 1
92 28 1
92 31 1
92 33 1
92 34 1
92 59 1
92 67 1
92 68 1
92 69 1
92 72 1
92 73 1
92 76 1
92 91 1
93 5 1
93 7 1
93 8 1
93 16 1
93 36 1
93 40 1
93 42 1
93 43 1
93 48 1
93 49 1
93 52 1
93 66 1
93 71 1
93 78 1
93 81 1
93 82 1
93 84 1
93 88 1
94 5 1
94 7 1
94 8 1
94 25 1
94 40 1
94 42 1
94 43 1
94 47 1
94 48 1
94 49 1
94 52 1
94 63 1
94 66 1
94 81 1
94 82 1
94 84 1
94 88 1
94 93 1
95 0 1
95 1 1
95 2 1
95 3 1
95 12 1
95 13 1
95 14 1
95 15 1
95 21 1
95 27 1
95 32 1
95 59 1
95 67 1
95 68 1
95 92 1
96 1 1
96 2 1
96 12 1
96 13 1
96 14 1
96 28 1
96 31 1
96 33 1
96 34 1
96 59 1
96 60 1
96 67 1
96 69 1
96 76 1
96 92 1
96 95 1
97 0 1
97 1 1
97 2 1
97 16 1
97 20 1
97 21 1
97 22 1
97 29 1
97 30 1
97 35 1
97 36 1
97 40 1
97 48 1
97 49 1
97 55 1
97 58 1
97 61 1
97 71 1
97 74 1
97 75 1
97 78 1
97 81 1
97 82 1
97 88 1
97 93 1
98 0 1
98 1 1
98 2 1
98 3 1
98 4 1
98 13 1
98 18 1
98 20 1
98 21 1
98 30 1
98 32 1
98 33 1
98 57 1
98 58 1
98 59 1
98 68 1
98 72 1
98 74 1
98 75 1
98 77 1
98 95 1
98 97 1
99 0 1
99 1 1
99 2 1
99 3 1
99 12 1
99 13 1
99 14 1
99 15 1
99 16 1
99 20 1
99 21 1
99 27 1
99 30 1
99 32 1
99 33 1
99 34 1
99 58 1
99 59 1
99 67 1
99 68 1
99 71 1
99 74 1
99 75 1
99 92 1
99 95 1
99 96 1
99 97 1
99 98 1
100 0 1
100 1 1
100 2 1
100 3 1
100 12 1
100 13 1
100 14 1
100 16 1
100 20 1
100 21 1
100 28 1
100 29 1
100 30 1
100 31 1
100 33 1
100 34 1
100 35 1
100 55 1
100 57 1
100 58 1
100 59 1
100 60 1
100 61 1
100 68 1
100 69 1
100 71 1
100 72 1
100 74 1
100 75 1
100 76 1
100 78 1
100 91 1
100 92 1
100 95 1
100 96 1
100 97 1
100 98 1
100 99 1
101 0 1
101 1 1
101 2 1
101 3 1
101 4 1
101 12 1
101 13 1
101 14 1
101 15 1
101 17 1
101 18 1
101 21 1
101 27 1
101 28 1
101 31 1
101 32 1
101 33 1
101 34 1
101 59 1
101 67 1
101 68 1
101 72 1
101 73 1
101 91 1
101 92 1
101 95 1
101 96 1
101 98 1
101 99 1
101 100 1
102 3 1
102 4 1
102 13 1
102 17 1
102 18 1
102 32 1
102 56 1
102 59 1
102 72 1
102 73 1
102 77 1
102 98 1
103 8 1
103 9 1
103 10 1
103 16 1
103 22 1
103 23 1
103 36 1
103 37 1
103 38 1
103 39 1
103 47 1
103 51 1
103 52 1
103 64 1
103 71 1
103 78 1
103 79 1
103 80 1
103 84 1
103 87 1
103 89 1
104 8 1
104 9 1
104 10 1
104 16 1
104 20 1
104 22 1
104 23 1
104 36 1
104 37 1
104 38 1
104 39 1
104 47 1
104 51 1
104 52 1
104 61 1
104 71 1
104 78 1
104 79 1
104 80 1
104 84 1
104 87 1
104 93 1
104 97 1
104 103 1
105 2 1
105 7 1
105 8 1
105 16 1
105 20 1
105 22 1
105 29 1
105 36 1
105 40 1
105 42 1
105 48 1
105 49 1
105 52 1
105 61 1
105 71 1
105 74 1
105 78 1
105 81 1
105 82 1
105 88 1
105 93 1
105 94 1
105 97 1
105 103 1
105 104 1
106 5 1
106 6 1
106 7 1
106 8 1
106 11 1
106 41 1
106 43 1
106 44 1
106 45 1
106 46 1
106 47 1
106 48 1
106 53 1
106 54 1
106 63 1
106 66 1
106 83 1
106 85 1
106 86 1
106 88 1
106 94 1
107 5 1
107 6 1
107 7 1
107 8 1
107 11 1
107 26 1
107 41 1
107 43 1
107 44 1
107 45 1
107 46 1
107 47 1
107 48 1
107 53 1
107 54 1
107 63 1
107 66 1
107 83 1
107 85 1
107 86 1
107 87 1
107 106 1
108 5 1
108 6 1
108 7 1
108 8 1
108 9 1
108 11 1
108 22 1
108 26 1
108 36 1
108 37 1
108 40 1
108 41 1
108 42 1
108 43 1
108 44 1
108 45 1
108 46 1
108 47 1
108 48 1
108 49 1
108 52 1
108 53 1
108 63 1
108 66 1
108 71 1
108 80 1
108 81 1
108 82 1
108 83 1
108 84 1
108 85 1
108 86 1
108 87 1
108 88 1
108 93 1
108 94 1
108 103 1
108 104 1
108 105 1
108 106 1
108 107 1
109 7 1
109 8 1
109 9 1
109 16 1
109 22 1
109 24 1
109 25 1
109 29 1
109 36 1
109 42 1
109 47 1
109 48 1
109 49 1
109 51 1
109 52 1
109 71 1
109 78 1
109 79 1
109 80 1
109 81 1
109 84 1
109 87 1
109 88 1
109 93 1
109 94 1
109 97 1
109 103 1
109 104 1
109 105 1
109 108 1
110 9 1
110 10 1
110 24 1
110 25 1
110 26 1
110 42 1
110 50 1
110 51 1
110 62 1
110 64 1
110 65 1
110 84 1
110 89 1
110 90 1
111 0 1
111 1 1
111 13 1
111 14 1
111 15 1
111 21 1
111 27 1
111 32 1
111 68 1
111 95 1
111 99 1
112 0 1
112 1 1
112 2 1
112 3 1
112 12 1
112 13 1
112 14 1
112 15 1
112 21 1
112 27 1
112 28 1
112 31 1
112 33 1
112 34 1
112 59 1
112 67 1
112 68 1
112 69 1
112 72 1
112 92 1
112 95 1
112 96 1
112 99 1
112 100 1
112 101 1
112 111 1
113 1 1
113 12 1
113 28 1
113 31 1
113 33 1
113 34 1
113 59 1
113 60 1
113 67 1
113 69 1
113 76 1
113 91 1
113 92 1
113 96 1
113 100 1
113 101 1
113 112 1
114 4 1
114 13 1
114 17 1
114 18 1
114 33 1
114 56 1
114 59 1
114 72 1
114 73 1
114 91 1
114 92 1
114 101 1
114 102 1
115 18 1
115 19 1
115 20 1
115 31 1
115 33 1
115 34 1
115 35 1
115 55 1
115 57 1
115 58 1
115 59 1
115 60 1
115 61 1
115 72 1
115 76 1
115 91 1
115 100 1
116 0 1
116 1 1
116 2 1
116 16 1
116 20 1
116 21 1
116 22 1
116 30 1
116 36 1
116 48 1
116 58 1
116 61 1
116 71 1
116 74 1
116 75 1
116 78 1
116 81 1
116 97 1
116 98 1
116 99 1
116 100 1
116 105 1
117 0 1
117 1 1
117 2 1
117 3 1
117 4 1
117 13 1
117 14 1
117 15 1
117 20 1
117 21 1
117 27 1
117 30 1
117 32 1
117 58 1
117 59 1
117 68 1
117 71 1
117 72 1
117 74 1
117 75 1
117 77 1
117 95 1
117 97 1
117 98 1
117 99 1
117 100 1
117 101 1
117 111 1
117 112 1
117 116 1
118 1 1
118 2 1
118 12 1
118 16 1
118 21 1
118 28 1
118 29 1
118 31 1
118 33 1
118 34 1
118 35 1
118 55 1
118 60 1
118 61 1
118 69 1
118 70 1
118 76 1
118 78 1
118 91 1
118 92 1
118 95 1
118 96 1
118 97 1
118 99 1
118 100 1
118 101 1
118 112 1
118 113 1
119 0 1
119 1 1
119 3 1
119 4 1
119 13 1
119 14 1
119 15 1
119 17 1
119 21 1
119 27 1
119 32 1
119 59 1
119 67 1
119 68 1
119 72 1
119 77 1
119 92 1
119 95 1
119 98 1
119 99 1
119 101 1
119 102 1
119 111 1
119 112 1
119 117 1
120 2 1
120 16 1
120 20 1
120 22 1
120 23 1
120 29 1
120 35 1
120 36 1
120 39 1
120 55 1
120 57 1
120 58 1
120 60 1
120 61 1
120 70 1
120 71 1
120 74 1
120 76 1
120 78 1
120 79 1
120 80 1
120 97 1
120 100 1
120 103 1
120 104 1
120 105 1
120 109 1
120 115 1
120 116 1
120 118 1
121 5 1
121 6 1
121 8 1
121 11 1
121 40 1
121 41 1
121 44 1
121 47 1
121 48 1
121 49 1
121 53 1
121 54 1
121 66 1
121 81 1
121 82 1
121 83 1
121 85 1
121 88 1
121 93 1
121 94 1
121 105 1
121 106 1
121 107 1
121 108 1
122 9 1
122 10 1
122 24 1
122 25 1
122 42 1
122 51 1
122 52 1
122 62 1
122 64 1
122 65 1
122 84 1
122 90 1
122 109 1
122 110 1
123 10 1
123 24 1
123 25 1
123 42 1
123 50 1
123 51 1
123 52 1
123 62 1
123 65 1
123 84 1
123 109 1
123 110 1
123 122 1
124 5 1
124 6 1
124 7 1
124 8 1
124 40 1
124 43 1
124 47 1
124 48 1
124 49 1
124 52 1
124 53 1
124 66 1
124 81 1
124 82 1
124 88 1
124 93 1
124 94 1
124 105 1
124 106 1
124 107 1
124 108 1
124 109 1
124 121 1
125 8 1
125 9 1
125 10 1
125 22 1
125 23 1
125 24 1
125 36 1
125 37 1
125 38 1
125 39 1
125 47 1
125 51 1
125 64 1
125 78 1
125 79 1
125 80 1
125 84 1
125 87 1
125 89 1
125 90 1
125 103 1
125 104 1
125 109 1
125 110 1
125 122 1
126 9 1
126 10 1
126 25 1
126 26 1
126 46 1
126 50 1
126 51 1
126 62 1
126 64 1
126 65 1
126 84 1
126 86 1
126 87 1
126 89 1
126 90 1
126 110 1
126 122 1
126 123 1
126 125 1
127 9 1
127 10 1
127 25 1
127 26 1
127 46 1
127 50 1
127 62 1
127 64 1
127 65 1
127 84 1
127 89 1
127 90 1
127 110 1
127 123 1
127 126 1
128 7 1
128 8 1
128 9 1
128 10 1
128 22 1
128 24 1
128 25 1
128 26 1
128 36 1
128 42 1
128 47 1
128 51 1
128 52 1
128 62 1
128 64 1
128 65 1
128 78 1
128 79 1
128 80 1
128 84 1
128 87 1
128 89 1
128 90 1
128 93 1
128 94 1
128 103 1
128 104 1
128 105 1
128 108 1
128 109 1
128 110 1
128 122 1
128 123 1
128 125 1
128 126 1
129 5 1
129 6 1
129 11 1
129 41 1
129 44 1
129 45 1
129 47 1
129 48 1
129 53 1
129 54 1
129 63 1
129 66 1
129 82 1
129 83 1
129 85 1
129 106 1
129 107 1
129 108 1
129 121 1
129 124 1
130 5 1
130 6 1
130 11 1
130 41 1
130 44 1
130 53 1
130 54 1
130 66 1
130 83 1
130 85 1
130 106 1
130 107 1
130 121 1
130 129 1
131 0 1
131 1 1
131 2 1
131 3 1
131 4 1
131 12 1
131 13 1
131 14 1
131 15 1
131 21 1
131 27 1
131 32 1
131 33 1
131 59 1
131 67 1
131 68 1
131 72 1
131 92 1
131 95 1
131 96 1
131 98 1
131 99 1
131 100 1
131 101 1
131 111 1
131 112 1
131 113 1
131 117 1
131 119 1
132 0 1
132 3 1
132 4 1
132 13 1
132 17 1
132 18 1
132 32 1
132 33 1
132 56 1
132 59 1
132 72 1
132 73 1
132 77 1
132 92 1
132 98 1
132 101 1
132 102 1
132 114 1
132 119 1
132 131 1
133 3 1
133 4 1
133 13 1
133 17 1
133 18 1
133 32 1
133 33 1
133 56 1
133 59 1
133 67 1
133 68 1
133 72 1
133 73 1
133 77 1
133 92 1
133 101 1
133 102 1
133 112 1
133 114 1
133 119 1
133 131 1
133 132 1
134 18 1
134 19 1
134 33 1
134 34 1
134 55 1
134 56 1
134 57 1
134 59 1
134 60 1
134 72 1
134 91 1
134 114 1
134 115 1
135 0 1
135 1 1
135 2 1
135 16 1
135 20 1
135 21 1
135 22 1
135 29 1
135 30 1
135 35 1
135 36 1
135 55 1
135 57 1
135 58 1
135 60 1
135 61 1
135 71 1
135 74 1
135 75 1
135 78 1
135 97 1
135 98 1
135 99 1
135 100 1
135 104 1
135 105 1
135 116 1
135 117 1
135 118 1
135 120 1
136 0 1
136 1 1
136 3 1
136 4 1
136 12 1
136 13 1
136 14 1
136 17 1
136 18 1
136 21 1
136 27 1
136 32 1
136 33 1
136 56 1
136 59 1
136 67 1
136 68 1
136 72 1
136 73 1
136 77 1
136 92 1
136 98 1
136 99 1
136 101 1
136 102 1
136 112 1
136 114 1
136 117 1
136 119 1
136 131 1
136 132 1
136 133 1
137 1 1
137 2 1
137 12 1
137 16 1
137 19 1
137 20 1
137 21 1
137 28 1
137 29 1
137 31 1
137 33 1
137 34 1
137 35 1
137 55 1
137 57 1
137 58 1
137 59 1
137 60 1
137 61 1
137 69 1
137 70 1
137 72 1
137 76 1
137 78 1
137 91 1
137 92 1
137 96 1
137 99 1
137 100 1
137 101 1
137 112 1
137 113 1
137 115 1
137 118 1
137 120 1
137 134 1
137 135 1
138 8 1
138 9 1
138 16 1
138 20 1
138 22 1
138 23 1
138 36 1
138 37 1
138 38 1
138 39 1
138 47 1
138 48 1
138 71 1
138 78 1
138 79 1
138 80 1
138 87 1
138 97 1
138 103 1
138 104 1
138 105 1
138 108 1
138 109 1
138 116 1
138 120 1
138 121 1
138 125 1
138 128 1
138 135 1
139 7 1
139 8 1
139 9 1
139 24 1
139 25 1
139 26 1
139 42 1
139 43 1
139 46 1
139 47 1
139 49 1
139 52 1
139 62 1
139 63 1
139 65 1
139 66 1
139 84 1
139 86 1
139 87 1
139 88 1
139 93 1
139 94 1
139 105 1
139 107 1
139 108 1
139 109 1
139 123 1
139 124 1
139 128 1
140 7 1
140 10 1
140 24 1
140 25 1
140 26 1
140 42 1
140 43 1
140 50 1
140 51 1
140 52 1
140 62 1
140 65 1
140 84 1
140 109 1
140 110 1
140 122 1
140 123 1
140 126 1
140 127 1
140 128 1
140 139 1
141 6 1
141 7 1
141 25 1
141 26 1
141 42 1
141 43 1
141 44 1
141 45 1
141 46 1
141 47 1
141 52 1
141 53 1
141 63 1
141 66 1
141 83 1
141 84 1
141 85 1
141 86 1
141 88 1
141 94 1
141 106 1
141 107 1
141 108 1
141 124 1
141 139 1
142 7 1
142 9 1
142 25 1
142 26 1
142 42 1
142 43 1
142 44 1
142 45 1
142 46 1
142 47 1
142 50 1
142 62 1
142 63 1
142 64 1
142 65 1
142 83 1
142 84 1
142 85 1
142 86 1
142 87 1
142 90 1
142 106 1
142 107 1
142 108 1
142 126 1
142 127 1
142 139 1
142 141 1
143 7 1
143 8 1
143 9 1
143 10 1
143 25 1
143 26 1
143 42 1
143 43 1
143 44 1
143 45 1
143 46 1
143 47 1
143 50 1
143 51 1
143 52 1
143 62 1
143 63 1
143 64 1
143 65 1
143 84 1
143 85 1
143 86 1
143 87 1
143 89 1
143 90 1
143 94 1
143 103 1
143 106 1
143 107 1
143 108 1
143 110 1
143 125 1
143 126 1
143 127 1
143 128 1
143 139 1
143 140 1
143 141 1
143 142 1
144 6 1
144 7 1
144 8 1
144 9 1
144 10 1
144 22 1
144 25 1
144 26 1
144 36 1
144 37 1
144 41 1
144 42 1
144 43 1
144 44 1
144 45 1
144 46 1
144 47 1
144 48 1
144 49 1
144 51 1
144 52 1
144 62 1
144 63 1
144 64 1
144 79 1
144 80 1
144 83 1
144 84 1
144 85 1
144 86 1
144 87 1
144 89 1
144 90 1
144 93 1
144 94 1
144 103 1
144 104 1
144 105 1
144 106 1
144 107 1
144 108 1
144 109 1
144 121 1
144 125 1
144 126 1
144 128 1
144 138 1
144 139 1
144 141 1
144 142 1
144 143 1
145 8 1
145 9 1
145 10 1
145 22 1
145 23 1
145 24 1
145 25 1
145 26 1
145 36 1
145 37 1
145 38 1
145 39 1
145 42 1
145 47 1
145 51 1
145 52 1
145 62 1
145 64 1
145 78 1
145 79 1
145 80 1
145 84 1
145 87 1
145 89 1
145 90 1
145 103 1
145 104 1
145 105 1
145 108 1
145 109 1
145 110 1
145 120 1
145 122 1
145 123 1
145 125 1
145 126 1
145 128 1
145 138 1
145 139 1
145 140 1
145 143 1
145 144 1
146 8 1
146 9 1
146 10 1
146 22 1
146 24 1
146 25 1
146 26 1
146 42 1
146 47 1
146 50 1
146 51 1
146 52 1
146 62 1
146 64 1
146 65 1
146 78 1
146 79 1
146 80 1
146 84 1
146 87 1
146 89 1
146 90 1
146 103 1
146 104 1
146 109 1
146 110 1
146 122 1
146 123 1
146 125 1
146 126 1
146 128 1
146 139 1
146 140 1
146 143 1
146 144 1
146 145 1
147 7 1
147 8 1
147 25 1
147 40 1
147 42 1
147 43 1
147 47 1
147 48 1
147 49 1
147 52 1
147 62 1
147 63 1
147 66 1
147 81 1
147 84 1
147 86 1
147 87 1
147 88 1
147 93 1
147 94 1
147 103 1
147 104 1
147 105 1
147 107 1
147 108 1
147 109 1
147 121 1
147 124 1
147 128 1
147 139 1
147 140 1
147 141 1
147 143 1
147 144 1
147 145 1
147 146 1
148 5 1
148 6 1
148 7 1
148 8 1
148 40 1
148 42 1
148 43 1
148 44 1
148 47 1
148 48 1
148 49 1
148 52 1
148 53 1
148 63 1
148 66 1
148 81 1
148 82 1
148 84 1
148 86 1
148 88 1
148 93 1
148 94 1
148 105 1
148 106 1
148 107 1
148 108 1
148 109 1
148 121 1
148 124 1
148 129 1
148 139 1
148 141 1
148 143 1
148 144 1
148 147 1
149 1 1
149 2 1
149 12 1
149 16 1
149 20 1
149 21 1
149 28 1
149 29 1
149 31 1
149 34 1
149 35 1
149 36 1
149 55 1
149 58 1
149 60 1
149 61 1
149 69 1
149 70 1
149 71 1
149 74 1
149 76 1
149 78 1
149 95 1
149 96 1
149 97 1
149 99 1
149 100 1
149 105 1
149 109 1
149 118 1
149 120 1
149 135 1
149 137 1
150 0 1
150 1 1
150 2 1
150 16 1
150 20 1
150 21 1
150 22 1
150 29 1
150 30 1
150 35 1
150 36 1
150 48 1
150 49 1
150 55 1
150 58 1
150 60 1
150 61 1
150 71 1
150 74 1
150 75 1
150 78 1
150 81 1
150 93 1
150 97 1
150 99 1
150 100 1
150 104 1
150 105 1
150 109 1
150 116 1
150 117 1
150 118 1
150 120 1
150 135 1
150 137 1
150 149 1
151 0 1
151 1 1
151 2 1
151 12 1
151 14 1
151 16 1
151 20 1
151 21 1
151 28 1
151 29 1
151 31 1
151 33 1
151 34 1
151 35 1
151 55 1
151 58 1
151 59 1
151 60 1
151 61 1
151 67 1
151 69 1
151 70 1
151 74 1
151 76 1
151 91 1
151 92 1
151 95 1
151 96 1
151 97 1
151 99 1
151 100 1
151 101 1
151 112 1
151 113 1
151 118 1
151 120 1
151 131 1
151 135 1
151 137 1
151 149 1
151 150 1
152 5 1
152 6 1
152 7 1
152 8 1
152 16 1
152 22 1
152 36 1
152 40 1
152 41 1
152 44 1
152 47 1
152 48 1
152 49 1
152 52 1
152 53 1
152 66 1
152 71 1
152 74 1
152 78 1
152 81 1
152 82 1
152 83 1
152 87 1
152 88 1
152 93 1
152 94 1
152 97 1
152 103 1
152 104 1
152 105 1
152 106 1
152 107 1
152 108 1
152 109 1
152 116 1
152 121 1
152 124 1
152 129 1
152 138 1
152 139 1
152 144 1
152 147 1
152 148 1
152 150 1
153 0 1
153 3 1
153 4 1
153 13 1
153 17 1
153 32 1
153 68 1
153 77 1
153 98 1
153 102 1
153 117 1
153 119 1
153 132 1
153 133 1
153 136 1
154 5 1
154 6 1
154 8 1
154 11 1
154 41 1
154 44 1
154 45 1
154 47 1
154 48 1
154 53 1
154 54 1
154 63 1
154 66 1
154 82 1
154 83 1
154 85 1
154 86 1
154 87 1
154 106 1
154 107 1
154 108 1
154 121 1
154 124 1
154 129 1
154 130 1
154 138 1
154 144 1
154 148 1
154 152 1
155 9 1
155 25 1
155 26 1
155 44 1
155 45 1
155 46 1
155 47 1
155 50 1
155 63 1
155 64 1
155 65 1
155 83 1
155 85 1
155 86 1
155 87 1
155 90 1
155 106 1
155 107 1
155 126 1
155 127 1
155 141 1
155 142 1
155 143 1
155 144 1
156 0 1
156 1 1
156 2 1
156 3 1
156 13 1
156 14 1
156 15 1
156 21 1
156 27 1
156 32 1
156 67 1
156 68 1
156 74 1
156 95 1
156 98 1
156 99 1
156 100 1
156 101 1
156 111 1
156 112 1
156 117 1
156 119 1
156 131 1
157 0 1
157 1 1
157 2 1
157 12 1
157 16 1
157 20 1
157 21 1
157 22 1
157 29 1
157 31 1
157 34 1
157 35 1
157 36 1
157 55 1
157 57 1
157 58 1
157 60 1
157 61 1
157 69 1
157 70 1
157 71 1
157 74 1
157 75 1
157 76 1
157 78 1
157 93 1
157 97 1
157 99 1
157 100 1
157 104 1
157 105 1
157 109 1
157 116 1
157 118 1
157 120 1
157 135 1
157 137 1
157 149 1
157 150 1
157 151 1
158 0 1
158 1 1
158 3 1
158 4 1
158 13 1
158 15 1
158 17 1
158 21 1
158 27 1
158 32 1
158 59 1
158 68 1
158 72 1
158 77 1
158 98 1
158 99 1
158 101 1
158 102 1
158 111 1
158 117 1
158 119 1
158 131 1
158 132 1
158 133 1
158 136 1
158 153 1
159 5 1
159 6 1
159 7 1
159 8 1
159 11 1
159 40 1
159 41 1
159 44 1
159 45 1
159 47 1
159 48 1
159 49 1
159 53 1
159 54 1
159 63 1
159 66 1
159 81 1
159 82 1
159 83 1
159 85 1
159 86 1
159 87 1
159 88 1
159 93 1
159 94 1
159 106 1
159 107 1
159 108 1
159 121 1
159 124 1
159 129 1
159 130 1
159 138 1
159 141 1
159 144 1
159 147 1
159 148 1
159 152 1
159 154 1
160 7 1
160 8 1
160 9 1
160 10 1
160 25 1
160 26 1
160 42 1
160 44 1
160 45 1
160 46 1
160 47 1
160 50 1
160 51 1
160 52 1
160 62 1
160 63 1
160 64 1
160 65 1
160 80 1
160 84 1
160 85 1
160 86 1
160 87 1
160 89 1
160 90 1
160 103 1
160 104 1
160 107 1
160 108 1
160 109 1
160 110 1
160 125 1
160 126 1
160 127 1
160 128 1
160 138 1
160 139 1
160 141 1
160 142 1
160 143 1
160 144 1
160 145 1
160 146 1
160 147 1
160 155 1
161 8 1
161 9 1
161 10 1
161 22 1
161 23 1
161 26 1
161 38 1
161 39 1
161 47 1
161 50 1
161 51 1
161 64 1
161 65 1
161 79 1
161 80 1
161 84 1
161 87 1
161 89 1
161 90 1
161 103 1
161 104 1
161 110 1
161 122 1
161 125 1
161 126 1
161 128 1
161 138 1
161 143 1
161 144 1
161 145 1
161 146 1
161 160 1
162 9 1
162 10 1
162 24 1
162 25 1
162 26 1
162 50 1
162 51 1
162 62 1
162 64 1
162 65 1
162 84 1
162 89 1
162 90 1
162 110 1
162 122 1
162 123 1
162 125 1
162 126 1
162 127 1
162 128 1
162 140 1
162 145 1
162 146 1
162 160 1
162 161 1
163 9 1
163 10 1
163 50 1
163 51 1
163 64 1
163 65 1
163 89 1
163 90 1
163 110 1
163 122 1
163 125 1
163 126 1
163 127 1
163 145 1
163 146 1
163 160 1
163 161 1
163 162 1
164 0 1
164 1 1
164 13 1
164 14 1
164 15 1
164 27 1
164 32 1
164 67 1
164 68 1
164 95 1
164 99 1
164 101 1
164 111 1
164 112 1
164 117 1
164 119 1
164 131 1
164 156 1
164 158 1
165 2 1
165 7 1
165 8 1
165 16 1
165 29 1
165 36 1
165 40 1
165 42 1
165 48 1
165 49 1
165 52 1
165 61 1
165 71 1
165 74 1
165 78 1
165 81 1
165 88 1
165 93 1
165 94 1
165 97 1
165 104 1
165 105 1
165 108 1
165 109 1
165 120 1
165 124 1
165 128 1
165 135 1
165 139 1
165 147 1
165 148 1
165 149 1
165 150 1
165 152 1
165 157 1
166 7 1
166 24 1
166 25 1
166 26 1
166 42 1
166 43 1
166 52 1
166 62 1
166 65 1
166 84 1
166 86 1
166 93 1
166 94 1
166 109 1
166 110 1
166 123 1
166 127 1
166 128 1
166 139 1
166 140 1
166 141 1
166 142 1
166 143 1
166 144 1
166 146 1
166 147 1
166 148 1
166 160 1
167 5 1
167 6 1
167 7 1
167 8 1
167 11 1
167 22 1
167 36 1
167 37 1
167 41 1
167 44 1
167 45 1
167 47 1
167 48 1
167 49 1
167 53 1
167 54 1
167 63 1
167 66 1
167 71 1
167 81 1
167 82 1
167 83 1
167 85 1
167 86 1
167 87 1
167 88 1
167 93 1
167 94 1
167 103 1
167 104 1
167 105 1
167 106 1
167 107 1
167 108 1
167 109 1
167 121 1
167 124 1
167 129 1
167 130 1
167 138 1
167 139 1
167 143 1
167 144 1
167 145 1
167 147 1
167 148 1
167 152 1
167 154 1
167 159 1
167 160 1
168 9 1
168 10 1
168 24 1
168 25 1
168 26 1
168 42 1
168 50 1
168 51 1
168 62 1
168 64 1
168 65 1
168 84 1
168 89 1
168 90 1
168 110 1
168 122 1
168 123 1
168 126 1
168 127 1
168 128 1
168 140 1
168 143 1
168 146 1
168 160 1
168 161 1
168 162 1
168 163 1
168 166 1
169 1 1
169 12 1
169 28 1
169 31 1
169 33 1
169 34 1
169 59 1
169 60 1
169 67 1
169 69 1
169 70 1
169 76 1
169 91 1
169 92 1
169 96 1
169 100 1
169 101 1
169 112 1
169 113 1
169 118 1
169 137 1
169 151 1
170 1 1
170 2 1
170 16 1
170 19 1
170 20 1
170 21 1
170 22 1
170 23 1
170 29 1
170 30 1
170 34 1
170 35 1
170 36 1
170 39 1
170 55 1
170 57 1
170 58 1
170 60 1
170 61 1
170 71 1
170 74 1
170 75 1
170 78 1
170 79 1
170 91 1
170 97 1
170 99 1
170 100 1
170 103 1
170 104 1
170 105 1
170 115 1
170 116 1
170 118 1
170 120 1
170 135 1
170 137 1
170 138 1
170 149 1
170 150 1
170 151 1
170 157 1
170 165 1
171 8 1
171 9 1
171 16 1
171 20 1
171 22 1
171 23 1
171 29 1
171 36 1
171 37 1
171 39 1
171 42 1
171 47 1
171 48 1
171 49 1
171 51 1
171 52 1
171 61 1
171 71 1
171 74 1
171 78 1
171 79 1
171 80 1
171 81 1
171 84 1
171 87 1
171 93 1
171 94 1
171 97 1
171 103 1
171 104 1
171 105 1
171 108 1
171 109 1
171 116 1
171 120 1
171 125 1
171 128 1
171 135 1
171 138 1
171 139 1
171 144 1
171 145 1
171 146 1
171 147 1
171 148 1
171 149 1
171 150 1
171 152 1
171 157 1
171 165 1
171 167 1
171 170 1
172 2 1
172 8 1
172 16 1
172 20 1
172 22 1
172 29 1
172 35 1
172 36 1
172 42 1
172 48 1
172 49 1
172 52 1
172 61 1
172 71 1
172 74 1
172 78 1
172 79 1
172 80 1
172 81 1
172 84 1
172 87 1
172 88 1
172 93 1
172 94 1
172 97 1
172 103 1
172 104 1
172 105 1
172 108 1
172 109 1
172 116 1
172 120 1
172 125 1
172 128 1
172 135 1
172 138 1
172 139 1
172 144 1
172 145 1
172 146 1
172 147 1
172 148 1
172 149 1
172 150 1
172 152 1
172 157 1
172 165 1
172 167 1
172 170 1
172 171 1
173 2 1
173 5 1
173 8 1
173 16 1
173 21 1
173 36 1
173 40 1
173 48 1
173 49 1
173 52 1
173 71 1
173 74 1
173 78 1
173 81 1
173 82 1
173 88 1
173 93 1
173 94 1
173 97 1
173 99 1
173 105 1
173 108 1
173 109 1
173 116 1
173 121 1
173 124 1
173 135 1
173 147 1
173 148 1
173 149 1
173 150 1
173 152 1
173 157 1
173 165 1
173 167 1
173 171 1
173 172 1
174 7 1
174 25 1
174 26 1
174 42 1
174 43 1
174 46 1
174 47 1
174 52 1
174 62 1
174 63 1
174 65 1
174 84 1
174 86 1
174 93 1
174 94 1
174 108 1
174 128 1
174 139 1
174 140 1
174 141 1
174 142 1
174 143 1
174 144 1
174 147 1
174 148 1
174 155 1
174 160 1
174 166 1
175 6 1
175 7 1
175 11 1
175 26 1
175 41 1
175 42 1
175 43 1
175 44 1
175 45 1
175 46 1
175 47 1
175 53 1
175 63 1
175 66 1
175 83 1
175 85 1
175 86 1
175 88 1
175 94 1
175 106 1
175 107 1
175 108 1
175 124 1
175 129 1
175 139 1
175 141 1
175 142 1
175 143 1
175 144 1
175 147 1
175 148 1
175 154 1
175 155 1
175 159 1
175 166 1
175 167 1
175 174 1
176 6 1
176 8 1
176 9 1
176 22 1
176 23 1
176 26 1
176 36 1
176 37 1
176 38 1
176 39 1
176 41 1
176 44 1
176 45 1
176 46 1
176 47 1
176 48 1
176 49 1
176 52 1
176 63 1
176 64 1
176 66 1
176 79 1
176 80 1
176 83 1
176 85 1
176 86 1
176 87 1
176 94 1
176 103 1
176 104 1
176 106 1
176 107 1
176 108 1
176 109 1
176 121 1
176 125 1
176 128 1
176 129 1
176 138 1
176 139 1
176 142 1
176 143 1
176 144 1
176 145 1
176 146 1
176 147 1
176 148 1
176 152 1
176 154 1
176 159 1
176 160 1
176 161 1
176 167 1
176 171 1
176 172 1
177 5 1
177 6 1
177 8 1
177 16 1
177 22 1
177 36 1
177 37 1
177 39 1
177 40 1
177 41 1
177 44 1
177 47 1
177 48 1
177 49 1
177 52 1
177 53 1
177 66 1
177 71 1
177 78 1
177 80 1
177 81 1
177 82 1
177 83 1
177 85 1
177 87 1
177 88 1
177 93 1
177 94 1
177 97 1
177 103 1
177 104 1
177 105 1
177 106 1
177 107 1
177 108 1
177 109 1
177 116 1
177 121 1
177 124 1
177 129 1
177 138 1
177 144 1
177 145 1
177 147 1
177 148 1
177 152 1
177 154 1
177 159 1
177 165 1
177 167 1
177 171 1
177 172 1
177 173 1
177 176 1
178 0 1
178 1 1
178 2 1
178 3 1
178 13 1
178 14 1
178 15 1
178 21 1
178 27 1
178 32 1
178 67 1
178 68 1
178 74 1
178 92 1
178 95 1
178 98 1
178 99 1
178 100 1
178 101 1
178 111 1
178 112 1
178 117 1
178 119 1
178 131 1
178 136 1
178 151 1
178 156 1
178 158 1
178 164 1
179 12 1
179 18 1
179 19 1
179 33 1
179 34 1
179 55 1
179 56 1
179 57 1
179 59 1
179 72 1
179 73 1
179 91 1
179 92 1
179 101 1
179 102 1
179 114 1
179 115 1
179 132 1
179 134 1
179 136 1
179 137 1
180 18 1
180 19 1
180 33 1
180 34 1
180 55 1
180 56 1
180 57 1
180 58 1
180 59 1
180 60 1
180 72 1
180 91 1
180 114 1
180 115 1
180 134 1
180 137 1
180 179 1
181 1 1
181 2 1
181 16 1
181 19 1
181 20 1
181 21 1
181 22 1
181 30 1
181 34 1
181 35 1
181 36 1
181 55 1
181 57 1
181 58 1
181 60 1
181 61 1
181 71 1
181 74 1
181 75 1
181 78 1
181 91 1
181 97 1
181 98 1
181 100 1
181 115 1
181 116 1
181 120 1
181 134 1
181 135 1
181 137 1
181 150 1
181 151 1
181 157 1
181 170 1
181 179 1
181 180 1
182 7 1
182 8 1
182 16 1
182 22 1
182 29 1
182 36 1
182 40 1
182 42 1
182 47 1
182 48 1
182 49 1
182 52 1
182 71 1
182 78 1
182 81 1
182 82 1
182 84 1
182 87 1
182 88 1
182 93 1
182 94 1
182 97 1
182 103 1
182 104 1
182 105 1
182 108 1
182 109 1
182 120 1
182 121 1
182 124 1
182 128 1
182 138 1
182 139 1
182 144 1
182 145 1
182 146 1
182 147 1
182 148 1
182 149 1
182 150 1
182 152 1
182 157 1
182 165 1
182 166 1
182 167 1
182 171 1
182 172 1
182 173 1
182 176 1
182 177 1
183 8 1
183 9 1
183 10 1
183 22 1
183 23 1
183 37 1
183 38 1
183 39 1
183 46 1
183 47 1
183 51 1
183 64 1
183 79 1
183 80 1
183 87 1
183 89 1
183 90 1
183 103 1
183 104 1
183 110 1
183 125 1
183 126 1
183 128 1
183 138 1
183 143 1
183 144 1
183 145 1
183 146 1
183 160 1
183 161 1
183 162 1
183 163 1
183 176 1
184 9 1
184 10 1
184 50 1
184 51 1
184 64 1
184 65 1
184 80 1
184 87 1
184 89 1
184 90 1
184 110 1
184 125 1
184 126 1
184 127 1
184 145 1
184 146 1
184 160 1
184 161 1
184 162 1
184 163 1
184 168 1
184 183 1
185 5 1
185 6 1
185 7 1
185 8 1
185 11 1
185 40 1
185 41 1
185 43 1
185 44 1
185 47 1
185 48 1
185 49 1
185 53 1
185 63 1
185 66 1
185 81 1
185 82 1
185 83 1
185 88 1
185 93 1
185 94 1
185 106 1
185 107 1
185 108 1
185 121 1
185 124 1
185 129 1
185 139 1
185 141 1
185 147 1
185 148 1
185 152 1
185 154 1
185 159 1
185 167 1
185 173 1
185 174 1
185 175 1
185 177 1
185 182 1
186 6 1
186 11 1
186 41 1
186 54 1
186 83 1
186 129 1
186 130 1
186 154 1
187 2 1
187 12 1
187 28 1
187 29 1
187 31 1
187 34 1
187 35 1
187 60 1
187 61 1
187 69 1
187 70 1
187 76 1
187 96 1
187 100 1
187 113 1
187 118 1
187 137 1
187 149 1
187 151 1
187 157 1
187 169 1
188 2 1
188 28 1
188 29 1
188 31 1
188 35 1
188 60 1
188 61 1
188 69 1
188 70 1
188 76 1
188 100 1
188 118 1
188 120 1
188 137 1
188 149 1
188 150 1
188 151 1
188 157 1
188 165 1
188 169 1
188 172 1
188 187 1
189 0 1
189 1 1
189 3 1
189 12 1
189 13 1
189 17 1
189 18 1
189 19 1
189 31 1
189 33 1
189 34 1
189 55 1
189 56 1
189 57 1
189 59 1
189 60 1
189 72 1
189 73 1
189 91 1
189 92 1
189 96 1
189 98 1
189 100 1
189 101 1
189 102 1
189 112 1
189 113 1
189 114 1
189 115 1
189 132 1
189 133 1
189 134 1
189 136 1
189 137 1
189 179 1
189 180 1
189 181 1
190 4 1
190 13 1
190 17 1
190 18 1
190 33 1
190 56 1
190 59 1
190 72 1
190 73 1
190 102 1
190 114 1
190 132 1
190 133 1
190 136 1
190 179 1
190 189 1
191 0 1
191 1 1
191 2 1
191 12 1
191 13 1
191 14 1
191 16 1
191 20 1
191 21 1
191 28 1
191 29 1
191 31 1
191 33 1
191 34 1
191 35 1
191 55 1
191 59 1
191 60 1
191 61 1
191 67 1
191 68 1
191 69 1
191 70 1
191 71 1
191 74 1
191 76 1
191 92 1
191 95 1
191 96 1
191 97 1
191 99 1
191 100 1
191 101 1
191 105 1
191 112 1
191 113 1
191 117 1
191 118 1
191 131 1
191 135 1
191 137 1
191 149 1
191 150 1
191 151 1
191 156 1
191 157 1
191 164 1
191 165 1
191 169 1
191 170 1
191 178 1
191 187 1
191 188 1
192 0 1
192 1 1
192 3 1
192 4 1
192 12 1
192 13 1
192 14 1
192 15 1
192 17 1
192 21 1
192 27 1
192 32 1
192 33 1
192 34 1
192 56 1
192 59 1
192 67 1
192 68 1
192 72 1
192 73 1
192 77 1
192 92 1
192 95 1
192 96 1
192 98 1
192 99 1
192 100 1
192 101 1
192 102 1
192 112 1
192 113 1
192 114 1
192 117 1
192 119 1
192 131 1
192 132 1
192 133 1
192 136 1
192 151 1
192 153 1
192 156 1
192 158 1
192 164 1
192 178 1
192 189 1
192 190 1
192 191 1
193 0 1
193 3 1
193 4 1
193 13 1
193 14 1
193 15 1
193 17 1
193 18 1
193 27 1
193 32 1
193 33 1
193 56 1
193 59 1
193 67 1
193 68 1
193 72 1
193 73 1
193 77 1
193 92 1
193 98 1
193 101 1
193 102 1
193 112 1
193 114 1
193 117 1
193 119 1
193 131 1
193 132 1
193 133 1
193 136 1
193 153 1
193 158 1
193 178 1
193 189 1
193 190 1
193 192 1
194 8 1
194 9 1
194 16 1
194 22 1
194 23 1
194 36 1
194 37 1
194 38 1
194 39 1
194 47 1
194 71 1
194 78 1
194 79 1
194 80 1
194 87 1
194 103 1
194 104 1
194 108 1
194 120 1
194 125 1
194 138 1
194 144 1
194 145 1
194 152 1
194 160 1
194 161 1
194 167 1
194 170 1
194 171 1
194 172 1
194 176 1
194 177 1
194 183 1
195 2 1
195 7 1
195 16 1
195 29 1
195 36 1
195 40 1
195 48 1
195 49 1
195 52 1
195 71 1
195 74 1
195 78 1
195 81 1
195 82 1
195 88 1
195 93 1
195 94 1
195 97 1
195 105 1
195 108 1
195 109 1
195 124 1
195 135 1
195 139 1
195 147 1
195 148 1
195 149 1
195 150 1
195 152 1
195 157 1
195 165 1
195 171 1
195 172 1
195 173 1
195 177 1
195 182 1
195 191 1
196 0 1
196 1 1
196 2 1
196 12 1
196 13 1
196 14 1
196 15 1
196 27 1
196 28 1
196 33 1
196 59 1
196 67 1
196 68 1
196 92 1
196 95 1
196 96 1
196 99 1
196 100 1
196 101 1
196 111 1
196 112 1
196 113 1
196 119 1
196 131 1
196 151 1
196 156 1
196 164 1
196 169 1
196 178 1
196 191 1
196 192 1
197 0 1
197 1 1
197 2 1
197 3 1
197 4 1
197 12 1
197 13 1
197 14 1
197 15 1
197 21 1
197 27 1
197 32 1
197 33 1
197 59 1
197 67 1
197 68 1
197 72 1
197 77 1
197 92 1
197 95 1
197 96 1
197 98 1
197 99 1
197 100 1
197 101 1
197 111 1
197 112 1
197 117 1
197 119 1
197 131 1
197 132 1
197 133 1
197 136 1
197 151 1
197 153 1
197 156 1
197 158 1
197 164 1
197 178 1
197 191 1
197 192 1
197 193 1
197 196 1
198 0 1
198 1 1
198 2 1
198 12 1
198 13 1
198 14 1
198 27 1
198 28 1
198 31 1
198 33 1
198 34 1
198 59 1
198 67 1
198 68 1
198 69 1
198 72 1
198 76 1
198 92 1
198 95 1
198 96 1
198 99 1
198 100 1
198 101 1
198 112 1
198 113 1
198 118 1
198 119 1
198 131 1
198 136 1
198 137 1
198 151 1
198 169 1
198 178 1
198 189 1
198 191 1
198 192 1
198 196 1
198 197 1
199 0 1
199 1 1
199 2 1
199 16 1
199 19 1
199 20 1
199 21 1
199 22 1
199 29 1
199 30 1
199 31 1
199 34 1
199 35 1
199 36 1
199 55 1
199 57 1
199 58 1
199 60 1
199 61 1
199 69 1
199 71 1
199 74 1
199 75 1
199 76 1
199 78 1
199 91 1
199 97 1
199 98 1
199 99 1
199 100 1
199 104 1
199 105 1
199 115 1
199 116 1
199 118 1
199 120 1
199 135 1
199 137 1
199 149 1
199 150 1
199 151 1
199 157 1
199 170 1
199 171 1
199 172 1
199 180 1
199 181 1
199 191 1
200 0 1
200 1 1
200 2 1
200 12 1
200 16 1
200 18 1
200 19 1
200 20 1
200 21 1
200 28 1
200 30 1
200 31 1
200 33 1
200 34 1
200 35 1
200 55 1
200 57 1
200 58 1
200 59 1
200 60 1
200 61 1
200 69 1
200 72 1
200 76 1
200 91 1
200 92 1
200 98 1
200 99 1
200 100 1
200 101 1
200 115 1
200 118 1
200 120 1
200 134 1
200 135 1
200 137 1
200 149 1
200 150 1
200 151 1
200 157 1
200 169 1
200 170 1
200 179 1
200 180 1
200 181 1
200 189 1
200 191 1
200 199 1
201 0 1
201 1 1
201 2 1
201 3 1
201 13 1
201 16 1
201 18 1
201 20 1
201 21 1
201 30 1
201 32 1
201 55 1
201 57 1
201 58 1
201 59 1
201 71 1
201 72 1
201 74 1
201 75 1
201 77 1
201 91 1
201 97 1
201 98 1
201 99 1
201 100 1
201 101 1
201 102 1
201 116 1
201 117 1
201 119 1
201 135 1
201 136 1
201 150 1
201 157 1
201 158 1
201 170 1
201 180 1
201 181 1
201 189 1
201 197 1
201 199 1
201 200 1
202 1 1
202 2 1
202 12 1
202 16 1
202 28 1
202 29 1
202 31 1
202 33 1
202 34 1
202 35 1
202 55 1
202 57 1
202 60 1
202 61 1
202 69 1
202 70 1
202 76 1
202 78 1
202 91 1
202 92 1
202 96 1
202 100 1
202 113 1
202 115 1
202 118 1
202 120 1
202 135 1
202 137 1
202 149 1
202 150 1
202 151 1
202 157 1
202 169 1
202 170 1
202 181 1
202 187 1
202 188 1
202 191 1
202 199 1
202 200 1
203 1 1
203 2 1
203 12 1
203 28 1
203 31 1
203 33 1
203 34 1
203 35 1
203 55 1
203 57 1
203 59 1
203 60 1
203 61 1
203 67 1
203 69 1
203 70 1
203 72 1
203 76 1
203 91 1
203 92 1
203 96 1
203 100 1
203 101 1
203 112 1
203 113 1
203 115 1
203 118 1
203 131 1
203 134 1
203 137 1
203 149 1
203 151 1
203 157 1
203 169 1
203 179 1
203 180 1
203 187 1
203 189 1
203 191 1
203 192 1
203 196 1
203 198 1
203 199 1
203 200 1
203 202 1
204 0 1
204 1 1
204 3 1
204 4 1
204 12 1
204 13 1
204 14 1
204 17 1
204 18 1
204 21 1
204 27 1
204 32 1
204 33 1
204 34 1
204 56 1
204 59 1
204 67 1
204 68 1
204 72 1
204 73 1
204 77 1
204 91 1
204 92 1
204 95 1
204 96 1
204 98 1
204 99 1
204 100 1
204 101 1
204 102 1
204 112 1
204 113 1
204 114 1
204 117 1
204 119 1
204 131 1
204 132 1
204 133 1
204 136 1
204 153 1
204 158 1
204 179 1
204 180 1
204 189 1
204 190 1
204 192 1
204 193 1
204 196 1
204 197 1
204 198 1
204 201 1
204 203 1
205 0 1
205 1 1
205 2 1
205 12 1
205 13 1
205 18 1
205 19 1
205 21 1
205 28 1
205 31 1
205 33 1
205 34 1
205 35 1
205 55 1
205 56 1
205 57 1
205 58 1
205 59 1
205 60 1
205 61 1
205 67 1
205 69 1
205 72 1
205 76 1
205 91 1
205 92 1
205 96 1
205 98 1
205 99 1
205 100 1
205 101 1
205 112 1
205 113 1
205 114 1
205 115 1
205 117 1
205 118 1
205 131 1
205 132 1
205 134 1
205 135 1
205 136 1
205 137 1
205 149 1
205 151 1
205 157 1
205 169 1
205 179 1
205 180 1
205 181 1
205 189 1
205 191 1
205 192 1
205 197 1
205 198 1
205 199 1
205 200 1
205 201 1
205 202 1
205 203 1
205 204 1
206 5 1
206 6 1
206 7 1
206 8 1
206 11 1
206 41 1
206 43 1
206 44 1
206 45 1
206 46 1
206 47 1
206 48 1
206 49 1
206 53 1
206 63 1
206 66 1
206 81 1
206 82 1
206 83 1
206 85 1
206 86 1
206 88 1
206 93 1
206 94 1
206 106 1
206 107 1
206 108 1
206 121 1
206 124 1
206 129 1
206 130 1
206 139 1
206 141 1
206 142 1
206 143 1
206 144 1
206 147 1
206 148 1
206 152 1
206 154 1
206 155 1
206 159 1
206 167 1
206 174 1
206 175 1
206 176 1
206 177 1
206 185 1
207 6 1
207 7 1
207 8 1
207 25 1
207 26 1
207 40 1
207 42 1
207 43 1
207 44 1
207 45 1
207 46 1
207 47 1
207 48 1
207 49 1
207 52 1
207 53 1
207 63 1
207 66 1
207 81 1
207 83 1
207 84 1
207 85 1
207 86 1
207 87 1
207 88 1
207 93 1
207 94 1
207 106 1
207 107 1
207 108 1
207 109 1
207 121 1
207 124 1
207 129 1
207 139 1
207 141 1
207 142 1
207 143 1
207 144 1
207 147 1
207 148 1
207 152 1
207 154 1
207 159 1
207 160 1
207 166 1
207 167 1
207 174 1
207 175 1
207 176 1
207 177 1
207 182 1
207 185 1
207 206 1
208 7 1
208 8 1
208 9 1
208 10 1
208 16 1
208 22 1
208 23 1
208 24 1
208 25 1
208 36 1
208 39 1
208 42 1
208 47 1
208 48 1
208 49 1
208 51 1
208 52 1
208 62 1
208 64 1
208 71 1
208 78 1
208 79 1
208 80 1
208 84 1
208 87 1
208 93 1
208 94 1
208 97 1
208 103 1
208 104 1
208 105 1
208 108 1
208 109 1
208 120 1
208 122 1
208 125 1
208 128 1
208 138 1
208 139 1
208 140 1
208 143 1
208 144 1
208 145 1
208 146 1
208 147 1
208 148 1
208 150 1
208 152 1
208 160 1
208 161 1
208 165 1
208 166 1
208 167 1
208 171 1
208 172 1
208 173 1
208 176 1
208 177 1
208 182 1
208 183 1
208 194 1
208 195 1
208 207 1
209 9 1
209 10 1
209 26 1
209 46 1
209 50 1
209 51 1
209 64 1
209 65 1
209 87 1
209 89 1
209 90 1
209 110 1
209 125 1
209 126 1
209 127 1
209 143 1
209 145 1
209 146 1
209 160 1
209 161 1
209 162 1
209 163 1
209 168 1
209 183 1
209 184 1
210 0 1
210 3 1
210 4 1
210 12 1
210 13 1
210 17 1
210 18 1
210 33 1
210 56 1
210 59 1
210 72 1
210 73 1
210 91 1
210 92 1
210 98 1
210 101 1
210 102 1
210 112 1
210 114 1
210 119 1
210 131 1
210 132 1
210 133 1
210 134 1
210 136 1
210 153 1
210 158 1
210 179 1
210 180 1
210 189 1
210 190 1
210 192 1
210 193 1
210 197 1
210 204 1
210 205 1
211 0 1
211 1 1
211 2 1
211 3 1
211 12 1
211 13 1
211 14 1
211 16 1
211 18 1
211 20 1
211 21 1
211 27 1
211 30 1
211 31 1
211 32 1
211 33 1
211 34 1
211 55 1
211 57 1
211 58 1
211 59 1
211 61 1
211 68 1
211 71 1
211 72 1
211 74 1
211 75 1
211 77 1
211 91 1
211 92 1
211 95 1
211 96 1
211 97 1
211 98 1
211 99 1
211 100 1
211 101 1
211 112 1
211 116 1
211 117 1
211 118 1
211 119 1
211 131 1
211 135 1
211 136 1
211 137 1
211 149 1
211 150 1
211 151 1
211 156 1
211 157 1
211 158 1
211 170 1
211 178 1
211 179 1
211 180 1
211 181 1
211 189 1
211 191 1
211 192 1
211 193 1
211 196 1
211 197 1
211 198 1
211 199 1
211 200 1
211 201 1
211 203 1
211 204 1
211 205 1
211 210 1
212 5 1
212 6 1
212 7 1
212 8 1
212 11 1
212 40 1
212 41 1
212 42 1
212 43 1
212 44 1
212 45 1
212 47 1
212 48 1
212 49 1
212 52 1
212 53 1
212 63 1
212 66 1
212 81 1
212 82 1
212 83 1
212 85 1
212 86 1
212 88 1
212 93 1
212 94 1
212 106 1
212 107 1
212 108 1
212 121 1
212 124 1
212 129 1
212 139 1
212 141 1
212 142 1
212 143 1
212 144 1
212 147 1
212 148 1
212 152 1
212 154 1
212 159 1
212 166 1
212 167 1
212 174 1
212 175 1
212 176 1
212 177 1
212 182 1
212 185 1
212 206 1
212 207 1
213 5 1
213 6 1
213 7 1
213 8 1
213 11 1
213 40 1
213 41 1
213 42 1
213 43 1
213 44 1
213 45 1
213 47 1
213 48 1
213 49 1
213 52 1
213 53 1
213 63 1
213 66 1
213 81 1
213 82 1
213 83 1
213 85 1
213 86 1
213 88 1
213 93 1
213 94 1
213 106 1
213 107 1
213 108 1
213 121 1
213 124 1
213 129 1
213 139 1
213 141 1
213 142 1
213 143 1
213 144 1
213 147 1
213 148 1
213 152 1
213 154 1
213 159 1
213 166 1
213 167 1
213 174 1
213 175 1
213 176 1
213 177 1
213 182 1
213 185 1
213 206 1
213 207 1
213 212 1
214 9 1
214 10 1
214 50 1
214 51 1
214 64 1
214 65 1
214 80 1
214 87 1
214 89 1
214 90 1
214 103 1
214 110 1
214 122 1
214 125 1
214 126 1
214 128 1
214 145 1
214 146 1
214 160 1
214 161 1
214 162 1
214 163 1
214 168 1
214 183 1
214 184 1
214 209 1
215 9 1
215 10 1
215 50 1
215 51 1
215 64 1
215 65 1
215 80 1
215 87 1
215 89 1
215 90 1
215 103 1
215 110 1
215 122 1
215 125 1
215 126 1
215 128 1
215 145 1
215 146 1
215 160 1
215 161 1
215 162 1
215 163 1
215 168 1
215 183 1
215 184 1
215 209 1
215 214 1
216 5 1
216 6 1
216 7 1
216 8 1
216 40 1
216 42 1
216 43 1
216 44 1
216 47 1
216 48 1
216 49 1
216 52 1
216 53 1
216 63 1
216 66 1
216 81 1
216 82 1
216 88 1
216 93 1
216 94 1
216 105 1
216 106 1
216 107 1
216 108 1
216 109 1
216 121 1
216 124 1
216 129 1
216 139 1
216 141 1
216 147 1
216 148 1
216 152 1
216 154 1
216 159 1
216 165 1
216 166 1
216 167 1
216 173 1
216 174 1
216 175 1
216 177 1
216 182 1
216 185 1
216 195 1
216 206 1
216 207 1
216 212 1
216 213 1
217 5 1
217 6 1
217 7 1
217 8 1
217 40 1
217 42 1
217 43 1
217 44 1
217 47 1
217 48 1
217 49 1
217 52 1
217 53 1
217 63 1
217 66 1
217 81 1
217 82 1
217 88 1
217 93 1
217 94 1
217 105 1
217 106 1
217 107 1
217 108 1
217 109 1
217 121 1
217 124 1
217 129 1
217 139 1
217 141 1
217 147 1
217 148 1
217 152 1
217 154 1
217 159 1
217 165 1
217 166 1
217 167 1
217 173 1
217 174 1
217 175 1
217 177 1
217 182 1
217 185 1
217 195 1
217 206 1
217 207 1
217 212 1
217 213 1
217 216 1
218 0 1
218 1 1
218 12 1
218 13 1
218 18 1
218 19 1
218 21 1
218 31 1
218 33 1
218 34 1
218 35 1
218 55 1
218 56 1
218 57 1
218 58 1
218 59 1
218 60 1
218 72 1
218 76 1
218 91 1
218 92 1
218 96 1
218 98 1
218 100 1
218 101 1
218 112 1
218 113 1
218 114 1
218 115 1
218 132 1
218 134 1
218 136 1
218 137 1
218 151 1
218 169 1
218 179 1
218 180 1
218 181 1
218 189 1
218 190 1
218 192 1
218 198 1
218 199 1
218 200 1
218 201 1
218 202 1
218 203 1
218 204 1
218 205 1
218 210 1
218 211 1
219 0 1
219 1 1
219 2 1
219 3 1
219 4 1
219 13 1
219 14 1
219 15 1
219 21 1
219 27 1
219 30 1
219 32 1
219 59 1
219 68 1
219 72 1
219 74 1
219 75 1
219 77 1
219 92 1
219 95 1
219 98 1
219 99 1
219 100 1
219 101 1
219 102 1
219 111 1
219 112 1
219 116 1
219 117 1
219 119 1
219 131 1
219 132 1
219 133 1
219 136 1
219 153 1
219 156 1
219 158 1
219 164 1
219 178 1
219 192 1
219 193 1
219 197 1
219 201 1
219 204 1
219 210 1
219 211 1
220 0 1
220 3 1
220 4 1
220 13 1
220 18 1
220 21 1
220 30 1
220 32 1
220 56 1
220 59 1
220 68 1
220 72 1
220 75 1
220 77 1
220 98 1
220 99 1
220 101 1
220 102 1
220 117 1
220 119 1
220 132 1
220 133 1
220 136 1
220 153 1
220 158 1
220 192 1
220 193 1
220 197 1
220 201 1
220 204 1
220 210 1
220 211 1
220 219 1
221 5 1
221 40 1
221 48 1
221 49 1
221 53 1
221 66 1
221 71 1
221 74 1
221 75 1
221 81 1
221 82 1
221 88 1
221 93 1
221 97 1
221 105 1
221 108 1
221 116 1
221 121 1
221 124 1
221 129 1
221 148 1
221 152 1
221 154 1
221 159 1
221 167 1
221 173 1
221 177 1
221 185 1
221 195 1
221 216 1
221 217 1
222 7 1
222 9 1
222 10 1
222 24 1
222 25 1
222 26 1
222 42 1
222 50 1
222 51 1
222 52 1
222 62 1
222 64 1
222 65 1
222 84 1
222 87 1
222 90 1
222 94 1
222 103 1
222 104 1
222 109 1
222 110 1
222 122 1
222 123 1
222 125 1
222 126 1
222 127 1
222 128 1
222 139 1
222 140 1
222 143 1
222 144 1
222 145 1
222 146 1
222 147 1
222 160 1
222 161 1
222 162 1
222 163 1
222 166 1
222 168 1
222 171 1
222 174 1
222 182 1
222 208 1
222 214 1
222 215 1
223 9 1
223 10 1
223 24 1
223 25 1
223 26 1
223 42 1
223 50 1
223 51 1
223 52 1
223 62 1
223 64 1
223 65 1
223 84 1
223 87 1
223 89 1
223 90 1
223 103 1
223 109 1
223 110 1
223 122 1
223 123 1
223 125 1
223 126 1
223 127 1
223 128 1
223 139 1
223 140 1
223 143 1
223 144 1
223 145 1
223 146 1
223 147 1
223 160 1
223 161 1
223 162 1
223 163 1
223 166 1
223 168 1
223 183 1
223 208 1
223 209 1
223 214 1
223 215 1
223 222 1
224 6 1
224 8 1
224 9 1
224 10 1
224 26 1
224 37 1
224 41 1
224 44 1
224 45 1
224 46 1
224 47 1
224 51 1
224 63 1
224 64 1
224 80 1
224 83 1
224 84 1
224 85 1
224 86 1
224 87 1
224 89 1
224 90 1
224 103 1
224 104 1
224 107 1
224 108 1
224 125 1
224 126 1
224 128 1
224 138 1
224 139 1
224 142 1
224 143 1
224 144 1
224 145 1
224 146 1
224 147 1
224 154 1
224 155 1
224 159 1
224 160 1
224 161 1
224 167 1
224 171 1
224 176 1
224 177 1
224 183 1
224 184 1
224 194 1
224 206 1
224 208 1
224 209 1
224 214 1
224 215 1
225 8 1
225 9 1
225 10 1
225 16 1
225 22 1
225 23 1
225 24 1
225 25 1
225 36 1
225 39 1
225 42 1
225 47 1
225 51 1
225 52 1
225 62 1
225 64 1
225 71 1
225 78 1
225 79 1
225 80 1
225 84 1
225 87 1
225 89 1
225 93 1
225 94 1
225 103 1
225 104 1
225 105 1
225 108 1
225 109 1
225 110 1
225 120 1
225 122 1
225 123 1
225 125 1
225 128 1
225 138 1
225 139 1
225 140 1
225 143 1
225 144 1
225 145 1
225 146 1
225 147 1
225 152 1
225 160 1
225 161 1
225 165 1
225 171 1
225 172 1
225 176 1
225 177 1
225 182 1
225 183 1
225 194 1
225 208 1
225 214 1
225 215 1
225 222 1
225 223 1
225 224 1
226 8 1
226 9 1
226 10 1
226 22 1
226 23 1
226 26 1
226 37 1
226 38 1
226 39 1
226 46 1
226 47 1
226 51 1
226 64 1
226 79 1
226 80 1
226 84 1
226 85 1
226 86 1
226 87 1
226 89 1
226 90 1
226 103 1
226 104 1
226 108 1
226 109 1
226 110 1
226 125 1
226 126 1
226 128 1
226 138 1
226 143 1
226 144 1
226 145 1
226 146 1
226 160 1
226 161 1
226 162 1
226 163 1
226 167 1
226 171 1
226 176 1
226 183 1
226 184 1
226 194 1
226 208 1
226 209 1
226 214 1
226 215 1
226 222 1
226 223 1
226 224 1
226 225 1
227 7 1
227 8 1
227 9 1
227 10 1
227 22 1
227 24 1
227 25 1
227 26 1
227 36 1
227 42 1
227 43 1
227 47 1
227 49 1
227 51 1
227 52 1
227 62 1
227 64 1
227 65 1
227 78 1
227 80 1
227 84 1
227 86 1
227 87 1
227 93 1
227 94 1
227 103 1
227 104 1
227 105 1
227 108 1
227 109 1
227 110 1
227 122 1
227 123 1
227 125 1
227 128 1
227 138 1
227 139 1
227 140 1
227 141 1
227 143 1
227 144 1
227 145 1
227 146 1
227 147 1
227 148 1
227 152 1
227 160 1
227 161 1
227 165 1
227 166 1
227 167 1
227 171 1
227 172 1
227 174 1
227 176 1
227 177 1
227 182 1
227 195 1
227 207 1
227 208 1
227 222 1
227 223 1
227 224 1
227 225 1
227 226 1
