# minsup
1
# graph
G_portein_file\PKD-like\4AQO.pdb
# node ID, label
0 A
1 A
2 A
3 A
4 A
5 A
6 A
7 A
8 D
9 D
10 D
11 D
12 D
13 D
14 D
15 D
16 E
17 E
18 E
19 F
20 F
21 F
22 G
23 G
24 G
25 G
26 G
27 G
28 G
29 G
30 G
31 G
32 H
33 I
34 I
35 I
36 I
37 I
38 K
39 K
40 K
41 K
42 K
43 K
44 K
45 K
46 K
47 K
48 L
49 N
50 N
51 N
52 N
53 N
54 P
55 P
56 R
57 R
58 S
59 S
60 S
61 S
62 T
63 T
64 T
65 T
66 T
67 T
68 T
69 T
70 V
71 V
72 V
73 V
74 W
75 X
76 X
77 X
78 X
79 X
80 X
81 X
82 X
83 X
84 X
85 X
86 X
87 X
88 X
89 X
90 X
91 X
92 X
93 Y
94 Y
95 Y
# node ID1, node ID2, number of bounds
1 0 1
4 2 1
4 3 1
5 2 1
6 0 1
7 0 1
7 1 1
7 6 1
8 1 1
9 0 1
9 1 1
9 6 1
9 7 1
9 8 1
10 0 1
10 9 1
12 3 1
12 11 1
13 3 1
13 4 1
13 12 1
14 0 1
14 6 1
14 7 1
14 9 1
14 10 1
15 0 1
15 6 1
15 9 1
15 10 1
15 14 1
16 4 1
17 1 1
17 7 1
18 2 1
18 5 1
19 16 1
20 3 1
20 4 1
20 11 1
20 12 1
20 13 1
21 17 1
21 20 1
22 16 1
22 19 1
22 21 1
23 2 1
23 4 1
23 5 1
23 16 1
23 18 1
23 22 1
24 2 1
24 4 1
24 5 1
24 23 1
25 1 1
25 8 1
25 11 1
25 17 1
25 19 1
25 22 1
26 0 1
26 9 1
26 10 1
26 14 1
26 15 1
27 3 1
27 12 1
27 13 1
27 20 1
27 21 1
28 3 1
28 12 1
28 13 1
28 20 1
28 27 1
29 11 1
29 19 1
29 25 1
30 2 1
30 5 1
30 18 1
30 23 1
31 0 1
31 6 1
31 14 1
31 15 1
32 3 1
32 4 1
32 12 1
32 16 1
32 19 1
32 20 1
32 24 1
33 0 1
33 1 1
33 7 1
33 8 1
33 9 1
33 14 1
33 17 1
34 2 1
34 4 1
34 16 1
34 19 1
34 22 1
34 23 1
34 24 1
34 32 1
35 0 1
35 1 1
35 6 1
35 9 1
35 10 1
35 14 1
35 15 1
35 25 1
35 26 1
35 31 1
35 33 1
36 18 1
36 20 1
36 21 1
36 22 1
36 23 1
36 27 1
36 30 1
36 34 1
37 2 1
37 4 1
37 5 1
37 18 1
37 23 1
37 24 1
37 30 1
37 34 1
37 36 1
38 0 1
38 6 1
38 9 1
38 10 1
38 14 1
38 26 1
38 33 1
39 1 1
39 8 1
39 19 1
39 25 1
39 29 1
39 35 1
40 0 1
40 1 1
40 8 1
40 9 1
40 10 1
40 14 1
40 25 1
40 26 1
40 33 1
40 35 1
40 39 1
41 9 1
41 10 1
41 14 1
41 15 1
41 26 1
41 35 1
41 40 1
42 8 1
42 11 1
42 19 1
42 25 1
42 29 1
42 35 1
42 39 1
43 2 1
43 4 1
43 5 1
43 13 1
43 24 1
43 30 1
43 32 1
43 37 1
44 2 1
44 4 1
44 5 1
44 13 1
44 24 1
44 30 1
44 37 1
44 43 1
45 1 1
45 7 1
45 11 1
45 12 1
45 17 1
45 25 1
45 33 1
46 0 1
46 6 1
46 14 1
46 15 1
46 26 1
46 31 1
46 35 1
46 38 1
46 41 1
47 2 1
47 5 1
47 18 1
47 23 1
47 24 1
47 30 1
47 36 1
47 37 1
47 44 1
48 1 1
48 7 1
48 11 1
48 12 1
48 17 1
48 19 1
48 20 1
48 21 1
48 25 1
48 42 1
48 45 1
49 0 1
49 6 1
49 9 1
49 10 1
49 14 1
49 15 1
49 26 1
49 31 1
49 38 1
49 46 1
50 2 1
50 4 1
50 16 1
50 19 1
50 23 1
50 24 1
50 32 1
50 34 1
51 11 1
51 16 1
51 19 1
51 22 1
51 25 1
51 29 1
51 39 1
51 42 1
52 12 1
52 13 1
52 17 1
52 18 1
52 20 1
52 21 1
52 27 1
52 36 1
52 48 1
53 2 1
53 5 1
53 23 1
53 24 1
53 30 1
53 37 1
53 43 1
53 44 1
53 47 1
54 0 1
54 1 1
54 6 1
54 7 1
54 9 1
54 10 1
54 14 1
54 15 1
54 26 1
54 31 1
54 33 1
54 35 1
54 38 1
54 40 1
54 41 1
54 45 1
54 49 1
55 16 1
55 18 1
55 19 1
55 21 1
55 22 1
55 23 1
55 34 1
55 36 1
56 2 1
56 4 1
56 16 1
56 23 1
56 24 1
56 32 1
56 34 1
56 37 1
56 43 1
56 50 1
57 11 1
57 12 1
57 29 1
57 42 1
57 45 1
57 48 1
57 51 1
58 18 1
58 21 1
58 22 1
58 23 1
58 34 1
58 36 1
58 37 1
58 55 1
59 8 1
59 16 1
59 19 1
59 22 1
59 25 1
59 29 1
59 39 1
59 42 1
59 48 1
59 51 1
59 55 1
60 1 1
60 7 1
60 8 1
60 9 1
60 17 1
60 25 1
60 33 1
60 35 1
60 39 1
60 40 1
60 41 1
60 42 1
60 45 1
60 48 1
60 54 1
60 59 1
61 11 1
61 14 1
61 15 1
61 25 1
61 29 1
61 31 1
61 35 1
61 41 1
61 42 1
61 45 1
61 57 1
62 8 1
62 16 1
62 19 1
62 21 1
62 22 1
62 25 1
62 39 1
62 51 1
62 55 1
62 58 1
62 59 1
62 60 1
63 2 1
63 18 1
63 22 1
63 23 1
63 34 1
63 36 1
63 37 1
63 47 1
63 55 1
63 58 1
64 3 1
64 11 1
64 12 1
64 13 1
64 20 1
64 27 1
64 28 1
64 32 1
64 48 1
64 57 1
65 5 1
65 13 1
65 18 1
65 27 1
65 30 1
65 36 1
65 37 1
65 44 1
65 47 1
65 52 1
65 58 1
65 63 1
66 1 1
66 11 1
66 12 1
66 17 1
66 20 1
66 21 1
66 27 1
66 45 1
66 48 1
66 52 1
66 64 1
67 0 1
67 1 1
67 6 1
67 7 1
67 9 1
67 11 1
67 14 1
67 15 1
67 31 1
67 33 1
67 35 1
67 41 1
67 45 1
67 46 1
67 54 1
67 61 1
68 0 1
68 1 1
68 6 1
68 7 1
68 14 1
68 15 1
68 31 1
68 33 1
68 35 1
68 38 1
68 45 1
68 46 1
68 54 1
68 61 1
68 67 1
69 17 1
69 18 1
69 20 1
69 21 1
69 27 1
69 36 1
69 37 1
69 52 1
69 55 1
69 58 1
69 63 1
69 65 1
69 66 1
70 1 1
70 8 1
70 17 1
70 19 1
70 21 1
70 22 1
70 25 1
70 39 1
70 42 1
70 45 1
70 48 1
70 51 1
70 55 1
70 59 1
70 60 1
70 62 1
70 66 1
71 9 1
71 14 1
71 15 1
71 26 1
71 29 1
71 31 1
71 35 1
71 41 1
71 42 1
71 46 1
71 61 1
71 67 1
72 3 1
72 12 1
72 13 1
72 17 1
72 19 1
72 20 1
72 21 1
72 27 1
72 36 1
72 45 1
72 48 1
72 52 1
72 64 1
72 65 1
72 66 1
72 69 1
72 70 1
73 0 1
73 1 1
73 6 1
73 7 1
73 9 1
73 11 1
73 14 1
73 17 1
73 25 1
73 29 1
73 31 1
73 33 1
73 35 1
73 40 1
73 41 1
73 42 1
73 45 1
73 48 1
73 54 1
73 57 1
73 60 1
73 61 1
73 66 1
73 67 1
73 68 1
73 71 1
74 3 1
74 11 1
74 12 1
74 17 1
74 19 1
74 20 1
74 25 1
74 27 1
74 29 1
74 32 1
74 42 1
74 45 1
74 48 1
74 51 1
74 57 1
74 59 1
74 61 1
74 64 1
74 66 1
74 72 1
74 73 1
75 1 1
75 7 1
75 8 1
75 17 1
75 21 1
75 25 1
75 33 1
75 39 1
75 40 1
75 45 1
75 48 1
75 54 1
75 59 1
75 60 1
75 62 1
75 70 1
75 73 1
76 1 1
76 7 1
76 8 1
76 17 1
76 21 1
76 25 1
76 33 1
76 39 1
76 40 1
76 45 1
76 48 1
76 54 1
76 59 1
76 60 1
76 62 1
76 70 1
76 73 1
76 75 1
77 2 1
77 4 1
77 5 1
77 18 1
77 23 1
77 24 1
77 30 1
77 34 1
77 37 1
77 43 1
77 44 1
77 47 1
77 50 1
77 53 1
77 56 1
78 2 1
78 4 1
78 5 1
78 18 1
78 23 1
78 24 1
78 30 1
78 34 1
78 37 1
78 43 1
78 44 1
78 47 1
78 50 1
78 53 1
78 56 1
78 77 1
79 2 1
79 4 1
79 5 1
79 18 1
79 23 1
79 24 1
79 30 1
79 34 1
79 37 1
79 43 1
79 44 1
79 47 1
79 50 1
79 53 1
79 56 1
79 77 1
79 78 1
80 0 1
80 9 1
80 10 1
80 14 1
80 26 1
80 33 1
80 35 1
80 38 1
80 40 1
80 41 1
80 49 1
80 54 1
80 60 1
81 0 1
81 9 1
81 10 1
81 14 1
81 26 1
81 33 1
81 35 1
81 38 1
81 40 1
81 41 1
81 49 1
81 54 1
81 60 1
81 80 1
82 3 1
82 11 1
82 12 1
82 20 1
82 29 1
82 32 1
82 42 1
82 48 1
82 51 1
82 57 1
82 64 1
82 74 1
83 3 1
83 11 1
83 12 1
83 20 1
83 29 1
83 32 1
83 42 1
83 48 1
83 51 1
83 57 1
83 64 1
83 74 1
83 82 1
84 11 1
84 16 1
84 19 1
84 22 1
84 25 1
84 29 1
84 32 1
84 34 1
84 42 1
84 50 1
84 51 1
84 57 1
84 59 1
84 64 1
84 74 1
84 82 1
84 83 1
85 11 1
85 16 1
85 19 1
85 22 1
85 25 1
85 29 1
85 32 1
85 34 1
85 42 1
85 50 1
85 51 1
85 57 1
85 59 1
85 64 1
85 74 1
85 82 1
85 83 1
85 84 1
86 11 1
86 16 1
86 19 1
86 25 1
86 29 1
86 32 1
86 34 1
86 42 1
86 50 1
86 51 1
86 57 1
86 59 1
86 64 1
86 74 1
86 82 1
86 83 1
86 84 1
86 85 1
87 4 1
87 16 1
87 19 1
87 20 1
87 22 1
87 29 1
87 32 1
87 34 1
87 50 1
87 51 1
87 56 1
87 57 1
87 59 1
87 64 1
87 74 1
87 82 1
87 83 1
87 84 1
87 85 1
87 86 1
88 4 1
88 16 1
88 19 1
88 20 1
88 29 1
88 32 1
88 34 1
88 50 1
88 51 1
88 56 1
88 57 1
88 59 1
88 64 1
88 74 1
88 82 1
88 83 1
88 84 1
88 85 1
88 86 1
88 87 1
89 1 1
89 7 1
89 11 1
89 17 1
89 21 1
89 33 1
89 45 1
89 48 1
89 54 1
89 60 1
89 66 1
89 67 1
89 68 1
89 70 1
89 73 1
89 74 1
89 75 1
89 76 1
90 1 1
90 7 1
90 11 1
90 17 1
90 21 1
90 33 1
90 45 1
90 48 1
90 54 1
90 60 1
90 66 1
90 67 1
90 68 1
90 70 1
90 73 1
90 74 1
90 75 1
90 76 1
90 89 1
91 1 1
91 12 1
91 17 1
91 20 1
91 21 1
91 27 1
91 36 1
91 45 1
91 48 1
91 52 1
91 66 1
91 69 1
91 70 1
91 72 1
91 75 1
91 76 1
91 89 1
91 90 1
92 1 1
92 12 1
92 17 1
92 20 1
92 21 1
92 27 1
92 36 1
92 45 1
92 48 1
92 52 1
92 66 1
92 69 1
92 70 1
92 72 1
92 75 1
92 76 1
92 89 1
92 90 1
92 91 1
93 1 1
93 11 1
93 14 1
93 25 1
93 29 1
93 35 1
93 39 1
93 42 1
93 45 1
93 48 1
93 51 1
93 57 1
93 59 1
93 60 1
93 61 1
93 67 1
93 68 1
93 71 1
93 73 1
93 74 1
93 82 1
93 83 1
93 84 1
93 85 1
93 86 1
93 89 1
93 90 1
94 2 1
94 3 1
94 4 1
94 5 1
94 13 1
94 20 1
94 23 1
94 24 1
94 27 1
94 30 1
94 32 1
94 34 1
94 37 1
94 43 1
94 44 1
94 47 1
94 50 1
94 56 1
94 77 1
94 78 1
94 79 1
95 5 1
95 13 1
95 18 1
95 20 1
95 21 1
95 27 1
95 30 1
95 36 1
95 37 1
95 52 1
95 58 1
95 65 1
95 66 1
95 69 1
95 72 1
95 91 1
95 92 1
95 94 1
