# minsup
1
# graph
G_portein_file\PKD-like\4JRW.pdb
# node ID, label
0 A
1 A
2 A
3 A
4 A
5 A
6 A
7 A
8 A
9 A
10 A
11 A
12 A
13 A
14 A
15 A
16 D
17 D
18 D
19 D
20 D
21 D
22 D
23 D
24 D
25 D
26 D
27 D
28 D
29 D
30 D
31 D
32 E
33 E
34 E
35 E
36 E
37 E
38 E
39 E
40 E
41 E
42 F
43 F
44 F
45 F
46 F
47 F
48 G
49 G
50 G
51 G
52 G
53 G
54 G
55 G
56 G
57 G
58 G
59 G
60 G
61 G
62 G
63 G
64 G
65 G
66 G
67 G
68 G
69 G
70 H
71 H
72 I
73 I
74 I
75 I
76 I
77 I
78 I
79 I
80 I
81 I
82 K
83 K
84 K
85 K
86 K
87 K
88 K
89 K
90 K
91 K
92 K
93 K
94 K
95 K
96 K
97 K
98 K
99 K
100 K
101 K
102 L
103 L
104 N
105 N
106 N
107 N
108 N
109 N
110 N
111 N
112 P
113 P
114 P
115 P
116 R
117 R
118 R
119 R
120 S
121 S
122 S
123 S
124 S
125 S
126 S
127 S
128 S
129 S
130 S
131 S
132 S
133 S
134 S
135 S
136 T
137 T
138 T
139 T
140 T
141 T
142 T
143 T
144 T
145 T
146 T
147 T
148 T
149 T
150 T
151 T
152 T
153 T
154 V
155 V
156 V
157 V
158 V
159 V
160 V
161 V
162 V
163 V
164 V
165 V
166 W
167 W
168 Y
169 Y
170 Y
171 Y
172 Y
173 Y
# node ID1, node ID2, number of bounds
1 0 1
4 2 1
4 3 1
5 2 1
6 0 1
7 0 1
7 1 1
7 6 1
9 8 1
12 10 1
12 11 1
13 10 1
14 8 1
15 8 1
15 9 1
15 14 1
16 1 1
17 0 1
17 1 1
17 6 1
17 7 1
18 0 1
18 6 1
18 17 1
20 3 1
20 19 1
21 3 1
21 20 1
22 0 1
22 6 1
22 7 1
22 17 1
22 18 1
23 6 1
23 17 1
23 18 1
23 22 1
24 9 1
25 8 1
25 9 1
25 14 1
25 24 1
26 8 1
26 14 1
26 25 1
28 11 1
28 27 1
29 11 1
29 28 1
30 8 1
30 14 1
30 15 1
30 25 1
30 26 1
31 14 1
31 26 1
31 30 1
32 4 1
32 24 1
33 0 1
33 17 1
33 18 1
34 1 1
34 7 1
35 2 1
35 5 1
36 2 1
36 5 1
37 12 1
37 16 1
38 8 1
38 25 1
38 26 1
39 9 1
39 15 1
40 10 1
40 13 1
41 10 1
41 13 1
42 32 1
43 3 1
43 4 1
43 20 1
43 21 1
43 42 1
44 34 1
44 42 1
44 43 1
45 37 1
46 11 1
46 12 1
46 28 1
46 29 1
46 45 1
47 39 1
47 45 1
47 46 1
48 0 1
48 17 1
48 18 1
48 33 1
49 32 1
49 42 1
49 44 1
49 45 1
49 47 1
50 2 1
50 4 1
50 5 1
50 24 1
50 32 1
50 35 1
50 36 1
50 49 1
51 2 1
51 4 1
51 5 1
51 36 1
51 50 1
52 1 1
52 16 1
52 19 1
52 34 1
52 42 1
52 49 1
53 0 1
53 6 1
53 17 1
53 18 1
53 22 1
53 23 1
53 33 1
54 3 1
54 20 1
54 21 1
54 43 1
54 44 1
55 3 1
55 20 1
55 21 1
55 43 1
55 54 1
56 19 1
56 42 1
56 52 1
57 2 1
57 5 1
57 21 1
57 35 1
57 50 1
58 0 1
58 6 1
58 22 1
58 23 1
58 53 1
59 8 1
59 25 1
59 26 1
59 36 1
59 38 1
60 16 1
60 37 1
60 42 1
60 45 1
60 47 1
60 49 1
61 10 1
61 12 1
61 13 1
61 16 1
61 40 1
61 41 1
61 60 1
62 10 1
62 12 1
62 13 1
62 41 1
62 61 1
63 9 1
63 24 1
63 27 1
63 39 1
63 45 1
63 60 1
64 8 1
64 14 1
64 25 1
64 26 1
64 30 1
64 31 1
64 38 1
65 11 1
65 28 1
65 29 1
65 46 1
65 47 1
66 11 1
66 28 1
66 29 1
66 46 1
66 65 1
67 27 1
67 63 1
68 10 1
68 13 1
68 29 1
68 40 1
69 8 1
69 14 1
69 30 1
69 31 1
69 64 1
70 3 1
70 4 1
70 20 1
70 32 1
70 42 1
70 43 1
70 51 1
71 11 1
71 12 1
71 28 1
71 37 1
71 45 1
71 46 1
71 62 1
72 0 1
72 1 1
72 7 1
72 16 1
72 17 1
72 33 1
72 34 1
72 48 1
73 2 1
73 4 1
73 24 1
73 32 1
73 42 1
73 49 1
73 50 1
73 51 1
73 70 1
74 1 1
74 6 1
74 17 1
74 18 1
74 22 1
74 23 1
74 33 1
74 53 1
74 58 1
74 72 1
75 35 1
75 43 1
75 44 1
75 47 1
75 49 1
75 50 1
75 54 1
75 57 1
75 73 1
76 2 1
76 4 1
76 5 1
76 35 1
76 36 1
76 50 1
76 51 1
76 57 1
76 73 1
76 75 1
77 8 1
77 9 1
77 15 1
77 24 1
77 25 1
77 36 1
77 38 1
77 39 1
77 50 1
77 59 1
77 63 1
78 10 1
78 12 1
78 16 1
78 37 1
78 45 1
78 60 1
78 61 1
78 62 1
78 71 1
79 9 1
79 14 1
79 25 1
79 26 1
79 30 1
79 31 1
79 38 1
79 64 1
79 69 1
79 77 1
80 40 1
80 44 1
80 46 1
80 47 1
80 60 1
80 61 1
80 65 1
80 68 1
80 78 1
81 10 1
81 12 1
81 13 1
81 40 1
81 41 1
81 61 1
81 62 1
81 68 1
81 80 1
82 1 1
82 7 1
82 16 1
82 34 1
82 44 1
82 52 1
82 60 1
82 61 1
82 72 1
83 1 1
83 16 1
83 42 1
83 52 1
83 56 1
83 74 1
83 82 1
84 0 1
84 1 1
84 16 1
84 17 1
84 18 1
84 22 1
84 33 1
84 52 1
84 53 1
84 72 1
84 74 1
84 82 1
84 83 1
85 17 1
85 18 1
85 22 1
85 23 1
85 33 1
85 53 1
85 74 1
85 84 1
86 16 1
86 19 1
86 42 1
86 52 1
86 56 1
86 74 1
86 83 1
87 2 1
87 4 1
87 5 1
87 21 1
87 51 1
87 57 1
87 70 1
87 76 1
88 2 1
88 4 1
88 5 1
88 21 1
88 51 1
88 57 1
88 76 1
88 87 1
89 1 1
89 7 1
89 19 1
89 20 1
89 34 1
89 52 1
89 72 1
89 82 1
90 0 1
90 6 1
90 18 1
90 22 1
90 23 1
90 53 1
90 58 1
90 74 1
90 85 1
91 2 1
91 5 1
91 35 1
91 36 1
91 50 1
91 51 1
91 57 1
91 75 1
91 76 1
91 88 1
92 9 1
92 15 1
92 24 1
92 39 1
92 47 1
92 49 1
92 50 1
92 63 1
92 77 1
93 9 1
93 24 1
93 45 1
93 63 1
93 67 1
93 92 1
94 8 1
94 9 1
94 24 1
94 25 1
94 26 1
94 30 1
94 38 1
94 63 1
94 64 1
94 77 1
94 79 1
94 92 1
94 93 1
95 14 1
95 25 1
95 26 1
95 30 1
95 31 1
95 38 1
95 64 1
95 69 1
95 79 1
95 94 1
96 24 1
96 27 1
96 45 1
96 63 1
96 67 1
96 79 1
96 93 1
97 10 1
97 12 1
97 13 1
97 29 1
97 62 1
97 68 1
97 71 1
97 81 1
98 10 1
98 12 1
98 13 1
98 29 1
98 62 1
98 68 1
98 81 1
98 97 1
99 9 1
99 15 1
99 27 1
99 28 1
99 39 1
99 63 1
99 77 1
99 92 1
100 8 1
100 14 1
100 26 1
100 30 1
100 31 1
100 64 1
100 69 1
100 79 1
100 95 1
101 10 1
101 13 1
101 40 1
101 41 1
101 61 1
101 62 1
101 68 1
101 80 1
101 81 1
101 98 1
102 1 1
102 7 1
102 19 1
102 20 1
102 34 1
102 42 1
102 43 1
102 44 1
102 52 1
102 56 1
102 82 1
102 86 1
102 89 1
103 9 1
103 15 1
103 27 1
103 28 1
103 39 1
103 45 1
103 46 1
103 47 1
103 63 1
103 67 1
103 92 1
103 96 1
103 99 1
104 2 1
104 4 1
104 32 1
104 42 1
104 50 1
104 51 1
104 70 1
104 73 1
105 19 1
105 32 1
105 42 1
105 49 1
105 52 1
105 56 1
105 83 1
105 86 1
106 20 1
106 21 1
106 35 1
106 43 1
106 44 1
106 54 1
106 75 1
107 2 1
107 5 1
107 36 1
107 50 1
107 51 1
107 57 1
107 76 1
107 87 1
107 88 1
107 91 1
108 10 1
108 12 1
108 37 1
108 45 1
108 61 1
108 62 1
108 71 1
108 78 1
109 27 1
109 37 1
109 45 1
109 63 1
109 67 1
109 93 1
109 96 1
110 28 1
110 29 1
110 39 1
110 40 1
110 46 1
110 47 1
110 65 1
110 68 1
110 80 1
111 10 1
111 13 1
111 41 1
111 61 1
111 62 1
111 68 1
111 81 1
111 97 1
111 98 1
111 101 1
112 0 1
112 1 1
112 6 1
112 7 1
112 17 1
112 18 1
112 22 1
112 33 1
112 48 1
112 53 1
112 58 1
112 72 1
112 74 1
112 82 1
112 84 1
112 85 1
112 89 1
113 24 1
113 32 1
113 35 1
113 42 1
113 44 1
113 45 1
113 47 1
113 49 1
113 50 1
113 60 1
113 63 1
113 73 1
113 75 1
113 92 1
114 8 1
114 9 1
114 14 1
114 15 1
114 25 1
114 26 1
114 30 1
114 38 1
114 59 1
114 64 1
114 69 1
114 77 1
114 79 1
114 92 1
114 94 1
114 95 1
114 99 1
115 16 1
115 37 1
115 40 1
115 42 1
115 44 1
115 45 1
115 47 1
115 49 1
115 52 1
115 60 1
115 61 1
115 78 1
115 80 1
115 82 1
115 83 1
115 113 1
116 2 1
116 4 1
116 32 1
116 36 1
116 50 1
116 51 1
116 70 1
116 73 1
116 76 1
116 87 1
116 104 1
117 19 1
117 20 1
117 56 1
117 86 1
117 89 1
117 102 1
117 105 1
118 10 1
118 12 1
118 37 1
118 41 1
118 61 1
118 62 1
118 71 1
118 78 1
118 81 1
118 97 1
118 108 1
118 111 1
119 27 1
119 28 1
119 67 1
119 96 1
119 99 1
119 103 1
119 109 1
120 0 1
120 6 1
120 17 1
120 18 1
120 33 1
120 48 1
120 53 1
120 72 1
120 90 1
120 112 1
121 35 1
121 39 1
121 44 1
121 47 1
121 49 1
121 50 1
121 60 1
121 75 1
121 76 1
121 80 1
121 92 1
121 113 1
121 115 1
122 16 1
122 32 1
122 42 1
122 49 1
122 52 1
122 56 1
122 60 1
122 82 1
122 83 1
122 86 1
122 102 1
122 105 1
122 115 1
123 1 1
123 7 1
123 16 1
123 17 1
123 34 1
123 52 1
123 72 1
123 74 1
123 82 1
123 83 1
123 84 1
123 86 1
123 89 1
123 102 1
123 112 1
123 115 1
123 122 1
124 19 1
124 22 1
124 23 1
124 52 1
124 56 1
124 58 1
124 74 1
124 85 1
124 86 1
124 89 1
124 117 1
125 3 1
125 19 1
125 20 1
125 43 1
125 56 1
125 70 1
125 102 1
125 105 1
125 117 1
126 19 1
126 32 1
126 42 1
126 43 1
126 49 1
126 52 1
126 56 1
126 70 1
126 73 1
126 86 1
126 104 1
126 105 1
126 117 1
126 122 1
126 125 1
127 1 1
127 20 1
127 34 1
127 43 1
127 44 1
127 54 1
127 75 1
127 82 1
127 89 1
127 102 1
127 106 1
127 115 1
128 8 1
128 14 1
128 25 1
128 26 1
128 30 1
128 38 1
128 59 1
128 64 1
128 77 1
128 100 1
128 114 1
129 34 1
129 40 1
129 44 1
129 47 1
129 49 1
129 60 1
129 61 1
129 80 1
129 81 1
129 82 1
129 113 1
129 115 1
129 121 1
129 127 1
130 24 1
130 37 1
130 45 1
130 49 1
130 60 1
130 63 1
130 67 1
130 92 1
130 93 1
130 96 1
130 103 1
130 109 1
130 113 1
131 9 1
131 15 1
131 24 1
131 25 1
131 39 1
131 63 1
131 77 1
131 79 1
131 92 1
131 93 1
131 94 1
131 96 1
131 103 1
131 114 1
131 130 1
132 27 1
132 30 1
132 31 1
132 67 1
132 79 1
132 95 1
132 96 1
132 99 1
132 103 1
132 119 1
133 11 1
133 27 1
133 28 1
133 46 1
133 67 1
133 71 1
133 96 1
133 103 1
133 109 1
133 119 1
134 27 1
134 28 1
134 37 1
134 45 1
134 46 1
134 63 1
134 67 1
134 71 1
134 78 1
134 96 1
134 108 1
134 109 1
134 119 1
134 130 1
134 133 1
135 9 1
135 28 1
135 39 1
135 46 1
135 47 1
135 65 1
135 80 1
135 92 1
135 99 1
135 103 1
135 110 1
135 113 1
135 121 1
136 16 1
136 32 1
136 37 1
136 42 1
136 44 1
136 45 1
136 49 1
136 52 1
136 60 1
136 82 1
136 83 1
136 105 1
136 113 1
136 115 1
136 121 1
136 122 1
136 123 1
136 127 1
136 129 1
137 2 1
137 9 1
137 35 1
137 39 1
137 47 1
137 49 1
137 50 1
137 73 1
137 75 1
137 76 1
137 77 1
137 91 1
137 92 1
137 113 1
137 121 1
137 135 1
138 3 1
138 19 1
138 20 1
138 21 1
138 43 1
138 54 1
138 55 1
138 70 1
138 102 1
138 117 1
138 125 1
138 126 1
139 5 1
139 21 1
139 35 1
139 54 1
139 57 1
139 75 1
139 76 1
139 88 1
139 91 1
139 106 1
139 137 1
140 1 1
140 19 1
140 20 1
140 34 1
140 43 1
140 44 1
140 54 1
140 82 1
140 89 1
140 102 1
140 106 1
140 127 1
140 138 1
141 0 1
141 1 1
141 6 1
141 7 1
141 17 1
141 19 1
141 22 1
141 23 1
141 53 1
141 58 1
141 72 1
141 74 1
141 85 1
141 89 1
141 90 1
141 102 1
141 112 1
141 124 1
142 0 1
142 1 1
142 6 1
142 7 1
142 17 1
142 22 1
142 23 1
142 58 1
142 72 1
142 74 1
142 89 1
142 90 1
142 112 1
142 120 1
142 124 1
142 141 1
143 1 1
143 7 1
143 19 1
143 34 1
143 72 1
143 82 1
143 89 1
143 102 1
143 112 1
143 123 1
143 127 1
143 140 1
143 141 1
143 142 1
144 35 1
144 43 1
144 44 1
144 47 1
144 49 1
144 54 1
144 75 1
144 76 1
144 106 1
144 113 1
144 121 1
144 127 1
144 129 1
144 137 1
144 139 1
144 140 1
145 24 1
145 32 1
145 37 1
145 42 1
145 45 1
145 47 1
145 49 1
145 60 1
145 63 1
145 92 1
145 93 1
145 109 1
145 113 1
145 115 1
145 121 1
145 129 1
145 130 1
145 131 1
145 136 1
145 137 1
146 1 1
146 10 1
146 16 1
146 34 1
146 40 1
146 44 1
146 60 1
146 61 1
146 78 1
146 80 1
146 81 1
146 82 1
146 101 1
146 115 1
146 127 1
146 129 1
146 136 1
147 11 1
147 27 1
147 28 1
147 29 1
147 46 1
147 65 1
147 66 1
147 71 1
147 103 1
147 119 1
147 133 1
147 134 1
148 13 1
148 29 1
148 40 1
148 65 1
148 68 1
148 80 1
148 81 1
148 98 1
148 101 1
148 110 1
148 129 1
148 146 1
149 9 1
149 27 1
149 28 1
149 39 1
149 46 1
149 47 1
149 65 1
149 92 1
149 99 1
149 103 1
149 110 1
149 135 1
149 147 1
150 8 1
150 9 1
150 14 1
150 15 1
150 25 1
150 27 1
150 30 1
150 31 1
150 64 1
150 69 1
150 77 1
150 79 1
150 95 1
150 99 1
150 100 1
150 103 1
150 114 1
150 132 1
151 8 1
151 9 1
151 14 1
151 15 1
151 30 1
151 31 1
151 69 1
151 77 1
151 79 1
151 99 1
151 100 1
151 114 1
151 128 1
151 132 1
151 150 1
152 8 1
152 9 1
152 15 1
152 27 1
152 39 1
152 77 1
152 92 1
152 99 1
152 103 1
152 114 1
152 135 1
152 149 1
152 150 1
152 151 1
153 40 1
153 44 1
153 46 1
153 47 1
153 60 1
153 65 1
153 80 1
153 81 1
153 110 1
153 115 1
153 121 1
153 129 1
153 135 1
153 144 1
153 146 1
153 148 1
153 149 1
154 1 1
154 16 1
154 34 1
154 42 1
154 44 1
154 49 1
154 52 1
154 60 1
154 61 1
154 82 1
154 83 1
154 86 1
154 89 1
154 102 1
154 105 1
154 113 1
154 115 1
154 122 1
154 123 1
154 127 1
154 129 1
154 136 1
154 140 1
154 143 1
154 144 1
154 146 1
155 2 1
155 4 1
155 5 1
155 35 1
155 36 1
155 50 1
155 51 1
155 57 1
155 73 1
155 76 1
155 87 1
155 88 1
155 91 1
155 104 1
155 107 1
155 116 1
156 22 1
156 23 1
156 53 1
156 56 1
156 58 1
156 74 1
156 85 1
156 86 1
156 90 1
156 124 1
156 141 1
157 4 1
157 32 1
157 42 1
157 43 1
157 56 1
157 70 1
157 73 1
157 104 1
157 105 1
157 116 1
157 117 1
157 122 1
157 125 1
157 126 1
157 138 1
158 3 1
158 20 1
158 21 1
158 34 1
158 42 1
158 43 1
158 44 1
158 49 1
158 54 1
158 75 1
158 102 1
158 106 1
158 127 1
158 138 1
158 139 1
158 140 1
158 144 1
158 154 1
159 1 1
159 6 1
159 7 1
159 17 1
159 19 1
159 22 1
159 34 1
159 52 1
159 56 1
159 58 1
159 72 1
159 74 1
159 82 1
159 84 1
159 86 1
159 89 1
159 102 1
159 112 1
159 117 1
159 123 1
159 124 1
159 141 1
159 142 1
159 143 1
159 156 1
160 9 1
160 24 1
160 39 1
160 45 1
160 47 1
160 49 1
160 50 1
160 60 1
160 63 1
160 92 1
160 93 1
160 96 1
160 99 1
160 103 1
160 109 1
160 113 1
160 115 1
160 121 1
160 130 1
160 131 1
160 135 1
160 137 1
160 145 1
160 149 1
160 152 1
160 153 1
161 10 1
161 12 1
161 13 1
161 40 1
161 41 1
161 61 1
161 62 1
161 68 1
161 78 1
161 81 1
161 97 1
161 98 1
161 101 1
161 108 1
161 111 1
161 118 1
162 30 1
162 31 1
162 64 1
162 67 1
162 69 1
162 79 1
162 95 1
162 96 1
162 100 1
162 132 1
162 150 1
163 12 1
163 37 1
163 45 1
163 46 1
163 60 1
163 71 1
163 78 1
163 108 1
163 109 1
163 118 1
163 130 1
163 133 1
163 134 1
164 11 1
164 28 1
164 29 1
164 39 1
164 45 1
164 46 1
164 47 1
164 60 1
164 65 1
164 80 1
164 103 1
164 110 1
164 135 1
164 147 1
164 148 1
164 149 1
164 153 1
164 160 1
165 8 1
165 9 1
165 14 1
165 15 1
165 25 1
165 27 1
165 30 1
165 39 1
165 63 1
165 67 1
165 69 1
165 77 1
165 79 1
165 92 1
165 94 1
165 95 1
165 96 1
165 99 1
165 103 1
165 114 1
165 119 1
165 131 1
165 132 1
165 149 1
165 150 1
165 151 1
165 152 1
165 162 1
166 3 1
166 19 1
166 20 1
166 42 1
166 43 1
166 52 1
166 54 1
166 56 1
166 86 1
166 89 1
166 102 1
166 105 1
166 117 1
166 122 1
166 125 1
166 126 1
166 127 1
166 138 1
166 140 1
166 143 1
166 154 1
166 157 1
166 158 1
166 159 1
167 11 1
167 27 1
167 28 1
167 45 1
167 46 1
167 63 1
167 65 1
167 67 1
167 96 1
167 99 1
167 103 1
167 109 1
167 119 1
167 130 1
167 132 1
167 133 1
167 134 1
167 135 1
167 147 1
167 149 1
167 152 1
167 160 1
167 163 1
167 164 1
167 165 1
168 1 1
168 7 1
168 19 1
168 22 1
168 52 1
168 56 1
168 74 1
168 83 1
168 86 1
168 89 1
168 102 1
168 105 1
168 117 1
168 122 1
168 123 1
168 124 1
168 125 1
168 126 1
168 141 1
168 142 1
168 143 1
168 156 1
168 159 1
168 166 1
169 2 1
169 3 1
169 4 1
169 5 1
169 21 1
169 43 1
169 50 1
169 51 1
169 54 1
169 57 1
169 70 1
169 73 1
169 76 1
169 87 1
169 88 1
169 91 1
169 104 1
169 116 1
169 155 1
170 5 1
170 21 1
170 35 1
170 43 1
170 44 1
170 54 1
170 57 1
170 75 1
170 76 1
170 106 1
170 139 1
170 140 1
170 144 1
170 158 1
170 169 1
171 9 1
171 27 1
171 30 1
171 63 1
171 67 1
171 79 1
171 93 1
171 96 1
171 99 1
171 103 1
171 109 1
171 119 1
171 130 1
171 131 1
171 132 1
171 133 1
171 134 1
171 150 1
171 152 1
171 162 1
171 165 1
171 167 1
172 10 1
172 11 1
172 12 1
172 13 1
172 29 1
172 46 1
172 61 1
172 62 1
172 65 1
172 68 1
172 71 1
172 78 1
172 81 1
172 97 1
172 98 1
172 101 1
172 108 1
172 111 1
172 118 1
172 161 1
173 13 1
173 29 1
173 40 1
173 46 1
173 47 1
173 65 1
173 68 1
173 80 1
173 81 1
173 110 1
173 135 1
173 146 1
173 148 1
173 149 1
173 153 1
173 164 1
173 172 1
