# minsup
1
# graph
G_portein_file\PKD-like\4XED.pdb
# node ID, label
0 A
1 A
2 A
3 D
4 D
5 D
6 D
7 D
8 E
9 E
10 E
11 E
12 E
13 E
14 E
15 F
16 F
17 F
18 G
19 G
20 G
21 G
22 G
23 G
24 G
25 G
26 G
27 G
28 H
29 I
30 I
31 I
32 I
33 I
34 K
35 K
36 L
37 L
38 N
39 N
40 N
41 N
42 N
43 N
44 N
45 P
46 P
47 P
48 P
49 P
50 P
51 P
52 R
53 S
54 S
55 S
56 S
57 T
58 T
59 T
60 T
61 T
62 T
63 T
64 T
65 T
66 T
67 T
68 T
69 T
70 V
71 V
72 V
73 V
74 V
75 V
76 W
77 W
78 W
79 W
80 X
81 X
82 X
83 X
84 X
85 X
86 X
87 X
88 X
89 X
90 X
91 X
92 X
93 X
94 Y
95 Y
96 Y
97 Y
98 Y
99 Y
100 Y
# node ID1, node ID2, number of bounds
2 1 1
4 0 1
4 2 1
4 3 1
5 0 1
5 3 1
5 4 1
7 2 1
7 3 1
7 4 1
7 5 1
8 1 1
8 6 1
9 1 1
9 8 1
10 8 1
10 9 1
11 0 1
12 0 1
12 11 1
13 2 1
13 3 1
13 7 1
15 1 1
15 11 1
15 12 1
16 6 1
16 8 1
16 9 1
16 10 1
17 9 1
17 15 1
18 14 1
18 15 1
18 17 1
20 19 1
21 0 1
21 3 1
21 4 1
21 5 1
21 7 1
22 6 1
22 8 1
22 14 1
22 16 1
23 6 1
23 8 1
23 16 1
23 22 1
24 0 1
24 2 1
24 9 1
24 10 1
25 0 1
25 4 1
25 5 1
25 11 1
25 12 1
25 15 1
25 21 1
26 6 1
26 22 1
27 1 1
27 2 1
27 15 1
28 16 1
28 17 1
28 20 1
29 1 1
29 2 1
29 4 1
29 13 1
29 27 1
30 19 1
30 20 1
30 26 1
31 1 1
31 2 1
31 8 1
31 9 1
31 10 1
31 15 1
31 16 1
31 17 1
31 22 1
31 27 1
32 11 1
32 12 1
32 15 1
32 17 1
32 18 1
33 5 1
33 7 1
33 13 1
34 1 1
34 2 1
34 8 1
34 13 1
34 15 1
34 27 1
34 29 1
34 31 1
35 2 1
35 3 1
35 4 1
35 5 1
35 7 1
35 13 1
35 29 1
35 33 1
35 34 1
36 3 1
36 5 1
36 7 1
36 13 1
36 33 1
36 35 1
37 1 1
37 14 1
37 18 1
37 22 1
37 27 1
38 3 1
38 4 1
38 5 1
38 7 1
38 36 1
39 2 1
39 3 1
39 4 1
39 13 1
39 27 1
39 29 1
39 34 1
39 35 1
40 1 1
40 12 1
40 15 1
40 27 1
40 29 1
40 34 1
40 37 1
40 39 1
41 15 1
41 17 1
41 18 1
41 28 1
41 32 1
42 3 1
42 4 1
42 5 1
42 7 1
42 21 1
42 38 1
43 0 1
43 2 1
43 4 1
43 5 1
43 7 1
43 11 1
43 21 1
43 24 1
43 25 1
43 33 1
43 35 1
43 36 1
43 42 1
44 2 1
44 7 1
44 13 1
44 33 1
44 35 1
44 36 1
45 2 1
45 3 1
45 4 1
45 5 1
45 7 1
45 13 1
45 29 1
45 33 1
45 35 1
45 36 1
45 38 1
45 39 1
45 42 1
45 44 1
46 2 1
46 3 1
46 4 1
46 5 1
46 7 1
46 13 1
46 21 1
46 29 1
46 34 1
46 35 1
46 38 1
46 39 1
46 42 1
46 43 1
46 44 1
46 45 1
47 1 1
47 2 1
47 4 1
47 15 1
47 25 1
47 27 1
47 29 1
47 34 1
47 39 1
47 40 1
47 46 1
48 14 1
48 18 1
48 19 1
48 37 1
48 41 1
49 3 1
49 4 1
49 5 1
49 21 1
49 38 1
49 39 1
49 42 1
49 45 1
49 46 1
50 0 1
50 2 1
50 5 1
50 7 1
50 24 1
50 33 1
50 35 1
50 43 1
51 19 1
51 26 1
51 30 1
52 1 1
52 8 1
52 14 1
52 15 1
52 22 1
52 27 1
52 31 1
52 34 1
52 37 1
52 40 1
52 47 1
53 0 1
53 4 1
53 5 1
53 7 1
53 11 1
53 12 1
53 21 1
53 25 1
53 39 1
53 42 1
53 43 1
53 46 1
53 49 1
53 50 1
54 17 1
54 18 1
54 28 1
54 32 1
54 41 1
55 1 1
55 2 1
55 3 1
55 4 1
55 7 1
55 13 1
55 27 1
55 29 1
55 34 1
55 35 1
55 39 1
55 44 1
55 45 1
55 46 1
55 47 1
56 1 1
56 2 1
56 13 1
56 27 1
56 29 1
56 34 1
56 35 1
56 39 1
56 45 1
56 46 1
56 47 1
56 52 1
56 55 1
57 14 1
57 15 1
57 18 1
57 32 1
57 37 1
57 40 1
57 41 1
57 48 1
58 14 1
58 18 1
58 19 1
58 37 1
58 48 1
58 57 1
59 19 1
59 20 1
59 28 1
59 30 1
60 19 1
60 20 1
60 28 1
60 30 1
60 41 1
60 54 1
60 59 1
61 12 1
61 15 1
61 17 1
61 18 1
61 32 1
61 40 1
61 41 1
61 54 1
61 57 1
62 0 1
62 1 1
62 2 1
62 4 1
62 11 1
62 12 1
62 15 1
62 25 1
62 27 1
62 29 1
62 34 1
62 39 1
62 40 1
62 46 1
62 47 1
62 49 1
62 53 1
62 55 1
63 0 1
63 2 1
63 4 1
63 5 1
63 7 1
63 11 1
63 12 1
63 21 1
63 25 1
63 29 1
63 39 1
63 40 1
63 42 1
63 43 1
63 45 1
63 46 1
63 47 1
63 49 1
63 53 1
63 62 1
64 0 1
64 2 1
64 7 1
64 9 1
64 10 1
64 13 1
64 24 1
64 31 1
64 33 1
64 34 1
64 35 1
64 43 1
64 44 1
64 46 1
64 50 1
64 53 1
65 1 1
65 6 1
65 8 1
65 9 1
65 10 1
65 16 1
65 22 1
65 23 1
65 31 1
65 52 1
66 19 1
66 20 1
66 28 1
66 30 1
66 41 1
66 54 1
66 59 1
66 60 1
67 6 1
67 14 1
67 22 1
67 26 1
67 51 1
67 58 1
68 1 1
68 8 1
68 14 1
68 22 1
68 27 1
68 29 1
68 31 1
68 34 1
68 37 1
68 40 1
68 47 1
68 52 1
68 56 1
68 57 1
69 14 1
69 19 1
69 26 1
69 30 1
69 37 1
69 48 1
69 51 1
69 58 1
69 67 1
70 1 1
70 12 1
70 14 1
70 15 1
70 18 1
70 27 1
70 29 1
70 31 1
70 32 1
70 37 1
70 40 1
70 47 1
70 52 1
70 57 1
70 61 1
70 62 1
70 68 1
71 0 1
71 1 1
71 2 1
71 11 1
71 12 1
71 15 1
71 25 1
71 27 1
71 29 1
71 32 1
71 34 1
71 39 1
71 40 1
71 47 1
71 53 1
71 57 1
71 61 1
71 62 1
71 63 1
71 70 1
72 0 1
72 11 1
72 12 1
72 15 1
72 17 1
72 24 1
72 25 1
72 32 1
72 61 1
72 62 1
72 70 1
72 71 1
73 1 1
73 6 1
73 8 1
73 14 1
73 22 1
73 26 1
73 37 1
73 52 1
73 58 1
73 67 1
73 68 1
73 69 1
74 1 1
74 6 1
74 8 1
74 14 1
74 22 1
74 27 1
74 31 1
74 37 1
74 52 1
74 57 1
74 58 1
74 65 1
74 67 1
74 68 1
74 70 1
74 73 1
75 14 1
75 18 1
75 19 1
75 22 1
75 26 1
75 37 1
75 48 1
75 51 1
75 58 1
75 67 1
75 68 1
75 69 1
75 73 1
75 74 1
76 1 1
76 6 1
76 8 1
76 9 1
76 14 1
76 16 1
76 22 1
76 23 1
76 28 1
76 31 1
76 37 1
76 52 1
76 54 1
76 65 1
76 66 1
76 68 1
76 73 1
76 74 1
76 75 1
77 1 1
77 2 1
77 9 1
77 10 1
77 24 1
77 31 1
77 34 1
77 35 1
77 50 1
77 64 1
77 65 1
78 6 1
78 16 1
78 19 1
78 20 1
78 22 1
78 26 1
78 28 1
78 30 1
78 59 1
78 60 1
78 66 1
78 67 1
78 69 1
78 75 1
78 76 1
79 1 1
79 2 1
79 8 1
79 13 1
79 27 1
79 29 1
79 31 1
79 34 1
79 39 1
79 40 1
79 47 1
79 52 1
79 55 1
79 56 1
79 68 1
79 70 1
79 74 1
80 14 1
80 18 1
80 19 1
80 30 1
80 48 1
80 51 1
80 58 1
80 67 1
80 69 1
80 75 1
81 14 1
81 18 1
81 19 1
81 30 1
81 48 1
81 51 1
81 58 1
81 67 1
81 69 1
81 75 1
81 80 1
82 19 1
82 20 1
82 30 1
82 51 1
82 59 1
82 60 1
82 66 1
82 69 1
82 78 1
82 80 1
82 81 1
83 19 1
83 20 1
83 30 1
83 51 1
83 59 1
83 60 1
83 66 1
83 69 1
83 78 1
83 80 1
83 81 1
83 82 1
84 0 1
84 2 1
84 4 1
84 5 1
84 7 1
84 11 1
84 13 1
84 21 1
84 24 1
84 25 1
84 33 1
84 34 1
84 35 1
84 36 1
84 43 1
84 44 1
84 45 1
84 46 1
84 50 1
84 53 1
84 62 1
84 63 1
84 64 1
84 77 1
85 0 1
85 2 1
85 4 1
85 5 1
85 7 1
85 11 1
85 13 1
85 21 1
85 24 1
85 25 1
85 33 1
85 34 1
85 35 1
85 36 1
85 43 1
85 44 1
85 45 1
85 46 1
85 50 1
85 53 1
85 62 1
85 63 1
85 64 1
85 77 1
85 84 1
86 2 1
86 9 1
86 10 1
86 24 1
86 31 1
86 50 1
86 64 1
86 65 1
86 77 1
86 84 1
86 85 1
87 2 1
87 9 1
87 10 1
87 24 1
87 31 1
87 50 1
87 64 1
87 65 1
87 77 1
87 84 1
87 85 1
87 86 1
88 6 1
88 20 1
88 26 1
88 28 1
88 30 1
88 59 1
88 60 1
88 66 1
88 78 1
88 82 1
88 83 1
89 6 1
89 20 1
89 26 1
89 28 1
89 30 1
89 59 1
89 60 1
89 66 1
89 78 1
89 82 1
89 83 1
89 88 1
90 6 1
90 20 1
90 26 1
90 30 1
90 51 1
90 66 1
90 67 1
90 78 1
90 82 1
90 83 1
90 88 1
90 89 1
91 6 1
91 20 1
91 26 1
91 30 1
91 51 1
91 66 1
91 67 1
91 78 1
91 82 1
91 83 1
91 88 1
91 89 1
91 90 1
92 20 1
92 26 1
92 30 1
92 51 1
92 67 1
92 69 1
92 78 1
92 82 1
92 83 1
92 88 1
92 89 1
92 90 1
92 91 1
93 20 1
93 26 1
93 30 1
93 51 1
93 67 1
93 69 1
93 78 1
93 82 1
93 83 1
93 88 1
93 89 1
93 90 1
93 91 1
93 92 1
94 17 1
94 18 1
94 19 1
94 20 1
94 28 1
94 41 1
94 48 1
94 54 1
94 58 1
94 59 1
94 60 1
94 66 1
94 78 1
94 80 1
94 81 1
94 82 1
94 83 1
95 15 1
95 17 1
95 18 1
95 28 1
95 32 1
95 37 1
95 40 1
95 41 1
95 48 1
95 54 1
95 57 1
95 58 1
95 61 1
95 70 1
95 72 1
95 74 1
95 94 1
96 1 1
96 2 1
96 7 1
96 8 1
96 9 1
96 10 1
96 13 1
96 15 1
96 24 1
96 31 1
96 34 1
96 35 1
96 47 1
96 50 1
96 55 1
96 62 1
96 64 1
96 71 1
96 72 1
96 77 1
96 84 1
96 85 1
96 86 1
96 87 1
97 1 1
97 2 1
97 8 1
97 9 1
97 10 1
97 13 1
97 24 1
97 31 1
97 34 1
97 35 1
97 52 1
97 64 1
97 65 1
97 77 1
97 79 1
97 86 1
97 87 1
97 96 1
98 0 1
98 5 1
98 7 1
98 11 1
98 12 1
98 24 1
98 25 1
98 43 1
98 50 1
98 53 1
98 64 1
98 71 1
98 72 1
98 84 1
98 85 1
98 86 1
98 87 1
98 96 1
99 6 1
99 8 1
99 14 1
99 22 1
99 23 1
99 26 1
99 37 1
99 52 1
99 58 1
99 67 1
99 69 1
99 73 1
99 74 1
99 75 1
99 76 1
99 78 1
99 92 1
99 93 1
100 2 1
100 3 1
100 7 1
100 13 1
100 33 1
100 35 1
100 36 1
100 38 1
100 44 1
100 45 1
100 46 1
100 55 1
100 84 1
100 85 1
