# minsup
1
# graph
G_portein_file\PKD-like\5EZD.pdb
# node ID, label
0 D
1 D
2 D
3 D
4 D
5 D
6 E
7 E
8 E
9 E
10 E
11 G
12 K
13 L
14 L
15 P
16 Q
17 R
18 R
19 R
20 R
21 R
22 T
23 T
24 T
25 V
26 V
27 V
28 V
29 W
30 W
31 Y
32 Y
33 Y
34 Y
# node ID1, node ID2, number of bounds
1 0 1
4 3 1
11 4 1
11 8 1
14 10 1
15 8 1
15 9 1
15 11 1
16 9 1
17 1 1
17 7 1
18 7 1
19 13 1
20 4 1
20 9 1
20 11 1
20 15 1
21 9 1
21 16 1
22 0 1
22 1 1
22 17 1
23 3 1
23 4 1
23 11 1
23 20 1
24 5 1
25 0 1
25 1 1
25 7 1
25 17 1
25 22 1
27 3 1
27 4 1
27 9 1
27 11 1
27 20 1
27 23 1
29 13 1
29 19 1
30 10 1
30 14 1
31 13 1
31 19 1
31 29 1
32 13 1
32 19 1
32 29 1
32 31 1
33 10 1
33 14 1
33 30 1
34 10 1
34 12 1
34 14 1
34 30 1
34 33 1
