# minsup
1
# graph
G_./1JF3.pdb
# node ID, label
0 A
1 A
2 A
3 A
4 A
5 A
6 A
7 A
8 A
9 A
10 A
11 A
12 A
13 A
14 A
15 A
16 A
17 A
18 A
19 A
20 A
21 A
22 A
23 A
24 A
25 A
26 A
27 C
28 D
29 D
30 D
31 D
32 D
33 D
34 E
35 E
36 E
37 E
38 E
39 E
40 E
41 E
42 F
43 F
44 F
45 F
46 G
47 G
48 G
49 G
50 G
51 G
52 G
53 G
54 G
55 G
56 G
57 G
58 G
59 G
60 G
61 G
62 G
63 G
64 G
65 G
66 G
67 H
68 H
69 H
70 H
71 H
72 I
73 I
74 I
75 I
76 I
77 I
78 I
79 K
80 K
81 K
82 K
83 K
84 K
85 K
86 K
87 K
88 K
89 K
90 L
91 L
92 L
93 L
94 L
95 L
96 L
97 L
98 L
99 L
100 M
101 M
102 M
103 M
104 M
105 N
106 N
107 N
108 P
109 P
110 P
111 Q
112 Q
113 Q
114 Q
115 R
116 R
117 R
118 S
119 S
120 S
121 S
122 S
123 S
124 S
125 S
126 S
127 S
128 S
129 S
130 T
131 V
132 V
133 V
134 V
135 V
136 V
137 V
138 V
139 V
140 V
141 V
142 W
143 W
144 Y
145 Y
146 Y
# node ID1, node ID2, number of bounds
1 0 1
2 0 1
2 1 1
3 2 1
4 3 1
5 3 1
5 4 1
7 6 1
8 6 1
8 7 1
9 6 1
9 7 1
9 8 1
10 5 1
10 7 1
10 9 1
11 3 1
11 4 1
11 5 1
11 9 1
11 10 1
12 2 1
12 3 1
12 4 1
12 5 1
12 10 1
12 11 1
13 2 1
13 3 1
13 11 1
13 12 1
14 13 1
15 13 1
15 14 1
17 6 1
17 16 1
18 3 1
18 5 1
18 6 1
18 9 1
18 10 1
18 11 1
18 12 1
18 17 1
19 1 1
19 17 1
20 0 1
20 1 1
20 2 1
20 19 1
21 0 1
21 1 1
21 2 1
21 3 1
21 17 1
21 18 1
21 19 1
21 20 1
22 0 1
22 1 1
22 2 1
22 13 1
22 17 1
22 19 1
22 20 1
22 21 1
23 0 1
23 1 1
23 2 1
23 13 1
23 17 1
23 18 1
23 19 1
23 20 1
23 21 1
23 22 1
24 0 1
24 1 1
24 2 1
24 13 1
24 17 1
24 19 1
24 20 1
24 21 1
24 22 1
24 23 1
25 0 1
25 1 1
25 2 1
25 12 1
25 13 1
25 17 1
25 19 1
25 20 1
25 21 1
25 22 1
25 23 1
25 24 1
26 13 1
26 14 1
26 15 1
26 16 1
26 23 1
26 24 1
26 25 1
27 3 1
27 5 1
27 6 1
27 7 1
27 9 1
27 10 1
27 11 1
27 12 1
27 17 1
27 18 1
27 23 1
28 2 1
28 3 1
28 4 1
28 5 1
28 12 1
28 18 1
28 21 1
29 3 1
29 4 1
29 5 1
29 10 1
29 11 1
29 12 1
29 18 1
29 27 1
29 28 1
30 7 1
30 8 1
30 9 1
30 10 1
30 11 1
30 27 1
31 0 1
31 1 1
31 2 1
31 13 1
31 14 1
31 25 1
31 26 1
32 0 1
32 1 1
32 2 1
32 17 1
32 19 1
32 20 1
32 21 1
32 22 1
32 23 1
32 24 1
32 25 1
33 0 1
33 2 1
33 13 1
33 14 1
33 15 1
33 16 1
33 17 1
33 22 1
33 23 1
33 24 1
33 25 1
33 26 1
33 31 1
33 32 1
34 3 1
34 5 1
34 6 1
34 7 1
34 9 1
34 10 1
34 11 1
34 12 1
34 17 1
34 18 1
34 27 1
34 29 1
34 30 1
35 6 1
35 7 1
35 8 1
35 9 1
35 30 1
36 5 1
36 7 1
36 9 1
36 10 1
36 11 1
36 12 1
36 27 1
36 29 1
36 30 1
36 34 1
37 0 1
37 1 1
37 2 1
37 13 1
37 14 1
37 15 1
37 24 1
37 25 1
37 26 1
37 31 1
37 33 1
38 12 1
38 13 1
38 14 1
38 15 1
38 25 1
38 26 1
38 31 1
38 33 1
38 37 1
39 16 1
39 17 1
39 26 1
39 33 1
39 35 1
40 6 1
40 16 1
40 17 1
40 18 1
40 23 1
40 24 1
40 25 1
40 26 1
40 27 1
40 32 1
40 33 1
40 39 1
41 3 1
41 5 1
41 17 1
41 18 1
41 19 1
41 20 1
41 21 1
41 22 1
41 23 1
41 27 1
41 28 1
41 32 1
41 34 1
42 6 1
42 7 1
42 8 1
42 9 1
42 10 1
42 11 1
42 17 1
42 18 1
42 27 1
42 30 1
42 34 1
42 35 1
42 36 1
42 39 1
42 40 1
43 6 1
43 7 1
43 8 1
43 9 1
43 10 1
43 11 1
43 16 1
43 27 1
43 30 1
43 35 1
43 36 1
43 39 1
43 42 1
44 6 1
44 7 1
44 8 1
44 9 1
44 10 1
44 27 1
44 30 1
44 35 1
44 36 1
44 42 1
44 43 1
45 6 1
45 7 1
45 16 1
45 17 1
45 23 1
45 24 1
45 25 1
45 26 1
45 27 1
45 33 1
45 35 1
45 39 1
45 40 1
45 42 1
45 43 1
46 0 1
46 1 1
46 2 1
46 13 1
46 14 1
46 22 1
46 23 1
46 24 1
46 25 1
46 26 1
46 31 1
46 32 1
46 33 1
46 37 1
47 2 1
47 3 1
47 4 1
47 5 1
47 11 1
47 12 1
47 18 1
47 28 1
47 29 1
47 34 1
47 41 1
48 2 1
48 3 1
48 4 1
48 5 1
48 10 1
48 11 1
48 12 1
48 13 1
48 18 1
48 27 1
48 28 1
48 29 1
48 34 1
48 36 1
48 41 1
48 47 1
49 3 1
49 4 1
49 5 1
49 9 1
49 10 1
49 11 1
49 12 1
49 18 1
49 27 1
49 28 1
49 29 1
49 34 1
49 36 1
49 41 1
49 42 1
49 47 1
49 48 1
50 3 1
50 4 1
50 5 1
50 9 1
50 10 1
50 11 1
50 12 1
50 17 1
50 18 1
50 27 1
50 28 1
50 29 1
50 30 1
50 34 1
50 36 1
50 41 1
50 42 1
50 43 1
50 45 1
50 47 1
50 48 1
50 49 1
51 7 1
51 8 1
51 9 1
51 10 1
51 30 1
51 35 1
51 36 1
51 42 1
51 43 1
51 44 1
52 6 1
52 7 1
52 8 1
52 9 1
52 10 1
52 27 1
52 30 1
52 34 1
52 35 1
52 36 1
52 42 1
52 43 1
52 44 1
52 51 1
53 5 1
53 7 1
53 8 1
53 9 1
53 10 1
53 11 1
53 27 1
53 30 1
53 34 1
53 36 1
53 42 1
53 43 1
53 44 1
53 49 1
53 50 1
53 51 1
53 52 1
54 3 1
54 5 1
54 7 1
54 9 1
54 10 1
54 11 1
54 12 1
54 17 1
54 18 1
54 27 1
54 29 1
54 30 1
54 34 1
54 36 1
54 42 1
54 43 1
54 44 1
54 45 1
54 47 1
54 48 1
54 49 1
54 50 1
54 51 1
54 52 1
54 53 1
55 2 1
55 3 1
55 4 1
55 5 1
55 11 1
55 12 1
55 13 1
55 22 1
55 25 1
55 28 1
55 29 1
55 31 1
55 33 1
55 37 1
55 38 1
55 47 1
55 48 1
55 49 1
55 50 1
55 54 1
56 0 1
56 1 1
56 2 1
56 13 1
56 14 1
56 22 1
56 24 1
56 25 1
56 31 1
56 33 1
56 37 1
56 38 1
56 46 1
56 55 1
57 13 1
57 14 1
57 15 1
57 25 1
57 26 1
57 31 1
57 33 1
57 37 1
57 38 1
57 46 1
57 56 1
58 13 1
58 14 1
58 15 1
58 16 1
58 26 1
58 33 1
58 38 1
58 39 1
58 43 1
58 45 1
58 57 1
59 8 1
59 15 1
59 16 1
59 43 1
59 51 1
59 58 1
60 7 1
60 8 1
60 9 1
60 16 1
60 30 1
60 35 1
60 36 1
60 43 1
60 44 1
60 45 1
60 51 1
60 52 1
60 53 1
60 54 1
60 58 1
60 59 1
61 6 1
61 16 1
61 17 1
61 18 1
61 21 1
61 22 1
61 23 1
61 24 1
61 25 1
61 26 1
61 27 1
61 32 1
61 33 1
61 34 1
61 39 1
61 40 1
61 41 1
61 42 1
61 45 1
61 50 1
61 54 1
62 3 1
62 18 1
62 19 1
62 20 1
62 21 1
62 28 1
62 34 1
62 41 1
62 47 1
62 48 1
62 49 1
63 18 1
63 19 1
63 20 1
63 21 1
63 22 1
63 28 1
63 32 1
63 41 1
63 62 1
64 13 1
64 16 1
64 17 1
64 21 1
64 22 1
64 23 1
64 24 1
64 25 1
64 26 1
64 32 1
64 33 1
64 37 1
64 39 1
64 40 1
64 45 1
64 46 1
64 55 1
64 57 1
64 58 1
64 61 1
65 13 1
65 14 1
65 15 1
65 16 1
65 17 1
65 22 1
65 23 1
65 24 1
65 25 1
65 26 1
65 33 1
65 37 1
65 38 1
65 39 1
65 40 1
65 45 1
65 46 1
65 57 1
65 58 1
65 61 1
65 64 1
66 13 1
66 14 1
66 15 1
66 16 1
66 26 1
66 33 1
66 38 1
66 39 1
66 45 1
66 57 1
66 58 1
66 59 1
66 64 1
66 65 1
67 6 1
67 7 1
67 8 1
67 9 1
67 17 1
67 27 1
67 30 1
67 34 1
67 35 1
67 39 1
67 40 1
67 42 1
67 43 1
67 44 1
67 45 1
67 51 1
67 52 1
67 61 1
68 0 1
68 2 1
68 12 1
68 13 1
68 14 1
68 15 1
68 24 1
68 25 1
68 26 1
68 31 1
68 33 1
68 37 1
68 38 1
68 46 1
68 55 1
68 56 1
68 57 1
69 8 1
69 14 1
69 15 1
69 16 1
69 26 1
69 38 1
69 39 1
69 43 1
69 45 1
69 51 1
69 58 1
69 59 1
69 60 1
69 65 1
69 66 1
70 7 1
70 8 1
70 16 1
70 35 1
70 39 1
70 43 1
70 44 1
70 45 1
70 51 1
70 58 1
70 59 1
70 60 1
70 66 1
70 69 1
71 3 1
71 5 1
71 17 1
71 18 1
71 19 1
71 21 1
71 27 1
71 28 1
71 34 1
71 41 1
71 42 1
71 47 1
71 48 1
71 49 1
71 50 1
71 61 1
71 62 1
71 63 1
72 2 1
72 3 1
72 4 1
72 5 1
72 11 1
72 12 1
72 13 1
72 18 1
72 21 1
72 22 1
72 23 1
72 25 1
72 27 1
72 28 1
72 29 1
72 34 1
72 41 1
72 47 1
72 48 1
72 49 1
72 50 1
72 54 1
72 55 1
72 61 1
72 62 1
72 63 1
72 71 1
73 6 1
73 7 1
73 8 1
73 9 1
73 10 1
73 17 1
73 18 1
73 27 1
73 30 1
73 34 1
73 35 1
73 36 1
73 39 1
73 40 1
73 42 1
73 43 1
73 44 1
73 45 1
73 50 1
73 51 1
73 52 1
73 53 1
73 54 1
73 60 1
73 61 1
73 67 1
74 2 1
74 3 1
74 5 1
74 11 1
74 12 1
74 13 1
74 14 1
74 15 1
74 17 1
74 18 1
74 22 1
74 23 1
74 24 1
74 25 1
74 26 1
74 27 1
74 28 1
74 29 1
74 31 1
74 33 1
74 36 1
74 37 1
74 38 1
74 45 1
74 47 1
74 48 1
74 49 1
74 50 1
74 54 1
74 55 1
74 56 1
74 58 1
74 61 1
74 64 1
74 65 1
74 68 1
74 72 1
75 7 1
75 8 1
75 16 1
75 26 1
75 35 1
75 39 1
75 40 1
75 42 1
75 43 1
75 44 1
75 45 1
75 51 1
75 58 1
75 59 1
75 60 1
75 61 1
75 65 1
75 66 1
75 67 1
75 69 1
75 70 1
75 73 1
76 2 1
76 3 1
76 4 1
76 5 1
76 18 1
76 19 1
76 20 1
76 21 1
76 27 1
76 28 1
76 29 1
76 34 1
76 41 1
76 47 1
76 48 1
76 49 1
76 50 1
76 62 1
76 63 1
76 71 1
76 72 1
77 2 1
77 12 1
77 13 1
77 14 1
77 15 1
77 16 1
77 17 1
77 22 1
77 23 1
77 24 1
77 25 1
77 26 1
77 31 1
77 32 1
77 33 1
77 37 1
77 38 1
77 39 1
77 40 1
77 45 1
77 46 1
77 55 1
77 56 1
77 57 1
77 58 1
77 61 1
77 64 1
77 65 1
77 66 1
77 68 1
77 69 1
77 74 1
78 13 1
78 14 1
78 15 1
78 16 1
78 25 1
78 26 1
78 33 1
78 38 1
78 39 1
78 40 1
78 45 1
78 58 1
78 59 1
78 61 1
78 64 1
78 65 1
78 66 1
78 69 1
78 70 1
78 74 1
78 75 1
78 77 1
79 2 1
79 3 1
79 4 1
79 5 1
79 12 1
79 13 1
79 18 1
79 21 1
79 22 1
79 28 1
79 29 1
79 41 1
79 47 1
79 48 1
79 49 1
79 50 1
79 55 1
79 62 1
79 63 1
79 68 1
79 71 1
79 72 1
79 74 1
79 76 1
80 3 1
80 4 1
80 5 1
80 6 1
80 7 1
80 9 1
80 10 1
80 11 1
80 12 1
80 17 1
80 18 1
80 27 1
80 29 1
80 30 1
80 34 1
80 36 1
80 41 1
80 42 1
80 43 1
80 44 1
80 47 1
80 48 1
80 49 1
80 50 1
80 52 1
80 53 1
80 54 1
80 61 1
80 71 1
80 72 1
80 73 1
80 74 1
81 5 1
81 6 1
81 7 1
81 8 1
81 9 1
81 10 1
81 11 1
81 17 1
81 18 1
81 27 1
81 30 1
81 34 1
81 35 1
81 36 1
81 40 1
81 41 1
81 42 1
81 43 1
81 44 1
81 45 1
81 49 1
81 50 1
81 52 1
81 53 1
81 54 1
81 61 1
81 67 1
81 71 1
81 73 1
81 80 1
82 3 1
82 4 1
82 5 1
82 10 1
82 11 1
82 12 1
82 13 1
82 15 1
82 27 1
82 29 1
82 34 1
82 36 1
82 38 1
82 43 1
82 48 1
82 49 1
82 50 1
82 53 1
82 54 1
82 55 1
82 58 1
82 60 1
82 69 1
82 72 1
82 74 1
82 77 1
82 80 1
83 13 1
83 14 1
83 15 1
83 25 1
83 26 1
83 31 1
83 33 1
83 37 1
83 38 1
83 46 1
83 55 1
83 56 1
83 57 1
83 58 1
83 65 1
83 66 1
83 68 1
83 74 1
83 77 1
84 13 1
84 14 1
84 15 1
84 16 1
84 26 1
84 31 1
84 33 1
84 37 1
84 38 1
84 45 1
84 57 1
84 58 1
84 59 1
84 64 1
84 65 1
84 66 1
84 68 1
84 69 1
84 74 1
84 75 1
84 77 1
84 78 1
84 83 1
85 15 1
85 16 1
85 26 1
85 39 1
85 43 1
85 45 1
85 51 1
85 58 1
85 59 1
85 60 1
85 66 1
85 69 1
85 70 1
85 75 1
85 78 1
85 84 1
86 7 1
86 8 1
86 16 1
86 35 1
86 39 1
86 43 1
86 44 1
86 45 1
86 51 1
86 58 1
86 59 1
86 60 1
86 66 1
86 69 1
86 70 1
86 75 1
86 78 1
86 85 1
87 7 1
87 8 1
87 16 1
87 26 1
87 35 1
87 39 1
87 40 1
87 43 1
87 45 1
87 51 1
87 58 1
87 59 1
87 60 1
87 61 1
87 64 1
87 65 1
87 66 1
87 67 1
87 69 1
87 70 1
87 75 1
87 78 1
87 84 1
87 85 1
87 86 1
88 2 1
88 3 1
88 18 1
88 19 1
88 20 1
88 21 1
88 22 1
88 23 1
88 28 1
88 32 1
88 41 1
88 47 1
88 62 1
88 63 1
88 71 1
88 72 1
88 76 1
88 79 1
89 1 1
89 2 1
89 17 1
89 18 1
89 19 1
89 20 1
89 21 1
89 22 1
89 23 1
89 24 1
89 25 1
89 28 1
89 32 1
89 33 1
89 40 1
89 41 1
89 61 1
89 62 1
89 63 1
89 64 1
89 71 1
89 72 1
89 76 1
89 77 1
89 88 1
90 0 1
90 1 1
90 2 1
90 13 1
90 20 1
90 21 1
90 22 1
90 23 1
90 24 1
90 25 1
90 26 1
90 31 1
90 32 1
90 33 1
90 37 1
90 46 1
90 56 1
90 57 1
90 64 1
90 65 1
90 68 1
90 74 1
90 77 1
90 83 1
90 89 1
91 5 1
91 6 1
91 7 1
91 8 1
91 9 1
91 10 1
91 11 1
91 12 1
91 17 1
91 18 1
91 27 1
91 30 1
91 34 1
91 35 1
91 36 1
91 40 1
91 41 1
91 42 1
91 43 1
91 44 1
91 45 1
91 48 1
91 49 1
91 50 1
91 51 1
91 52 1
91 53 1
91 54 1
91 60 1
91 61 1
91 67 1
91 71 1
91 73 1
91 74 1
91 75 1
91 80 1
91 81 1
91 82 1
92 5 1
92 7 1
92 8 1
92 9 1
92 10 1
92 11 1
92 12 1
92 18 1
92 27 1
92 29 1
92 30 1
92 34 1
92 36 1
92 42 1
92 43 1
92 44 1
92 48 1
92 49 1
92 50 1
92 51 1
92 52 1
92 53 1
92 54 1
92 55 1
92 58 1
92 60 1
92 69 1
92 73 1
92 74 1
92 80 1
92 81 1
92 82 1
92 91 1
93 2 1
93 3 1
93 4 1
93 5 1
93 10 1
93 11 1
93 12 1
93 13 1
93 17 1
93 18 1
93 23 1
93 25 1
93 27 1
93 28 1
93 29 1
93 33 1
93 34 1
93 36 1
93 38 1
93 41 1
93 42 1
93 45 1
93 47 1
93 48 1
93 49 1
93 50 1
93 53 1
93 54 1
93 55 1
93 61 1
93 64 1
93 68 1
93 71 1
93 72 1
93 74 1
93 76 1
93 77 1
93 79 1
93 80 1
93 82 1
93 91 1
93 92 1
94 0 1
94 1 1
94 2 1
94 12 1
94 13 1
94 14 1
94 22 1
94 23 1
94 24 1
94 25 1
94 26 1
94 31 1
94 33 1
94 37 1
94 38 1
94 46 1
94 55 1
94 56 1
94 57 1
94 64 1
94 65 1
94 68 1
94 74 1
94 77 1
94 79 1
94 83 1
94 84 1
94 90 1
95 6 1
95 7 1
95 8 1
95 9 1
95 11 1
95 16 1
95 17 1
95 18 1
95 23 1
95 24 1
95 25 1
95 27 1
95 33 1
95 34 1
95 35 1
95 39 1
95 40 1
95 41 1
95 42 1
95 43 1
95 45 1
95 50 1
95 54 1
95 61 1
95 64 1
95 65 1
95 67 1
95 73 1
95 74 1
95 75 1
95 77 1
95 78 1
95 80 1
95 81 1
95 82 1
95 87 1
95 89 1
95 91 1
95 92 1
95 93 1
96 3 1
96 5 1
96 6 1
96 9 1
96 10 1
96 11 1
96 12 1
96 17 1
96 18 1
96 21 1
96 22 1
96 23 1
96 24 1
96 25 1
96 27 1
96 28 1
96 32 1
96 33 1
96 34 1
96 40 1
96 41 1
96 42 1
96 45 1
96 48 1
96 49 1
96 50 1
96 54 1
96 55 1
96 61 1
96 62 1
96 64 1
96 67 1
96 71 1
96 72 1
96 73 1
96 74 1
96 76 1
96 77 1
96 80 1
96 81 1
96 82 1
96 89 1
96 91 1
96 92 1
96 93 1
96 95 1
97 2 1
97 3 1
97 5 1
97 6 1
97 17 1
97 18 1
97 19 1
97 20 1
97 21 1
97 22 1
97 23 1
97 24 1
97 25 1
97 27 1
97 28 1
97 32 1
97 33 1
97 34 1
97 40 1
97 41 1
97 42 1
97 45 1
97 48 1
97 49 1
97 50 1
97 54 1
97 55 1
97 61 1
97 62 1
97 63 1
97 64 1
97 71 1
97 72 1
97 74 1
97 76 1
97 77 1
97 79 1
97 80 1
97 81 1
97 88 1
97 89 1
97 91 1
97 93 1
97 95 1
97 96 1
98 12 1
98 13 1
98 14 1
98 15 1
98 16 1
98 24 1
98 25 1
98 26 1
98 33 1
98 37 1
98 38 1
98 39 1
98 40 1
98 45 1
98 46 1
98 55 1
98 57 1
98 58 1
98 59 1
98 61 1
98 64 1
98 65 1
98 66 1
98 68 1
98 69 1
98 70 1
98 74 1
98 75 1
98 77 1
98 78 1
98 82 1
98 83 1
98 84 1
98 85 1
98 86 1
98 87 1
98 93 1
98 94 1
98 95 1
99 14 1
99 15 1
99 16 1
99 26 1
99 33 1
99 38 1
99 39 1
99 43 1
99 45 1
99 58 1
99 59 1
99 60 1
99 64 1
99 65 1
99 66 1
99 69 1
99 70 1
99 75 1
99 77 1
99 78 1
99 84 1
99 85 1
99 86 1
99 87 1
99 98 1
100 6 1
100 7 1
100 8 1
100 9 1
100 16 1
100 17 1
100 27 1
100 30 1
100 35 1
100 39 1
100 40 1
100 42 1
100 43 1
100 44 1
100 45 1
100 51 1
100 52 1
100 53 1
100 54 1
100 60 1
100 61 1
100 67 1
100 70 1
100 73 1
100 75 1
100 81 1
100 86 1
100 87 1
100 91 1
100 92 1
100 95 1
101 2 1
101 12 1
101 13 1
101 14 1
101 15 1
101 24 1
101 25 1
101 26 1
101 31 1
101 33 1
101 37 1
101 38 1
101 46 1
101 55 1
101 56 1
101 57 1
101 58 1
101 64 1
101 65 1
101 66 1
101 68 1
101 74 1
101 77 1
101 78 1
101 83 1
101 84 1
101 90 1
101 93 1
101 94 1
101 98 1
102 12 1
102 13 1
102 14 1
102 15 1
102 16 1
102 25 1
102 26 1
102 31 1
102 33 1
102 37 1
102 38 1
102 45 1
102 46 1
102 55 1
102 56 1
102 57 1
102 58 1
102 64 1
102 65 1
102 66 1
102 68 1
102 69 1
102 74 1
102 77 1
102 78 1
102 82 1
102 83 1
102 84 1
102 85 1
102 93 1
102 94 1
102 98 1
102 99 1
102 101 1
103 2 1
103 3 1
103 4 1
103 5 1
103 11 1
103 12 1
103 17 1
103 18 1
103 19 1
103 20 1
103 21 1
103 22 1
103 23 1
103 24 1
103 25 1
103 27 1
103 28 1
103 29 1
103 32 1
103 34 1
103 41 1
103 42 1
103 47 1
103 48 1
103 49 1
103 50 1
103 54 1
103 55 1
103 61 1
103 62 1
103 63 1
103 71 1
103 72 1
103 74 1
103 76 1
103 79 1
103 80 1
103 81 1
103 88 1
103 89 1
103 91 1
103 93 1
103 95 1
103 96 1
103 97 1
104 2 1
104 3 1
104 17 1
104 18 1
104 19 1
104 20 1
104 21 1
104 22 1
104 23 1
104 24 1
104 25 1
104 28 1
104 32 1
104 41 1
104 47 1
104 48 1
104 61 1
104 62 1
104 63 1
104 71 1
104 72 1
104 76 1
104 79 1
104 88 1
104 89 1
104 96 1
104 97 1
104 103 1
105 2 1
105 3 1
105 4 1
105 5 1
105 10 1
105 11 1
105 12 1
105 13 1
105 18 1
105 27 1
105 28 1
105 29 1
105 34 1
105 36 1
105 47 1
105 48 1
105 49 1
105 50 1
105 54 1
105 55 1
105 72 1
105 74 1
105 76 1
105 79 1
105 80 1
105 82 1
105 92 1
105 93 1
105 96 1
105 103 1
106 7 1
106 8 1
106 16 1
106 35 1
106 43 1
106 44 1
106 51 1
106 52 1
106 53 1
106 58 1
106 59 1
106 60 1
106 69 1
106 70 1
106 73 1
106 75 1
106 85 1
106 86 1
106 87 1
106 99 1
106 100 1
107 1 1
107 2 1
107 17 1
107 18 1
107 19 1
107 20 1
107 21 1
107 22 1
107 23 1
107 24 1
107 28 1
107 32 1
107 41 1
107 62 1
107 63 1
107 71 1
107 72 1
107 76 1
107 88 1
107 89 1
107 96 1
107 97 1
107 103 1
107 104 1
108 6 1
108 7 1
108 8 1
108 9 1
108 27 1
108 30 1
108 35 1
108 42 1
108 43 1
108 44 1
108 51 1
108 52 1
108 60 1
108 67 1
108 73 1
108 75 1
108 81 1
108 91 1
108 95 1
108 100 1
108 106 1
109 5 1
109 7 1
109 8 1
109 9 1
109 10 1
109 11 1
109 27 1
109 30 1
109 34 1
109 36 1
109 42 1
109 43 1
109 44 1
109 49 1
109 50 1
109 51 1
109 52 1
109 53 1
109 54 1
109 60 1
109 73 1
109 80 1
109 81 1
109 82 1
109 91 1
109 92 1
110 6 1
110 7 1
110 16 1
110 17 1
110 18 1
110 23 1
110 24 1
110 25 1
110 27 1
110 33 1
110 34 1
110 35 1
110 39 1
110 40 1
110 42 1
110 43 1
110 45 1
110 50 1
110 61 1
110 64 1
110 65 1
110 67 1
110 73 1
110 75 1
110 77 1
110 78 1
110 81 1
110 87 1
110 89 1
110 91 1
110 95 1
110 96 1
110 97 1
110 100 1
110 103 1
110 108 1
111 0 1
111 1 1
111 2 1
111 13 1
111 19 1
111 20 1
111 21 1
111 22 1
111 23 1
111 24 1
111 25 1
111 31 1
111 32 1
111 33 1
111 37 1
111 46 1
111 56 1
111 64 1
111 68 1
111 77 1
111 79 1
111 88 1
111 89 1
111 90 1
111 94 1
111 104 1
111 107 1
112 0 1
112 1 1
112 2 1
112 13 1
112 19 1
112 20 1
112 21 1
112 22 1
112 23 1
112 24 1
112 25 1
112 28 1
112 31 1
112 32 1
112 37 1
112 46 1
112 55 1
112 56 1
112 68 1
112 72 1
112 79 1
112 88 1
112 89 1
112 90 1
112 94 1
112 104 1
112 107 1
112 111 1
113 2 1
113 3 1
113 5 1
113 10 1
113 11 1
113 12 1
113 13 1
113 14 1
113 15 1
113 25 1
113 26 1
113 27 1
113 29 1
113 33 1
113 36 1
113 38 1
113 48 1
113 49 1
113 50 1
113 54 1
113 55 1
113 58 1
113 61 1
113 64 1
113 65 1
113 68 1
113 69 1
113 72 1
113 74 1
113 77 1
113 78 1
113 79 1
113 80 1
113 82 1
113 83 1
113 84 1
113 91 1
113 92 1
113 93 1
113 94 1
113 96 1
113 98 1
113 101 1
113 102 1
113 105 1
114 14 1
114 15 1
114 16 1
114 26 1
114 38 1
114 39 1
114 45 1
114 58 1
114 59 1
114 65 1
114 66 1
114 69 1
114 70 1
114 75 1
114 77 1
114 78 1
114 84 1
114 85 1
114 86 1
114 87 1
114 98 1
114 99 1
114 102 1
115 0 1
115 1 1
115 2 1
115 13 1
115 19 1
115 20 1
115 21 1
115 22 1
115 23 1
115 24 1
115 25 1
115 28 1
115 31 1
115 32 1
115 33 1
115 37 1
115 46 1
115 55 1
115 56 1
115 57 1
115 64 1
115 68 1
115 72 1
115 74 1
115 77 1
115 79 1
115 83 1
115 89 1
115 90 1
115 94 1
115 101 1
115 104 1
115 111 1
115 112 1
116 14 1
116 15 1
116 16 1
116 26 1
116 38 1
116 43 1
116 51 1
116 58 1
116 59 1
116 60 1
116 65 1
116 66 1
116 69 1
116 70 1
116 75 1
116 77 1
116 78 1
116 82 1
116 84 1
116 85 1
116 86 1
116 87 1
116 92 1
116 98 1
116 99 1
116 102 1
116 106 1
116 113 1
116 114 1
117 3 1
117 4 1
117 5 1
117 11 1
117 17 1
117 18 1
117 21 1
117 27 1
117 28 1
117 29 1
117 34 1
117 41 1
117 47 1
117 48 1
117 49 1
117 50 1
117 54 1
117 62 1
117 63 1
117 71 1
117 72 1
117 76 1
117 79 1
117 80 1
117 81 1
117 88 1
117 89 1
117 91 1
117 93 1
117 96 1
117 97 1
117 103 1
117 104 1
117 105 1
117 107 1
118 0 1
118 1 1
118 2 1
118 20 1
118 21 1
118 22 1
118 23 1
118 24 1
118 25 1
118 31 1
118 32 1
118 33 1
118 37 1
118 46 1
118 56 1
118 57 1
118 64 1
118 68 1
118 77 1
118 89 1
118 90 1
118 94 1
118 101 1
118 111 1
118 112 1
118 115 1
119 0 1
119 1 1
119 2 1
119 3 1
119 13 1
119 19 1
119 20 1
119 21 1
119 22 1
119 23 1
119 24 1
119 25 1
119 28 1
119 32 1
119 41 1
119 47 1
119 48 1
119 55 1
119 56 1
119 62 1
119 63 1
119 68 1
119 72 1
119 74 1
119 76 1
119 79 1
119 88 1
119 89 1
119 90 1
119 94 1
119 103 1
119 104 1
119 105 1
119 107 1
119 111 1
119 112 1
119 115 1
119 117 1
119 118 1
120 5 1
120 6 1
120 7 1
120 8 1
120 9 1
120 10 1
120 11 1
120 17 1
120 18 1
120 27 1
120 30 1
120 34 1
120 35 1
120 36 1
120 42 1
120 43 1
120 44 1
120 45 1
120 48 1
120 49 1
120 50 1
120 51 1
120 52 1
120 53 1
120 54 1
120 61 1
120 67 1
120 71 1
120 73 1
120 80 1
120 81 1
120 82 1
120 91 1
120 92 1
120 93 1
120 95 1
120 96 1
120 97 1
120 100 1
120 103 1
120 108 1
120 109 1
120 110 1
120 117 1
121 6 1
121 7 1
121 8 1
121 9 1
121 10 1
121 17 1
121 18 1
121 27 1
121 30 1
121 34 1
121 35 1
121 42 1
121 43 1
121 44 1
121 50 1
121 51 1
121 52 1
121 53 1
121 54 1
121 61 1
121 67 1
121 73 1
121 80 1
121 81 1
121 91 1
121 95 1
121 96 1
121 100 1
121 108 1
121 109 1
121 110 1
121 120 1
122 6 1
122 7 1
122 8 1
122 9 1
122 10 1
122 30 1
122 35 1
122 36 1
122 42 1
122 43 1
122 44 1
122 51 1
122 52 1
122 53 1
122 60 1
122 67 1
122 73 1
122 81 1
122 91 1
122 92 1
122 100 1
122 106 1
122 108 1
122 109 1
122 120 1
122 121 1
123 6 1
123 7 1
123 8 1
123 9 1
123 10 1
123 11 1
123 27 1
123 30 1
123 34 1
123 35 1
123 36 1
123 42 1
123 43 1
123 44 1
123 49 1
123 50 1
123 51 1
123 52 1
123 53 1
123 54 1
123 67 1
123 73 1
123 80 1
123 81 1
123 91 1
123 92 1
123 100 1
123 108 1
123 109 1
123 120 1
123 121 1
123 122 1
124 0 1
124 2 1
124 3 1
124 12 1
124 13 1
124 14 1
124 22 1
124 25 1
124 28 1
124 31 1
124 33 1
124 37 1
124 38 1
124 46 1
124 48 1
124 55 1
124 56 1
124 57 1
124 68 1
124 72 1
124 74 1
124 77 1
124 79 1
124 83 1
124 90 1
124 93 1
124 94 1
124 101 1
124 102 1
124 105 1
124 111 1
124 112 1
124 113 1
124 115 1
124 119 1
125 5 1
125 6 1
125 7 1
125 9 1
125 10 1
125 11 1
125 17 1
125 18 1
125 23 1
125 24 1
125 25 1
125 27 1
125 32 1
125 34 1
125 39 1
125 40 1
125 41 1
125 42 1
125 45 1
125 48 1
125 49 1
125 50 1
125 54 1
125 61 1
125 62 1
125 64 1
125 67 1
125 71 1
125 72 1
125 73 1
125 74 1
125 76 1
125 80 1
125 81 1
125 89 1
125 91 1
125 92 1
125 93 1
125 95 1
125 96 1
125 97 1
125 100 1
125 103 1
125 104 1
125 108 1
125 110 1
125 117 1
125 120 1
125 121 1
126 3 1
126 5 1
126 6 1
126 17 1
126 18 1
126 19 1
126 20 1
126 21 1
126 22 1
126 23 1
126 24 1
126 25 1
126 27 1
126 28 1
126 32 1
126 34 1
126 40 1
126 41 1
126 42 1
126 45 1
126 48 1
126 49 1
126 50 1
126 54 1
126 61 1
126 62 1
126 63 1
126 71 1
126 72 1
126 73 1
126 76 1
126 80 1
126 81 1
126 88 1
126 89 1
126 91 1
126 93 1
126 95 1
126 96 1
126 97 1
126 103 1
126 104 1
126 107 1
126 110 1
126 117 1
126 120 1
126 121 1
126 125 1
127 12 1
127 13 1
127 14 1
127 15 1
127 16 1
127 17 1
127 22 1
127 23 1
127 24 1
127 25 1
127 26 1
127 27 1
127 33 1
127 37 1
127 38 1
127 39 1
127 40 1
127 45 1
127 46 1
127 50 1
127 54 1
127 55 1
127 57 1
127 58 1
127 61 1
127 64 1
127 65 1
127 66 1
127 68 1
127 69 1
127 74 1
127 75 1
127 77 1
127 78 1
127 82 1
127 83 1
127 84 1
127 85 1
127 87 1
127 90 1
127 93 1
127 94 1
127 95 1
127 96 1
127 97 1
127 98 1
127 99 1
127 101 1
127 102 1
127 110 1
127 113 1
127 114 1
127 116 1
127 125 1
128 14 1
128 15 1
128 16 1
128 26 1
128 33 1
128 37 1
128 38 1
128 39 1
128 40 1
128 45 1
128 57 1
128 58 1
128 59 1
128 64 1
128 65 1
128 66 1
128 69 1
128 70 1
128 75 1
128 77 1
128 78 1
128 83 1
128 84 1
128 85 1
128 87 1
128 98 1
128 99 1
128 101 1
128 102 1
128 114 1
128 116 1
128 127 1
129 14 1
129 15 1
129 16 1
129 26 1
129 38 1
129 58 1
129 59 1
129 65 1
129 66 1
129 69 1
129 70 1
129 75 1
129 78 1
129 84 1
129 85 1
129 86 1
129 87 1
129 98 1
129 99 1
129 102 1
129 114 1
129 116 1
129 127 1
129 128 1
130 0 1
130 1 1
130 2 1
130 3 1
130 4 1
130 12 1
130 13 1
130 18 1
130 19 1
130 20 1
130 21 1
130 22 1
130 23 1
130 24 1
130 25 1
130 28 1
130 29 1
130 32 1
130 41 1
130 47 1
130 48 1
130 55 1
130 62 1
130 63 1
130 71 1
130 72 1
130 74 1
130 76 1
130 79 1
130 88 1
130 89 1
130 93 1
130 94 1
130 96 1
130 97 1
130 103 1
130 104 1
130 105 1
130 107 1
130 111 1
130 112 1
130 115 1
130 117 1
130 119 1
130 124 1
130 126 1
131 0 1
131 1 1
131 2 1
131 3 1
131 13 1
131 19 1
131 20 1
131 21 1
131 22 1
131 23 1
131 24 1
131 25 1
131 28 1
131 32 1
131 41 1
131 46 1
131 55 1
131 56 1
131 62 1
131 63 1
131 68 1
131 72 1
131 74 1
131 76 1
131 79 1
131 88 1
131 89 1
131 90 1
131 94 1
131 97 1
131 103 1
131 104 1
131 107 1
131 111 1
131 112 1
131 115 1
131 118 1
131 119 1
131 124 1
131 130 1
132 0 1
132 1 1
132 2 1
132 3 1
132 12 1
132 13 1
132 19 1
132 20 1
132 21 1
132 22 1
132 23 1
132 24 1
132 25 1
132 28 1
132 31 1
132 32 1
132 33 1
132 37 1
132 41 1
132 46 1
132 47 1
132 48 1
132 55 1
132 56 1
132 61 1
132 62 1
132 63 1
132 64 1
132 68 1
132 72 1
132 74 1
132 76 1
132 77 1
132 79 1
132 88 1
132 89 1
132 90 1
132 93 1
132 94 1
132 96 1
132 97 1
132 101 1
132 103 1
132 104 1
132 105 1
132 107 1
132 111 1
132 112 1
132 113 1
132 115 1
132 117 1
132 118 1
132 119 1
132 124 1
132 130 1
132 131 1
133 3 1
133 4 1
133 5 1
133 9 1
133 10 1
133 11 1
133 12 1
133 17 1
133 18 1
133 27 1
133 28 1
133 29 1
133 34 1
133 36 1
133 41 1
133 42 1
133 47 1
133 48 1
133 49 1
133 50 1
133 53 1
133 54 1
133 55 1
133 61 1
133 62 1
133 71 1
133 72 1
133 73 1
133 74 1
133 76 1
133 79 1
133 80 1
133 81 1
133 82 1
133 88 1
133 91 1
133 92 1
133 93 1
133 95 1
133 96 1
133 97 1
133 103 1
133 104 1
133 105 1
133 109 1
133 113 1
133 117 1
133 120 1
133 125 1
133 126 1
133 130 1
134 6 1
134 7 1
134 8 1
134 9 1
134 16 1
134 30 1
134 35 1
134 39 1
134 40 1
134 42 1
134 43 1
134 44 1
134 45 1
134 51 1
134 52 1
134 53 1
134 54 1
134 59 1
134 60 1
134 67 1
134 69 1
134 70 1
134 73 1
134 75 1
134 85 1
134 86 1
134 87 1
134 91 1
134 92 1
134 95 1
134 99 1
134 100 1
134 106 1
134 108 1
134 110 1
134 116 1
134 120 1
134 121 1
134 122 1
135 5 1
135 6 1
135 7 1
135 8 1
135 9 1
135 10 1
135 11 1
135 12 1
135 18 1
135 27 1
135 30 1
135 34 1
135 35 1
135 36 1
135 42 1
135 43 1
135 44 1
135 48 1
135 49 1
135 50 1
135 51 1
135 52 1
135 53 1
135 54 1
135 60 1
135 67 1
135 73 1
135 80 1
135 81 1
135 82 1
135 91 1
135 92 1
135 93 1
135 95 1
135 96 1
135 100 1
135 108 1
135 109 1
135 120 1
135 121 1
135 122 1
135 123 1
135 125 1
135 133 1
135 134 1
136 3 1
136 5 1
136 10 1
136 11 1
136 12 1
136 13 1
136 15 1
136 17 1
136 18 1
136 25 1
136 26 1
136 27 1
136 29 1
136 33 1
136 34 1
136 36 1
136 38 1
136 42 1
136 43 1
136 45 1
136 48 1
136 49 1
136 50 1
136 53 1
136 54 1
136 55 1
136 58 1
136 60 1
136 61 1
136 64 1
136 65 1
136 69 1
136 72 1
136 73 1
136 74 1
136 77 1
136 78 1
136 80 1
136 81 1
136 82 1
136 84 1
136 91 1
136 92 1
136 93 1
136 95 1
136 96 1
136 97 1
136 98 1
136 101 1
136 102 1
136 103 1
136 105 1
136 109 1
136 113 1
136 116 1
136 120 1
136 124 1
136 125 1
136 127 1
136 133 1
136 135 1
137 2 1
137 3 1
137 5 1
137 11 1
137 12 1
137 13 1
137 14 1
137 15 1
137 25 1
137 26 1
137 29 1
137 31 1
137 33 1
137 37 1
137 38 1
137 47 1
137 48 1
137 50 1
137 54 1
137 55 1
137 56 1
137 57 1
137 58 1
137 68 1
137 72 1
137 74 1
137 77 1
137 79 1
137 82 1
137 83 1
137 84 1
137 93 1
137 94 1
137 98 1
137 101 1
137 102 1
137 105 1
137 112 1
137 113 1
137 115 1
137 119 1
137 124 1
137 127 1
137 130 1
137 132 1
137 136 1
138 0 1
138 1 1
138 2 1
138 3 1
138 12 1
138 13 1
138 14 1
138 21 1
138 22 1
138 23 1
138 24 1
138 25 1
138 26 1
138 28 1
138 31 1
138 33 1
138 37 1
138 38 1
138 46 1
138 47 1
138 48 1
138 55 1
138 56 1
138 57 1
138 64 1
138 65 1
138 68 1
138 72 1
138 74 1
138 77 1
138 79 1
138 82 1
138 83 1
138 84 1
138 89 1
138 90 1
138 93 1
138 94 1
138 96 1
138 97 1
138 98 1
138 101 1
138 102 1
138 103 1
138 105 1
138 111 1
138 112 1
138 113 1
138 115 1
138 118 1
138 119 1
138 124 1
138 127 1
138 130 1
138 131 1
138 132 1
138 136 1
138 137 1
139 13 1
139 14 1
139 15 1
139 24 1
139 25 1
139 26 1
139 31 1
139 33 1
139 37 1
139 38 1
139 46 1
139 55 1
139 56 1
139 57 1
139 58 1
139 64 1
139 65 1
139 66 1
139 68 1
139 74 1
139 77 1
139 78 1
139 83 1
139 84 1
139 90 1
139 94 1
139 98 1
139 99 1
139 101 1
139 102 1
139 113 1
139 114 1
139 115 1
139 116 1
139 124 1
139 127 1
139 128 1
139 129 1
139 137 1
139 138 1
140 11 1
140 12 1
140 13 1
140 14 1
140 15 1
140 16 1
140 26 1
140 33 1
140 38 1
140 45 1
140 54 1
140 55 1
140 57 1
140 58 1
140 59 1
140 60 1
140 65 1
140 66 1
140 68 1
140 69 1
140 74 1
140 75 1
140 77 1
140 78 1
140 82 1
140 83 1
140 84 1
140 85 1
140 86 1
140 87 1
140 92 1
140 93 1
140 98 1
140 99 1
140 101 1
140 102 1
140 113 1
140 114 1
140 116 1
140 127 1
140 128 1
140 129 1
140 136 1
140 137 1
140 138 1
140 139 1
141 14 1
141 15 1
141 16 1
141 26 1
141 38 1
141 58 1
141 59 1
141 60 1
141 65 1
141 66 1
141 69 1
141 70 1
141 75 1
141 77 1
141 78 1
141 84 1
141 85 1
141 86 1
141 87 1
141 98 1
141 99 1
141 101 1
141 102 1
141 106 1
141 113 1
141 114 1
141 116 1
141 127 1
141 128 1
141 129 1
141 139 1
141 140 1
142 1 1
142 2 1
142 3 1
142 4 1
142 5 1
142 11 1
142 12 1
142 13 1
142 18 1
142 20 1
142 21 1
142 22 1
142 23 1
142 24 1
142 25 1
142 28 1
142 29 1
142 32 1
142 41 1
142 47 1
142 48 1
142 49 1
142 50 1
142 55 1
142 56 1
142 62 1
142 63 1
142 68 1
142 71 1
142 72 1
142 74 1
142 76 1
142 77 1
142 79 1
142 88 1
142 89 1
142 93 1
142 94 1
142 96 1
142 97 1
142 103 1
142 104 1
142 105 1
142 107 1
142 111 1
142 112 1
142 113 1
142 115 1
142 117 1
142 119 1
142 124 1
142 126 1
142 130 1
142 131 1
142 132 1
142 133 1
142 136 1
142 137 1
142 138 1
143 0 1
143 1 1
143 2 1
143 3 1
143 13 1
143 17 1
143 18 1
143 19 1
143 20 1
143 21 1
143 22 1
143 23 1
143 24 1
143 25 1
143 27 1
143 28 1
143 32 1
143 33 1
143 40 1
143 41 1
143 45 1
143 46 1
143 48 1
143 55 1
143 56 1
143 61 1
143 62 1
143 63 1
143 64 1
143 65 1
143 68 1
143 71 1
143 72 1
143 74 1
143 76 1
143 77 1
143 79 1
143 88 1
143 89 1
143 90 1
143 93 1
143 94 1
143 95 1
143 96 1
143 97 1
143 103 1
143 104 1
143 107 1
143 110 1
143 111 1
143 112 1
143 113 1
143 115 1
143 117 1
143 118 1
143 119 1
143 124 1
143 125 1
143 126 1
143 127 1
143 130 1
143 131 1
143 132 1
143 133 1
143 137 1
143 138 1
143 142 1
144 7 1
144 8 1
144 15 1
144 16 1
144 36 1
144 43 1
144 44 1
144 45 1
144 51 1
144 53 1
144 54 1
144 58 1
144 59 1
144 60 1
144 66 1
144 69 1
144 70 1
144 75 1
144 78 1
144 82 1
144 84 1
144 85 1
144 86 1
144 87 1
144 92 1
144 98 1
144 99 1
144 100 1
144 106 1
144 114 1
144 116 1
144 134 1
144 135 1
144 136 1
144 140 1
144 141 1
145 6 1
145 7 1
145 8 1
145 16 1
145 17 1
145 26 1
145 27 1
145 33 1
145 35 1
145 39 1
145 40 1
145 42 1
145 43 1
145 45 1
145 51 1
145 58 1
145 60 1
145 61 1
145 64 1
145 65 1
145 67 1
145 69 1
145 70 1
145 73 1
145 75 1
145 77 1
145 78 1
145 81 1
145 85 1
145 86 1
145 87 1
145 91 1
145 95 1
145 96 1
145 98 1
145 99 1
145 100 1
145 106 1
145 108 1
145 110 1
145 114 1
145 120 1
145 121 1
145 125 1
145 127 1
145 128 1
145 134 1
145 136 1
145 144 1
146 2 1
146 12 1
146 13 1
146 16 1
146 17 1
146 18 1
146 20 1
146 21 1
146 22 1
146 23 1
146 24 1
146 25 1
146 26 1
146 27 1
146 32 1
146 33 1
146 37 1
146 38 1
146 39 1
146 40 1
146 41 1
146 45 1
146 46 1
146 48 1
146 50 1
146 55 1
146 56 1
146 58 1
146 61 1
146 64 1
146 65 1
146 68 1
146 72 1
146 74 1
146 77 1
146 78 1
146 84 1
146 89 1
146 90 1
146 93 1
146 94 1
146 95 1
146 96 1
146 97 1
146 98 1
146 101 1
146 102 1
146 103 1
146 104 1
146 110 1
146 111 1
146 112 1
146 113 1
146 115 1
146 118 1
146 124 1
146 125 1
146 126 1
146 127 1
146 128 1
146 130 1
146 131 1
146 132 1
146 133 1
146 136 1
146 137 1
146 138 1
146 139 1
146 140 1
146 142 1
146 143 1
146 145 1
