# minsup
1
# graph
G_./1JL6.pdb
# node ID, label
0 A
1 A
2 A
3 A
4 A
5 A
6 A
7 A
8 A
9 A
10 A
11 A
12 A
13 A
14 A
15 A
16 A
17 A
18 A
19 A
20 A
21 A
22 A
23 A
24 A
25 A
26 A
27 C
28 D
29 D
30 D
31 D
32 D
33 D
34 D
35 D
36 E
37 E
38 E
39 E
40 E
41 E
42 F
43 F
44 F
45 F
46 F
47 G
48 G
49 G
50 G
51 G
52 G
53 G
54 G
55 G
56 G
57 G
58 G
59 G
60 G
61 G
62 G
63 G
64 G
65 G
66 G
67 H
68 H
69 H
70 H
71 H
72 H
73 I
74 I
75 I
76 I
77 I
78 I
79 K
80 K
81 K
82 K
83 K
84 K
85 K
86 K
87 K
88 K
89 K
90 L
91 L
92 L
93 L
94 L
95 L
96 L
97 L
98 L
99 L
100 M
101 M
102 M
103 M
104 M
105 N
106 N
107 N
108 P
109 P
110 Q
111 Q
112 Q
113 Q
114 R
115 R
116 R
117 S
118 S
119 S
120 S
121 S
122 S
123 S
124 S
125 S
126 S
127 S
128 S
129 T
130 T
131 V
132 V
133 V
134 V
135 V
136 V
137 V
138 V
139 V
140 V
141 V
142 W
143 W
144 Y
145 Y
146 Y
# node ID1, node ID2, number of bounds
1 0 1
2 0 1
2 1 1
3 2 1
4 3 1
6 5 1
7 5 1
7 6 1
8 5 1
8 6 1
8 7 1
9 4 1
9 6 1
9 8 1
10 3 1
10 4 1
10 8 1
10 9 1
11 2 1
11 3 1
11 4 1
11 9 1
11 10 1
12 2 1
12 3 1
12 10 1
12 11 1
13 12 1
14 12 1
14 13 1
16 5 1
16 15 1
17 3 1
17 4 1
17 5 1
17 9 1
17 10 1
17 11 1
17 16 1
18 1 1
18 16 1
19 0 1
19 1 1
19 2 1
19 18 1
20 0 1
20 1 1
20 2 1
20 3 1
20 16 1
20 17 1
20 18 1
20 19 1
21 0 1
21 1 1
21 2 1
21 12 1
21 16 1
21 18 1
21 19 1
21 20 1
22 0 1
22 1 1
22 2 1
22 12 1
22 16 1
22 17 1
22 18 1
22 19 1
22 20 1
22 21 1
23 0 1
23 1 1
23 2 1
23 12 1
23 16 1
23 18 1
23 19 1
23 20 1
23 21 1
23 22 1
24 0 1
24 1 1
24 2 1
24 11 1
24 12 1
24 16 1
24 18 1
24 19 1
24 20 1
24 21 1
24 22 1
24 23 1
25 12 1
25 13 1
25 15 1
25 16 1
25 20 1
25 21 1
25 22 1
25 23 1
25 24 1
26 12 1
26 13 1
26 14 1
26 15 1
26 22 1
26 23 1
26 24 1
26 25 1
27 3 1
27 4 1
27 5 1
27 6 1
27 8 1
27 9 1
27 10 1
27 11 1
27 16 1
27 17 1
27 22 1
28 2 1
28 3 1
28 4 1
28 11 1
28 17 1
28 20 1
29 3 1
29 4 1
29 9 1
29 10 1
29 11 1
29 17 1
29 27 1
29 28 1
30 5 1
30 6 1
30 7 1
30 8 1
31 5 1
31 6 1
31 7 1
31 8 1
31 9 1
31 10 1
31 27 1
31 30 1
32 4 1
32 6 1
32 8 1
32 9 1
32 10 1
32 11 1
32 27 1
32 29 1
32 31 1
33 0 1
33 1 1
33 2 1
33 12 1
33 13 1
33 24 1
33 26 1
34 0 1
34 1 1
34 2 1
34 16 1
34 18 1
34 19 1
34 20 1
34 21 1
34 22 1
34 23 1
34 24 1
34 25 1
35 0 1
35 2 1
35 12 1
35 13 1
35 14 1
35 15 1
35 16 1
35 21 1
35 22 1
35 23 1
35 24 1
35 25 1
35 26 1
35 33 1
35 34 1
36 3 1
36 4 1
36 5 1
36 6 1
36 8 1
36 9 1
36 10 1
36 11 1
36 16 1
36 17 1
36 27 1
36 29 1
36 31 1
36 32 1
37 0 1
37 1 1
37 2 1
37 12 1
37 13 1
37 14 1
37 23 1
37 24 1
37 25 1
37 26 1
37 33 1
37 35 1
38 11 1
38 12 1
38 13 1
38 14 1
38 24 1
38 26 1
38 33 1
38 35 1
38 37 1
39 15 1
39 16 1
39 25 1
39 26 1
39 30 1
39 35 1
40 5 1
40 15 1
40 16 1
40 17 1
40 22 1
40 23 1
40 24 1
40 25 1
40 26 1
40 27 1
40 34 1
40 35 1
40 39 1
41 3 1
41 4 1
41 16 1
41 17 1
41 18 1
41 19 1
41 20 1
41 21 1
41 22 1
41 27 1
41 28 1
41 34 1
41 36 1
42 4 1
42 5 1
42 6 1
42 7 1
42 8 1
42 9 1
42 10 1
42 11 1
42 16 1
42 17 1
42 27 1
42 30 1
42 31 1
42 32 1
42 36 1
42 40 1
42 41 1
43 5 1
43 6 1
43 7 1
43 8 1
43 9 1
43 10 1
43 16 1
43 17 1
43 27 1
43 30 1
43 31 1
43 32 1
43 36 1
43 39 1
43 40 1
43 41 1
43 42 1
44 5 1
44 6 1
44 7 1
44 8 1
44 9 1
44 10 1
44 15 1
44 27 1
44 30 1
44 31 1
44 32 1
44 39 1
44 42 1
44 43 1
45 5 1
45 6 1
45 7 1
45 8 1
45 9 1
45 27 1
45 30 1
45 31 1
45 32 1
45 42 1
45 43 1
45 44 1
46 5 1
46 6 1
46 15 1
46 16 1
46 22 1
46 23 1
46 24 1
46 25 1
46 26 1
46 27 1
46 30 1
46 35 1
46 39 1
46 40 1
46 42 1
46 43 1
46 44 1
47 0 1
47 1 1
47 2 1
47 12 1
47 13 1
47 21 1
47 22 1
47 23 1
47 24 1
47 25 1
47 26 1
47 33 1
47 34 1
47 35 1
47 37 1
48 2 1
48 3 1
48 4 1
48 10 1
48 11 1
48 17 1
48 28 1
48 29 1
48 36 1
48 41 1
49 2 1
49 3 1
49 4 1
49 9 1
49 10 1
49 11 1
49 12 1
49 17 1
49 27 1
49 28 1
49 29 1
49 32 1
49 36 1
49 41 1
49 42 1
49 48 1
50 3 1
50 4 1
50 8 1
50 9 1
50 10 1
50 11 1
50 17 1
50 27 1
50 28 1
50 29 1
50 32 1
50 36 1
50 41 1
50 42 1
50 43 1
50 48 1
50 49 1
51 3 1
51 4 1
51 8 1
51 9 1
51 10 1
51 11 1
51 16 1
51 17 1
51 27 1
51 28 1
51 29 1
51 31 1
51 32 1
51 36 1
51 41 1
51 42 1
51 43 1
51 44 1
51 46 1
51 48 1
51 49 1
51 50 1
52 6 1
52 7 1
52 8 1
52 9 1
52 30 1
52 31 1
52 32 1
52 42 1
52 43 1
52 44 1
52 45 1
53 5 1
53 6 1
53 7 1
53 8 1
53 9 1
53 27 1
53 30 1
53 31 1
53 32 1
53 36 1
53 42 1
53 43 1
53 44 1
53 45 1
53 52 1
54 4 1
54 6 1
54 7 1
54 8 1
54 9 1
54 10 1
54 27 1
54 31 1
54 32 1
54 36 1
54 42 1
54 43 1
54 44 1
54 45 1
54 50 1
54 51 1
54 52 1
54 53 1
55 3 1
55 4 1
55 6 1
55 8 1
55 9 1
55 10 1
55 11 1
55 16 1
55 17 1
55 27 1
55 29 1
55 31 1
55 32 1
55 36 1
55 42 1
55 43 1
55 44 1
55 45 1
55 46 1
55 48 1
55 49 1
55 50 1
55 51 1
55 52 1
55 53 1
55 54 1
56 2 1
56 3 1
56 4 1
56 10 1
56 11 1
56 12 1
56 21 1
56 24 1
56 28 1
56 29 1
56 33 1
56 35 1
56 37 1
56 38 1
56 48 1
56 49 1
56 50 1
56 51 1
56 55 1
57 0 1
57 1 1
57 2 1
57 12 1
57 13 1
57 21 1
57 23 1
57 24 1
57 33 1
57 35 1
57 37 1
57 38 1
57 47 1
57 56 1
58 12 1
58 13 1
58 14 1
58 24 1
58 26 1
58 33 1
58 35 1
58 37 1
58 38 1
58 47 1
58 57 1
59 12 1
59 13 1
59 14 1
59 15 1
59 25 1
59 26 1
59 35 1
59 38 1
59 39 1
59 44 1
59 46 1
59 58 1
60 7 1
60 14 1
60 15 1
60 44 1
60 52 1
60 59 1
61 6 1
61 7 1
61 8 1
61 15 1
61 30 1
61 31 1
61 32 1
61 42 1
61 44 1
61 45 1
61 46 1
61 52 1
61 53 1
61 54 1
61 55 1
61 59 1
61 60 1
62 5 1
62 15 1
62 16 1
62 17 1
62 20 1
62 21 1
62 22 1
62 23 1
62 24 1
62 25 1
62 26 1
62 27 1
62 34 1
62 35 1
62 36 1
62 39 1
62 40 1
62 41 1
62 42 1
62 43 1
62 46 1
62 49 1
62 51 1
62 55 1
63 3 1
63 17 1
63 18 1
63 19 1
63 20 1
63 28 1
63 36 1
63 41 1
63 48 1
63 49 1
63 50 1
64 17 1
64 18 1
64 19 1
64 20 1
64 28 1
64 34 1
64 41 1
64 63 1
65 12 1
65 13 1
65 14 1
65 15 1
65 16 1
65 21 1
65 22 1
65 23 1
65 24 1
65 25 1
65 26 1
65 35 1
65 37 1
65 38 1
65 39 1
65 40 1
65 46 1
65 47 1
65 58 1
65 59 1
65 62 1
66 12 1
66 13 1
66 14 1
66 15 1
66 25 1
66 26 1
66 35 1
66 38 1
66 39 1
66 46 1
66 58 1
66 59 1
66 60 1
66 65 1
67 5 1
67 6 1
67 7 1
67 8 1
67 16 1
67 27 1
67 30 1
67 31 1
67 36 1
67 39 1
67 40 1
67 42 1
67 43 1
67 44 1
67 45 1
67 46 1
67 52 1
67 53 1
67 62 1
68 5 1
68 6 1
68 7 1
68 8 1
68 27 1
68 30 1
68 31 1
68 42 1
68 43 1
68 44 1
68 45 1
68 52 1
68 53 1
68 61 1
68 67 1
69 0 1
69 2 1
69 11 1
69 12 1
69 13 1
69 14 1
69 23 1
69 24 1
69 26 1
69 33 1
69 35 1
69 37 1
69 38 1
69 47 1
69 56 1
69 57 1
69 58 1
70 7 1
70 13 1
70 14 1
70 15 1
70 26 1
70 38 1
70 39 1
70 44 1
70 46 1
70 52 1
70 59 1
70 60 1
70 61 1
70 65 1
70 66 1
71 6 1
71 7 1
71 15 1
71 30 1
71 39 1
71 44 1
71 45 1
71 46 1
71 52 1
71 59 1
71 60 1
71 61 1
71 66 1
71 70 1
72 3 1
72 4 1
72 16 1
72 17 1
72 18 1
72 20 1
72 27 1
72 28 1
72 36 1
72 41 1
72 42 1
72 43 1
72 48 1
72 49 1
72 50 1
72 51 1
72 62 1
72 63 1
72 64 1
73 2 1
73 3 1
73 4 1
73 10 1
73 11 1
73 12 1
73 17 1
73 20 1
73 21 1
73 22 1
73 24 1
73 27 1
73 28 1
73 29 1
73 36 1
73 41 1
73 48 1
73 49 1
73 50 1
73 51 1
73 55 1
73 56 1
73 62 1
73 63 1
73 64 1
73 72 1
74 2 1
74 3 1
74 4 1
74 10 1
74 11 1
74 12 1
74 13 1
74 14 1
74 16 1
74 17 1
74 21 1
74 22 1
74 23 1
74 24 1
74 25 1
74 26 1
74 27 1
74 28 1
74 29 1
74 32 1
74 33 1
74 35 1
74 37 1
74 38 1
74 42 1
74 46 1
74 48 1
74 49 1
74 50 1
74 51 1
74 55 1
74 56 1
74 57 1
74 59 1
74 62 1
74 65 1
74 69 1
74 73 1
75 6 1
75 7 1
75 15 1
75 26 1
75 30 1
75 39 1
75 40 1
75 44 1
75 45 1
75 46 1
75 52 1
75 59 1
75 60 1
75 61 1
75 65 1
75 66 1
75 67 1
75 70 1
75 71 1
76 2 1
76 3 1
76 4 1
76 17 1
76 18 1
76 19 1
76 20 1
76 21 1
76 27 1
76 28 1
76 29 1
76 36 1
76 41 1
76 48 1
76 49 1
76 50 1
76 51 1
76 63 1
76 64 1
76 72 1
76 73 1
77 2 1
77 11 1
77 12 1
77 13 1
77 14 1
77 15 1
77 16 1
77 21 1
77 22 1
77 23 1
77 24 1
77 25 1
77 26 1
77 33 1
77 34 1
77 35 1
77 37 1
77 38 1
77 39 1
77 40 1
77 46 1
77 47 1
77 56 1
77 57 1
77 58 1
77 59 1
77 62 1
77 65 1
77 66 1
77 69 1
77 70 1
77 74 1
78 12 1
78 13 1
78 14 1
78 15 1
78 24 1
78 25 1
78 26 1
78 35 1
78 38 1
78 39 1
78 40 1
78 46 1
78 59 1
78 60 1
78 62 1
78 65 1
78 66 1
78 70 1
78 71 1
78 74 1
78 75 1
78 77 1
79 2 1
79 3 1
79 4 1
79 11 1
79 12 1
79 17 1
79 20 1
79 21 1
79 28 1
79 29 1
79 41 1
79 48 1
79 49 1
79 50 1
79 51 1
79 56 1
79 63 1
79 64 1
79 69 1
79 72 1
79 73 1
79 74 1
79 76 1
80 3 1
80 4 1
80 5 1
80 6 1
80 8 1
80 9 1
80 10 1
80 11 1
80 16 1
80 17 1
80 27 1
80 29 1
80 31 1
80 32 1
80 36 1
80 41 1
80 42 1
80 43 1
80 44 1
80 45 1
80 48 1
80 49 1
80 50 1
80 51 1
80 53 1
80 54 1
80 55 1
80 62 1
80 72 1
80 73 1
80 74 1
81 4 1
81 5 1
81 6 1
81 8 1
81 9 1
81 10 1
81 16 1
81 17 1
81 27 1
81 30 1
81 31 1
81 32 1
81 36 1
81 40 1
81 41 1
81 42 1
81 43 1
81 44 1
81 45 1
81 46 1
81 50 1
81 51 1
81 53 1
81 54 1
81 55 1
81 62 1
81 67 1
81 68 1
81 72 1
81 80 1
82 3 1
82 4 1
82 9 1
82 10 1
82 11 1
82 12 1
82 14 1
82 27 1
82 29 1
82 32 1
82 36 1
82 38 1
82 42 1
82 44 1
82 48 1
82 49 1
82 50 1
82 51 1
82 54 1
82 55 1
82 56 1
82 59 1
82 70 1
82 73 1
82 74 1
82 77 1
82 80 1
83 12 1
83 13 1
83 14 1
83 24 1
83 26 1
83 33 1
83 35 1
83 37 1
83 38 1
83 47 1
83 56 1
83 57 1
83 58 1
83 59 1
83 65 1
83 66 1
83 69 1
83 74 1
83 77 1
84 12 1
84 13 1
84 14 1
84 15 1
84 24 1
84 25 1
84 26 1
84 33 1
84 35 1
84 37 1
84 38 1
84 46 1
84 58 1
84 59 1
84 60 1
84 65 1
84 66 1
84 69 1
84 70 1
84 74 1
84 75 1
84 77 1
84 78 1
84 83 1
85 14 1
85 15 1
85 26 1
85 39 1
85 44 1
85 46 1
85 52 1
85 59 1
85 60 1
85 61 1
85 65 1
85 66 1
85 70 1
85 71 1
85 75 1
85 78 1
85 84 1
86 6 1
86 7 1
86 15 1
86 30 1
86 39 1
86 44 1
86 45 1
86 46 1
86 52 1
86 59 1
86 60 1
86 61 1
86 66 1
86 70 1
86 71 1
86 75 1
86 78 1
86 85 1
87 6 1
87 7 1
87 15 1
87 26 1
87 30 1
87 39 1
87 40 1
87 44 1
87 46 1
87 52 1
87 59 1
87 60 1
87 61 1
87 62 1
87 65 1
87 66 1
87 67 1
87 70 1
87 71 1
87 75 1
87 78 1
87 84 1
87 85 1
87 86 1
88 2 1
88 3 1
88 17 1
88 18 1
88 19 1
88 20 1
88 21 1
88 22 1
88 28 1
88 34 1
88 41 1
88 48 1
88 63 1
88 64 1
88 72 1
88 73 1
88 76 1
88 79 1
89 1 1
89 2 1
89 16 1
89 17 1
89 18 1
89 19 1
89 20 1
89 21 1
89 22 1
89 23 1
89 24 1
89 25 1
89 28 1
89 34 1
89 35 1
89 40 1
89 41 1
89 62 1
89 63 1
89 64 1
89 72 1
89 73 1
89 76 1
89 88 1
90 0 1
90 1 1
90 2 1
90 12 1
90 19 1
90 20 1
90 21 1
90 22 1
90 23 1
90 24 1
90 25 1
90 26 1
90 33 1
90 34 1
90 35 1
90 37 1
90 47 1
90 57 1
90 58 1
90 65 1
90 69 1
90 74 1
90 77 1
90 83 1
90 89 1
91 5 1
91 6 1
91 7 1
91 8 1
91 9 1
91 16 1
91 17 1
91 27 1
91 30 1
91 31 1
91 32 1
91 36 1
91 40 1
91 42 1
91 43 1
91 44 1
91 45 1
91 46 1
91 51 1
91 52 1
91 53 1
91 54 1
91 55 1
91 61 1
91 62 1
91 67 1
91 68 1
91 75 1
91 80 1
91 81 1
92 4 1
92 6 1
92 7 1
92 8 1
92 9 1
92 10 1
92 11 1
92 17 1
92 27 1
92 29 1
92 31 1
92 32 1
92 36 1
92 42 1
92 43 1
92 44 1
92 45 1
92 49 1
92 50 1
92 51 1
92 52 1
92 53 1
92 54 1
92 55 1
92 56 1
92 59 1
92 61 1
92 70 1
92 74 1
92 80 1
92 81 1
92 82 1
92 91 1
93 2 1
93 3 1
93 4 1
93 9 1
93 10 1
93 11 1
93 12 1
93 16 1
93 17 1
93 22 1
93 24 1
93 27 1
93 28 1
93 29 1
93 32 1
93 36 1
93 38 1
93 41 1
93 42 1
93 43 1
93 46 1
93 48 1
93 49 1
93 50 1
93 51 1
93 54 1
93 55 1
93 56 1
93 62 1
93 69 1
93 72 1
93 73 1
93 74 1
93 76 1
93 77 1
93 79 1
93 80 1
93 82 1
93 92 1
94 0 1
94 1 1
94 2 1
94 11 1
94 12 1
94 13 1
94 21 1
94 22 1
94 23 1
94 24 1
94 25 1
94 26 1
94 33 1
94 35 1
94 37 1
94 38 1
94 47 1
94 56 1
94 57 1
94 58 1
94 65 1
94 69 1
94 74 1
94 77 1
94 79 1
94 83 1
94 84 1
94 90 1
95 5 1
95 6 1
95 7 1
95 8 1
95 9 1
95 10 1
95 15 1
95 16 1
95 17 1
95 22 1
95 23 1
95 24 1
95 25 1
95 27 1
95 30 1
95 35 1
95 36 1
95 39 1
95 40 1
95 41 1
95 42 1
95 43 1
95 44 1
95 46 1
95 51 1
95 55 1
95 62 1
95 65 1
95 67 1
95 68 1
95 74 1
95 75 1
95 77 1
95 78 1
95 80 1
95 81 1
95 82 1
95 87 1
95 89 1
95 91 1
95 92 1
95 93 1
96 3 1
96 4 1
96 5 1
96 9 1
96 10 1
96 11 1
96 16 1
96 17 1
96 20 1
96 21 1
96 22 1
96 23 1
96 24 1
96 25 1
96 27 1
96 28 1
96 34 1
96 35 1
96 36 1
96 40 1
96 41 1
96 42 1
96 43 1
96 46 1
96 49 1
96 50 1
96 51 1
96 55 1
96 56 1
96 62 1
96 63 1
96 67 1
96 72 1
96 73 1
96 74 1
96 76 1
96 77 1
96 80 1
96 81 1
96 82 1
96 89 1
96 91 1
96 92 1
96 93 1
96 95 1
97 2 1
97 3 1
97 4 1
97 16 1
97 17 1
97 18 1
97 19 1
97 20 1
97 21 1
97 22 1
97 23 1
97 24 1
97 25 1
97 27 1
97 28 1
97 34 1
97 35 1
97 36 1
97 40 1
97 41 1
97 42 1
97 43 1
97 46 1
97 49 1
97 50 1
97 51 1
97 55 1
97 56 1
97 62 1
97 63 1
97 64 1
97 72 1
97 73 1
97 74 1
97 76 1
97 77 1
97 79 1
97 80 1
97 81 1
97 88 1
97 89 1
97 93 1
97 95 1
97 96 1
98 11 1
98 12 1
98 13 1
98 14 1
98 15 1
98 23 1
98 24 1
98 25 1
98 26 1
98 35 1
98 37 1
98 38 1
98 39 1
98 40 1
98 46 1
98 47 1
98 56 1
98 58 1
98 59 1
98 60 1
98 62 1
98 65 1
98 66 1
98 69 1
98 70 1
98 71 1
98 74 1
98 75 1
98 77 1
98 78 1
98 82 1
98 83 1
98 84 1
98 85 1
98 86 1
98 87 1
98 93 1
98 94 1
98 95 1
99 13 1
99 14 1
99 15 1
99 25 1
99 26 1
99 35 1
99 38 1
99 39 1
99 44 1
99 46 1
99 59 1
99 60 1
99 61 1
99 65 1
99 66 1
99 70 1
99 71 1
99 75 1
99 77 1
99 78 1
99 84 1
99 85 1
99 86 1
99 87 1
99 98 1
100 5 1
100 6 1
100 7 1
100 8 1
100 15 1
100 16 1
100 27 1
100 30 1
100 31 1
100 39 1
100 40 1
100 42 1
100 43 1
100 44 1
100 45 1
100 46 1
100 52 1
100 53 1
100 54 1
100 55 1
100 61 1
100 62 1
100 67 1
100 68 1
100 71 1
100 75 1
100 81 1
100 86 1
100 87 1
100 91 1
100 92 1
100 95 1
101 2 1
101 11 1
101 12 1
101 13 1
101 14 1
101 23 1
101 24 1
101 25 1
101 26 1
101 33 1
101 35 1
101 37 1
101 38 1
101 47 1
101 56 1
101 57 1
101 58 1
101 59 1
101 65 1
101 66 1
101 69 1
101 74 1
101 77 1
101 78 1
101 83 1
101 84 1
101 90 1
101 93 1
101 94 1
101 98 1
102 11 1
102 12 1
102 13 1
102 14 1
102 15 1
102 24 1
102 25 1
102 26 1
102 33 1
102 35 1
102 37 1
102 38 1
102 46 1
102 47 1
102 56 1
102 57 1
102 58 1
102 59 1
102 65 1
102 66 1
102 69 1
102 70 1
102 74 1
102 77 1
102 78 1
102 82 1
102 83 1
102 84 1
102 85 1
102 93 1
102 94 1
102 98 1
102 99 1
102 101 1
103 2 1
103 3 1
103 4 1
103 10 1
103 11 1
103 16 1
103 17 1
103 18 1
103 19 1
103 20 1
103 21 1
103 22 1
103 23 1
103 24 1
103 27 1
103 28 1
103 29 1
103 34 1
103 36 1
103 41 1
103 42 1
103 43 1
103 48 1
103 49 1
103 50 1
103 51 1
103 55 1
103 56 1
103 62 1
103 63 1
103 64 1
103 72 1
103 73 1
103 74 1
103 76 1
103 79 1
103 80 1
103 81 1
103 88 1
103 89 1
103 93 1
103 95 1
103 96 1
103 97 1
104 1 1
104 2 1
104 3 1
104 16 1
104 17 1
104 18 1
104 19 1
104 20 1
104 21 1
104 22 1
104 23 1
104 24 1
104 28 1
104 34 1
104 41 1
104 48 1
104 49 1
104 62 1
104 63 1
104 64 1
104 72 1
104 73 1
104 76 1
104 79 1
104 88 1
104 89 1
104 96 1
104 97 1
104 103 1
105 2 1
105 3 1
105 4 1
105 9 1
105 10 1
105 11 1
105 12 1
105 17 1
105 27 1
105 28 1
105 29 1
105 32 1
105 36 1
105 48 1
105 49 1
105 50 1
105 51 1
105 55 1
105 56 1
105 73 1
105 74 1
105 76 1
105 79 1
105 80 1
105 82 1
105 92 1
105 93 1
105 96 1
105 103 1
106 6 1
106 7 1
106 15 1
106 30 1
106 44 1
106 45 1
106 52 1
106 53 1
106 54 1
106 59 1
106 60 1
106 61 1
106 68 1
106 70 1
106 71 1
106 75 1
106 85 1
106 86 1
106 87 1
106 99 1
106 100 1
107 1 1
107 2 1
107 16 1
107 17 1
107 18 1
107 19 1
107 20 1
107 21 1
107 22 1
107 23 1
107 28 1
107 34 1
107 41 1
107 63 1
107 64 1
107 72 1
107 73 1
107 76 1
107 88 1
107 89 1
107 96 1
107 97 1
107 103 1
107 104 1
108 4 1
108 6 1
108 7 1
108 8 1
108 9 1
108 10 1
108 27 1
108 31 1
108 32 1
108 36 1
108 42 1
108 43 1
108 44 1
108 45 1
108 50 1
108 51 1
108 52 1
108 53 1
108 54 1
108 55 1
108 80 1
108 81 1
108 82 1
108 91 1
108 92 1
109 5 1
109 6 1
109 15 1
109 16 1
109 17 1
109 22 1
109 23 1
109 24 1
109 25 1
109 27 1
109 30 1
109 36 1
109 39 1
109 40 1
109 42 1
109 43 1
109 44 1
109 46 1
109 51 1
109 62 1
109 65 1
109 67 1
109 68 1
109 75 1
109 77 1
109 78 1
109 81 1
109 87 1
109 91 1
109 95 1
109 96 1
109 97 1
109 100 1
109 103 1
110 0 1
110 1 1
110 2 1
110 12 1
110 18 1
110 19 1
110 20 1
110 21 1
110 22 1
110 23 1
110 24 1
110 25 1
110 33 1
110 34 1
110 35 1
110 37 1
110 47 1
110 57 1
110 69 1
110 77 1
110 79 1
110 88 1
110 89 1
110 90 1
110 94 1
110 104 1
110 107 1
111 0 1
111 1 1
111 2 1
111 12 1
111 18 1
111 19 1
111 20 1
111 21 1
111 22 1
111 23 1
111 24 1
111 28 1
111 33 1
111 34 1
111 37 1
111 47 1
111 56 1
111 57 1
111 69 1
111 73 1
111 79 1
111 88 1
111 89 1
111 90 1
111 94 1
111 104 1
111 107 1
111 110 1
112 2 1
112 3 1
112 4 1
112 9 1
112 10 1
112 11 1
112 12 1
112 13 1
112 14 1
112 24 1
112 25 1
112 26 1
112 27 1
112 29 1
112 32 1
112 35 1
112 38 1
112 42 1
112 48 1
112 49 1
112 50 1
112 51 1
112 55 1
112 56 1
112 59 1
112 62 1
112 65 1
112 69 1
112 70 1
112 73 1
112 74 1
112 77 1
112 78 1
112 79 1
112 80 1
112 82 1
112 83 1
112 84 1
112 92 1
112 93 1
112 94 1
112 96 1
112 98 1
112 101 1
112 102 1
112 103 1
112 105 1
113 13 1
113 14 1
113 15 1
113 26 1
113 38 1
113 39 1
113 46 1
113 59 1
113 60 1
113 65 1
113 66 1
113 70 1
113 71 1
113 75 1
113 77 1
113 78 1
113 84 1
113 85 1
113 86 1
113 87 1
113 98 1
113 99 1
113 102 1
114 0 1
114 1 1
114 2 1
114 12 1
114 18 1
114 19 1
114 20 1
114 21 1
114 22 1
114 23 1
114 24 1
114 25 1
114 33 1
114 34 1
114 35 1
114 37 1
114 47 1
114 56 1
114 57 1
114 58 1
114 69 1
114 73 1
114 74 1
114 77 1
114 79 1
114 83 1
114 89 1
114 90 1
114 94 1
114 101 1
114 104 1
114 110 1
114 111 1
115 13 1
115 14 1
115 15 1
115 26 1
115 38 1
115 44 1
115 59 1
115 60 1
115 61 1
115 65 1
115 66 1
115 70 1
115 71 1
115 75 1
115 77 1
115 78 1
115 82 1
115 84 1
115 85 1
115 86 1
115 87 1
115 92 1
115 98 1
115 99 1
115 102 1
115 106 1
115 112 1
115 113 1
116 3 1
116 4 1
116 10 1
116 16 1
116 17 1
116 20 1
116 27 1
116 28 1
116 29 1
116 36 1
116 41 1
116 42 1
116 48 1
116 49 1
116 50 1
116 51 1
116 55 1
116 63 1
116 64 1
116 72 1
116 73 1
116 76 1
116 79 1
116 80 1
116 81 1
116 88 1
116 89 1
116 93 1
116 96 1
116 97 1
116 103 1
116 104 1
116 105 1
116 107 1
117 0 1
117 1 1
117 2 1
117 19 1
117 20 1
117 21 1
117 22 1
117 23 1
117 24 1
117 25 1
117 33 1
117 34 1
117 35 1
117 37 1
117 47 1
117 57 1
117 58 1
117 69 1
117 77 1
117 89 1
117 90 1
117 94 1
117 101 1
117 110 1
117 111 1
117 114 1
118 0 1
118 1 1
118 2 1
118 3 1
118 12 1
118 18 1
118 19 1
118 20 1
118 21 1
118 22 1
118 24 1
118 28 1
118 34 1
118 41 1
118 48 1
118 49 1
118 56 1
118 57 1
118 63 1
118 64 1
118 69 1
118 73 1
118 74 1
118 76 1
118 79 1
118 88 1
118 89 1
118 90 1
118 94 1
118 103 1
118 104 1
118 105 1
118 107 1
118 110 1
118 111 1
118 114 1
118 116 1
118 117 1
119 3 1
119 4 1
119 10 1
119 11 1
119 28 1
119 29 1
119 48 1
119 49 1
119 50 1
119 51 1
119 56 1
119 73 1
119 76 1
119 79 1
119 80 1
119 82 1
119 93 1
119 103 1
119 105 1
119 116 1
119 118 1
120 5 1
120 6 1
120 7 1
120 8 1
120 9 1
120 16 1
120 17 1
120 27 1
120 30 1
120 31 1
120 36 1
120 42 1
120 43 1
120 44 1
120 45 1
120 51 1
120 52 1
120 53 1
120 54 1
120 55 1
120 62 1
120 67 1
120 68 1
120 80 1
120 81 1
120 91 1
120 95 1
120 96 1
120 100 1
120 108 1
120 109 1
121 5 1
121 6 1
121 7 1
121 8 1
121 9 1
121 30 1
121 31 1
121 32 1
121 42 1
121 43 1
121 44 1
121 45 1
121 52 1
121 53 1
121 54 1
121 61 1
121 67 1
121 68 1
121 81 1
121 91 1
121 92 1
121 100 1
121 106 1
121 108 1
121 120 1
122 5 1
122 6 1
122 7 1
122 8 1
122 9 1
122 27 1
122 30 1
122 31 1
122 32 1
122 36 1
122 42 1
122 43 1
122 44 1
122 45 1
122 50 1
122 51 1
122 52 1
122 53 1
122 54 1
122 55 1
122 67 1
122 68 1
122 80 1
122 81 1
122 91 1
122 92 1
122 100 1
122 108 1
122 120 1
122 121 1
123 0 1
123 2 1
123 3 1
123 11 1
123 12 1
123 13 1
123 21 1
123 24 1
123 28 1
123 33 1
123 35 1
123 37 1
123 38 1
123 49 1
123 56 1
123 57 1
123 58 1
123 69 1
123 73 1
123 74 1
123 77 1
123 79 1
123 83 1
123 90 1
123 93 1
123 94 1
123 101 1
123 102 1
123 105 1
123 110 1
123 111 1
123 112 1
123 114 1
123 118 1
124 4 1
124 5 1
124 6 1
124 8 1
124 9 1
124 10 1
124 16 1
124 17 1
124 22 1
124 23 1
124 24 1
124 25 1
124 27 1
124 34 1
124 36 1
124 39 1
124 40 1
124 41 1
124 42 1
124 43 1
124 46 1
124 49 1
124 50 1
124 51 1
124 55 1
124 62 1
124 63 1
124 67 1
124 68 1
124 72 1
124 73 1
124 74 1
124 76 1
124 80 1
124 81 1
124 89 1
124 91 1
124 92 1
124 93 1
124 95 1
124 96 1
124 97 1
124 100 1
124 103 1
124 104 1
124 109 1
124 116 1
124 120 1
125 3 1
125 4 1
125 5 1
125 16 1
125 17 1
125 18 1
125 19 1
125 20 1
125 21 1
125 22 1
125 23 1
125 24 1
125 27 1
125 28 1
125 34 1
125 36 1
125 40 1
125 41 1
125 42 1
125 43 1
125 46 1
125 49 1
125 50 1
125 51 1
125 55 1
125 62 1
125 63 1
125 64 1
125 72 1
125 73 1
125 76 1
125 80 1
125 81 1
125 88 1
125 89 1
125 91 1
125 93 1
125 95 1
125 96 1
125 97 1
125 103 1
125 104 1
125 107 1
125 109 1
125 116 1
125 120 1
125 124 1
126 11 1
126 12 1
126 13 1
126 14 1
126 15 1
126 16 1
126 21 1
126 22 1
126 23 1
126 24 1
126 25 1
126 26 1
126 35 1
126 37 1
126 38 1
126 39 1
126 40 1
126 46 1
126 47 1
126 55 1
126 56 1
126 58 1
126 59 1
126 62 1
126 65 1
126 66 1
126 69 1
126 70 1
126 74 1
126 75 1
126 77 1
126 78 1
126 82 1
126 83 1
126 84 1
126 85 1
126 87 1
126 90 1
126 93 1
126 94 1
126 95 1
126 96 1
126 97 1
126 98 1
126 99 1
126 101 1
126 102 1
126 109 1
126 112 1
126 113 1
126 115 1
126 124 1
127 13 1
127 14 1
127 15 1
127 25 1
127 26 1
127 35 1
127 37 1
127 38 1
127 39 1
127 40 1
127 46 1
127 58 1
127 59 1
127 60 1
127 65 1
127 66 1
127 70 1
127 71 1
127 75 1
127 77 1
127 78 1
127 83 1
127 84 1
127 85 1
127 87 1
127 98 1
127 99 1
127 101 1
127 102 1
127 113 1
127 115 1
127 126 1
128 13 1
128 14 1
128 15 1
128 26 1
128 38 1
128 59 1
128 60 1
128 65 1
128 66 1
128 70 1
128 71 1
128 75 1
128 78 1
128 84 1
128 85 1
128 86 1
128 87 1
128 98 1
128 99 1
128 102 1
128 113 1
128 115 1
128 126 1
128 127 1
129 0 1
129 1 1
129 2 1
129 3 1
129 11 1
129 12 1
129 17 1
129 18 1
129 19 1
129 20 1
129 21 1
129 22 1
129 23 1
129 24 1
129 28 1
129 29 1
129 34 1
129 41 1
129 48 1
129 49 1
129 56 1
129 63 1
129 64 1
129 72 1
129 73 1
129 74 1
129 76 1
129 79 1
129 88 1
129 89 1
129 90 1
129 93 1
129 94 1
129 96 1
129 97 1
129 103 1
129 104 1
129 105 1
129 107 1
129 110 1
129 111 1
129 114 1
129 116 1
129 118 1
129 119 1
129 123 1
129 125 1
130 4 1
130 5 1
130 6 1
130 7 1
130 8 1
130 9 1
130 10 1
130 16 1
130 17 1
130 27 1
130 30 1
130 31 1
130 32 1
130 36 1
130 42 1
130 43 1
130 44 1
130 45 1
130 49 1
130 50 1
130 51 1
130 52 1
130 53 1
130 54 1
130 55 1
130 62 1
130 67 1
130 68 1
130 72 1
130 80 1
130 81 1
130 82 1
130 91 1
130 92 1
130 93 1
130 95 1
130 96 1
130 97 1
130 100 1
130 103 1
130 108 1
130 109 1
130 116 1
130 120 1
130 121 1
130 122 1
130 124 1
130 125 1
131 0 1
131 1 1
131 2 1
131 3 1
131 12 1
131 18 1
131 19 1
131 20 1
131 21 1
131 22 1
131 23 1
131 24 1
131 28 1
131 34 1
131 41 1
131 47 1
131 56 1
131 57 1
131 63 1
131 64 1
131 69 1
131 73 1
131 74 1
131 76 1
131 79 1
131 88 1
131 89 1
131 90 1
131 94 1
131 97 1
131 103 1
131 104 1
131 107 1
131 110 1
131 111 1
131 114 1
131 117 1
131 118 1
131 123 1
131 129 1
132 0 1
132 1 1
132 2 1
132 3 1
132 11 1
132 12 1
132 18 1
132 19 1
132 20 1
132 21 1
132 22 1
132 23 1
132 24 1
132 25 1
132 28 1
132 33 1
132 34 1
132 35 1
132 37 1
132 41 1
132 47 1
132 48 1
132 49 1
132 56 1
132 57 1
132 62 1
132 63 1
132 64 1
132 69 1
132 73 1
132 74 1
132 76 1
132 77 1
132 79 1
132 88 1
132 89 1
132 90 1
132 93 1
132 94 1
132 96 1
132 97 1
132 101 1
132 103 1
132 104 1
132 105 1
132 107 1
132 110 1
132 111 1
132 112 1
132 114 1
132 116 1
132 117 1
132 118 1
132 123 1
132 129 1
132 131 1
133 3 1
133 4 1
133 8 1
133 9 1
133 10 1
133 11 1
133 16 1
133 17 1
133 27 1
133 28 1
133 29 1
133 32 1
133 36 1
133 41 1
133 42 1
133 43 1
133 48 1
133 49 1
133 50 1
133 51 1
133 54 1
133 55 1
133 56 1
133 62 1
133 63 1
133 72 1
133 73 1
133 74 1
133 76 1
133 79 1
133 80 1
133 81 1
133 82 1
133 88 1
133 91 1
133 92 1
133 93 1
133 95 1
133 96 1
133 97 1
133 103 1
133 104 1
133 105 1
133 112 1
133 116 1
133 119 1
133 124 1
133 125 1
133 129 1
133 130 1
134 5 1
134 6 1
134 7 1
134 8 1
134 15 1
134 30 1
134 31 1
134 39 1
134 40 1
134 42 1
134 43 1
134 44 1
134 45 1
134 46 1
134 52 1
134 53 1
134 54 1
134 55 1
134 60 1
134 61 1
134 67 1
134 68 1
134 70 1
134 71 1
134 75 1
134 85 1
134 86 1
134 87 1
134 91 1
134 92 1
134 95 1
134 99 1
134 100 1
134 106 1
134 109 1
134 115 1
134 120 1
134 121 1
134 130 1
135 4 1
135 5 1
135 6 1
135 7 1
135 8 1
135 9 1
135 10 1
135 11 1
135 17 1
135 27 1
135 30 1
135 31 1
135 32 1
135 36 1
135 42 1
135 43 1
135 44 1
135 45 1
135 49 1
135 50 1
135 51 1
135 52 1
135 53 1
135 54 1
135 55 1
135 61 1
135 67 1
135 68 1
135 80 1
135 81 1
135 82 1
135 91 1
135 92 1
135 93 1
135 95 1
135 96 1
135 100 1
135 108 1
135 120 1
135 121 1
135 122 1
135 124 1
135 130 1
135 133 1
135 134 1
136 3 1
136 4 1
136 9 1
136 10 1
136 11 1
136 12 1
136 14 1
136 16 1
136 17 1
136 24 1
136 25 1
136 26 1
136 27 1
136 29 1
136 32 1
136 35 1
136 36 1
136 38 1
136 42 1
136 43 1
136 44 1
136 46 1
136 49 1
136 50 1
136 51 1
136 54 1
136 55 1
136 56 1
136 59 1
136 61 1
136 62 1
136 65 1
136 70 1
136 73 1
136 74 1
136 77 1
136 78 1
136 80 1
136 81 1
136 82 1
136 84 1
136 92 1
136 93 1
136 95 1
136 96 1
136 97 1
136 98 1
136 101 1
136 102 1
136 103 1
136 105 1
136 108 1
136 112 1
136 115 1
136 123 1
136 124 1
136 126 1
136 130 1
136 133 1
136 135 1
137 2 1
137 3 1
137 4 1
137 10 1
137 11 1
137 12 1
137 13 1
137 14 1
137 24 1
137 26 1
137 29 1
137 33 1
137 35 1
137 37 1
137 38 1
137 48 1
137 49 1
137 51 1
137 55 1
137 56 1
137 57 1
137 58 1
137 69 1
137 73 1
137 74 1
137 77 1
137 79 1
137 82 1
137 83 1
137 84 1
137 93 1
137 94 1
137 98 1
137 101 1
137 102 1
137 105 1
137 111 1
137 112 1
137 114 1
137 118 1
137 123 1
137 126 1
137 129 1
137 132 1
137 136 1
138 0 1
138 1 1
138 2 1
138 3 1
138 11 1
138 12 1
138 13 1
138 20 1
138 21 1
138 22 1
138 23 1
138 24 1
138 25 1
138 26 1
138 28 1
138 33 1
138 35 1
138 37 1
138 38 1
138 47 1
138 48 1
138 49 1
138 56 1
138 57 1
138 58 1
138 65 1
138 69 1
138 73 1
138 74 1
138 77 1
138 79 1
138 82 1
138 83 1
138 84 1
138 89 1
138 90 1
138 93 1
138 94 1
138 96 1
138 97 1
138 98 1
138 101 1
138 102 1
138 103 1
138 105 1
138 110 1
138 111 1
138 112 1
138 114 1
138 117 1
138 118 1
138 123 1
138 126 1
138 129 1
138 131 1
138 132 1
138 136 1
138 137 1
139 12 1
139 13 1
139 14 1
139 23 1
139 24 1
139 25 1
139 26 1
139 33 1
139 35 1
139 37 1
139 38 1
139 47 1
139 56 1
139 57 1
139 58 1
139 59 1
139 65 1
139 66 1
139 69 1
139 74 1
139 77 1
139 78 1
139 83 1
139 84 1
139 90 1
139 94 1
139 98 1
139 99 1
139 101 1
139 102 1
139 112 1
139 113 1
139 114 1
139 115 1
139 123 1
139 126 1
139 127 1
139 128 1
139 137 1
139 138 1
140 11 1
140 12 1
140 13 1
140 14 1
140 15 1
140 26 1
140 35 1
140 38 1
140 46 1
140 55 1
140 56 1
140 58 1
140 59 1
140 60 1
140 61 1
140 65 1
140 66 1
140 69 1
140 70 1
140 74 1
140 75 1
140 77 1
140 78 1
140 82 1
140 83 1
140 84 1
140 85 1
140 86 1
140 87 1
140 92 1
140 93 1
140 98 1
140 99 1
140 101 1
140 102 1
140 112 1
140 113 1
140 115 1
140 126 1
140 127 1
140 128 1
140 136 1
140 137 1
140 138 1
140 139 1
141 13 1
141 14 1
141 15 1
141 26 1
141 38 1
141 59 1
141 60 1
141 61 1
141 65 1
141 66 1
141 70 1
141 71 1
141 75 1
141 77 1
141 78 1
141 84 1
141 85 1
141 86 1
141 87 1
141 98 1
141 99 1
141 101 1
141 102 1
141 106 1
141 112 1
141 113 1
141 115 1
141 126 1
141 127 1
141 128 1
141 139 1
141 140 1
142 1 1
142 2 1
142 3 1
142 4 1
142 10 1
142 11 1
142 12 1
142 17 1
142 19 1
142 20 1
142 21 1
142 22 1
142 23 1
142 24 1
142 28 1
142 29 1
142 34 1
142 41 1
142 48 1
142 49 1
142 50 1
142 51 1
142 56 1
142 57 1
142 63 1
142 64 1
142 69 1
142 72 1
142 73 1
142 74 1
142 76 1
142 77 1
142 79 1
142 88 1
142 89 1
142 93 1
142 94 1
142 96 1
142 97 1
142 103 1
142 104 1
142 105 1
142 107 1
142 110 1
142 111 1
142 112 1
142 114 1
142 116 1
142 118 1
142 119 1
142 123 1
142 125 1
142 129 1
142 131 1
142 132 1
142 133 1
142 136 1
142 137 1
142 138 1
143 0 1
143 1 1
143 2 1
143 3 1
143 12 1
143 16 1
143 17 1
143 18 1
143 19 1
143 20 1
143 21 1
143 22 1
143 23 1
143 24 1
143 25 1
143 27 1
143 28 1
143 34 1
143 35 1
143 40 1
143 41 1
143 46 1
143 47 1
143 49 1
143 56 1
143 57 1
143 62 1
143 63 1
143 64 1
143 65 1
143 69 1
143 72 1
143 73 1
143 74 1
143 76 1
143 77 1
143 79 1
143 88 1
143 89 1
143 90 1
143 93 1
143 94 1
143 95 1
143 96 1
143 97 1
143 103 1
143 104 1
143 107 1
143 109 1
143 110 1
143 111 1
143 112 1
143 114 1
143 116 1
143 117 1
143 118 1
143 123 1
143 124 1
143 125 1
143 126 1
143 129 1
143 131 1
143 132 1
143 133 1
143 136 1
143 137 1
143 138 1
143 142 1
144 6 1
144 7 1
144 14 1
144 15 1
144 32 1
144 44 1
144 45 1
144 46 1
144 52 1
144 54 1
144 55 1
144 59 1
144 60 1
144 61 1
144 66 1
144 70 1
144 71 1
144 75 1
144 78 1
144 82 1
144 84 1
144 85 1
144 86 1
144 87 1
144 92 1
144 98 1
144 99 1
144 100 1
144 106 1
144 113 1
144 115 1
144 128 1
144 134 1
144 135 1
144 136 1
144 140 1
144 141 1
145 5 1
145 6 1
145 7 1
145 15 1
145 16 1
145 25 1
145 26 1
145 27 1
145 30 1
145 35 1
145 39 1
145 40 1
145 42 1
145 43 1
145 44 1
145 46 1
145 52 1
145 59 1
145 61 1
145 62 1
145 65 1
145 67 1
145 68 1
145 70 1
145 71 1
145 75 1
145 77 1
145 78 1
145 81 1
145 85 1
145 86 1
145 87 1
145 91 1
145 95 1
145 96 1
145 98 1
145 99 1
145 100 1
145 106 1
145 109 1
145 113 1
145 120 1
145 124 1
145 126 1
145 127 1
145 134 1
145 144 1
146 2 1
146 11 1
146 12 1
146 15 1
146 16 1
146 17 1
146 19 1
146 20 1
146 21 1
146 22 1
146 23 1
146 24 1
146 25 1
146 26 1
146 27 1
146 34 1
146 35 1
146 37 1
146 38 1
146 39 1
146 40 1
146 41 1
146 46 1
146 47 1
146 49 1
146 51 1
146 56 1
146 59 1
146 62 1
146 65 1
146 69 1
146 73 1
146 74 1
146 77 1
146 78 1
146 84 1
146 89 1
146 90 1
146 93 1
146 94 1
146 95 1
146 96 1
146 97 1
146 98 1
146 101 1
146 102 1
146 103 1
146 104 1
146 109 1
146 110 1
146 111 1
146 112 1
146 114 1
146 117 1
146 123 1
146 124 1
146 125 1
146 126 1
146 127 1
146 129 1
146 131 1
146 132 1
146 133 1
146 136 1
146 137 1
146 138 1
146 139 1
146 140 1
146 142 1
146 143 1
146 145 1
