# minsup
1
# graph
G_./5g5s.pdb
# node ID, label
0 A
1 A
2 A
3 A
4 A
5 A
6 A
7 A
8 C
9 D
10 D
11 D
12 D
13 D
14 D
15 D
16 D
17 D
18 D
19 D
20 D
21 D
22 D
23 D
24 D
25 D
26 D
27 E
28 E
29 E
30 E
31 E
32 E
33 E
34 E
35 E
36 E
37 E
38 E
39 E
40 E
41 E
42 E
43 E
44 E
45 E
46 E
47 E
48 E
49 E
50 F
51 F
52 F
53 F
54 F
55 F
56 F
57 F
58 F
59 F
60 F
61 G
62 G
63 G
64 G
65 G
66 H
67 H
68 H
69 H
70 I
71 I
72 I
73 I
74 I
75 I
76 I
77 I
78 I
79 I
80 I
81 I
82 I
83 I
84 I
85 I
86 I
87 I
88 I
89 I
90 I
91 I
92 I
93 I
94 I
95 I
96 I
97 I
98 I
99 I
100 I
101 I
102 I
103 K
104 K
105 K
106 K
107 K
108 K
109 K
110 K
111 K
112 K
113 K
114 K
115 K
116 K
117 K
118 K
119 K
120 K
121 K
122 K
123 K
124 K
125 K
126 K
127 K
128 K
129 K
130 L
131 L
132 L
133 L
134 L
135 L
136 L
137 L
138 L
139 L
140 L
141 L
142 L
143 L
144 L
145 L
146 L
147 L
148 L
149 L
150 M
151 M
152 M
153 M
154 N
155 N
156 N
157 N
158 N
159 N
160 N
161 N
162 N
163 N
164 N
165 N
166 N
167 N
168 N
169 N
170 N
171 N
172 N
173 N
174 N
175 N
176 N
177 N
178 P
179 P
180 P
181 P
182 P
183 P
184 P
185 P
186 P
187 P
188 Q
189 Q
190 Q
191 Q
192 Q
193 Q
194 R
195 R
196 R
197 R
198 R
199 R
200 R
201 R
202 R
203 R
204 R
205 R
206 R
207 S
208 S
209 S
210 S
211 S
212 S
213 S
214 S
215 S
216 S
217 T
218 T
219 T
220 T
221 T
222 V
223 V
224 V
225 V
226 V
227 V
228 V
229 V
230 V
231 V
232 V
233 W
234 W
235 X
236 X
237 X
238 X
239 Y
240 Y
241 Y
242 Y
243 Y
244 Y
245 Y
246 Y
247 Y
248 Y
249 Y
250 Y
251 Y
252 Y
253 Y
254 Y
255 Y
256 Y
# node ID1, node ID2, number of bounds
7 6 1
8 1 1
11 9 1
11 10 1
12 1 1
12 8 1
13 1 1
15 14 1
16 2 1
17 2 1
17 16 1
18 2 1
18 4 1
18 17 1
19 16 1
20 16 1
20 19 1
22 2 1
22 18 1
23 2 1
23 18 1
23 22 1
25 6 1
26 6 1
26 7 1
27 0 1
27 9 1
28 9 1
28 10 1
28 11 1
31 1 1
31 13 1
32 13 1
32 31 1
33 31 1
33 32 1
34 8 1
34 12 1
35 8 1
35 34 1
36 1 1
36 8 1
36 12 1
36 31 1
36 32 1
36 34 1
36 35 1
37 14 1
37 15 1
38 14 1
38 15 1
38 30 1
39 2 1
39 16 1
39 17 1
39 19 1
39 20 1
40 2 1
40 16 1
40 17 1
40 19 1
40 20 1
40 39 1
41 2 1
41 16 1
41 17 1
41 18 1
41 39 1
41 40 1
42 3 1
43 16 1
43 20 1
44 4 1
44 21 1
44 43 1
45 21 1
45 44 1
46 2 1
46 16 1
46 17 1
46 18 1
46 22 1
46 23 1
46 39 1
46 40 1
46 41 1
47 5 1
47 34 1
47 35 1
49 6 1
49 14 1
49 15 1
49 37 1
51 0 1
51 9 1
51 11 1
51 27 1
51 28 1
52 0 1
52 9 1
52 11 1
52 27 1
52 51 1
53 0 1
53 9 1
53 11 1
53 27 1
53 51 1
53 52 1
54 0 1
54 9 1
54 11 1
54 27 1
54 51 1
54 52 1
54 53 1
55 52 1
55 53 1
55 54 1
56 21 1
56 43 1
56 44 1
56 45 1
57 6 1
57 7 1
57 26 1
57 48 1
58 48 1
58 57 1
59 6 1
59 7 1
59 26 1
60 6 1
60 7 1
60 45 1
60 59 1
61 16 1
61 19 1
61 20 1
61 39 1
61 43 1
61 44 1
62 6 1
62 7 1
62 25 1
62 26 1
62 48 1
62 57 1
62 59 1
63 5 1
63 34 1
63 35 1
63 47 1
64 24 1
65 6 1
65 15 1
65 49 1
66 29 1
66 55 1
67 31 1
67 32 1
67 33 1
67 36 1
68 5 1
68 8 1
68 12 1
68 34 1
68 35 1
68 36 1
68 47 1
68 63 1
69 6 1
69 7 1
69 25 1
69 26 1
69 49 1
69 57 1
69 59 1
69 60 1
69 62 1
70 0 1
70 9 1
70 10 1
70 11 1
70 27 1
70 28 1
70 51 1
70 52 1
70 53 1
70 54 1
71 0 1
71 11 1
71 27 1
71 51 1
71 52 1
71 53 1
71 54 1
71 55 1
71 70 1
72 0 1
72 10 1
72 11 1
72 27 1
72 28 1
72 51 1
72 52 1
72 53 1
72 54 1
72 55 1
72 70 1
72 71 1
73 9 1
73 10 1
73 11 1
73 28 1
73 51 1
73 52 1
73 53 1
73 54 1
73 70 1
73 71 1
73 72 1
74 14 1
74 30 1
74 38 1
75 8 1
75 12 1
75 26 1
75 34 1
75 35 1
75 36 1
75 59 1
75 68 1
76 1 1
76 12 1
76 13 1
76 31 1
76 32 1
76 33 1
76 36 1
76 67 1
77 1 1
77 8 1
77 12 1
77 13 1
77 31 1
77 32 1
77 33 1
77 36 1
77 67 1
77 76 1
78 31 1
78 32 1
78 33 1
78 36 1
78 67 1
78 76 1
78 77 1
79 31 1
79 32 1
79 33 1
79 67 1
79 76 1
79 77 1
79 78 1
80 13 1
80 31 1
80 32 1
80 33 1
80 76 1
80 77 1
80 78 1
80 79 1
81 1 1
81 8 1
81 12 1
81 13 1
81 31 1
81 32 1
81 34 1
81 36 1
81 67 1
81 75 1
81 76 1
81 77 1
81 80 1
82 8 1
82 34 1
82 35 1
82 36 1
82 47 1
82 63 1
82 67 1
82 68 1
82 75 1
82 77 1
82 78 1
82 81 1
83 14 1
83 15 1
83 30 1
83 37 1
83 38 1
83 49 1
83 74 1
84 2 1
84 16 1
84 17 1
84 18 1
84 19 1
84 39 1
84 40 1
84 41 1
84 46 1
85 2 1
85 4 1
85 16 1
85 17 1
85 18 1
85 22 1
85 23 1
85 39 1
85 40 1
85 41 1
85 46 1
85 84 1
86 3 1
86 42 1
87 16 1
87 19 1
87 20 1
87 39 1
87 40 1
87 43 1
87 61 1
88 16 1
88 19 1
88 20 1
88 39 1
88 40 1
88 43 1
88 44 1
88 56 1
88 61 1
88 87 1
89 16 1
89 19 1
89 20 1
89 39 1
89 43 1
89 44 1
89 56 1
89 61 1
89 87 1
89 88 1
90 4 1
90 20 1
90 21 1
90 43 1
90 44 1
90 45 1
90 56 1
90 61 1
90 87 1
90 88 1
90 89 1
91 21 1
91 44 1
91 45 1
91 56 1
91 60 1
91 90 1
92 6 1
92 7 1
92 25 1
92 48 1
92 57 1
92 58 1
92 62 1
92 69 1
93 6 1
93 7 1
93 26 1
93 57 1
93 59 1
93 60 1
93 62 1
93 69 1
93 92 1
94 48 1
94 57 1
94 58 1
94 62 1
94 92 1
94 93 1
95 48 1
95 57 1
95 58 1
95 62 1
95 92 1
95 94 1
96 48 1
96 57 1
96 58 1
96 62 1
96 92 1
96 94 1
96 95 1
97 6 1
97 24 1
97 48 1
97 57 1
97 58 1
97 62 1
97 64 1
97 69 1
97 92 1
97 95 1
97 96 1
98 6 1
98 7 1
98 24 1
98 25 1
98 26 1
98 48 1
98 57 1
98 62 1
98 64 1
98 69 1
98 92 1
98 97 1
99 24 1
99 64 1
99 97 1
99 98 1
100 24 1
100 48 1
100 57 1
100 64 1
100 97 1
100 98 1
100 99 1
101 6 1
101 7 1
101 15 1
101 25 1
101 26 1
101 37 1
101 49 1
101 57 1
101 59 1
101 62 1
101 64 1
101 65 1
101 69 1
101 92 1
101 97 1
101 98 1
101 99 1
102 6 1
102 7 1
102 25 1
102 26 1
102 48 1
102 57 1
102 59 1
102 62 1
102 69 1
102 92 1
102 93 1
102 95 1
102 97 1
102 98 1
102 101 1
103 9 1
103 10 1
103 11 1
103 28 1
103 51 1
103 52 1
103 53 1
103 54 1
103 70 1
103 71 1
103 72 1
103 73 1
104 9 1
104 27 1
104 28 1
104 51 1
104 52 1
104 53 1
104 54 1
104 70 1
104 73 1
104 103 1
105 10 1
105 11 1
105 28 1
105 66 1
105 70 1
105 72 1
105 73 1
106 29 1
106 55 1
106 66 1
107 29 1
108 1 1
108 12 1
108 13 1
108 31 1
108 32 1
108 36 1
108 67 1
108 76 1
108 77 1
108 78 1
108 79 1
108 80 1
108 81 1
109 31 1
109 32 1
109 33 1
109 67 1
109 76 1
109 77 1
109 78 1
109 79 1
110 33 1
110 67 1
110 77 1
110 78 1
110 79 1
110 109 1
111 14 1
111 15 1
111 37 1
111 38 1
111 49 1
111 83 1
112 3 1
112 42 1
112 86 1
113 3 1
113 21 1
113 42 1
113 45 1
113 86 1
113 91 1
114 2 1
114 16 1
114 17 1
114 18 1
114 39 1
114 40 1
114 41 1
114 46 1
114 84 1
114 85 1
115 2 1
115 16 1
115 17 1
115 18 1
115 39 1
115 40 1
115 41 1
115 46 1
115 84 1
115 85 1
115 114 1
116 2 1
116 4 1
116 16 1
116 17 1
116 18 1
116 22 1
116 39 1
116 41 1
116 46 1
116 84 1
116 85 1
116 114 1
116 115 1
117 2 1
117 3 1
117 4 1
117 18 1
117 22 1
117 23 1
117 85 1
117 86 1
117 115 1
117 116 1
118 3 1
118 42 1
118 86 1
118 113 1
118 117 1
119 3 1
119 42 1
119 86 1
119 112 1
119 113 1
119 118 1
120 4 1
120 16 1
120 17 1
120 20 1
120 39 1
120 40 1
120 41 1
120 43 1
120 44 1
120 61 1
120 84 1
120 85 1
120 87 1
120 88 1
120 89 1
120 90 1
120 114 1
120 115 1
120 116 1
121 19 1
121 20 1
121 43 1
121 44 1
121 56 1
121 61 1
121 87 1
121 88 1
121 89 1
121 90 1
121 120 1
122 20 1
122 21 1
122 43 1
122 44 1
122 45 1
122 56 1
122 61 1
122 87 1
122 88 1
122 89 1
122 90 1
122 91 1
122 120 1
122 121 1
123 2 1
123 18 1
123 22 1
123 23 1
123 41 1
123 46 1
123 85 1
123 115 1
123 116 1
123 117 1
124 22 1
124 23 1
124 46 1
124 117 1
124 123 1
125 6 1
125 7 1
125 59 1
125 60 1
125 69 1
125 91 1
125 93 1
126 25 1
126 92 1
126 95 1
127 14 1
127 24 1
127 37 1
127 64 1
127 98 1
127 99 1
128 24 1
128 64 1
128 69 1
128 97 1
128 98 1
128 99 1
128 100 1
128 101 1
128 102 1
128 127 1
129 6 1
129 7 1
129 26 1
129 59 1
129 60 1
129 62 1
129 69 1
129 75 1
129 93 1
129 101 1
129 102 1
129 125 1
130 1 1
130 8 1
130 12 1
130 34 1
130 35 1
130 36 1
130 59 1
130 68 1
130 75 1
130 81 1
130 82 1
130 129 1
131 8 1
131 12 1
131 32 1
131 34 1
131 35 1
131 36 1
131 47 1
131 63 1
131 67 1
131 68 1
131 75 1
131 77 1
131 81 1
131 82 1
131 108 1
131 130 1
132 14 1
132 15 1
132 37 1
132 38 1
132 49 1
132 65 1
132 74 1
132 83 1
132 111 1
133 14 1
133 15 1
133 30 1
133 37 1
133 38 1
133 49 1
133 65 1
133 74 1
133 83 1
133 111 1
133 132 1
134 14 1
134 15 1
134 30 1
134 37 1
134 38 1
134 74 1
134 83 1
134 111 1
134 132 1
134 133 1
135 3 1
135 4 1
135 21 1
135 42 1
135 44 1
135 45 1
135 56 1
135 60 1
135 86 1
135 91 1
135 113 1
135 118 1
135 125 1
136 3 1
136 4 1
136 21 1
136 44 1
136 45 1
136 56 1
136 90 1
136 91 1
136 113 1
136 120 1
136 122 1
136 135 1
137 2 1
137 16 1
137 17 1
137 18 1
137 39 1
137 40 1
137 41 1
137 46 1
137 84 1
137 85 1
137 114 1
137 115 1
137 116 1
137 117 1
137 120 1
138 5 1
138 7 1
138 8 1
138 26 1
138 34 1
138 35 1
138 47 1
138 59 1
138 63 1
138 68 1
138 75 1
138 82 1
138 129 1
138 130 1
138 131 1
139 5 1
139 7 1
139 47 1
139 48 1
139 57 1
139 58 1
139 62 1
139 92 1
139 94 1
139 95 1
139 96 1
139 97 1
139 98 1
139 102 1
139 138 1
140 7 1
140 57 1
140 62 1
140 92 1
140 93 1
140 94 1
140 95 1
140 96 1
140 139 1
141 6 1
141 7 1
141 25 1
141 48 1
141 57 1
141 58 1
141 62 1
141 92 1
141 94 1
141 95 1
141 96 1
141 97 1
141 98 1
141 100 1
141 102 1
141 126 1
141 139 1
141 140 1
142 6 1
142 7 1
142 25 1
142 26 1
142 48 1
142 57 1
142 58 1
142 62 1
142 64 1
142 69 1
142 92 1
142 93 1
142 94 1
142 95 1
142 96 1
142 97 1
142 98 1
142 100 1
142 101 1
142 102 1
142 128 1
142 129 1
142 139 1
142 141 1
143 24 1
143 25 1
143 48 1
143 57 1
143 62 1
143 64 1
143 69 1
143 97 1
143 98 1
143 99 1
143 100 1
143 101 1
143 102 1
143 127 1
143 128 1
143 141 1
143 142 1
144 24 1
144 48 1
144 57 1
144 58 1
144 64 1
144 92 1
144 95 1
144 96 1
144 97 1
144 98 1
144 100 1
144 139 1
144 141 1
144 142 1
144 143 1
145 6 1
145 25 1
145 48 1
145 57 1
145 62 1
145 64 1
145 69 1
145 92 1
145 95 1
145 97 1
145 98 1
145 99 1
145 100 1
145 101 1
145 102 1
145 126 1
145 128 1
145 141 1
145 142 1
145 143 1
146 6 1
146 24 1
146 25 1
146 48 1
146 57 1
146 62 1
146 64 1
146 69 1
146 92 1
146 95 1
146 97 1
146 98 1
146 99 1
146 100 1
146 101 1
146 102 1
146 126 1
146 128 1
146 141 1
146 142 1
146 143 1
146 145 1
147 6 1
147 7 1
147 25 1
147 26 1
147 57 1
147 62 1
147 65 1
147 69 1
147 92 1
147 95 1
147 97 1
147 98 1
147 101 1
147 102 1
147 126 1
147 141 1
147 142 1
147 143 1
147 145 1
147 146 1
148 7 1
148 26 1
148 59 1
148 60 1
148 62 1
148 91 1
148 93 1
148 125 1
148 129 1
148 140 1
149 6 1
149 7 1
149 26 1
149 59 1
149 60 1
149 62 1
149 69 1
149 91 1
149 93 1
149 102 1
149 125 1
149 129 1
149 148 1
150 50 1
151 13 1
151 31 1
151 32 1
151 33 1
151 36 1
151 67 1
151 76 1
151 77 1
151 78 1
151 79 1
151 80 1
151 81 1
151 108 1
151 109 1
151 110 1
152 1 1
152 8 1
152 12 1
152 13 1
152 31 1
152 32 1
152 34 1
152 35 1
152 36 1
152 68 1
152 75 1
152 76 1
152 77 1
152 80 1
152 81 1
152 82 1
152 108 1
152 130 1
152 131 1
152 151 1
153 6 1
153 7 1
153 25 1
153 26 1
153 48 1
153 57 1
153 59 1
153 62 1
153 69 1
153 92 1
153 93 1
153 94 1
153 95 1
153 96 1
153 97 1
153 98 1
153 101 1
153 102 1
153 129 1
153 139 1
153 140 1
153 141 1
153 142 1
153 144 1
153 145 1
153 146 1
153 147 1
153 148 1
154 0 1
154 9 1
154 11 1
154 27 1
154 51 1
154 52 1
154 53 1
154 54 1
154 70 1
154 71 1
154 72 1
154 73 1
154 103 1
154 104 1
155 0 1
155 9 1
155 27 1
155 51 1
155 52 1
155 53 1
155 54 1
155 55 1
155 70 1
155 71 1
155 72 1
155 104 1
155 154 1
156 10 1
156 11 1
156 28 1
156 54 1
156 70 1
156 71 1
156 72 1
156 73 1
156 103 1
156 105 1
157 30 1
157 74 1
157 134 1
158 1 1
158 12 1
158 13 1
158 31 1
158 32 1
158 36 1
158 76 1
158 77 1
158 80 1
158 81 1
158 108 1
158 151 1
158 152 1
159 1 1
159 12 1
159 13 1
159 31 1
159 32 1
159 76 1
159 77 1
159 80 1
159 81 1
159 108 1
159 151 1
159 152 1
159 158 1
160 3 1
160 42 1
160 86 1
160 112 1
160 119 1
161 42 1
161 112 1
161 160 1
162 22 1
162 23 1
162 86 1
162 117 1
162 118 1
162 124 1
163 86 1
163 124 1
163 162 1
164 3 1
164 42 1
164 45 1
164 86 1
164 91 1
164 113 1
164 118 1
164 119 1
164 135 1
164 136 1
165 3 1
165 4 1
165 21 1
165 42 1
165 45 1
165 86 1
165 91 1
165 113 1
165 118 1
165 119 1
165 135 1
165 136 1
165 164 1
166 2 1
166 3 1
166 4 1
166 18 1
166 22 1
166 41 1
166 85 1
166 86 1
166 115 1
166 116 1
166 117 1
166 118 1
166 137 1
167 3 1
167 18 1
167 86 1
167 116 1
167 117 1
167 118 1
167 119 1
167 162 1
167 163 1
167 165 1
167 166 1
168 3 1
168 4 1
168 42 1
168 86 1
168 113 1
168 117 1
168 118 1
168 119 1
168 135 1
168 136 1
168 164 1
168 165 1
168 166 1
168 167 1
169 3 1
169 42 1
169 86 1
169 112 1
169 113 1
169 118 1
169 119 1
169 135 1
169 160 1
169 164 1
169 165 1
169 167 1
169 168 1
170 3 1
170 4 1
170 45 1
170 86 1
170 91 1
170 113 1
170 116 1
170 117 1
170 118 1
170 120 1
170 135 1
170 136 1
170 164 1
170 165 1
170 166 1
170 167 1
170 168 1
170 169 1
171 4 1
171 43 1
171 44 1
171 90 1
171 116 1
171 120 1
171 135 1
171 136 1
171 137 1
171 165 1
171 166 1
171 170 1
172 21 1
172 43 1
172 44 1
172 45 1
172 56 1
172 89 1
172 90 1
172 91 1
172 113 1
172 121 1
172 122 1
172 135 1
172 136 1
172 165 1
172 170 1
173 5 1
173 8 1
173 34 1
173 35 1
173 36 1
173 47 1
173 63 1
173 68 1
173 75 1
173 82 1
173 130 1
173 131 1
173 138 1
174 48 1
174 57 1
174 58 1
174 62 1
174 92 1
174 94 1
174 95 1
174 96 1
174 97 1
174 126 1
174 140 1
174 141 1
174 142 1
174 144 1
174 145 1
174 153 1
175 48 1
175 57 1
175 58 1
175 92 1
175 94 1
175 95 1
175 96 1
175 97 1
175 139 1
175 141 1
175 142 1
175 144 1
175 153 1
175 174 1
176 14 1
176 15 1
176 24 1
176 26 1
176 37 1
176 64 1
176 69 1
176 98 1
176 99 1
176 101 1
176 102 1
176 127 1
176 128 1
176 132 1
176 142 1
176 143 1
177 14 1
177 24 1
177 37 1
177 64 1
177 98 1
177 99 1
177 101 1
177 127 1
177 128 1
177 143 1
177 176 1
178 0 1
178 10 1
178 11 1
178 28 1
178 51 1
178 52 1
178 53 1
178 54 1
178 55 1
178 70 1
178 71 1
178 72 1
178 73 1
178 103 1
178 105 1
178 154 1
178 155 1
178 156 1
179 1 1
179 12 1
179 13 1
179 31 1
179 32 1
179 76 1
179 77 1
179 80 1
179 81 1
179 108 1
179 130 1
179 151 1
179 152 1
179 158 1
179 159 1
180 1 1
180 12 1
180 13 1
180 31 1
180 32 1
180 67 1
180 76 1
180 77 1
180 80 1
180 81 1
180 108 1
180 151 1
180 152 1
180 158 1
180 159 1
180 179 1
181 1 1
181 8 1
181 12 1
181 13 1
181 31 1
181 32 1
181 36 1
181 75 1
181 76 1
181 77 1
181 80 1
181 81 1
181 108 1
181 130 1
181 151 1
181 152 1
181 158 1
181 159 1
181 179 1
181 180 1
182 1 1
182 8 1
182 12 1
182 31 1
182 32 1
182 34 1
182 35 1
182 36 1
182 67 1
182 68 1
182 75 1
182 76 1
182 77 1
182 78 1
182 81 1
182 82 1
182 108 1
182 130 1
182 131 1
182 151 1
182 152 1
182 158 1
182 159 1
182 173 1
182 179 1
182 180 1
182 181 1
183 5 1
183 34 1
183 35 1
183 47 1
183 63 1
183 68 1
183 82 1
183 131 1
183 138 1
183 173 1
184 5 1
184 47 1
184 48 1
184 57 1
184 58 1
184 62 1
184 94 1
184 95 1
184 96 1
184 97 1
184 139 1
184 140 1
184 141 1
184 142 1
184 144 1
184 153 1
184 175 1
185 14 1
185 24 1
185 37 1
185 49 1
185 64 1
185 98 1
185 99 1
185 101 1
185 127 1
185 128 1
185 132 1
185 143 1
185 146 1
185 176 1
185 177 1
186 6 1
186 7 1
186 25 1
186 26 1
186 49 1
186 57 1
186 59 1
186 62 1
186 64 1
186 65 1
186 69 1
186 92 1
186 93 1
186 97 1
186 98 1
186 99 1
186 101 1
186 102 1
186 128 1
186 129 1
186 141 1
186 142 1
186 143 1
186 145 1
186 146 1
186 147 1
186 153 1
186 176 1
186 185 1
187 6 1
187 7 1
187 25 1
187 26 1
187 48 1
187 57 1
187 59 1
187 60 1
187 62 1
187 69 1
187 92 1
187 93 1
187 95 1
187 97 1
187 98 1
187 101 1
187 102 1
187 129 1
187 141 1
187 142 1
187 145 1
187 146 1
187 147 1
187 148 1
187 149 1
187 153 1
187 186 1
188 1 1
188 12 1
188 13 1
188 31 1
188 32 1
188 36 1
188 67 1
188 76 1
188 77 1
188 80 1
188 81 1
188 108 1
188 151 1
188 152 1
188 158 1
188 159 1
188 179 1
188 180 1
188 181 1
188 182 1
189 1 1
189 12 1
189 13 1
189 31 1
189 32 1
189 76 1
189 77 1
189 80 1
189 81 1
189 108 1
189 130 1
189 151 1
189 152 1
189 158 1
189 159 1
189 179 1
189 180 1
189 181 1
189 182 1
189 188 1
190 14 1
190 15 1
190 30 1
190 38 1
190 74 1
190 83 1
190 111 1
190 132 1
190 133 1
190 134 1
191 86 1
191 117 1
191 118 1
191 124 1
191 162 1
191 163 1
191 167 1
191 168 1
192 6 1
192 7 1
192 26 1
192 57 1
192 59 1
192 60 1
192 62 1
192 69 1
192 92 1
192 93 1
192 94 1
192 102 1
192 129 1
192 138 1
192 139 1
192 140 1
192 142 1
192 148 1
192 149 1
192 153 1
192 187 1
193 6 1
193 25 1
193 64 1
193 92 1
193 97 1
193 98 1
193 99 1
193 100 1
193 101 1
193 126 1
193 128 1
193 141 1
193 142 1
193 143 1
193 145 1
193 146 1
193 147 1
193 186 1
194 0 1
194 27 1
194 52 1
194 53 1
194 54 1
194 55 1
194 70 1
194 71 1
194 72 1
194 154 1
194 155 1
194 178 1
195 29 1
195 66 1
195 106 1
195 107 1
196 8 1
196 34 1
196 35 1
196 75 1
196 82 1
197 3 1
197 42 1
197 45 1
197 60 1
197 86 1
197 91 1
197 113 1
197 119 1
197 125 1
197 135 1
197 136 1
197 164 1
197 165 1
197 168 1
197 169 1
197 170 1
198 3 1
198 4 1
198 18 1
198 85 1
198 86 1
198 116 1
198 117 1
198 118 1
198 119 1
198 135 1
198 136 1
198 162 1
198 165 1
198 166 1
198 167 1
198 168 1
198 169 1
198 170 1
198 191 1
199 4 1
199 16 1
199 43 1
199 44 1
199 56 1
199 85 1
199 88 1
199 89 1
199 90 1
199 91 1
199 116 1
199 120 1
199 121 1
199 122 1
199 135 1
199 136 1
199 137 1
199 165 1
199 166 1
199 170 1
199 171 1
199 172 1
200 16 1
200 19 1
200 20 1
200 39 1
200 43 1
200 61 1
200 87 1
200 88 1
200 89 1
200 90 1
200 120 1
200 121 1
200 122 1
201 2 1
201 16 1
201 17 1
201 18 1
201 22 1
201 23 1
201 41 1
201 46 1
201 84 1
201 85 1
201 114 1
201 115 1
201 116 1
201 117 1
201 123 1
201 124 1
201 137 1
201 166 1
202 5 1
202 8 1
202 34 1
202 47 1
202 59 1
202 63 1
202 68 1
202 130 1
202 131 1
202 138 1
202 173 1
202 183 1
202 192 1
203 6 1
203 7 1
203 26 1
203 48 1
203 57 1
203 59 1
203 62 1
203 64 1
203 69 1
203 92 1
203 94 1
203 95 1
203 96 1
203 97 1
203 98 1
203 101 1
203 102 1
203 128 1
203 129 1
203 138 1
203 139 1
203 141 1
203 142 1
203 143 1
203 144 1
203 146 1
203 147 1
203 153 1
203 176 1
203 177 1
203 184 1
203 186 1
203 187 1
203 192 1
204 6 1
204 7 1
204 24 1
204 26 1
204 37 1
204 57 1
204 62 1
204 64 1
204 69 1
204 97 1
204 98 1
204 99 1
204 100 1
204 101 1
204 102 1
204 127 1
204 128 1
204 142 1
204 143 1
204 146 1
204 176 1
204 177 1
204 185 1
204 186 1
204 187 1
204 203 1
205 48 1
205 57 1
205 58 1
205 92 1
205 94 1
205 95 1
205 96 1
205 97 1
205 100 1
205 139 1
205 141 1
205 142 1
205 143 1
205 144 1
205 153 1
205 174 1
205 175 1
205 184 1
205 203 1
206 6 1
206 7 1
206 14 1
206 15 1
206 25 1
206 26 1
206 37 1
206 49 1
206 62 1
206 64 1
206 65 1
206 69 1
206 98 1
206 99 1
206 101 1
206 102 1
206 128 1
206 129 1
206 132 1
206 142 1
206 143 1
206 145 1
206 146 1
206 147 1
206 176 1
206 177 1
206 185 1
206 186 1
206 187 1
206 193 1
206 203 1
206 204 1
207 0 1
207 9 1
207 11 1
207 27 1
207 28 1
207 51 1
207 52 1
207 53 1
207 54 1
207 70 1
207 71 1
207 72 1
207 73 1
207 103 1
207 104 1
207 154 1
207 155 1
207 156 1
207 178 1
208 1 1
208 8 1
208 12 1
208 26 1
208 34 1
208 35 1
208 36 1
208 59 1
208 68 1
208 75 1
208 81 1
208 82 1
208 129 1
208 130 1
208 131 1
208 138 1
208 152 1
208 173 1
208 181 1
208 182 1
208 196 1
208 202 1
209 13 1
209 31 1
209 32 1
209 33 1
209 36 1
209 67 1
209 76 1
209 77 1
209 78 1
209 79 1
209 80 1
209 108 1
209 109 1
209 110 1
209 151 1
209 158 1
209 180 1
209 182 1
209 188 1
210 31 1
210 33 1
210 67 1
210 77 1
210 78 1
210 79 1
210 109 1
210 110 1
210 151 1
210 209 1
211 14 1
211 15 1
211 37 1
211 38 1
211 49 1
211 65 1
211 83 1
211 111 1
211 132 1
211 133 1
211 134 1
211 190 1
211 206 1
212 14 1
212 15 1
212 38 1
212 83 1
212 111 1
212 132 1
212 133 1
212 134 1
212 190 1
212 211 1
213 16 1
213 17 1
213 19 1
213 20 1
213 39 1
213 40 1
213 43 1
213 61 1
213 84 1
213 87 1
213 88 1
213 89 1
213 90 1
213 114 1
213 120 1
213 121 1
213 200 1
214 21 1
214 43 1
214 44 1
214 45 1
214 56 1
214 61 1
214 87 1
214 88 1
214 89 1
214 90 1
214 120 1
214 121 1
214 122 1
214 136 1
214 172 1
214 199 1
214 200 1
215 25 1
215 92 1
215 126 1
215 145 1
215 146 1
215 147 1
215 193 1
216 48 1
216 57 1
216 58 1
216 92 1
216 94 1
216 95 1
216 96 1
216 139 1
216 140 1
216 141 1
216 144 1
216 153 1
216 174 1
216 175 1
216 184 1
216 205 1
217 50 1
217 150 1
218 8 1
218 26 1
218 34 1
218 35 1
218 36 1
218 37 1
218 68 1
218 75 1
218 82 1
218 130 1
218 131 1
218 138 1
218 152 1
218 173 1
218 176 1
218 182 1
218 196 1
218 208 1
219 3 1
219 42 1
219 86 1
219 112 1
219 113 1
219 118 1
219 119 1
219 135 1
219 160 1
219 161 1
219 164 1
219 165 1
219 167 1
219 168 1
219 169 1
219 197 1
219 198 1
220 6 1
220 7 1
220 26 1
220 48 1
220 57 1
220 59 1
220 60 1
220 62 1
220 69 1
220 92 1
220 93 1
220 94 1
220 95 1
220 96 1
220 97 1
220 98 1
220 102 1
220 129 1
220 138 1
220 139 1
220 140 1
220 141 1
220 142 1
220 148 1
220 149 1
220 153 1
220 184 1
220 186 1
220 187 1
220 192 1
220 203 1
221 6 1
221 7 1
221 25 1
221 26 1
221 49 1
221 62 1
221 65 1
221 69 1
221 92 1
221 98 1
221 99 1
221 101 1
221 102 1
221 128 1
221 129 1
221 142 1
221 143 1
221 145 1
221 146 1
221 147 1
221 153 1
221 185 1
221 186 1
221 187 1
221 193 1
221 203 1
221 204 1
221 206 1
221 215 1
222 50 1
222 150 1
222 217 1
223 0 1
223 9 1
223 11 1
223 27 1
223 28 1
223 51 1
223 52 1
223 53 1
223 54 1
223 70 1
223 71 1
223 72 1
223 73 1
223 103 1
223 104 1
223 154 1
223 155 1
223 178 1
223 194 1
223 207 1
224 10 1
224 11 1
224 28 1
224 54 1
224 55 1
224 66 1
224 70 1
224 71 1
224 72 1
224 73 1
224 103 1
224 105 1
224 156 1
224 178 1
225 8 1
225 34 1
225 35 1
225 36 1
225 75 1
225 82 1
225 196 1
225 218 1
226 1 1
226 8 1
226 12 1
226 34 1
226 35 1
226 36 1
226 68 1
226 75 1
226 76 1
226 81 1
226 82 1
226 108 1
226 130 1
226 131 1
226 138 1
226 152 1
226 158 1
226 159 1
226 173 1
226 179 1
226 181 1
226 182 1
226 189 1
226 202 1
226 208 1
226 218 1
227 3 1
227 42 1
227 86 1
227 112 1
227 118 1
227 119 1
227 160 1
227 161 1
227 163 1
227 168 1
227 169 1
227 191 1
227 219 1
228 6 1
228 7 1
228 26 1
228 57 1
228 59 1
228 60 1
228 62 1
228 69 1
228 92 1
228 93 1
228 94 1
228 95 1
228 98 1
228 101 1
228 102 1
228 125 1
228 129 1
228 139 1
228 140 1
228 141 1
228 142 1
228 146 1
228 147 1
228 148 1
228 149 1
228 153 1
228 186 1
228 187 1
228 192 1
228 203 1
228 220 1
228 221 1
229 6 1
229 7 1
229 26 1
229 48 1
229 57 1
229 59 1
229 60 1
229 62 1
229 69 1
229 92 1
229 93 1
229 94 1
229 95 1
229 96 1
229 102 1
229 129 1
229 139 1
229 140 1
229 141 1
229 142 1
229 146 1
229 147 1
229 148 1
229 149 1
229 153 1
229 174 1
229 186 1
229 187 1
229 192 1
229 203 1
229 220 1
229 221 1
229 228 1
230 5 1
230 7 1
230 47 1
230 48 1
230 57 1
230 62 1
230 92 1
230 93 1
230 94 1
230 95 1
230 96 1
230 102 1
230 138 1
230 139 1
230 140 1
230 141 1
230 142 1
230 153 1
230 184 1
230 192 1
230 202 1
230 203 1
230 216 1
230 220 1
230 228 1
230 229 1
231 24 1
231 48 1
231 57 1
231 58 1
231 62 1
231 64 1
231 92 1
231 94 1
231 95 1
231 96 1
231 97 1
231 98 1
231 100 1
231 102 1
231 128 1
231 139 1
231 141 1
231 142 1
231 143 1
231 144 1
231 145 1
231 146 1
231 153 1
231 174 1
231 175 1
231 184 1
231 186 1
231 187 1
231 203 1
231 204 1
231 205 1
231 216 1
231 220 1
231 228 1
231 229 1
231 230 1
232 6 1
232 14 1
232 24 1
232 25 1
232 37 1
232 49 1
232 64 1
232 69 1
232 97 1
232 98 1
232 99 1
232 100 1
232 101 1
232 102 1
232 127 1
232 128 1
232 142 1
232 143 1
232 145 1
232 146 1
232 147 1
232 176 1
232 177 1
232 185 1
232 186 1
232 193 1
232 203 1
232 204 1
232 206 1
232 221 1
233 2 1
233 4 1
233 16 1
233 17 1
233 18 1
233 39 1
233 41 1
233 43 1
233 44 1
233 84 1
233 85 1
233 88 1
233 89 1
233 90 1
233 114 1
233 115 1
233 116 1
233 120 1
233 135 1
233 136 1
233 137 1
233 166 1
233 170 1
233 171 1
233 199 1
233 213 1
234 24 1
234 48 1
234 57 1
234 58 1
234 62 1
234 64 1
234 92 1
234 95 1
234 96 1
234 97 1
234 98 1
234 99 1
234 100 1
234 128 1
234 139 1
234 141 1
234 142 1
234 143 1
234 144 1
234 145 1
234 146 1
234 153 1
234 174 1
234 175 1
234 193 1
234 203 1
234 204 1
234 205 1
234 231 1
234 232 1
235 6 1
235 7 1
235 24 1
235 26 1
235 48 1
235 57 1
235 58 1
235 62 1
235 64 1
235 69 1
235 92 1
235 95 1
235 96 1
235 97 1
235 98 1
235 99 1
235 100 1
235 101 1
235 102 1
235 127 1
235 128 1
235 139 1
235 141 1
235 142 1
235 143 1
235 144 1
235 145 1
235 146 1
235 147 1
235 153 1
235 176 1
235 177 1
235 185 1
235 186 1
235 187 1
235 203 1
235 204 1
235 205 1
235 206 1
235 220 1
235 231 1
235 232 1
235 234 1
236 6 1
236 7 1
236 24 1
236 26 1
236 48 1
236 57 1
236 58 1
236 62 1
236 64 1
236 69 1
236 92 1
236 95 1
236 96 1
236 97 1
236 98 1
236 99 1
236 100 1
236 101 1
236 102 1
236 127 1
236 128 1
236 139 1
236 141 1
236 142 1
236 143 1
236 144 1
236 145 1
236 146 1
236 147 1
236 153 1
236 176 1
236 177 1
236 185 1
236 186 1
236 187 1
236 203 1
236 204 1
236 205 1
236 206 1
236 220 1
236 231 1
236 232 1
236 234 1
236 235 1
237 6 1
237 24 1
237 25 1
237 48 1
237 57 1
237 62 1
237 64 1
237 92 1
237 95 1
237 96 1
237 97 1
237 98 1
237 99 1
237 100 1
237 101 1
237 102 1
237 126 1
237 128 1
237 141 1
237 142 1
237 143 1
237 144 1
237 145 1
237 146 1
237 147 1
237 153 1
237 174 1
237 186 1
237 187 1
237 193 1
237 203 1
237 204 1
237 205 1
237 215 1
237 221 1
237 231 1
237 232 1
237 234 1
237 235 1
237 236 1
238 6 1
238 24 1
238 25 1
238 48 1
238 57 1
238 62 1
238 64 1
238 92 1
238 95 1
238 96 1
238 97 1
238 98 1
238 99 1
238 100 1
238 101 1
238 102 1
238 126 1
238 128 1
238 141 1
238 142 1
238 143 1
238 144 1
238 145 1
238 146 1
238 147 1
238 153 1
238 174 1
238 186 1
238 187 1
238 193 1
238 203 1
238 204 1
238 205 1
238 215 1
238 221 1
238 231 1
238 232 1
238 234 1
238 235 1
238 236 1
238 237 1
239 0 1
239 9 1
239 27 1
239 52 1
239 53 1
239 54 1
239 55 1
239 70 1
239 71 1
239 72 1
239 104 1
239 154 1
239 155 1
239 178 1
239 194 1
239 223 1
240 9 1
240 10 1
240 11 1
240 28 1
240 70 1
240 72 1
240 73 1
240 103 1
240 105 1
240 156 1
240 178 1
240 207 1
240 224 1
241 8 1
241 34 1
241 35 1
241 36 1
241 75 1
241 82 1
241 130 1
241 131 1
241 138 1
241 152 1
241 182 1
241 196 1
241 208 1
241 218 1
241 225 1
241 226 1
242 31 1
242 32 1
242 33 1
242 36 1
242 67 1
242 77 1
242 78 1
242 79 1
242 109 1
242 110 1
242 151 1
242 209 1
242 210 1
243 1 1
243 12 1
243 13 1
243 31 1
243 32 1
243 76 1
243 77 1
243 80 1
243 81 1
243 108 1
243 151 1
243 152 1
243 158 1
243 159 1
243 179 1
243 180 1
243 181 1
243 182 1
243 188 1
243 189 1
243 209 1
244 1 1
244 8 1
244 12 1
244 32 1
244 34 1
244 35 1
244 36 1
244 68 1
244 75 1
244 76 1
244 77 1
244 81 1
244 82 1
244 108 1
244 130 1
244 131 1
244 138 1
244 152 1
244 158 1
244 173 1
244 179 1
244 181 1
244 182 1
244 189 1
244 196 1
244 202 1
244 208 1
244 218 1
244 226 1
244 241 1
245 14 1
245 15 1
245 37 1
245 38 1
245 46 1
245 49 1
245 65 1
245 83 1
245 111 1
245 132 1
245 133 1
245 134 1
245 190 1
245 211 1
245 212 1
246 14 1
246 15 1
246 37 1
246 38 1
246 83 1
246 111 1
246 132 1
246 133 1
246 134 1
246 190 1
246 211 1
246 212 1
247 18 1
247 22 1
247 23 1
247 86 1
247 117 1
247 118 1
247 123 1
247 124 1
247 162 1
247 163 1
247 166 1
247 167 1
247 168 1
247 191 1
247 198 1
247 201 1
248 3 1
248 4 1
248 18 1
248 44 1
248 45 1
248 85 1
248 90 1
248 91 1
248 113 1
248 116 1
248 117 1
248 118 1
248 120 1
248 135 1
248 136 1
248 165 1
248 166 1
248 167 1
248 168 1
248 170 1
248 171 1
248 172 1
248 198 1
248 199 1
248 233 1
249 4 1
249 16 1
249 17 1
249 19 1
249 20 1
249 39 1
249 40 1
249 41 1
249 43 1
249 61 1
249 84 1
249 85 1
249 87 1
249 88 1
249 89 1
249 90 1
249 114 1
249 115 1
249 116 1
249 120 1
249 121 1
249 137 1
249 171 1
249 199 1
249 200 1
249 213 1
249 233 1
249 248 1
250 6 1
250 7 1
250 25 1
250 48 1
250 57 1
250 58 1
250 62 1
250 92 1
250 93 1
250 94 1
250 95 1
250 96 1
250 97 1
250 102 1
250 126 1
250 140 1
250 141 1
250 142 1
250 145 1
250 146 1
250 147 1
250 153 1
250 174 1
250 175 1
250 186 1
250 187 1
250 192 1
250 203 1
250 205 1
250 215 1
250 216 1
250 220 1
250 228 1
250 229 1
250 230 1
250 231 1
250 237 1
250 238 1
251 6 1
251 7 1
251 25 1
251 26 1
251 48 1
251 57 1
251 59 1
251 60 1
251 62 1
251 69 1
251 92 1
251 93 1
251 94 1
251 95 1
251 96 1
251 101 1
251 102 1
251 126 1
251 140 1
251 141 1
251 142 1
251 145 1
251 146 1
251 147 1
251 148 1
251 149 1
251 153 1
251 174 1
251 186 1
251 187 1
251 192 1
251 203 1
251 215 1
251 220 1
251 221 1
251 228 1
251 229 1
251 231 1
251 250 1
252 5 1
252 47 1
252 57 1
252 62 1
252 63 1
252 94 1
252 96 1
252 138 1
252 139 1
252 140 1
252 153 1
252 173 1
252 183 1
252 184 1
252 192 1
252 202 1
252 203 1
252 220 1
252 230 1
252 231 1
253 14 1
253 24 1
253 37 1
253 64 1
253 98 1
253 99 1
253 127 1
253 128 1
253 143 1
253 176 1
253 177 1
253 185 1
253 204 1
253 206 1
253 232 1
254 6 1
254 25 1
254 49 1
254 62 1
254 64 1
254 65 1
254 69 1
254 92 1
254 97 1
254 98 1
254 99 1
254 100 1
254 101 1
254 102 1
254 126 1
254 128 1
254 141 1
254 142 1
254 143 1
254 145 1
254 146 1
254 147 1
254 185 1
254 186 1
254 187 1
254 193 1
254 204 1
254 206 1
254 215 1
254 221 1
254 232 1
254 235 1
254 236 1
254 237 1
254 238 1
254 251 1
255 6 1
255 7 1
255 25 1
255 26 1
255 49 1
255 59 1
255 60 1
255 65 1
255 69 1
255 93 1
255 101 1
255 102 1
255 125 1
255 129 1
255 147 1
255 149 1
255 186 1
255 187 1
255 206 1
255 221 1
255 228 1
255 251 1
256 6 1
256 7 1
256 26 1
256 57 1
256 59 1
256 60 1
256 62 1
256 69 1
256 92 1
256 93 1
256 98 1
256 101 1
256 102 1
256 125 1
256 129 1
256 142 1
256 146 1
256 147 1
256 148 1
256 149 1
256 153 1
256 186 1
256 187 1
256 192 1
256 203 1
256 204 1
256 206 1
256 220 1
256 221 1
256 228 1
256 229 1
256 251 1
256 255 1
