# minsup
1
# graph
G_portein_file\Argonaute\4N41.pdb
# node ID, label
0 A
1 A
2 A
3 A
4 A
5 A
6 A
7 A
8 A
9 A
10 A
11 A
12 A
13 A
14 D
15 D
16 D
17 D
18 D
19 D
20 D
21 E
22 E
23 E
24 E
25 E
26 E
27 E
28 E
29 E
30 E
31 E
32 E
33 E
34 E
35 F
36 G
37 G
38 G
39 G
40 G
41 G
42 G
43 G
44 G
45 G
46 G
47 G
48 G
49 G
50 H
51 H
52 H
53 K
54 K
55 K
56 K
57 K
58 K
59 K
60 K
61 L
62 L
63 L
64 L
65 L
66 L
67 L
68 L
69 L
70 L
71 L
72 L
73 L
74 L
75 L
76 L
77 M
78 M
79 P
80 P
81 P
82 P
83 P
84 P
85 P
86 P
87 P
88 P
89 P
90 P
91 P
92 P
93 Q
94 Q
95 Q
96 Q
97 Q
98 Q
99 Q
100 R
101 R
102 R
103 R
104 R
105 R
106 R
107 R
108 R
109 R
110 R
111 R
112 R
113 R
114 R
115 R
116 R
117 S
118 S
119 S
120 T
121 T
122 V
123 V
124 V
125 V
126 V
127 V
128 W
129 W
130 W
131 Y
132 Y
133 Y
134 Y
# node ID1, node ID2, number of bounds
1 0 1
2 0 1
2 1 1
4 3 1
8 7 1
9 7 1
9 8 1
10 9 1
13 12 1
14 4 1
17 5 1
19 18 1
20 11 1
21 15 1
23 2 1
23 4 1
24 16 1
25 16 1
25 24 1
26 16 1
26 17 1
26 25 1
30 7 1
30 8 1
30 9 1
30 10 1
31 9 1
31 10 1
32 10 1
32 31 1
33 11 1
33 20 1
34 10 1
34 30 1
35 7 1
35 8 1
35 9 1
35 30 1
36 1 1
36 2 1
37 15 1
37 21 1
38 1 1
38 15 1
38 21 1
38 37 1
39 2 1
39 3 1
39 4 1
39 23 1
40 3 1
41 21 1
42 16 1
42 24 1
42 25 1
43 27 1
45 44 1
46 6 1
46 29 1
47 7 1
47 8 1
47 30 1
47 35 1
48 10 1
48 31 1
48 32 1
50 5 1
50 17 1
51 7 1
51 8 1
51 9 1
51 35 1
51 46 1
52 7 1
52 8 1
52 9 1
52 35 1
52 47 1
52 51 1
53 21 1
53 38 1
53 41 1
54 16 1
54 17 1
54 25 1
54 26 1
55 5 1
55 17 1
55 50 1
56 18 1
56 19 1
57 18 1
57 19 1
57 56 1
58 9 1
58 10 1
58 30 1
58 31 1
58 32 1
58 34 1
58 35 1
58 48 1
59 9 1
59 10 1
59 30 1
59 31 1
59 32 1
59 34 1
59 48 1
59 58 1
60 49 1
61 15 1
61 21 1
61 38 1
61 41 1
61 53 1
62 4 1
62 14 1
63 0 1
63 1 1
64 0 1
64 1 1
64 15 1
64 37 1
64 38 1
64 62 1
64 63 1
65 0 1
65 1 1
65 2 1
65 15 1
65 21 1
65 37 1
65 38 1
65 53 1
65 61 1
65 64 1
66 1 1
66 2 1
66 22 1
66 23 1
66 36 1
66 39 1
67 2 1
67 22 1
67 23 1
67 36 1
67 39 1
67 61 1
67 66 1
68 2 1
68 3 1
68 4 1
68 23 1
68 39 1
68 62 1
68 63 1
69 1 1
69 2 1
69 4 1
69 21 1
69 23 1
69 38 1
69 39 1
69 53 1
69 61 1
69 62 1
69 65 1
69 66 1
69 67 1
70 24 1
70 25 1
70 42 1
71 5 1
71 16 1
71 17 1
71 26 1
71 50 1
71 54 1
72 5 1
72 16 1
72 17 1
72 26 1
72 50 1
72 54 1
72 71 1
74 7 1
74 9 1
74 10 1
74 35 1
74 46 1
74 51 1
74 52 1
74 58 1
75 7 1
75 8 1
75 9 1
75 30 1
75 35 1
75 47 1
76 7 1
76 8 1
76 9 1
76 10 1
76 30 1
76 31 1
76 32 1
76 34 1
76 35 1
76 51 1
76 58 1
76 59 1
76 74 1
76 75 1
77 15 1
77 21 1
77 37 1
77 38 1
77 61 1
77 64 1
77 65 1
78 3 1
78 40 1
78 68 1
79 4 1
79 14 1
79 62 1
80 0 1
80 15 1
80 63 1
80 64 1
81 22 1
81 66 1
82 2 1
82 22 1
82 61 1
82 66 1
82 67 1
82 81 1
83 21 1
83 38 1
83 41 1
83 53 1
83 61 1
83 65 1
83 67 1
83 69 1
83 82 1
85 16 1
85 17 1
85 24 1
85 25 1
85 26 1
85 42 1
85 54 1
85 71 1
85 72 1
86 25 1
86 42 1
86 70 1
86 71 1
86 72 1
86 85 1
87 18 1
87 19 1
87 56 1
88 18 1
88 19 1
88 56 1
88 57 1
88 87 1
89 18 1
89 19 1
89 57 1
89 88 1
90 6 1
90 29 1
90 46 1
91 7 1
91 8 1
91 35 1
91 47 1
91 52 1
91 75 1
92 12 1
92 13 1
93 0 1
93 1 1
93 2 1
93 3 1
93 63 1
93 64 1
93 68 1
93 80 1
94 3 1
94 4 1
94 14 1
94 40 1
94 68 1
94 78 1
94 79 1
95 5 1
95 27 1
95 43 1
95 50 1
95 55 1
96 44 1
96 45 1
97 6 1
97 46 1
97 51 1
97 90 1
98 7 1
98 8 1
98 35 1
98 47 1
98 52 1
98 75 1
98 91 1
99 12 1
99 13 1
99 92 1
100 21 1
100 38 1
100 41 1
100 53 1
100 61 1
100 65 1
100 69 1
100 77 1
100 82 1
100 83 1
100 84 1
101 0 1
101 1 1
101 2 1
101 36 1
101 63 1
101 64 1
101 68 1
101 93 1
102 0 1
102 1 1
102 2 1
102 3 1
102 23 1
102 36 1
102 39 1
102 64 1
102 66 1
102 67 1
102 68 1
102 93 1
102 101 1
103 3 1
103 40 1
103 63 1
103 68 1
103 78 1
103 93 1
103 94 1
104 4 1
104 14 1
104 21 1
104 23 1
104 39 1
104 61 1
104 62 1
104 67 1
104 68 1
104 69 1
105 41 1
105 53 1
105 61 1
105 83 1
105 84 1
105 100 1
106 41 1
106 53 1
106 61 1
106 84 1
106 100 1
106 105 1
107 27 1
107 43 1
107 95 1
108 44 1
108 45 1
108 96 1
109 44 1
109 45 1
109 96 1
109 108 1
110 18 1
110 19 1
110 56 1
110 57 1
110 87 1
110 88 1
110 89 1
111 7 1
111 8 1
111 9 1
111 10 1
111 30 1
111 34 1
111 35 1
111 47 1
111 52 1
111 58 1
111 75 1
111 76 1
111 91 1
111 98 1
112 8 1
112 9 1
112 10 1
112 30 1
112 31 1
112 32 1
112 34 1
112 35 1
112 48 1
112 58 1
112 59 1
112 76 1
112 111 1
113 11 1
113 20 1
113 33 1
114 11 1
114 20 1
114 33 1
114 113 1
115 34 1
115 111 1
115 112 1
116 49 1
116 60 1
117 22 1
117 36 1
117 66 1
117 81 1
117 82 1
118 5 1
118 17 1
118 50 1
118 55 1
118 72 1
118 95 1
119 7 1
119 8 1
119 35 1
119 47 1
119 52 1
119 75 1
119 91 1
119 98 1
120 2 1
120 3 1
120 4 1
120 23 1
120 39 1
120 67 1
120 68 1
120 102 1
120 103 1
120 104 1
121 3 1
121 4 1
121 14 1
121 40 1
121 68 1
121 78 1
121 94 1
121 103 1
121 120 1
122 4 1
122 15 1
122 21 1
122 38 1
122 53 1
122 61 1
122 62 1
122 64 1
122 65 1
122 67 1
122 69 1
122 83 1
122 100 1
122 104 1
123 4 1
123 14 1
123 15 1
123 21 1
123 38 1
123 62 1
123 69 1
123 79 1
123 104 1
123 122 1
124 0 1
124 1 1
124 2 1
124 3 1
124 4 1
124 36 1
124 39 1
124 62 1
124 63 1
124 64 1
124 65 1
124 67 1
124 68 1
124 69 1
124 80 1
124 93 1
124 101 1
124 102 1
124 103 1
124 104 1
124 120 1
124 122 1
125 2 1
125 22 1
125 36 1
125 66 1
125 67 1
125 81 1
125 82 1
125 117 1
126 1 1
126 2 1
126 22 1
126 23 1
126 36 1
126 39 1
126 66 1
126 67 1
126 69 1
126 82 1
126 102 1
126 104 1
126 120 1
126 125 1
127 16 1
127 24 1
127 25 1
127 42 1
127 70 1
127 71 1
127 72 1
127 85 1
127 86 1
128 41 1
128 53 1
128 61 1
128 65 1
128 81 1
128 82 1
128 83 1
128 84 1
128 100 1
128 105 1
128 106 1
128 117 1
129 6 1
129 29 1
129 46 1
129 90 1
129 97 1
130 11 1
130 20 1
130 33 1
130 113 1
130 114 1
131 3 1
131 4 1
131 14 1
131 39 1
131 40 1
131 62 1
131 63 1
131 68 1
131 78 1
131 79 1
131 94 1
131 103 1
131 104 1
131 120 1
131 121 1
131 123 1
131 124 1
132 2 1
132 3 1
132 4 1
132 14 1
132 23 1
132 39 1
132 62 1
132 67 1
132 68 1
132 69 1
132 102 1
132 104 1
132 120 1
132 121 1
132 122 1
132 123 1
132 124 1
132 126 1
132 131 1
133 21 1
133 23 1
133 38 1
133 41 1
133 53 1
133 61 1
133 65 1
133 67 1
133 69 1
133 82 1
133 83 1
133 100 1
133 104 1
133 122 1
133 123 1
134 5 1
134 17 1
134 50 1
134 54 1
134 55 1
134 71 1
134 72 1
134 118 1
