# minsup
1
# graph
G_portein_file\Argonaute\4N47.pdb
# node ID, label
0 A
1 A
2 D
3 D
4 E
5 E
6 E
7 E
8 E
9 E
10 E
11 E
12 E
13 G
14 G
15 G
16 G
17 G
18 H
19 I
20 K
21 K
22 K
23 K
24 L
25 L
26 L
27 L
28 L
29 P
30 R
31 R
32 R
33 R
34 R
35 R
36 R
37 R
38 R
39 S
40 V
# node ID1, node ID2, number of bounds
7 6 1
10 9 1
11 3 1
14 13 1
15 0 1
16 1 1
17 9 1
17 10 1
18 12 1
19 10 1
19 17 1
20 2 1
21 2 1
21 20 1
22 1 1
22 16 1
23 12 1
23 18 1
24 0 1
24 15 1
25 1 1
25 10 1
25 16 1
25 17 1
25 19 1
26 9 1
27 9 1
27 19 1
27 26 1
28 12 1
28 18 1
28 23 1
29 1 1
29 16 1
29 17 1
29 19 1
29 25 1
30 4 1
32 2 1
32 20 1
32 21 1
33 1 1
33 16 1
33 22 1
33 25 1
33 29 1
34 1 1
34 16 1
34 22 1
34 25 1
34 33 1
35 1 1
35 16 1
35 22 1
35 25 1
35 29 1
35 33 1
35 34 1
36 17 1
36 19 1
36 25 1
36 29 1
37 9 1
37 10 1
37 17 1
37 19 1
37 27 1
38 18 1
38 23 1
38 28 1
39 17 1
39 19 1
39 25 1
39 29 1
39 35 1
39 36 1
40 19 1
40 25 1
40 29 1
40 36 1
40 39 1
