# minsup
1
# graph
G_portein_file\Argonaute\4W5O.pdb
# node ID, label
0 A
1 A
2 A
3 A
4 A
5 A
6 A
7 A
8 A
9 A
10 A
11 A
12 A
13 A
14 A
15 C
16 C
17 C
18 C
19 C
20 C
21 D
22 D
23 D
24 D
25 D
26 D
27 D
28 E
29 E
30 E
31 E
32 E
33 E
34 F
35 F
36 F
37 F
38 F
39 F
40 F
41 F
42 F
43 G
44 G
45 G
46 G
47 G
48 G
49 G
50 G
51 G
52 G
53 G
54 H
55 H
56 H
57 H
58 H
59 H
60 H
61 H
62 H
63 H
64 I
65 I
66 I
67 I
68 I
69 I
70 I
71 I
72 I
73 I
74 I
75 I
76 I
77 I
78 I
79 I
80 K
81 K
82 K
83 K
84 K
85 L
86 L
87 L
88 L
89 L
90 L
91 L
92 L
93 L
94 L
95 L
96 L
97 L
98 L
99 L
100 L
101 L
102 L
103 L
104 L
105 L
106 L
107 L
108 M
109 M
110 M
111 M
112 M
113 N
114 N
115 N
116 N
117 N
118 N
119 N
120 N
121 P
122 P
123 P
124 P
125 P
126 P
127 P
128 P
129 Q
130 Q
131 Q
132 Q
133 Q
134 Q
135 R
136 R
137 R
138 R
139 R
140 R
141 R
142 R
143 R
144 R
145 R
146 R
147 R
148 R
149 R
150 S
151 S
152 S
153 S
154 S
155 S
156 S
157 S
158 S
159 T
160 T
161 T
162 T
163 T
164 T
165 T
166 T
167 T
168 T
169 T
170 T
171 T
172 T
173 T
174 T
175 T
176 T
177 T
178 V
179 V
180 V
181 V
182 V
183 V
184 V
185 V
186 V
187 V
188 V
189 V
190 V
191 V
192 V
193 V
194 V
195 V
196 V
197 V
198 V
199 V
200 V
201 V
202 V
203 W
204 Y
205 Y
206 Y
207 Y
208 Y
209 Y
210 Y
211 Y
212 Y
213 Y
214 Y
# node ID1, node ID2, number of bounds
3 2 1
4 2 1
4 3 1
5 2 1
5 4 1
7 6 1
9 8 1
11 2 1
11 4 1
11 10 1
12 2 1
12 3 1
12 4 1
12 5 1
12 10 1
12 11 1
13 2 1
13 3 1
13 4 1
13 5 1
13 12 1
14 3 1
14 4 1
14 13 1
17 5 1
17 12 1
18 8 1
18 9 1
19 10 1
19 11 1
22 2 1
22 3 1
22 4 1
22 11 1
22 12 1
22 13 1
23 3 1
23 6 1
23 7 1
24 2 1
24 11 1
24 12 1
24 22 1
26 25 1
29 1 1
29 21 1
29 28 1
30 3 1
30 22 1
31 6 1
31 7 1
31 23 1
32 26 1
34 10 1
34 11 1
35 17 1
36 2 1
36 11 1
36 24 1
36 31 1
36 34 1
37 27 1
37 31 1
37 36 1
38 0 1
39 25 1
39 26 1
39 27 1
39 32 1
40 18 1
40 25 1
40 26 1
40 32 1
40 39 1
41 3 1
41 4 1
41 12 1
41 13 1
41 14 1
42 5 1
42 12 1
42 13 1
42 14 1
42 17 1
42 21 1
42 41 1
44 25 1
44 43 1
45 8 1
45 9 1
45 19 1
46 1 1
46 21 1
46 28 1
46 29 1
47 21 1
47 46 1
49 2 1
49 4 1
49 5 1
49 10 1
49 11 1
49 12 1
49 22 1
49 24 1
49 34 1
49 36 1
50 2 1
50 5 1
50 11 1
50 12 1
50 17 1
50 34 1
50 35 1
50 36 1
50 49 1
51 2 1
51 11 1
51 22 1
51 24 1
51 30 1
52 27 1
52 37 1
53 8 1
53 9 1
53 18 1
53 19 1
53 43 1
53 44 1
53 45 1
54 3 1
54 13 1
54 22 1
54 30 1
55 51 1
56 55 1
57 25 1
57 26 1
57 32 1
57 39 1
57 40 1
58 8 1
58 9 1
58 18 1
58 19 1
58 45 1
58 53 1
59 18 1
59 25 1
59 26 1
59 40 1
59 55 1
60 26 1
60 32 1
60 37 1
60 39 1
60 40 1
60 57 1
60 59 1
61 10 1
61 19 1
61 20 1
61 45 1
61 58 1
62 2 1
62 3 1
62 4 1
62 10 1
62 11 1
62 12 1
62 13 1
62 14 1
62 22 1
62 24 1
62 41 1
62 42 1
62 49 1
63 1 1
63 13 1
63 14 1
63 21 1
63 29 1
63 41 1
64 15 1
65 16 1
65 48 1
66 61 1
67 34 1
67 35 1
67 36 1
67 50 1
68 3 1
68 4 1
68 13 1
68 14 1
68 22 1
68 30 1
68 41 1
68 54 1
68 62 1
69 2 1
69 3 1
69 4 1
69 6 1
69 7 1
69 22 1
69 23 1
69 30 1
69 31 1
69 68 1
70 27 1
70 34 1
70 36 1
70 37 1
70 50 1
70 52 1
70 67 1
71 27 1
71 34 1
71 36 1
71 37 1
71 49 1
71 50 1
71 52 1
71 67 1
71 70 1
72 6 1
72 7 1
72 31 1
72 36 1
72 37 1
72 70 1
73 27 1
73 36 1
73 37 1
73 52 1
73 70 1
73 71 1
73 72 1
74 24 1
74 26 1
74 27 1
74 36 1
74 37 1
74 39 1
74 49 1
74 59 1
74 60 1
74 71 1
74 73 1
75 8 1
75 9 1
75 18 1
75 38 1
75 44 1
75 53 1
75 58 1
76 0 1
76 25 1
76 40 1
76 57 1
77 9 1
77 58 1
78 19 1
78 33 1
78 43 1
78 53 1
79 10 1
79 11 1
79 18 1
79 19 1
79 24 1
79 58 1
79 59 1
79 61 1
80 38 1
80 44 1
80 75 1
82 1 1
82 14 1
82 15 1
82 21 1
82 29 1
82 42 1
82 46 1
82 47 1
82 63 1
83 16 1
83 20 1
83 42 1
83 48 1
83 65 1
84 16 1
84 42 1
84 48 1
84 65 1
84 83 1
85 0 1
85 38 1
85 44 1
85 75 1
85 80 1
86 8 1
86 43 1
86 44 1
86 53 1
86 78 1
87 65 1
87 84 1
88 15 1
88 64 1
88 81 1
89 16 1
90 15 1
90 16 1
90 20 1
90 65 1
90 83 1
90 89 1
91 16 1
91 20 1
91 48 1
91 65 1
91 83 1
91 84 1
91 89 1
91 90 1
92 48 1
92 65 1
92 83 1
92 84 1
92 87 1
93 61 1
93 66 1
94 2 1
94 5 1
94 10 1
94 11 1
94 12 1
94 17 1
94 34 1
94 36 1
94 37 1
94 49 1
94 50 1
94 67 1
94 70 1
94 71 1
95 2 1
95 3 1
95 4 1
95 6 1
95 7 1
95 23 1
95 31 1
95 69 1
95 72 1
96 5 1
96 17 1
96 35 1
96 50 1
96 67 1
96 94 1
97 35 1
97 50 1
97 67 1
97 70 1
97 96 1
98 6 1
98 7 1
98 31 1
98 36 1
98 37 1
98 72 1
98 73 1
98 95 1
99 6 1
99 7 1
99 31 1
99 72 1
99 95 1
99 98 1
100 0 1
100 18 1
100 38 1
100 44 1
100 75 1
100 80 1
100 85 1
101 8 1
101 18 1
101 25 1
101 26 1
101 40 1
101 44 1
101 53 1
101 58 1
101 59 1
101 78 1
101 79 1
101 86 1
102 26 1
102 27 1
102 32 1
102 37 1
102 39 1
102 60 1
102 74 1
102 98 1
103 33 1
103 40 1
103 78 1
104 19 1
104 33 1
104 78 1
104 103 1
105 10 1
105 11 1
105 19 1
105 34 1
105 61 1
105 78 1
105 79 1
105 93 1
105 104 1
106 4 1
106 5 1
106 11 1
106 12 1
106 13 1
106 14 1
106 22 1
106 41 1
106 42 1
106 62 1
107 1 1
107 14 1
107 41 1
107 63 1
108 21 1
108 46 1
108 47 1
108 82 1
108 87 1
109 15 1
109 64 1
109 88 1
110 17 1
110 34 1
110 35 1
110 50 1
110 67 1
110 96 1
110 97 1
111 3 1
111 4 1
111 5 1
111 6 1
111 7 1
111 23 1
111 50 1
111 69 1
111 72 1
111 95 1
111 96 1
111 97 1
112 5 1
112 17 1
112 42 1
112 48 1
112 83 1
112 84 1
112 92 1
113 0 1
113 38 1
113 56 1
113 76 1
113 100 1
114 16 1
114 20 1
114 65 1
114 83 1
114 89 1
114 90 1
114 91 1
115 16 1
115 48 1
115 65 1
115 83 1
115 84 1
115 90 1
115 91 1
115 92 1
116 16 1
116 20 1
116 48 1
116 66 1
116 83 1
116 91 1
116 115 1
117 48 1
117 61 1
117 66 1
117 91 1
117 93 1
117 116 1
118 10 1
118 48 1
118 66 1
118 93 1
118 105 1
118 110 1
118 116 1
118 117 1
119 8 1
119 9 1
119 38 1
119 75 1
119 77 1
119 100 1
120 27 1
120 52 1
120 70 1
120 71 1
120 73 1
121 8 1
121 45 1
121 61 1
122 1 1
122 29 1
122 81 1
122 88 1
123 10 1
123 34 1
123 50 1
123 66 1
123 67 1
123 93 1
123 105 1
123 110 1
123 117 1
123 118 1
124 34 1
124 35 1
124 52 1
124 67 1
124 70 1
124 97 1
125 8 1
125 9 1
125 18 1
125 38 1
125 45 1
125 53 1
125 58 1
125 75 1
125 86 1
125 119 1
126 8 1
126 18 1
126 40 1
126 53 1
126 55 1
126 56 1
126 58 1
126 59 1
126 75 1
126 79 1
126 100 1
126 101 1
127 10 1
127 11 1
127 19 1
127 24 1
127 34 1
127 49 1
127 61 1
127 79 1
127 104 1
127 105 1
128 2 1
128 5 1
128 10 1
128 11 1
128 12 1
128 17 1
128 19 1
128 22 1
128 24 1
128 34 1
128 36 1
128 49 1
128 50 1
128 62 1
128 79 1
128 94 1
128 105 1
128 106 1
128 118 1
128 123 1
128 127 1
129 15 1
129 16 1
129 46 1
129 64 1
129 65 1
129 82 1
129 83 1
129 84 1
129 87 1
129 90 1
130 15 1
130 64 1
130 81 1
130 88 1
130 109 1
131 24 1
131 51 1
131 55 1
131 59 1
131 60 1
131 74 1
131 79 1
131 126 1
132 25 1
132 26 1
132 33 1
132 40 1
132 53 1
132 78 1
132 86 1
132 101 1
132 103 1
132 104 1
133 10 1
133 19 1
133 53 1
133 61 1
133 78 1
133 86 1
133 93 1
133 103 1
133 104 1
133 105 1
133 127 1
133 132 1
134 14 1
134 21 1
134 63 1
135 25 1
135 26 1
135 32 1
135 39 1
135 40 1
135 57 1
136 43 1
136 44 1
136 86 1
137 25 1
137 43 1
137 44 1
137 53 1
137 80 1
137 85 1
137 86 1
137 101 1
137 136 1
138 1 1
138 14 1
138 21 1
138 28 1
138 29 1
138 46 1
138 47 1
138 63 1
138 82 1
138 107 1
138 134 1
139 17 1
139 48 1
139 50 1
139 66 1
139 110 1
139 112 1
139 116 1
139 118 1
139 123 1
139 128 1
140 3 1
140 4 1
140 13 1
140 14 1
140 23 1
140 68 1
140 69 1
140 95 1
140 111 1
140 134 1
141 34 1
141 36 1
141 52 1
141 67 1
141 70 1
141 71 1
141 73 1
141 120 1
141 124 1
142 2 1
142 11 1
142 12 1
142 22 1
142 24 1
142 31 1
142 36 1
142 37 1
142 49 1
142 51 1
142 60 1
142 71 1
142 74 1
142 94 1
142 128 1
142 131 1
143 0 1
143 38 1
143 55 1
143 56 1
143 100 1
143 113 1
143 126 1
144 18 1
144 55 1
144 56 1
144 58 1
144 59 1
144 100 1
144 101 1
144 119 1
144 126 1
144 131 1
144 143 1
145 27 1
145 33 1
145 52 1
145 73 1
145 103 1
145 120 1
145 135 1
146 10 1
146 16 1
146 20 1
146 65 1
146 83 1
146 90 1
146 91 1
146 114 1
146 116 1
147 9 1
147 19 1
147 20 1
147 45 1
147 58 1
147 61 1
147 121 1
147 146 1
148 1 1
148 12 1
148 13 1
148 14 1
148 21 1
148 41 1
148 42 1
148 62 1
148 63 1
148 82 1
148 106 1
148 107 1
148 138 1
149 1 1
149 13 1
149 14 1
149 41 1
149 54 1
149 63 1
149 68 1
149 106 1
149 107 1
149 148 1
150 3 1
150 13 1
150 30 1
150 54 1
150 68 1
150 69 1
150 140 1
150 149 1
151 5 1
151 10 1
151 17 1
151 34 1
151 35 1
151 49 1
151 50 1
151 67 1
151 94 1
151 96 1
151 97 1
151 110 1
151 118 1
151 123 1
151 128 1
151 139 1
152 8 1
152 9 1
152 18 1
152 19 1
152 45 1
152 53 1
152 58 1
152 61 1
152 75 1
152 79 1
152 86 1
152 101 1
152 105 1
152 125 1
152 126 1
152 127 1
152 133 1
152 144 1
152 147 1
153 8 1
153 9 1
153 18 1
153 38 1
153 58 1
153 75 1
153 77 1
153 100 1
153 119 1
153 125 1
153 126 1
153 143 1
153 144 1
153 152 1
154 18 1
154 40 1
154 55 1
154 58 1
154 59 1
154 79 1
154 101 1
154 126 1
154 127 1
154 131 1
154 143 1
154 144 1
154 152 1
154 153 1
155 33 1
155 39 1
155 103 1
155 120 1
155 132 1
155 135 1
155 145 1
156 25 1
156 26 1
156 33 1
156 39 1
156 40 1
156 78 1
156 103 1
156 104 1
156 132 1
156 135 1
156 145 1
156 155 1
157 8 1
157 9 1
157 10 1
157 18 1
157 19 1
157 20 1
157 45 1
157 53 1
157 58 1
157 61 1
157 79 1
157 105 1
157 121 1
157 127 1
157 133 1
157 147 1
157 152 1
158 8 1
158 9 1
158 10 1
158 11 1
158 18 1
158 19 1
158 58 1
158 61 1
158 79 1
158 101 1
158 126 1
158 127 1
158 144 1
158 147 1
158 152 1
158 153 1
158 154 1
158 157 1
159 43 1
159 44 1
159 80 1
159 85 1
159 86 1
159 136 1
159 137 1
160 0 1
160 25 1
160 44 1
160 80 1
160 85 1
160 137 1
160 159 1
161 1 1
161 29 1
161 81 1
161 88 1
161 122 1
162 21 1
162 46 1
162 47 1
162 63 1
162 82 1
162 108 1
162 134 1
162 138 1
163 15 1
163 21 1
163 46 1
163 47 1
163 65 1
163 82 1
163 84 1
163 87 1
163 92 1
163 108 1
163 129 1
164 3 1
164 4 1
164 12 1
164 13 1
164 22 1
164 24 1
164 30 1
164 41 1
164 51 1
164 54 1
164 62 1
164 68 1
164 149 1
164 150 1
165 2 1
165 3 1
165 4 1
165 5 1
165 12 1
165 13 1
165 17 1
165 50 1
165 95 1
165 96 1
165 111 1
165 134 1
165 140 1
166 27 1
166 34 1
166 36 1
166 37 1
166 52 1
166 70 1
166 71 1
166 73 1
166 74 1
166 98 1
166 102 1
166 103 1
166 120 1
166 141 1
166 145 1
167 0 1
167 55 1
167 56 1
167 59 1
167 76 1
167 100 1
167 113 1
167 126 1
167 143 1
167 144 1
167 154 1
168 8 1
168 18 1
168 43 1
168 44 1
168 53 1
168 58 1
168 75 1
168 85 1
168 86 1
168 100 1
168 101 1
168 125 1
168 126 1
168 136 1
168 137 1
168 152 1
168 159 1
168 160 1
169 8 1
169 18 1
169 25 1
169 40 1
169 43 1
169 44 1
169 53 1
169 59 1
169 78 1
169 86 1
169 101 1
169 125 1
169 126 1
169 132 1
169 137 1
169 152 1
169 154 1
169 159 1
169 160 1
169 168 1
170 25 1
170 26 1
170 40 1
170 44 1
170 57 1
170 76 1
170 160 1
170 169 1
171 25 1
171 26 1
171 32 1
171 39 1
171 40 1
171 57 1
171 59 1
171 60 1
171 76 1
171 170 1
172 26 1
172 32 1
172 39 1
172 57 1
172 135 1
172 171 1
173 10 1
173 19 1
173 33 1
173 61 1
173 78 1
173 79 1
173 101 1
173 103 1
173 104 1
173 105 1
173 127 1
173 132 1
173 133 1
173 152 1
174 10 1
174 19 1
174 20 1
174 61 1
174 66 1
174 93 1
174 105 1
174 116 1
174 117 1
174 118 1
174 123 1
174 127 1
174 128 1
174 133 1
174 139 1
174 146 1
174 147 1
174 157 1
175 20 1
175 45 1
175 61 1
175 91 1
175 114 1
175 116 1
175 117 1
175 121 1
175 146 1
175 147 1
175 157 1
175 174 1
176 5 1
176 17 1
176 21 1
176 42 1
176 46 1
176 47 1
176 84 1
176 108 1
176 112 1
176 134 1
176 162 1
177 5 1
177 17 1
177 21 1
177 42 1
177 47 1
177 84 1
177 92 1
177 112 1
177 139 1
177 176 1
178 8 1
178 18 1
178 43 1
178 44 1
178 53 1
178 75 1
178 86 1
178 101 1
178 125 1
178 136 1
178 137 1
178 152 1
178 159 1
178 168 1
178 169 1
179 15 1
179 64 1
179 65 1
179 87 1
179 88 1
179 129 1
179 163 1
180 15 1
180 64 1
180 87 1
180 88 1
180 109 1
180 129 1
180 130 1
180 163 1
180 179 1
181 1 1
181 29 1
181 81 1
181 82 1
181 88 1
181 122 1
181 138 1
181 161 1
181 180 1
182 1 1
182 15 1
182 21 1
182 28 1
182 29 1
182 46 1
182 63 1
182 82 1
182 108 1
182 122 1
182 129 1
182 138 1
182 162 1
182 163 1
182 180 1
182 181 1
183 1 1
183 21 1
183 28 1
183 29 1
183 46 1
183 47 1
183 63 1
183 82 1
183 108 1
183 138 1
183 162 1
183 163 1
183 182 1
184 21 1
184 28 1
184 46 1
184 47 1
184 82 1
184 108 1
184 134 1
184 138 1
184 162 1
184 176 1
184 182 1
184 183 1
185 15 1
185 64 1
185 88 1
185 90 1
185 109 1
185 129 1
185 130 1
185 163 1
185 179 1
185 180 1
186 16 1
186 42 1
186 48 1
186 65 1
186 83 1
186 84 1
186 91 1
186 92 1
186 112 1
186 115 1
186 116 1
186 118 1
186 139 1
186 146 1
186 177 1
187 34 1
187 35 1
187 52 1
187 67 1
187 70 1
187 71 1
187 94 1
187 110 1
187 123 1
187 124 1
187 141 1
187 151 1
188 2 1
188 3 1
188 4 1
188 12 1
188 13 1
188 22 1
188 24 1
188 30 1
188 41 1
188 51 1
188 54 1
188 62 1
188 68 1
188 69 1
188 140 1
188 142 1
188 150 1
188 164 1
189 2 1
189 3 1
189 4 1
189 5 1
189 11 1
189 12 1
189 13 1
189 17 1
189 22 1
189 36 1
189 49 1
189 50 1
189 62 1
189 69 1
189 94 1
189 95 1
189 96 1
189 111 1
189 128 1
189 140 1
189 142 1
189 165 1
189 188 1
190 2 1
190 4 1
190 5 1
190 10 1
190 11 1
190 12 1
190 17 1
190 22 1
190 34 1
190 36 1
190 49 1
190 50 1
190 62 1
190 94 1
190 96 1
190 110 1
190 111 1
190 112 1
190 128 1
190 151 1
190 165 1
190 189 1
191 2 1
191 3 1
191 4 1
191 5 1
191 12 1
191 13 1
191 14 1
191 22 1
191 23 1
191 68 1
191 95 1
191 111 1
191 134 1
191 140 1
191 148 1
191 165 1
191 188 1
191 189 1
191 190 1
192 3 1
192 4 1
192 13 1
192 14 1
192 23 1
192 68 1
192 69 1
192 107 1
192 134 1
192 140 1
192 149 1
192 150 1
192 164 1
192 188 1
192 191 1
193 6 1
193 7 1
193 23 1
193 50 1
193 72 1
193 94 1
193 95 1
193 96 1
193 97 1
193 111 1
193 165 1
193 189 1
193 190 1
194 2 1
194 24 1
194 26 1
194 36 1
194 37 1
194 51 1
194 59 1
194 60 1
194 74 1
194 102 1
194 131 1
194 142 1
195 2 1
195 11 1
195 22 1
195 24 1
195 26 1
195 37 1
195 40 1
195 49 1
195 51 1
195 59 1
195 60 1
195 74 1
195 79 1
195 127 1
195 131 1
195 142 1
195 154 1
195 194 1
196 18 1
196 25 1
196 26 1
196 40 1
196 44 1
196 53 1
196 59 1
196 76 1
196 85 1
196 100 1
196 101 1
196 126 1
196 132 1
196 137 1
196 160 1
196 168 1
196 169 1
196 170 1
196 171 1
196 178 1
197 26 1
197 27 1
197 32 1
197 36 1
197 37 1
197 39 1
197 40 1
197 60 1
197 74 1
197 102 1
197 103 1
197 135 1
197 166 1
197 194 1
197 195 1
198 10 1
198 20 1
198 61 1
198 66 1
198 83 1
198 91 1
198 114 1
198 115 1
198 116 1
198 117 1
198 118 1
198 139 1
198 146 1
198 147 1
198 174 1
198 175 1
198 186 1
199 8 1
199 9 1
199 10 1
199 18 1
199 19 1
199 20 1
199 45 1
199 58 1
199 61 1
199 79 1
199 105 1
199 127 1
199 146 1
199 147 1
199 152 1
199 157 1
199 158 1
199 174 1
199 175 1
200 2 1
200 3 1
200 4 1
200 5 1
200 11 1
200 12 1
200 13 1
200 14 1
200 17 1
200 22 1
200 41 1
200 42 1
200 62 1
200 68 1
200 106 1
200 112 1
200 148 1
200 149 1
200 165 1
200 189 1
200 190 1
200 191 1
201 1 1
201 14 1
201 29 1
201 63 1
201 107 1
201 122 1
201 149 1
202 13 1
202 14 1
202 21 1
202 63 1
202 68 1
202 107 1
202 134 1
202 138 1
202 140 1
202 148 1
202 149 1
202 162 1
202 165 1
202 191 1
202 192 1
203 27 1
203 36 1
203 37 1
203 39 1
203 52 1
203 60 1
203 73 1
203 74 1
203 98 1
203 102 1
203 120 1
203 145 1
203 166 1
203 194 1
203 197 1
204 1 1
204 15 1
204 29 1
204 64 1
204 81 1
204 82 1
204 88 1
204 122 1
204 138 1
204 161 1
204 180 1
204 181 1
204 182 1
204 185 1
205 5 1
205 10 1
205 17 1
205 34 1
205 35 1
205 49 1
205 50 1
205 67 1
205 94 1
205 96 1
205 110 1
205 112 1
205 118 1
205 123 1
205 128 1
205 139 1
205 151 1
205 177 1
205 190 1
206 2 1
206 10 1
206 11 1
206 12 1
206 22 1
206 24 1
206 34 1
206 36 1
206 37 1
206 49 1
206 51 1
206 60 1
206 70 1
206 71 1
206 74 1
206 79 1
206 94 1
206 127 1
206 128 1
206 142 1
206 166 1
206 173 1
206 189 1
206 190 1
206 194 1
206 195 1
206 197 1
207 18 1
207 25 1
207 26 1
207 40 1
207 44 1
207 53 1
207 59 1
207 60 1
207 76 1
207 100 1
207 101 1
207 126 1
207 131 1
207 132 1
207 143 1
207 144 1
207 152 1
207 154 1
207 167 1
207 168 1
207 169 1
207 170 1
207 171 1
207 195 1
207 196 1
208 24 1
208 25 1
208 26 1
208 39 1
208 40 1
208 59 1
208 60 1
208 74 1
208 79 1
208 101 1
208 102 1
208 126 1
208 131 1
208 132 1
208 142 1
208 154 1
208 173 1
208 194 1
208 195 1
208 197 1
208 206 1
208 207 1
209 8 1
209 10 1
209 18 1
209 19 1
209 33 1
209 53 1
209 58 1
209 61 1
209 78 1
209 79 1
209 86 1
209 101 1
209 103 1
209 104 1
209 105 1
209 127 1
209 132 1
209 133 1
209 152 1
209 157 1
209 158 1
209 168 1
209 169 1
209 173 1
209 174 1
209 199 1
210 10 1
210 11 1
210 19 1
210 20 1
210 61 1
210 66 1
210 79 1
210 105 1
210 116 1
210 117 1
210 118 1
210 127 1
210 128 1
210 139 1
210 146 1
210 147 1
210 157 1
210 174 1
210 175 1
210 198 1
210 199 1
211 2 1
211 10 1
211 11 1
211 12 1
211 19 1
211 22 1
211 24 1
211 49 1
211 62 1
211 79 1
211 106 1
211 127 1
211 128 1
211 158 1
211 190 1
211 199 1
211 200 1
211 206 1
211 210 1
212 2 1
212 4 1
212 5 1
212 10 1
212 11 1
212 12 1
212 13 1
212 17 1
212 22 1
212 41 1
212 42 1
212 49 1
212 50 1
212 62 1
212 79 1
212 94 1
212 106 1
212 112 1
212 127 1
212 128 1
212 189 1
212 190 1
212 198 1
212 200 1
212 205 1
212 210 1
212 211 1
213 1 1
213 13 1
213 14 1
213 29 1
213 41 1
213 63 1
213 82 1
213 107 1
213 138 1
213 148 1
213 149 1
213 200 1
213 201 1
213 202 1
213 204 1
214 5 1
214 17 1
214 21 1
214 42 1
214 46 1
214 47 1
214 65 1
214 82 1
214 83 1
214 84 1
214 92 1
214 106 1
214 108 1
214 112 1
214 129 1
214 148 1
214 163 1
214 176 1
214 177 1
214 186 1
214 200 1
