# minsup
1
# graph
G_portein_file\Argonaute\4Z4C.pdb
# node ID, label
0 A
1 A
2 C
3 D
4 E
5 G
6 H
7 H
8 I
9 I
10 K
11 K
12 L
13 N
14 P
15 P
16 Q
17 Q
18 R
19 R
20 R
21 S
22 T
23 V
24 V
25 Y
26 Y
27 Y
# node ID1, node ID2, number of bounds
1 0 1
5 0 1
5 1 1
6 2 1
7 2 1
7 6 1
8 5 1
9 2 1
9 6 1
9 7 1
13 12 1
14 6 1
14 9 1
15 2 1
15 5 1
15 7 1
15 9 1
17 2 1
17 7 1
17 15 1
18 0 1
18 5 1
18 8 1
19 6 1
19 14 1
21 2 1
21 6 1
21 7 1
21 9 1
21 14 1
21 15 1
21 17 1
21 19 1
22 2 1
22 7 1
22 15 1
22 17 1
23 0 1
23 1 1
23 5 1
23 18 1
24 0 1
24 1 1
24 5 1
24 23 1
25 0 1
25 5 1
25 8 1
25 9 1
25 15 1
25 18 1
25 23 1
26 2 1
26 7 1
26 9 1
26 15 1
26 22 1
27 0 1
27 2 1
27 5 1
27 9 1
27 15 1
27 24 1
27 26 1
