# minsup
1
# graph
G_portein_file\Argonaute\4Z4D.pdb
# node ID, label
0 A
1 A
2 A
3 A
4 A
5 A
6 A
7 A
8 A
9 A
10 A
11 A
12 A
13 A
14 A
15 A
16 A
17 A
18 C
19 C
20 C
21 C
22 C
23 C
24 C
25 C
26 D
27 D
28 D
29 D
30 D
31 D
32 D
33 D
34 D
35 D
36 D
37 D
38 D
39 E
40 E
41 E
42 E
43 E
44 E
45 E
46 E
47 F
48 F
49 F
50 F
51 F
52 F
53 F
54 F
55 F
56 F
57 F
58 F
59 F
60 F
61 F
62 G
63 G
64 G
65 G
66 G
67 G
68 G
69 G
70 G
71 G
72 G
73 G
74 G
75 G
76 G
77 H
78 H
79 H
80 H
81 H
82 H
83 H
84 H
85 H
86 H
87 H
88 H
89 H
90 I
91 I
92 I
93 I
94 I
95 I
96 I
97 I
98 I
99 I
100 I
101 I
102 I
103 I
104 I
105 I
106 I
107 I
108 I
109 K
110 K
111 K
112 K
113 L
114 L
115 L
116 L
117 L
118 L
119 L
120 L
121 L
122 L
123 L
124 L
125 L
126 L
127 L
128 L
129 L
130 L
131 L
132 L
133 L
134 L
135 L
136 L
137 L
138 L
139 M
140 M
141 M
142 M
143 M
144 M
145 M
146 N
147 N
148 N
149 N
150 N
151 N
152 N
153 N
154 P
155 P
156 P
157 P
158 P
159 P
160 P
161 P
162 P
163 P
164 P
165 P
166 Q
167 Q
168 Q
169 Q
170 Q
171 Q
172 Q
173 Q
174 Q
175 R
176 R
177 R
178 R
179 R
180 R
181 R
182 R
183 R
184 R
185 R
186 R
187 R
188 R
189 R
190 R
191 R
192 S
193 S
194 S
195 S
196 S
197 S
198 S
199 S
200 S
201 T
202 T
203 T
204 T
205 T
206 T
207 T
208 T
209 T
210 T
211 T
212 T
213 T
214 T
215 T
216 T
217 T
218 T
219 T
220 T
221 T
222 T
223 V
224 V
225 V
226 V
227 V
228 V
229 V
230 V
231 V
232 V
233 V
234 V
235 V
236 V
237 V
238 V
239 V
240 V
241 V
242 V
243 V
244 V
245 V
246 V
247 V
248 V
249 V
250 V
251 V
252 V
253 V
254 W
255 W
256 X
257 X
258 X
259 X
260 Y
261 Y
262 Y
263 Y
264 Y
265 Y
266 Y
267 Y
268 Y
269 Y
270 Y
271 Y
# node ID1, node ID2, number of bounds
3 2 1
6 5 1
7 5 1
7 6 1
8 5 1
8 7 1
10 9 1
12 11 1
14 5 1
14 7 1
14 13 1
15 5 1
15 6 1
15 7 1
15 8 1
15 13 1
15 14 1
16 5 1
16 6 1
16 7 1
16 8 1
16 15 1
17 6 1
17 7 1
17 16 1
18 1 1
19 1 1
19 18 1
21 8 1
21 15 1
22 0 1
23 11 1
23 12 1
24 13 1
24 14 1
28 2 1
29 4 1
30 5 1
30 6 1
30 7 1
30 14 1
30 15 1
30 16 1
32 6 1
32 9 1
32 10 1
33 5 1
33 14 1
33 15 1
33 30 1
34 26 1
35 34 1
37 36 1
38 26 1
39 2 1
39 28 1
40 2 1
40 3 1
40 28 1
40 29 1
40 39 1
41 6 1
41 30 1
42 8 1
42 9 1
42 21 1
43 9 1
43 10 1
43 32 1
44 9 1
44 10 1
44 43 1
45 35 1
46 38 1
47 26 1
47 34 1
47 38 1
48 0 1
48 27 1
49 20 1
50 1 1
50 2 1
50 18 1
51 1 1
51 39 1
52 13 1
52 14 1
52 31 1
53 21 1
53 31 1
53 42 1
54 5 1
54 14 1
54 33 1
54 43 1
54 52 1
55 36 1
55 37 1
55 43 1
55 54 1
56 0 1
56 22 1
57 26 1
57 34 1
57 35 1
57 36 1
57 45 1
57 47 1
58 23 1
58 34 1
58 35 1
58 45 1
58 47 1
58 57 1
59 26 1
59 36 1
59 37 1
59 38 1
59 46 1
60 6 1
60 7 1
60 15 1
60 16 1
60 17 1
61 8 1
61 15 1
61 16 1
61 17 1
61 21 1
61 29 1
61 60 1
62 26 1
62 34 1
62 38 1
62 46 1
62 47 1
62 58 1
63 38 1
63 62 1
64 22 1
64 34 1
64 63 1
65 11 1
65 12 1
65 24 1
66 3 1
66 4 1
66 29 1
66 39 1
66 40 1
66 51 1
67 4 1
67 29 1
67 66 1
69 49 1
69 68 1
70 5 1
70 7 1
70 8 1
70 13 1
70 14 1
70 15 1
70 30 1
70 33 1
70 52 1
70 54 1
71 5 1
71 8 1
71 14 1
71 15 1
71 21 1
71 31 1
71 42 1
71 52 1
71 53 1
71 54 1
71 70 1
72 5 1
72 14 1
72 30 1
72 33 1
72 41 1
73 36 1
73 37 1
73 55 1
74 22 1
74 56 1
75 11 1
75 12 1
75 23 1
75 24 1
75 63 1
75 64 1
75 65 1
76 11 1
76 12 1
76 23 1
76 65 1
76 74 1
77 49 1
77 69 1
78 6 1
78 16 1
78 30 1
78 41 1
79 31 1
80 72 1
81 27 1
81 48 1
81 80 1
82 34 1
82 35 1
82 45 1
82 57 1
82 58 1
83 11 1
83 12 1
83 23 1
83 24 1
83 65 1
83 75 1
83 76 1
84 23 1
84 34 1
84 35 1
84 58 1
84 80 1
85 35 1
85 45 1
85 55 1
85 57 1
85 58 1
85 82 1
85 84 1
86 13 1
86 24 1
86 25 1
86 65 1
86 83 1
87 5 1
87 6 1
87 7 1
87 13 1
87 14 1
87 15 1
87 16 1
87 17 1
87 30 1
87 33 1
87 60 1
87 61 1
87 70 1
88 3 1
88 16 1
88 17 1
88 29 1
88 40 1
88 60 1
89 29 1
89 66 1
89 67 1
90 22 1
90 63 1
90 64 1
91 1 1
91 18 1
91 19 1
91 50 1
92 1 1
92 18 1
92 19 1
92 50 1
92 91 1
93 4 1
93 20 1
93 68 1
93 69 1
94 49 1
94 77 1
94 79 1
94 86 1
95 31 1
95 52 1
95 53 1
95 54 1
95 71 1
96 6 1
96 7 1
96 16 1
96 17 1
96 30 1
96 41 1
96 60 1
96 78 1
96 87 1
97 6 1
97 30 1
97 32 1
97 41 1
97 43 1
98 5 1
98 6 1
98 7 1
98 9 1
98 10 1
98 30 1
98 32 1
98 41 1
98 43 1
98 96 1
98 97 1
99 36 1
99 37 1
99 52 1
99 54 1
99 55 1
99 71 1
99 73 1
99 95 1
100 36 1
100 52 1
100 54 1
100 55 1
100 70 1
100 71 1
100 73 1
100 95 1
100 99 1
101 9 1
101 10 1
101 43 1
101 44 1
101 54 1
101 55 1
101 99 1
102 36 1
102 37 1
102 54 1
102 55 1
102 73 1
102 99 1
102 100 1
102 101 1
103 33 1
103 35 1
103 36 1
103 54 1
103 55 1
103 57 1
103 70 1
103 84 1
103 85 1
103 100 1
103 102 1
104 11 1
104 12 1
104 22 1
104 23 1
104 56 1
104 64 1
104 74 1
104 75 1
104 76 1
104 83 1
104 90 1
105 0 1
105 34 1
105 48 1
105 58 1
105 82 1
106 12 1
106 74 1
106 76 1
106 83 1
107 24 1
107 38 1
107 46 1
107 62 1
107 63 1
107 75 1
108 13 1
108 14 1
108 23 1
108 24 1
108 33 1
108 83 1
108 84 1
108 86 1
110 3 1
110 4 1
110 17 1
110 19 1
110 29 1
110 40 1
110 61 1
110 66 1
110 67 1
110 88 1
111 20 1
111 25 1
111 61 1
111 69 1
111 93 1
112 4 1
112 20 1
112 61 1
112 68 1
112 69 1
112 93 1
112 111 1
113 0 1
113 22 1
113 56 1
113 64 1
113 90 1
113 104 1
114 11 1
114 23 1
114 38 1
114 63 1
114 64 1
114 75 1
114 107 1
115 39 1
115 51 1
116 4 1
116 91 1
116 93 1
116 112 1
117 1 1
117 18 1
117 19 1
117 50 1
117 92 1
117 109 1
118 4 1
118 29 1
118 39 1
118 51 1
118 66 1
118 67 1
118 89 1
118 110 1
119 20 1
120 19 1
120 20 1
120 25 1
120 93 1
120 111 1
120 119 1
121 20 1
121 25 1
121 49 1
121 69 1
121 93 1
121 111 1
121 112 1
121 119 1
121 120 1
122 4 1
122 68 1
122 69 1
122 93 1
122 111 1
122 112 1
122 116 1
123 79 1
123 86 1
123 94 1
124 79 1
124 94 1
124 123 1
125 5 1
125 8 1
125 13 1
125 14 1
125 15 1
125 21 1
125 52 1
125 54 1
125 55 1
125 70 1
125 71 1
125 95 1
125 99 1
125 100 1
126 5 1
126 6 1
126 7 1
126 9 1
126 10 1
126 32 1
126 42 1
126 43 1
126 44 1
126 97 1
126 98 1
126 101 1
127 8 1
127 21 1
127 42 1
127 53 1
127 71 1
127 95 1
127 125 1
128 42 1
128 53 1
128 71 1
128 95 1
128 99 1
128 127 1
129 9 1
129 10 1
129 43 1
129 44 1
129 54 1
129 55 1
129 101 1
129 102 1
129 126 1
130 9 1
130 10 1
130 43 1
130 44 1
130 101 1
130 126 1
130 129 1
131 0 1
131 22 1
131 23 1
131 48 1
131 56 1
131 64 1
131 104 1
131 113 1
132 11 1
132 23 1
132 34 1
132 35 1
132 58 1
132 64 1
132 75 1
132 83 1
132 84 1
132 107 1
132 108 1
132 114 1
133 35 1
133 36 1
133 45 1
133 55 1
133 57 1
133 85 1
133 103 1
133 129 1
134 38 1
134 46 1
134 58 1
134 59 1
134 62 1
134 103 1
134 107 1
135 24 1
135 38 1
135 46 1
135 107 1
135 134 1
136 13 1
136 14 1
136 24 1
136 52 1
136 86 1
136 107 1
136 108 1
136 123 1
136 135 1
137 7 1
137 8 1
137 14 1
137 15 1
137 16 1
137 17 1
137 30 1
137 60 1
137 61 1
137 87 1
138 3 1
138 17 1
138 60 1
138 88 1
139 20 1
139 49 1
139 69 1
139 93 1
139 121 1
140 1 1
140 28 1
140 39 1
140 51 1
140 115 1
141 4 1
141 29 1
141 51 1
141 66 1
141 67 1
141 89 1
141 110 1
141 115 1
141 116 1
141 118 1
142 18 1
142 19 1
142 50 1
142 92 1
142 117 1
143 21 1
143 31 1
143 52 1
143 53 1
143 71 1
143 79 1
143 95 1
143 125 1
143 127 1
143 128 1
144 6 1
144 7 1
144 8 1
144 9 1
144 10 1
144 32 1
144 42 1
144 71 1
144 98 1
144 101 1
144 126 1
144 127 1
144 128 1
145 4 1
145 8 1
145 21 1
145 61 1
145 68 1
145 69 1
145 111 1
145 112 1
145 122 1
146 0 1
146 27 1
146 48 1
146 56 1
146 81 1
146 105 1
146 131 1
147 20 1
147 25 1
147 93 1
147 111 1
147 119 1
147 120 1
147 121 1
148 20 1
148 49 1
148 68 1
148 69 1
148 93 1
148 111 1
148 112 1
148 120 1
148 121 1
148 122 1
148 139 1
149 20 1
149 25 1
149 49 1
149 68 1
149 69 1
149 77 1
149 93 1
149 94 1
149 111 1
149 121 1
149 139 1
149 148 1
150 49 1
150 69 1
150 77 1
150 79 1
150 86 1
150 94 1
150 121 1
150 123 1
150 124 1
150 149 1
151 13 1
151 31 1
151 69 1
151 79 1
151 94 1
151 123 1
151 136 1
151 143 1
151 149 1
151 150 1
152 11 1
152 12 1
152 22 1
152 23 1
152 56 1
152 74 1
152 76 1
152 104 1
152 106 1
152 131 1
153 36 1
153 37 1
153 59 1
153 73 1
153 99 1
153 100 1
153 102 1
154 11 1
154 24 1
154 63 1
154 65 1
154 75 1
154 86 1
154 107 1
154 114 1
155 11 1
155 65 1
155 86 1
155 154 1
156 2 1
156 3 1
156 40 1
156 109 1
156 117 1
157 38 1
157 46 1
157 107 1
157 134 1
157 135 1
158 31 1
158 95 1
158 99 1
159 13 1
159 31 1
159 52 1
159 71 1
159 79 1
159 94 1
159 95 1
159 123 1
159 136 1
159 143 1
159 150 1
159 151 1
160 52 1
160 53 1
160 73 1
160 95 1
160 99 1
160 100 1
160 128 1
160 158 1
161 11 1
161 12 1
161 22 1
161 23 1
161 56 1
161 65 1
161 74 1
161 75 1
161 76 1
161 83 1
161 90 1
161 104 1
161 114 1
161 152 1
162 35 1
162 45 1
162 57 1
162 82 1
162 105 1
163 11 1
163 23 1
163 58 1
163 75 1
163 76 1
163 80 1
163 81 1
163 83 1
163 84 1
163 104 1
163 108 1
163 131 1
163 132 1
164 13 1
164 14 1
164 24 1
164 33 1
164 52 1
164 70 1
164 86 1
164 108 1
164 135 1
164 136 1
165 5 1
165 8 1
165 13 1
165 14 1
165 15 1
165 21 1
165 24 1
165 30 1
165 33 1
165 52 1
165 54 1
165 70 1
165 71 1
165 87 1
165 108 1
165 125 1
165 136 1
165 137 1
165 151 1
165 159 1
165 164 1
166 0 1
166 22 1
166 48 1
166 56 1
166 64 1
166 113 1
166 131 1
166 146 1
167 11 1
167 63 1
167 75 1
167 107 1
167 114 1
167 154 1
167 155 1
168 4 1
168 112 1
168 116 1
168 122 1
168 141 1
169 4 1
169 19 1
169 20 1
169 66 1
169 91 1
169 92 1
169 93 1
169 110 1
169 111 1
169 112 1
169 116 1
169 120 1
170 18 1
170 19 1
170 50 1
170 92 1
170 109 1
170 117 1
170 142 1
171 6 1
171 32 1
171 41 1
171 78 1
171 96 1
171 97 1
171 98 1
172 21 1
172 42 1
172 53 1
172 71 1
172 127 1
172 128 1
172 143 1
173 34 1
173 35 1
173 38 1
173 46 1
173 58 1
173 59 1
173 62 1
173 75 1
173 107 1
173 114 1
173 132 1
173 134 1
173 135 1
174 13 1
174 24 1
174 75 1
174 86 1
174 107 1
174 114 1
174 123 1
174 124 1
174 134 1
174 135 1
174 136 1
174 154 1
174 157 1
174 164 1
174 167 1
174 173 1
175 63 1
175 64 1
175 90 1
175 114 1
175 167 1
176 34 1
176 62 1
176 63 1
176 64 1
176 75 1
176 90 1
176 113 1
176 114 1
176 132 1
176 167 1
176 175 1
177 39 1
177 51 1
177 66 1
177 115 1
177 118 1
177 140 1
177 141 1
178 3 1
178 17 1
178 29 1
178 39 1
178 40 1
178 66 1
178 67 1
178 88 1
178 89 1
178 110 1
178 118 1
178 138 1
179 21 1
179 31 1
179 68 1
179 69 1
179 71 1
179 79 1
179 94 1
179 143 1
179 145 1
179 149 1
179 151 1
179 159 1
179 165 1
180 6 1
180 7 1
180 16 1
180 17 1
180 32 1
180 96 1
180 98 1
180 126 1
180 144 1
180 171 1
181 9 1
181 10 1
181 42 1
181 44 1
181 53 1
181 101 1
181 126 1
181 127 1
181 128 1
181 144 1
181 172 1
182 37 1
182 52 1
182 54 1
182 73 1
182 95 1
182 99 1
182 100 1
182 102 1
182 153 1
182 158 1
182 160 1
183 5 1
183 14 1
183 15 1
183 30 1
183 33 1
183 43 1
183 54 1
183 55 1
183 70 1
183 72 1
183 85 1
183 100 1
183 103 1
183 125 1
183 165 1
184 9 1
184 10 1
184 43 1
184 44 1
184 73 1
184 101 1
184 102 1
184 129 1
184 130 1
184 181 1
185 0 1
185 27 1
185 48 1
185 56 1
185 80 1
185 81 1
185 113 1
185 131 1
185 146 1
185 163 1
185 166 1
186 23 1
186 76 1
186 80 1
186 81 1
186 83 1
186 84 1
186 131 1
186 132 1
186 152 1
186 163 1
186 185 1
187 36 1
187 37 1
187 46 1
187 59 1
187 73 1
187 102 1
187 134 1
187 153 1
188 13 1
188 20 1
188 25 1
188 93 1
188 111 1
188 120 1
188 121 1
188 147 1
188 149 1
189 12 1
189 24 1
189 25 1
189 65 1
189 83 1
189 86 1
189 155 1
189 188 1
190 3 1
190 15 1
190 16 1
190 17 1
190 29 1
190 60 1
190 61 1
190 87 1
190 88 1
190 110 1
190 137 1
190 138 1
190 178 1
191 3 1
191 16 1
191 17 1
191 60 1
191 78 1
191 88 1
191 96 1
191 137 1
191 138 1
191 190 1
192 38 1
192 46 1
192 47 1
192 62 1
192 63 1
192 107 1
192 114 1
192 167 1
192 173 1
192 175 1
192 176 1
193 6 1
193 16 1
193 41 1
193 78 1
193 96 1
193 98 1
193 171 1
193 180 1
193 191 1
194 8 1
194 13 1
194 21 1
194 31 1
194 52 1
194 53 1
194 70 1
194 71 1
194 79 1
194 95 1
194 125 1
194 127 1
194 128 1
194 143 1
194 151 1
194 159 1
194 165 1
194 172 1
194 179 1
195 33 1
195 41 1
195 72 1
195 80 1
196 11 1
196 12 1
196 23 1
196 24 1
196 65 1
196 75 1
196 76 1
196 83 1
196 86 1
196 104 1
196 108 1
196 114 1
196 132 1
196 136 1
196 154 1
196 161 1
196 163 1
196 164 1
196 174 1
196 186 1
196 189 1
197 11 1
197 12 1
197 23 1
197 56 1
197 74 1
197 76 1
197 83 1
197 104 1
197 106 1
197 131 1
197 152 1
197 161 1
197 163 1
197 185 1
197 186 1
197 196 1
198 23 1
198 58 1
198 80 1
198 83 1
198 84 1
198 108 1
198 132 1
198 163 1
198 164 1
198 185 1
198 186 1
198 196 1
198 197 1
199 26 1
199 38 1
199 46 1
199 47 1
199 57 1
199 59 1
199 62 1
199 134 1
199 153 1
199 173 1
199 187 1
200 11 1
200 12 1
200 13 1
200 14 1
200 23 1
200 24 1
200 65 1
200 75 1
200 76 1
200 83 1
200 86 1
200 108 1
200 132 1
200 163 1
200 164 1
200 186 1
200 189 1
200 196 1
200 197 1
200 198 1
201 26 1
201 38 1
201 46 1
201 47 1
201 62 1
201 63 1
201 114 1
201 175 1
201 176 1
201 192 1
202 63 1
202 64 1
202 90 1
202 113 1
202 114 1
202 175 1
202 176 1
202 192 1
202 201 1
203 0 1
203 22 1
203 34 1
203 64 1
203 90 1
203 113 1
203 166 1
203 176 1
203 202 1
204 2 1
204 3 1
204 40 1
204 50 1
204 109 1
204 117 1
204 156 1
205 29 1
205 66 1
205 67 1
205 88 1
205 89 1
205 110 1
205 118 1
205 141 1
205 178 1
206 1 1
206 4 1
206 19 1
206 29 1
206 66 1
206 67 1
206 91 1
206 93 1
206 110 1
206 112 1
206 116 1
206 122 1
206 141 1
206 168 1
206 169 1
207 20 1
207 119 1
207 120 1
207 121 1
207 147 1
208 6 1
208 7 1
208 15 1
208 16 1
208 30 1
208 33 1
208 41 1
208 60 1
208 72 1
208 78 1
208 87 1
208 96 1
208 191 1
208 193 1
209 5 1
209 6 1
209 7 1
209 8 1
209 15 1
209 16 1
209 21 1
209 42 1
209 71 1
209 126 1
209 127 1
209 144 1
209 180 1
210 73 1
210 95 1
210 99 1
210 102 1
210 153 1
210 158 1
210 160 1
210 182 1
211 36 1
211 37 1
211 52 1
211 54 1
211 55 1
211 59 1
211 73 1
211 99 1
211 100 1
211 102 1
211 103 1
211 129 1
211 133 1
211 134 1
211 153 1
211 182 1
211 187 1
212 0 1
212 27 1
212 48 1
212 80 1
212 81 1
212 84 1
212 105 1
212 131 1
212 146 1
212 163 1
212 185 1
212 186 1
212 198 1
213 11 1
213 23 1
213 63 1
213 64 1
213 75 1
213 83 1
213 90 1
213 104 1
213 113 1
213 114 1
213 131 1
213 132 1
213 161 1
213 163 1
213 167 1
213 175 1
213 176 1
213 196 1
213 202 1
213 203 1
214 11 1
214 23 1
214 34 1
214 58 1
214 62 1
214 63 1
214 64 1
214 75 1
214 84 1
214 90 1
214 107 1
214 114 1
214 132 1
214 161 1
214 163 1
214 173 1
214 176 1
214 192 1
214 196 1
214 198 1
214 202 1
214 203 1
214 213 1
215 34 1
215 35 1
215 47 1
215 58 1
215 62 1
215 64 1
215 82 1
215 105 1
215 162 1
215 203 1
215 214 1
216 34 1
216 35 1
216 45 1
216 57 1
216 58 1
216 82 1
216 84 1
216 85 1
216 105 1
216 162 1
216 215 1
217 35 1
217 45 1
217 57 1
217 82 1
217 162 1
217 216 1
218 13 1
218 24 1
218 38 1
218 46 1
218 86 1
218 107 1
218 108 1
218 132 1
218 134 1
218 135 1
218 136 1
218 164 1
218 173 1
218 174 1
218 196 1
219 13 1
219 24 1
219 25 1
219 79 1
219 86 1
219 94 1
219 123 1
219 136 1
219 149 1
219 150 1
219 151 1
219 159 1
219 164 1
219 165 1
219 174 1
219 179 1
219 188 1
219 189 1
220 25 1
220 65 1
220 86 1
220 121 1
220 147 1
220 149 1
220 150 1
220 155 1
220 188 1
220 189 1
220 219 1
221 4 1
221 8 1
221 21 1
221 29 1
221 61 1
221 66 1
221 67 1
221 89 1
221 112 1
221 118 1
221 141 1
221 145 1
221 205 1
222 4 1
222 8 1
222 21 1
222 29 1
222 61 1
222 67 1
222 68 1
222 112 1
222 122 1
222 145 1
222 179 1
222 221 1
223 11 1
223 23 1
223 63 1
223 64 1
223 75 1
223 90 1
223 104 1
223 114 1
223 132 1
223 154 1
223 161 1
223 167 1
223 175 1
223 176 1
223 192 1
223 196 1
223 202 1
223 213 1
223 214 1
224 1 1
224 2 1
224 28 1
224 39 1
224 40 1
224 50 1
224 51 1
224 66 1
224 110 1
224 140 1
224 177 1
224 178 1
225 1 1
225 4 1
225 19 1
225 51 1
225 66 1
225 91 1
225 92 1
225 115 1
225 116 1
225 141 1
225 168 1
225 169 1
225 206 1
226 1 1
226 4 1
226 18 1
226 19 1
226 91 1
226 92 1
226 93 1
226 116 1
226 117 1
226 169 1
226 206 1
226 225 1
227 1 1
227 18 1
227 19 1
227 50 1
227 91 1
227 92 1
227 116 1
227 117 1
227 142 1
227 169 1
227 170 1
227 206 1
227 225 1
227 226 1
228 2 1
228 3 1
228 28 1
228 40 1
228 50 1
228 109 1
228 110 1
228 117 1
228 156 1
228 178 1
228 204 1
228 224 1
228 227 1
229 2 1
229 3 1
229 19 1
229 29 1
229 39 1
229 40 1
229 51 1
229 66 1
229 88 1
229 110 1
229 141 1
229 156 1
229 169 1
229 178 1
229 205 1
229 206 1
229 224 1
229 227 1
229 228 1
230 3 1
230 29 1
230 39 1
230 40 1
230 51 1
230 66 1
230 67 1
230 88 1
230 89 1
230 110 1
230 118 1
230 141 1
230 177 1
230 178 1
230 205 1
230 206 1
230 224 1
230 229 1
231 29 1
231 39 1
231 51 1
231 66 1
231 67 1
231 89 1
231 110 1
231 118 1
231 141 1
231 177 1
231 178 1
231 205 1
231 221 1
231 229 1
231 230 1
232 18 1
232 19 1
232 92 1
232 117 1
232 120 1
232 142 1
232 169 1
232 170 1
232 206 1
232 226 1
232 227 1
233 92 1
233 117 1
233 119 1
233 142 1
233 170 1
233 232 1
234 20 1
234 61 1
234 68 1
234 69 1
234 93 1
234 111 1
234 112 1
234 121 1
234 122 1
234 145 1
234 148 1
234 149 1
234 151 1
234 179 1
234 188 1
234 222 1
235 49 1
235 68 1
235 69 1
235 77 1
235 79 1
235 94 1
235 112 1
235 121 1
235 122 1
235 148 1
235 149 1
235 150 1
235 151 1
235 159 1
235 179 1
235 234 1
236 31 1
236 52 1
236 53 1
236 73 1
236 95 1
236 99 1
236 100 1
236 125 1
236 143 1
236 158 1
236 159 1
236 160 1
236 182 1
236 194 1
236 210 1
237 5 1
237 6 1
237 7 1
237 15 1
237 16 1
237 30 1
237 33 1
237 41 1
237 60 1
237 72 1
237 78 1
237 87 1
237 96 1
237 97 1
237 98 1
237 171 1
237 180 1
237 183 1
237 193 1
237 208 1
238 5 1
238 6 1
238 7 1
238 8 1
238 14 1
238 15 1
238 16 1
238 21 1
238 30 1
238 54 1
238 70 1
238 71 1
238 87 1
238 98 1
238 125 1
238 126 1
238 127 1
238 144 1
238 165 1
238 180 1
238 183 1
238 209 1
238 237 1
239 5 1
239 7 1
239 8 1
239 13 1
239 14 1
239 15 1
239 21 1
239 30 1
239 52 1
239 54 1
239 70 1
239 71 1
239 87 1
239 125 1
239 127 1
239 143 1
239 144 1
239 145 1
239 165 1
239 194 1
239 209 1
239 238 1
240 5 1
240 6 1
240 7 1
240 8 1
240 15 1
240 16 1
240 17 1
240 30 1
240 32 1
240 96 1
240 126 1
240 144 1
240 171 1
240 180 1
240 190 1
240 209 1
240 237 1
240 238 1
240 239 1
241 6 1
241 7 1
241 16 1
241 17 1
241 32 1
241 96 1
241 98 1
241 138 1
241 171 1
241 180 1
241 191 1
241 193 1
241 208 1
241 237 1
241 240 1
242 8 1
242 9 1
242 10 1
242 32 1
242 42 1
242 44 1
242 71 1
242 101 1
242 125 1
242 126 1
242 127 1
242 128 1
242 144 1
242 172 1
242 181 1
242 184 1
242 209 1
242 238 1
242 239 1
243 30 1
243 33 1
243 41 1
243 72 1
243 85 1
243 97 1
243 183 1
243 195 1
243 237 1
244 5 1
244 14 1
244 33 1
244 35 1
244 54 1
244 55 1
244 70 1
244 72 1
244 84 1
244 85 1
244 103 1
244 133 1
244 183 1
244 195 1
244 243 1
245 11 1
245 12 1
245 22 1
245 74 1
245 76 1
245 104 1
245 106 1
245 152 1
245 161 1
246 23 1
246 34 1
246 35 1
246 47 1
246 58 1
246 62 1
246 64 1
246 75 1
246 84 1
246 90 1
246 105 1
246 113 1
246 131 1
246 132 1
246 163 1
246 173 1
246 176 1
246 203 1
246 213 1
246 214 1
246 215 1
246 216 1
246 223 1
247 35 1
247 36 1
247 45 1
247 54 1
247 55 1
247 57 1
247 58 1
247 85 1
247 103 1
247 133 1
247 134 1
247 211 1
247 244 1
248 13 1
248 25 1
248 86 1
248 94 1
248 111 1
248 121 1
248 147 1
248 148 1
248 149 1
248 150 1
248 151 1
248 179 1
248 188 1
248 189 1
248 219 1
248 220 1
248 234 1
248 235 1
249 11 1
249 12 1
249 13 1
249 23 1
249 24 1
249 25 1
249 65 1
249 83 1
249 86 1
249 108 1
249 136 1
249 164 1
249 188 1
249 189 1
249 196 1
249 200 1
249 219 1
249 220 1
250 5 1
250 6 1
250 7 1
250 8 1
250 15 1
250 16 1
250 17 1
250 21 1
250 30 1
250 60 1
250 61 1
250 87 1
250 96 1
250 137 1
250 145 1
250 190 1
250 191 1
250 208 1
250 209 1
250 238 1
250 239 1
250 240 1
251 3 1
251 17 1
251 40 1
251 88 1
251 138 1
251 156 1
251 191 1
252 16 1
252 17 1
252 29 1
252 88 1
252 89 1
252 96 1
252 138 1
252 178 1
252 180 1
252 190 1
252 191 1
252 205 1
252 209 1
252 240 1
252 241 1
252 250 1
253 8 1
253 17 1
253 29 1
253 66 1
253 67 1
253 88 1
253 89 1
253 110 1
253 118 1
253 178 1
253 205 1
253 209 1
253 221 1
253 230 1
253 231 1
253 240 1
253 252 1
254 4 1
254 91 1
254 115 1
254 116 1
254 168 1
254 206 1
254 225 1
254 226 1
255 36 1
255 37 1
255 54 1
255 55 1
255 57 1
255 73 1
255 85 1
255 102 1
255 103 1
255 129 1
255 133 1
255 153 1
255 187 1
255 211 1
255 244 1
255 247 1
256 26 1
256 34 1
256 35 1
256 38 1
256 46 1
256 47 1
256 57 1
256 58 1
256 59 1
256 62 1
256 107 1
256 134 1
256 135 1
256 173 1
256 187 1
256 192 1
256 199 1
256 201 1
257 26 1
257 34 1
257 35 1
257 38 1
257 46 1
257 47 1
257 57 1
257 58 1
257 59 1
257 62 1
257 107 1
257 134 1
257 135 1
257 173 1
257 187 1
257 192 1
257 199 1
257 201 1
257 256 1
258 11 1
258 12 1
258 13 1
258 23 1
258 24 1
258 25 1
258 65 1
258 75 1
258 83 1
258 86 1
258 108 1
258 136 1
258 154 1
258 155 1
258 164 1
258 174 1
258 189 1
258 196 1
258 200 1
258 219 1
258 220 1
258 249 1
259 11 1
259 12 1
259 13 1
259 23 1
259 24 1
259 25 1
259 65 1
259 75 1
259 83 1
259 86 1
259 108 1
259 136 1
259 154 1
259 155 1
259 164 1
259 174 1
259 189 1
259 196 1
259 200 1
259 219 1
259 220 1
259 249 1
259 258 1
260 1 1
260 18 1
260 50 1
260 91 1
260 92 1
260 227 1
261 2 1
261 3 1
261 19 1
261 40 1
261 50 1
261 92 1
261 109 1
261 110 1
261 117 1
261 156 1
261 178 1
261 204 1
261 224 1
261 227 1
261 228 1
261 229 1
261 232 1
262 8 1
262 13 1
262 21 1
262 31 1
262 52 1
262 53 1
262 70 1
262 71 1
262 95 1
262 125 1
262 127 1
262 143 1
262 145 1
262 151 1
262 159 1
262 165 1
262 172 1
262 179 1
262 194 1
262 222 1
262 234 1
262 239 1
263 5 1
263 13 1
263 14 1
263 15 1
263 30 1
263 33 1
263 52 1
263 54 1
263 55 1
263 70 1
263 72 1
263 85 1
263 99 1
263 100 1
263 103 1
263 108 1
263 125 1
263 164 1
263 165 1
263 183 1
263 211 1
263 218 1
263 238 1
263 239 1
263 244 1
263 247 1
264 23 1
264 34 1
264 35 1
264 58 1
264 64 1
264 75 1
264 84 1
264 85 1
264 105 1
264 131 1
264 132 1
264 163 1
264 173 1
264 185 1
264 186 1
264 196 1
264 198 1
264 212 1
264 213 1
264 214 1
264 215 1
264 216 1
264 246 1
265 33 1
265 34 1
265 35 1
265 55 1
265 57 1
265 58 1
265 84 1
265 85 1
265 103 1
265 108 1
265 132 1
265 133 1
265 134 1
265 163 1
265 173 1
265 183 1
265 198 1
265 218 1
265 244 1
265 247 1
265 263 1
265 264 1
266 11 1
266 13 1
266 23 1
266 24 1
266 46 1
266 75 1
266 83 1
266 86 1
266 107 1
266 108 1
266 114 1
266 132 1
266 134 1
266 135 1
266 136 1
266 154 1
266 164 1
266 167 1
266 173 1
266 174 1
266 196 1
266 200 1
266 213 1
266 214 1
266 218 1
266 219 1
266 249 1
266 258 1
266 259 1
267 13 1
267 14 1
267 24 1
267 25 1
267 86 1
267 94 1
267 108 1
267 136 1
267 149 1
267 150 1
267 151 1
267 164 1
267 165 1
267 179 1
267 188 1
267 189 1
267 219 1
267 220 1
267 248 1
267 249 1
267 258 1
267 259 1
268 5 1
268 13 1
268 14 1
268 15 1
268 24 1
268 30 1
268 33 1
268 70 1
268 87 1
268 108 1
268 137 1
268 164 1
268 165 1
268 200 1
268 239 1
268 249 1
268 250 1
268 263 1
268 267 1
269 5 1
269 7 1
269 8 1
269 13 1
269 14 1
269 15 1
269 16 1
269 21 1
269 30 1
269 60 1
269 61 1
269 70 1
269 71 1
269 87 1
269 108 1
269 125 1
269 137 1
269 145 1
269 164 1
269 165 1
269 238 1
269 239 1
269 248 1
269 250 1
269 262 1
269 267 1
269 268 1
270 3 1
270 16 1
270 17 1
270 40 1
270 60 1
270 88 1
270 110 1
270 138 1
270 178 1
270 190 1
270 191 1
270 250 1
270 251 1
270 252 1
270 261 1
271 4 1
271 8 1
271 21 1
271 29 1
271 61 1
271 66 1
271 67 1
271 68 1
271 93 1
271 110 1
271 111 1
271 112 1
271 122 1
271 137 1
271 141 1
271 145 1
271 169 1
271 190 1
271 206 1
271 221 1
271 222 1
271 234 1
271 250 1
271 253 1
