# minsup
1
# graph
G_portein_file\Argonaute\4Z4F.pdb
# node ID, label
0 A
1 A
2 A
3 A
4 A
5 A
6 A
7 A
8 A
9 A
10 A
11 A
12 A
13 A
14 A
15 A
16 A
17 A
18 A
19 A
20 A
21 A
22 A
23 A
24 A
25 A
26 A
27 A
28 A
29 A
30 A
31 A
32 A
33 A
34 C
35 C
36 C
37 C
38 C
39 C
40 C
41 C
42 C
43 C
44 D
45 D
46 D
47 D
48 D
49 D
50 D
51 D
52 D
53 D
54 D
55 D
56 D
57 D
58 D
59 D
60 D
61 D
62 D
63 D
64 D
65 D
66 E
67 E
68 E
69 E
70 E
71 E
72 E
73 E
74 E
75 E
76 E
77 E
78 E
79 E
80 E
81 E
82 E
83 E
84 E
85 E
86 E
87 F
88 F
89 F
90 F
91 F
92 F
93 F
94 F
95 F
96 F
97 F
98 F
99 F
100 F
101 F
102 F
103 F
104 F
105 F
106 F
107 F
108 F
109 F
110 F
111 F
112 F
113 F
114 F
115 G
116 G
117 G
118 G
119 G
120 G
121 G
122 G
123 G
124 G
125 G
126 G
127 G
128 G
129 G
130 G
131 G
132 G
133 G
134 G
135 G
136 G
137 G
138 G
139 G
140 G
141 G
142 G
143 H
144 H
145 H
146 H
147 H
148 H
149 H
150 H
151 H
152 H
153 H
154 H
155 H
156 H
157 H
158 H
159 H
160 H
161 H
162 H
163 H
164 H
165 H
166 H
167 I
168 I
169 I
170 I
171 I
172 I
173 I
174 I
175 I
176 I
177 I
178 I
179 I
180 I
181 I
182 I
183 I
184 I
185 I
186 I
187 I
188 I
189 I
190 I
191 I
192 I
193 I
194 I
195 I
196 I
197 I
198 I
199 I
200 K
201 K
202 K
203 K
204 K
205 K
206 K
207 K
208 K
209 K
210 K
211 K
212 K
213 K
214 K
215 K
216 K
217 K
218 K
219 K
220 K
221 K
222 K
223 L
224 L
225 L
226 L
227 L
228 L
229 L
230 L
231 L
232 L
233 L
234 L
235 L
236 L
237 L
238 L
239 L
240 L
241 L
242 L
243 L
244 L
245 L
246 L
247 L
248 L
249 L
250 L
251 L
252 L
253 L
254 L
255 L
256 L
257 L
258 L
259 L
260 L
261 L
262 L
263 M
264 M
265 M
266 M
267 M
268 M
269 M
270 M
271 M
272 M
273 M
274 M
275 M
276 N
277 N
278 N
279 N
280 N
281 N
282 N
283 N
284 N
285 N
286 N
287 P
288 P
289 P
290 P
291 P
292 P
293 P
294 P
295 P
296 P
297 P
298 P
299 P
300 P
301 P
302 P
303 P
304 P
305 P
306 P
307 P
308 P
309 P
310 P
311 P
312 P
313 P
314 P
315 P
316 P
317 P
318 P
319 P
320 P
321 P
322 Q
323 Q
324 Q
325 Q
326 Q
327 Q
328 Q
329 Q
330 Q
331 Q
332 Q
333 Q
334 Q
335 Q
336 Q
337 Q
338 Q
339 Q
340 Q
341 Q
342 Q
343 Q
344 Q
345 Q
346 Q
347 Q
348 Q
349 Q
350 Q
351 Q
352 Q
353 Q
354 Q
355 Q
356 Q
357 Q
358 R
359 R
360 R
361 R
362 R
363 R
364 R
365 R
366 R
367 R
368 R
369 R
370 R
371 R
372 R
373 R
374 R
375 R
376 R
377 R
378 R
379 R
380 R
381 R
382 R
383 R
384 R
385 R
386 R
387 R
388 R
389 R
390 R
391 R
392 R
393 S
394 S
395 S
396 S
397 S
398 S
399 S
400 S
401 S
402 S
403 S
404 S
405 S
406 S
407 S
408 S
409 S
410 S
411 S
412 S
413 S
414 S
415 S
416 S
417 S
418 S
419 T
420 T
421 T
422 T
423 T
424 T
425 T
426 T
427 T
428 T
429 T
430 T
431 T
432 T
433 T
434 T
435 T
436 T
437 T
438 T
439 T
440 T
441 T
442 T
443 T
444 T
445 T
446 T
447 T
448 T
449 T
450 T
451 T
452 T
453 T
454 T
455 T
456 V
457 V
458 V
459 V
460 V
461 V
462 V
463 V
464 V
465 V
466 V
467 V
468 V
469 V
470 V
471 V
472 V
473 V
474 V
475 V
476 V
477 V
478 V
479 V
480 V
481 V
482 V
483 V
484 V
485 V
486 V
487 V
488 V
489 V
490 V
491 V
492 V
493 V
494 V
495 V
496 V
497 V
498 V
499 V
500 V
501 W
502 W
503 W
504 W
505 W
506 W
507 Y
508 Y
509 Y
510 Y
511 Y
512 Y
513 Y
514 Y
515 Y
516 Y
517 Y
518 Y
519 Y
520 Y
521 Y
522 Y
523 Y
# node ID1, node ID2, number of bounds
2 1 1
6 5 1
8 7 1
10 8 1
11 10 1
12 11 1
15 14 1
16 14 1
16 15 1
18 14 1
18 16 1
20 19 1
21 19 1
21 20 1
22 19 1
22 20 1
22 21 1
24 23 1
26 14 1
26 16 1
26 25 1
27 14 1
27 15 1
27 16 1
27 18 1
27 25 1
27 26 1
28 14 1
28 15 1
28 16 1
28 18 1
28 27 1
29 15 1
29 16 1
29 28 1
31 29 1
31 30 1
32 29 1
32 30 1
32 31 1
34 3 1
35 8 1
35 10 1
36 8 1
36 35 1
37 9 1
38 18 1
39 19 1
39 21 1
39 22 1
40 0 1
40 4 1
41 23 1
41 24 1
42 25 1
42 26 1
49 3 1
50 4 1
51 0 1
52 6 1
52 43 1
53 10 1
53 11 1
54 13 1
55 14 1
55 15 1
55 16 1
55 26 1
55 27 1
55 28 1
56 17 1
57 15 1
57 19 1
57 20 1
57 21 1
58 14 1
58 26 1
58 27 1
58 55 1
59 40 1
60 44 1
61 60 1
63 62 1
64 44 1
68 67 1
70 48 1
70 69 1
71 34 1
74 4 1
74 50 1
75 0 1
75 51 1
75 66 1
77 11 1
77 53 1
78 11 1
78 12 1
78 53 1
78 54 1
78 77 1
79 15 1
79 55 1
80 18 1
80 19 1
80 20 1
80 22 1
80 38 1
82 19 1
82 21 1
82 57 1
83 19 1
83 20 1
83 21 1
83 22 1
83 39 1
83 82 1
84 40 1
84 59 1
85 61 1
86 64 1
87 44 1
87 60 1
87 64 1
88 0 1
88 47 1
88 51 1
88 66 1
88 75 1
89 0 1
89 51 1
89 66 1
89 75 1
89 88 1
90 68 1
91 45 1
91 90 1
92 1 1
93 1 1
93 92 1
94 1 1
94 2 1
94 92 1
94 93 1
95 1 1
95 47 1
95 92 1
95 93 1
95 94 1
96 48 1
96 69 1
96 70 1
97 34 1
97 71 1
98 3 1
98 49 1
99 5 1
99 9 1
99 37 1
100 8 1
100 10 1
100 11 1
100 35 1
101 8 1
101 77 1
102 17 1
103 17 1
103 25 1
103 26 1
103 56 1
104 38 1
104 56 1
104 80 1
105 17 1
105 56 1
105 104 1
106 14 1
106 26 1
106 58 1
106 62 1
106 103 1
107 81 1
108 62 1
108 63 1
108 82 1
108 106 1
109 0 1
109 4 1
109 40 1
109 51 1
109 59 1
109 84 1
110 44 1
110 60 1
110 61 1
110 62 1
110 85 1
110 87 1
111 41 1
111 60 1
111 61 1
111 85 1
111 87 1
111 110 1
112 44 1
112 62 1
112 63 1
112 64 1
112 86 1
113 15 1
113 16 1
113 27 1
113 28 1
113 29 1
114 18 1
114 27 1
114 28 1
114 29 1
114 33 1
114 38 1
114 54 1
114 113 1
115 44 1
115 60 1
115 64 1
115 86 1
115 87 1
115 111 1
116 64 1
116 115 1
117 45 1
117 90 1
117 91 1
118 46 1
119 92 1
120 1 1
120 47 1
120 92 1
120 93 1
120 94 1
120 95 1
121 72 1
122 51 1
122 60 1
122 115 1
122 116 1
123 5 1
123 9 1
123 99 1
124 23 1
124 24 1
124 42 1
125 9 1
125 37 1
125 76 1
125 99 1
125 123 1
126 9 1
126 37 1
126 76 1
126 99 1
126 123 1
126 125 1
127 10 1
127 11 1
127 53 1
127 78 1
127 100 1
128 100 1
129 12 1
129 13 1
129 54 1
129 77 1
129 78 1
129 101 1
130 13 1
130 54 1
130 129 1
131 125 1
132 76 1
132 99 1
132 125 1
132 131 1
134 14 1
134 16 1
134 18 1
134 25 1
134 26 1
134 27 1
134 55 1
134 58 1
134 103 1
134 106 1
135 14 1
135 18 1
135 26 1
135 27 1
135 38 1
135 56 1
135 80 1
135 103 1
135 104 1
135 106 1
135 134 1
136 14 1
136 26 1
136 55 1
136 58 1
136 79 1
136 81 1
137 62 1
137 63 1
137 108 1
138 24 1
138 84 1
139 4 1
139 40 1
139 50 1
139 84 1
139 109 1
139 138 1
140 23 1
140 24 1
140 41 1
140 42 1
140 116 1
140 122 1
140 124 1
141 4 1
141 23 1
141 24 1
141 41 1
141 124 1
141 138 1
141 139 1
142 4 1
142 50 1
142 139 1
142 141 1
143 90 1
144 68 1
144 90 1
144 91 1
144 143 1
145 1 1
145 47 1
145 92 1
145 93 1
145 95 1
145 119 1
145 120 1
146 3 1
146 34 1
147 49 1
147 98 1
148 72 1
148 97 1
148 121 1
149 5 1
149 9 1
149 99 1
149 123 1
149 125 1
149 126 1
149 132 1
150 77 1
150 101 1
151 15 1
151 28 1
151 55 1
151 79 1
152 17 1
152 56 1
152 102 1
153 79 1
153 151 1
154 21 1
154 82 1
154 107 1
155 19 1
155 21 1
155 82 1
155 154 1
156 47 1
156 136 1
157 47 1
157 88 1
157 145 1
157 156 1
158 60 1
158 61 1
158 85 1
158 110 1
158 111 1
159 23 1
159 24 1
159 41 1
159 42 1
159 124 1
159 140 1
159 141 1
160 41 1
160 60 1
160 61 1
160 111 1
160 156 1
161 61 1
161 81 1
161 85 1
161 107 1
161 108 1
161 110 1
161 111 1
161 158 1
161 160 1
162 25 1
162 42 1
162 43 1
162 124 1
162 159 1
163 14 1
163 15 1
163 16 1
163 25 1
163 26 1
163 27 1
163 28 1
163 29 1
163 55 1
163 58 1
163 113 1
163 114 1
163 134 1
164 12 1
164 29 1
164 32 1
164 54 1
164 65 1
164 78 1
164 113 1
165 30 1
165 31 1
166 54 1
166 129 1
166 130 1
167 40 1
167 59 1
167 84 1
167 116 1
167 122 1
168 67 1
168 68 1
169 45 1
169 90 1
169 91 1
169 117 1
169 144 1
170 46 1
170 91 1
170 118 1
170 169 1
171 68 1
172 46 1
172 67 1
172 168 1
172 170 1
173 0 1
173 47 1
173 88 1
173 89 1
173 95 1
173 145 1
173 157 1
174 69 1
174 70 1
174 96 1
175 47 1
175 50 1
175 74 1
175 75 1
175 95 1
175 173 1
176 5 1
176 6 1
176 133 1
176 162 1
177 5 1
177 6 1
177 123 1
177 176 1
178 9 1
178 76 1
178 99 1
178 125 1
178 126 1
178 131 1
178 132 1
178 149 1
179 76 1
179 125 1
179 178 1
180 7 1
180 8 1
180 35 1
180 36 1
180 100 1
181 8 1
181 35 1
181 36 1
181 100 1
181 128 1
181 180 1
182 13 1
182 33 1
182 37 1
182 131 1
182 132 1
182 178 1
183 17 1
183 99 1
183 123 1
183 149 1
183 152 1
183 162 1
183 176 1
183 177 1
184 17 1
184 56 1
184 102 1
184 103 1
184 104 1
184 105 1
184 106 1
184 135 1
185 15 1
185 16 1
185 28 1
185 29 1
185 55 1
185 79 1
185 113 1
185 151 1
185 153 1
185 163 1
186 15 1
186 55 1
186 57 1
186 79 1
186 82 1
186 154 1
186 155 1
187 14 1
187 15 1
187 16 1
187 19 1
187 21 1
187 55 1
187 57 1
187 79 1
187 82 1
187 155 1
187 185 1
187 186 1
188 80 1
188 104 1
188 105 1
189 62 1
189 63 1
189 103 1
189 106 1
189 108 1
189 135 1
189 137 1
189 184 1
190 62 1
190 103 1
190 106 1
190 108 1
190 134 1
190 135 1
190 137 1
190 184 1
190 189 1
191 19 1
191 20 1
191 21 1
191 22 1
191 39 1
191 82 1
191 83 1
191 106 1
191 155 1
191 189 1
192 21 1
192 22 1
192 39 1
192 83 1
192 191 1
193 62 1
193 63 1
193 106 1
193 108 1
193 137 1
193 189 1
193 190 1
193 191 1
194 58 1
194 61 1
194 62 1
194 106 1
194 108 1
194 110 1
194 134 1
194 160 1
194 161 1
194 190 1
194 193 1
195 4 1
195 23 1
195 24 1
195 40 1
195 41 1
195 84 1
195 109 1
195 138 1
195 139 1
195 140 1
195 141 1
195 159 1
195 167 1
196 0 1
196 51 1
196 60 1
196 66 1
196 88 1
196 89 1
196 111 1
196 158 1
197 24 1
197 138 1
197 139 1
197 141 1
197 142 1
197 159 1
198 42 1
198 64 1
198 86 1
198 115 1
198 116 1
198 140 1
199 25 1
199 26 1
199 41 1
199 42 1
199 58 1
199 159 1
199 160 1
199 162 1
200 40 1
200 51 1
200 59 1
200 84 1
200 109 1
200 122 1
200 167 1
200 195 1
201 45 1
201 90 1
201 91 1
201 117 1
201 143 1
201 144 1
201 169 1
202 46 1
202 67 1
202 118 1
202 170 1
202 172 1
203 46 1
203 67 1
203 118 1
203 170 1
203 172 1
203 202 1
204 48 1
204 69 1
204 70 1
204 96 1
204 174 1
205 69 1
205 70 1
206 3 1
206 49 1
206 98 1
206 147 1
207 49 1
207 98 1
207 147 1
207 206 1
208 72 1
208 121 1
208 148 1
209 5 1
209 6 1
209 9 1
209 52 1
209 99 1
209 123 1
209 126 1
209 149 1
209 177 1
210 128 1
211 12 1
211 13 1
211 29 1
211 36 1
211 54 1
211 78 1
211 114 1
211 129 1
211 130 1
211 164 1
212 33 1
212 37 1
212 43 1
212 114 1
212 132 1
212 182 1
213 13 1
213 33 1
213 37 1
213 114 1
213 131 1
213 132 1
213 178 1
213 182 1
213 212 1
214 104 1
214 105 1
214 188 1
215 104 1
215 105 1
215 184 1
215 188 1
215 214 1
216 19 1
216 22 1
216 39 1
216 83 1
216 192 1
217 41 1
217 58 1
217 136 1
217 156 1
217 157 1
217 160 1
217 199 1
218 40 1
218 59 1
218 84 1
218 109 1
218 139 1
219 4 1
219 138 1
219 139 1
219 141 1
219 142 1
219 197 1
220 51 1
220 60 1
220 122 1
220 158 1
220 196 1
221 30 1
221 32 1
221 65 1
221 164 1
222 30 1
222 31 1
222 32 1
222 164 1
222 165 1
223 0 1
223 40 1
223 51 1
223 59 1
223 84 1
223 109 1
223 122 1
223 167 1
223 195 1
223 200 1
224 67 1
224 68 1
224 90 1
224 168 1
224 172 1
224 202 1
225 143 1
225 171 1
227 60 1
227 85 1
227 158 1
227 196 1
227 220 1
228 47 1
228 66 1
228 88 1
228 89 1
228 173 1
229 48 1
229 96 1
229 204 1
230 3 1
230 49 1
230 98 1
230 147 1
230 206 1
230 207 1
231 3 1
231 73 1
231 98 1
231 206 1
231 207 1
231 230 1
232 23 1
232 41 1
232 64 1
232 116 1
232 122 1
232 140 1
232 198 1
233 5 1
233 6 1
233 99 1
233 123 1
233 149 1
233 176 1
233 177 1
233 183 1
233 209 1
234 37 1
235 7 1
235 77 1
235 101 1
235 150 1
236 7 1
236 13 1
236 179 1
236 180 1
236 182 1
236 213 1
237 8 1
237 35 1
237 36 1
237 100 1
237 128 1
237 181 1
237 210 1
238 13 1
238 54 1
238 77 1
238 101 1
238 129 1
238 130 1
238 166 1
238 211 1
239 37 1
239 234 1
240 36 1
240 37 1
240 43 1
240 182 1
240 212 1
240 234 1
240 239 1
241 9 1
241 33 1
241 37 1
241 43 1
241 99 1
241 125 1
241 132 1
241 182 1
241 212 1
241 213 1
241 239 1
241 240 1
242 13 1
242 76 1
242 125 1
242 131 1
242 132 1
242 178 1
242 179 1
242 182 1
242 212 1
242 213 1
242 236 1
243 6 1
243 133 1
243 152 1
243 162 1
243 176 1
243 177 1
243 183 1
243 233 1
244 6 1
244 133 1
244 152 1
244 176 1
244 177 1
244 183 1
244 233 1
244 243 1
245 14 1
245 18 1
245 25 1
245 26 1
245 27 1
245 38 1
245 103 1
245 106 1
245 108 1
245 134 1
245 135 1
245 184 1
245 189 1
245 190 1
246 14 1
246 15 1
246 16 1
246 19 1
246 20 1
246 21 1
246 22 1
246 57 1
246 80 1
246 82 1
246 83 1
246 155 1
246 186 1
246 187 1
246 191 1
247 18 1
247 19 1
247 20 1
247 22 1
247 38 1
247 80 1
247 104 1
247 135 1
247 184 1
247 188 1
247 214 1
247 245 1
248 22 1
248 39 1
248 80 1
248 104 1
248 105 1
248 135 1
248 184 1
248 188 1
248 189 1
248 214 1
248 215 1
248 247 1
249 21 1
249 82 1
249 107 1
249 108 1
249 154 1
249 155 1
249 186 1
249 194 1
250 19 1
250 21 1
250 82 1
250 83 1
250 106 1
250 108 1
250 154 1
250 155 1
250 191 1
250 193 1
250 246 1
250 249 1
251 19 1
251 21 1
251 22 1
251 39 1
251 82 1
251 83 1
251 154 1
251 155 1
251 191 1
251 246 1
251 249 1
251 250 1
252 22 1
252 39 1
252 83 1
252 188 1
252 192 1
252 216 1
252 248 1
253 0 1
253 4 1
253 40 1
253 41 1
253 51 1
253 88 1
253 109 1
253 122 1
253 195 1
253 200 1
253 223 1
254 23 1
254 41 1
254 60 1
254 61 1
254 111 1
254 122 1
254 140 1
254 159 1
254 160 1
254 198 1
254 199 1
254 217 1
254 232 1
255 61 1
255 62 1
255 85 1
255 107 1
255 108 1
255 110 1
255 154 1
255 161 1
255 194 1
255 249 1
255 250 1
256 64 1
256 86 1
256 112 1
256 115 1
256 198 1
257 42 1
257 64 1
257 86 1
257 102 1
257 198 1
257 256 1
258 25 1
258 26 1
258 42 1
258 103 1
258 162 1
258 198 1
258 199 1
258 243 1
258 257 1
259 16 1
259 26 1
259 27 1
259 28 1
259 29 1
259 33 1
259 55 1
259 113 1
259 114 1
259 163 1
260 12 1
260 29 1
260 30 1
260 31 1
260 32 1
260 65 1
260 113 1
260 164 1
260 221 1
260 222 1
261 29 1
261 30 1
261 31 1
261 32 1
261 164 1
261 165 1
261 221 1
261 222 1
261 260 1
262 18 1
262 38 1
262 54 1
262 130 1
262 166 1
263 66 1
263 88 1
263 89 1
263 228 1
264 68 1
264 90 1
264 91 1
264 143 1
264 144 1
264 201 1
264 224 1
265 228 1
266 66 1
266 88 1
266 89 1
266 196 1
266 227 1
266 228 1
266 263 1
267 66 1
267 88 1
267 89 1
267 173 1
267 196 1
267 227 1
267 228 1
267 263 1
267 266 1
268 0 1
268 51 1
268 66 1
268 75 1
268 88 1
268 89 1
268 109 1
268 173 1
268 175 1
268 223 1
268 228 1
269 9 1
269 37 1
269 76 1
269 99 1
269 125 1
269 126 1
269 132 1
269 178 1
269 179 1
269 182 1
269 241 1
270 8 1
270 10 1
270 53 1
270 77 1
270 101 1
270 150 1
270 235 1
271 13 1
271 54 1
271 101 1
271 129 1
271 130 1
271 166 1
271 211 1
271 213 1
271 235 1
271 236 1
271 238 1
272 35 1
272 36 1
272 100 1
272 128 1
272 181 1
272 237 1
273 17 1
273 38 1
273 56 1
273 103 1
273 104 1
273 135 1
273 152 1
273 184 1
273 214 1
273 247 1
273 248 1
274 15 1
274 16 1
274 18 1
274 19 1
274 20 1
274 21 1
274 22 1
274 57 1
274 80 1
274 135 1
274 187 1
274 191 1
274 246 1
274 247 1
274 248 1
275 13 1
275 18 1
275 33 1
275 38 1
275 114 1
275 131 1
275 212 1
275 213 1
275 242 1
275 262 1
276 0 1
276 47 1
276 51 1
276 66 1
276 75 1
276 88 1
276 89 1
276 109 1
276 157 1
276 173 1
276 175 1
276 196 1
276 228 1
276 253 1
276 267 1
276 268 1
277 0 1
277 47 1
277 66 1
277 88 1
277 89 1
277 95 1
277 145 1
277 157 1
277 173 1
277 228 1
277 266 1
277 267 1
277 268 1
277 276 1
278 5 1
278 9 1
278 52 1
278 209 1
279 181 1
279 237 1
279 239 1
279 272 1
280 37 1
280 43 1
280 182 1
280 212 1
280 239 1
280 240 1
280 241 1
281 9 1
281 33 1
281 37 1
281 76 1
281 99 1
281 125 1
281 126 1
281 131 1
281 132 1
281 178 1
281 179 1
281 182 1
281 212 1
281 213 1
281 240 1
281 241 1
281 242 1
281 269 1
282 9 1
282 37 1
282 43 1
282 99 1
282 123 1
282 125 1
282 126 1
282 131 1
282 132 1
282 149 1
282 178 1
282 182 1
282 183 1
282 212 1
282 233 1
282 241 1
282 269 1
282 281 1
283 6 1
283 99 1
283 123 1
283 125 1
283 132 1
283 149 1
283 152 1
283 162 1
283 176 1
283 177 1
283 183 1
283 209 1
283 233 1
283 241 1
283 243 1
283 244 1
283 282 1
284 17 1
284 25 1
284 56 1
284 103 1
284 132 1
284 135 1
284 152 1
284 183 1
284 243 1
284 258 1
284 273 1
284 282 1
284 283 1
285 4 1
285 23 1
285 24 1
285 40 1
285 84 1
285 109 1
285 138 1
285 139 1
285 141 1
285 142 1
285 195 1
285 197 1
285 218 1
285 219 1
285 253 1
286 62 1
286 63 1
286 112 1
286 137 1
286 189 1
286 190 1
286 193 1
287 62 1
287 85 1
287 107 1
287 108 1
287 110 1
287 161 1
287 249 1
287 255 1
288 62 1
288 63 1
288 85 1
288 110 1
288 255 1
288 287 1
289 44 1
289 61 1
289 62 1
289 85 1
289 110 1
289 158 1
289 255 1
289 287 1
289 288 1
290 44 1
290 64 1
290 85 1
290 87 1
290 110 1
290 112 1
290 115 1
290 288 1
290 289 1
291 168 1
291 171 1
292 91 1
292 117 1
292 118 1
292 169 1
292 170 1
293 143 1
293 171 1
293 225 1
294 85 1
294 226 1
294 289 1
295 92 1
295 93 1
295 95 1
295 119 1
295 120 1
295 145 1
296 66 1
296 158 1
296 196 1
296 227 1
296 228 1
296 263 1
296 266 1
296 267 1
297 205 1
298 3 1
298 146 1
298 205 1
298 297 1
299 34 1
299 71 1
299 97 1
299 148 1
300 4 1
300 40 1
300 50 1
300 74 1
300 109 1
300 139 1
300 142 1
300 175 1
300 218 1
300 285 1
301 23 1
301 42 1
301 124 1
301 140 1
301 162 1
301 176 1
301 198 1
301 232 1
302 6 1
302 42 1
302 133 1
302 162 1
302 176 1
302 198 1
302 232 1
302 233 1
302 243 1
302 244 1
302 257 1
302 258 1
302 301 1
303 6 1
303 23 1
303 52 1
303 124 1
303 162 1
303 176 1
303 177 1
303 301 1
303 302 1
304 9 1
304 76 1
304 125 1
304 126 1
304 178 1
304 179 1
304 234 1
304 269 1
305 53 1
305 77 1
305 101 1
305 150 1
305 235 1
305 270 1
306 11 1
306 12 1
306 78 1
306 127 1
306 128 1
306 210 1
306 237 1
307 234 1
307 239 1
307 240 1
307 280 1
308 17 1
308 102 1
308 133 1
308 152 1
308 176 1
308 183 1
308 233 1
308 243 1
308 244 1
308 302 1
309 64 1
309 86 1
309 102 1
309 133 1
309 198 1
309 256 1
309 257 1
309 308 1
310 86 1
310 102 1
310 133 1
310 257 1
310 309 1
311 17 1
311 56 1
311 102 1
311 105 1
311 184 1
311 189 1
311 215 1
312 151 1
312 153 1
312 185 1
313 15 1
313 151 1
313 153 1
313 165 1
313 185 1
313 260 1
313 261 1
313 312 1
314 17 1
314 25 1
314 56 1
314 102 1
314 103 1
314 135 1
314 152 1
314 183 1
314 184 1
314 243 1
314 258 1
314 273 1
314 283 1
314 284 1
314 308 1
315 39 1
315 103 1
315 104 1
315 105 1
315 137 1
315 184 1
315 189 1
315 190 1
315 215 1
315 248 1
315 311 1
316 39 1
316 63 1
316 137 1
316 189 1
316 191 1
316 192 1
316 193 1
316 215 1
316 286 1
316 315 1
317 23 1
317 24 1
317 40 1
317 41 1
317 84 1
317 109 1
317 124 1
317 138 1
317 139 1
317 140 1
317 141 1
317 159 1
317 167 1
317 195 1
317 232 1
317 285 1
318 61 1
318 85 1
318 110 1
318 158 1
318 196 1
318 220 1
318 227 1
318 289 1
318 294 1
318 296 1
319 23 1
319 41 1
319 111 1
319 140 1
319 141 1
319 156 1
319 157 1
319 159 1
319 160 1
319 195 1
319 199 1
319 217 1
319 253 1
319 254 1
320 25 1
320 26 1
320 42 1
320 58 1
320 103 1
320 134 1
320 162 1
320 199 1
320 257 1
320 258 1
321 14 1
321 18 1
321 25 1
321 26 1
321 27 1
321 38 1
321 42 1
321 55 1
321 103 1
321 106 1
321 134 1
321 135 1
321 163 1
321 199 1
321 245 1
321 258 1
321 284 1
321 314 1
321 320 1
322 0 1
322 40 1
322 51 1
322 59 1
322 75 1
322 88 1
322 109 1
322 122 1
322 200 1
322 223 1
322 253 1
322 268 1
322 276 1
323 90 1
323 91 1
323 117 1
323 143 1
323 144 1
323 201 1
323 264 1
324 90 1
324 91 1
324 117 1
324 144 1
324 169 1
324 170 1
324 201 1
324 292 1
325 47 1
325 92 1
325 95 1
325 119 1
325 120 1
325 145 1
325 157 1
325 173 1
325 228 1
325 265 1
325 277 1
326 69 1
326 70 1
326 96 1
326 174 1
326 205 1
326 297 1
327 69 1
327 70 1
327 174 1
327 205 1
327 297 1
327 326 1
328 3 1
328 34 1
328 97 1
328 146 1
328 298 1
329 3 1
329 34 1
329 49 1
329 98 1
329 146 1
329 206 1
329 207 1
329 230 1
329 231 1
329 328 1
330 72 1
330 121 1
330 148 1
330 208 1
331 72 1
331 121 1
331 148 1
331 208 1
331 330 1
332 0 1
332 4 1
332 40 1
332 47 1
332 50 1
332 74 1
332 109 1
332 175 1
332 253 1
332 268 1
332 276 1
332 300 1
332 322 1
333 23 1
333 116 1
333 124 1
333 140 1
333 198 1
333 232 1
333 301 1
333 302 1
333 303 1
334 23 1
334 24 1
334 124 1
334 140 1
334 141 1
334 159 1
334 195 1
334 301 1
334 303 1
334 317 1
334 333 1
335 5 1
335 9 1
335 99 1
335 123 1
335 125 1
335 126 1
335 149 1
335 209 1
335 233 1
335 269 1
335 278 1
335 282 1
335 283 1
336 7 1
336 13 1
336 76 1
336 178 1
336 179 1
336 213 1
336 236 1
336 242 1
336 271 1
337 13 1
337 33 1
337 36 1
337 37 1
337 129 1
337 180 1
337 181 1
337 182 1
337 211 1
337 212 1
337 213 1
337 236 1
337 240 1
338 36 1
338 128 1
338 181 1
338 210 1
338 237 1
338 272 1
338 279 1
339 52 1
339 239 1
339 240 1
339 280 1
339 307 1
340 102 1
340 133 1
340 243 1
340 244 1
340 308 1
340 309 1
340 310 1
341 17 1
341 102 1
341 309 1
341 310 1
341 311 1
342 17 1
342 102 1
342 105 1
342 184 1
342 215 1
342 310 1
342 311 1
342 315 1
342 341 1
343 15 1
343 31 1
343 57 1
343 79 1
343 151 1
343 153 1
343 165 1
343 185 1
343 186 1
343 187 1
343 261 1
343 313 1
344 79 1
344 151 1
344 153 1
344 165 1
344 185 1
344 186 1
344 187 1
344 313 1
344 343 1
345 15 1
345 79 1
345 151 1
345 153 1
345 185 1
345 186 1
345 187 1
345 313 1
345 343 1
345 344 1
346 15 1
346 19 1
346 20 1
346 21 1
346 57 1
346 79 1
346 82 1
346 155 1
346 186 1
346 187 1
346 246 1
346 274 1
346 343 1
346 344 1
346 345 1
347 38 1
347 80 1
347 104 1
347 135 1
347 188 1
347 214 1
347 247 1
347 248 1
347 262 1
347 273 1
348 79 1
348 81 1
348 107 1
348 186 1
348 249 1
349 81 1
349 82 1
349 107 1
349 154 1
349 155 1
349 249 1
349 255 1
349 287 1
349 348 1
350 79 1
350 82 1
350 107 1
350 154 1
350 155 1
350 186 1
350 249 1
350 348 1
350 349 1
351 22 1
351 39 1
351 83 1
351 137 1
351 189 1
351 192 1
351 193 1
351 315 1
351 316 1
352 58 1
352 81 1
352 136 1
352 156 1
352 160 1
352 161 1
352 194 1
352 199 1
352 217 1
352 319 1
353 4 1
353 24 1
353 138 1
353 139 1
353 141 1
353 142 1
353 197 1
353 219 1
353 285 1
354 60 1
354 61 1
354 64 1
354 86 1
354 111 1
354 112 1
354 115 1
354 140 1
354 198 1
354 232 1
354 254 1
354 256 1
354 257 1
354 258 1
355 25 1
355 42 1
355 133 1
355 140 1
355 162 1
355 176 1
355 198 1
355 232 1
355 243 1
355 256 1
355 257 1
355 258 1
355 301 1
355 302 1
355 309 1
355 320 1
355 333 1
355 354 1
356 30 1
356 31 1
356 32 1
356 165 1
356 222 1
356 261 1
357 29 1
357 31 1
357 32 1
357 54 1
357 164 1
357 166 1
357 222 1
357 261 1
357 262 1
358 44 1
358 60 1
358 61 1
358 85 1
358 87 1
358 110 1
358 111 1
358 112 1
358 158 1
358 287 1
358 288 1
358 289 1
358 290 1
358 318 1
359 116 1
359 122 1
359 167 1
359 232 1
359 333 1
360 46 1
360 118 1
360 170 1
360 202 1
360 203 1
360 292 1
361 226 1
361 294 1
362 92 1
362 265 1
362 295 1
362 325 1
363 92 1
363 95 1
363 119 1
363 145 1
363 295 1
363 325 1
363 362 1
364 66 1
364 88 1
364 158 1
364 196 1
364 228 1
364 263 1
364 266 1
364 267 1
364 277 1
364 296 1
364 325 1
366 49 1
366 98 1
366 147 1
366 206 1
366 207 1
366 230 1
366 329 1
367 4 1
367 47 1
367 50 1
367 74 1
367 109 1
367 142 1
367 175 1
367 300 1
367 332 1
368 60 1
368 115 1
368 116 1
368 122 1
368 140 1
368 167 1
368 200 1
368 223 1
368 232 1
368 254 1
368 333 1
368 359 1
369 6 1
369 9 1
369 52 1
369 209 1
369 278 1
369 307 1
369 335 1
369 339 1
370 9 1
370 37 1
370 234 1
370 239 1
370 269 1
370 304 1
371 9 1
371 37 1
371 76 1
371 125 1
371 126 1
371 234 1
371 269 1
371 304 1
371 335 1
371 370 1
372 77 1
372 101 1
372 129 1
372 150 1
372 235 1
372 238 1
372 270 1
372 271 1
372 305 1
373 12 1
373 29 1
373 32 1
373 54 1
373 77 1
373 78 1
373 129 1
373 130 1
373 164 1
373 166 1
373 211 1
373 238 1
373 260 1
373 357 1
374 86 1
374 102 1
374 133 1
374 152 1
374 198 1
374 243 1
374 244 1
374 257 1
374 302 1
374 308 1
374 309 1
374 310 1
374 340 1
374 341 1
374 355 1
375 17 1
375 38 1
375 56 1
375 131 1
375 132 1
375 135 1
375 152 1
375 273 1
375 275 1
375 282 1
375 284 1
375 314 1
375 321 1
376 15 1
376 16 1
376 28 1
376 29 1
376 31 1
376 32 1
376 57 1
376 185 1
376 187 1
376 222 1
376 246 1
376 261 1
376 274 1
376 313 1
376 343 1
376 346 1
376 357 1
377 79 1
377 151 1
377 153 1
377 185 1
377 186 1
377 312 1
377 313 1
377 343 1
377 344 1
377 345 1
378 19 1
378 20 1
378 21 1
378 22 1
378 39 1
378 80 1
378 83 1
378 104 1
378 188 1
378 191 1
378 192 1
378 216 1
378 246 1
378 247 1
378 248 1
378 252 1
378 274 1
378 347 1
379 56 1
379 104 1
379 105 1
379 188 1
379 214 1
379 215 1
379 311 1
379 315 1
379 347 1
380 63 1
380 102 1
380 103 1
380 106 1
380 137 1
380 184 1
380 189 1
380 190 1
380 193 1
380 215 1
380 286 1
380 311 1
380 315 1
380 316 1
380 342 1
380 351 1
381 14 1
381 26 1
381 27 1
381 55 1
381 58 1
381 82 1
381 106 1
381 108 1
381 134 1
381 136 1
381 161 1
381 190 1
381 194 1
381 245 1
381 249 1
381 321 1
381 352 1
382 19 1
382 21 1
382 22 1
382 39 1
382 82 1
382 83 1
382 137 1
382 191 1
382 192 1
382 193 1
382 216 1
382 250 1
382 251 1
382 252 1
382 316 1
382 351 1
382 378 1
383 58 1
383 136 1
383 156 1
383 157 1
383 160 1
383 217 1
383 319 1
383 352 1
384 0 1
384 4 1
384 47 1
384 88 1
384 109 1
384 156 1
384 157 1
384 173 1
384 223 1
384 253 1
384 276 1
384 277 1
384 319 1
384 322 1
384 332 1
384 367 1
385 4 1
385 40 1
385 59 1
385 84 1
385 109 1
385 138 1
385 139 1
385 195 1
385 218 1
385 219 1
385 285 1
385 300 1
385 317 1
386 41 1
386 141 1
386 142 1
386 156 1
386 157 1
386 159 1
386 160 1
386 217 1
386 253 1
386 254 1
386 319 1
386 352 1
386 383 1
386 384 1
387 62 1
387 63 1
387 112 1
387 137 1
387 193 1
387 256 1
387 286 1
387 288 1
387 290 1
388 25 1
388 33 1
388 37 1
388 43 1
388 182 1
388 212 1
388 240 1
388 241 1
388 280 1
388 282 1
389 24 1
389 42 1
389 43 1
389 52 1
389 124 1
389 159 1
389 162 1
389 303 1
389 334 1
389 388 1
390 12 1
390 27 1
390 28 1
390 29 1
390 33 1
390 54 1
390 113 1
390 114 1
390 163 1
390 164 1
390 211 1
390 259 1
390 260 1
390 373 1
391 12 1
391 28 1
391 29 1
391 32 1
391 65 1
391 113 1
391 151 1
391 164 1
391 185 1
391 221 1
391 259 1
391 260 1
391 312 1
391 313 1
391 390 1
392 18 1
392 38 1
392 131 1
392 166 1
392 247 1
392 262 1
392 273 1
392 275 1
392 347 1
392 375 1
393 64 1
393 86 1
393 87 1
393 115 1
393 116 1
393 198 1
393 232 1
393 333 1
393 354 1
393 359 1
393 368 1
394 67 1
394 68 1
394 168 1
394 172 1
394 202 1
394 203 1
394 224 1
396 1 1
396 47 1
396 92 1
396 93 1
396 95 1
396 119 1
396 120 1
396 145 1
396 173 1
396 295 1
396 325 1
396 362 1
396 363 1
397 66 1
397 85 1
397 158 1
397 196 1
397 220 1
397 227 1
397 266 1
397 267 1
397 296 1
397 318 1
397 364 1
398 1 1
398 47 1
398 92 1
398 93 1
398 94 1
398 95 1
398 120 1
398 145 1
398 173 1
398 175 1
398 396 1
399 48 1
399 69 1
399 70 1
399 96 1
399 174 1
399 204 1
399 326 1
401 4 1
401 50 1
401 138 1
401 139 1
401 141 1
401 142 1
401 197 1
401 219 1
401 285 1
401 300 1
401 332 1
401 353 1
401 367 1
402 47 1
402 50 1
402 74 1
402 75 1
402 173 1
402 175 1
402 268 1
402 276 1
402 332 1
402 367 1
403 6 1
403 133 1
403 162 1
403 176 1
403 177 1
403 183 1
403 233 1
403 243 1
403 244 1
403 301 1
403 302 1
403 303 1
403 308 1
403 333 1
403 340 1
403 355 1
403 374 1
404 9 1
404 37 1
404 76 1
404 99 1
404 125 1
404 126 1
404 178 1
404 179 1
404 182 1
404 234 1
404 239 1
404 240 1
404 241 1
404 269 1
404 281 1
404 304 1
404 335 1
404 370 1
404 371 1
405 10 1
405 11 1
405 53 1
405 77 1
405 78 1
405 100 1
405 101 1
405 127 1
405 270 1
405 305 1
406 9 1
406 37 1
406 43 1
406 52 1
406 182 1
406 212 1
406 234 1
406 239 1
406 240 1
406 241 1
406 280 1
406 307 1
406 339 1
406 369 1
406 404 1
407 15 1
407 28 1
407 79 1
407 151 1
407 153 1
407 185 1
407 187 1
407 312 1
407 313 1
407 343 1
407 344 1
407 345 1
407 376 1
407 377 1
407 391 1
408 17 1
408 18 1
408 25 1
408 38 1
408 56 1
408 103 1
408 104 1
408 134 1
408 135 1
408 152 1
408 184 1
408 190 1
408 245 1
408 247 1
408 248 1
408 273 1
408 284 1
408 314 1
408 321 1
408 347 1
408 375 1
409 56 1
409 104 1
409 105 1
409 188 1
409 214 1
409 248 1
409 273 1
409 347 1
409 375 1
409 379 1
409 392 1
409 408 1
410 58 1
410 79 1
410 81 1
410 107 1
410 136 1
410 156 1
410 348 1
410 352 1
410 383 1
411 4 1
411 50 1
411 138 1
411 139 1
411 141 1
411 142 1
411 195 1
411 197 1
411 219 1
411 285 1
411 300 1
411 353 1
411 367 1
411 385 1
411 401 1
412 23 1
412 24 1
412 41 1
412 42 1
412 124 1
412 140 1
412 141 1
412 159 1
412 162 1
412 199 1
412 232 1
412 254 1
412 258 1
412 301 1
412 317 1
412 319 1
412 320 1
412 334 1
412 355 1
412 386 1
412 389 1
413 4 1
413 23 1
413 24 1
413 41 1
413 109 1
413 139 1
413 141 1
413 142 1
413 159 1
413 195 1
413 197 1
413 253 1
413 285 1
413 317 1
413 319 1
413 353 1
413 384 1
413 386 1
413 401 1
413 411 1
413 412 1
414 41 1
414 111 1
414 156 1
414 159 1
414 160 1
414 161 1
414 199 1
414 217 1
414 254 1
414 319 1
414 320 1
414 352 1
414 383 1
414 386 1
414 412 1
414 413 1
415 44 1
415 64 1
415 86 1
415 87 1
415 110 1
415 112 1
415 115 1
415 256 1
415 286 1
415 290 1
415 354 1
415 358 1
415 387 1
416 44 1
416 60 1
416 61 1
416 64 1
416 86 1
416 87 1
416 110 1
416 111 1
416 112 1
416 115 1
416 198 1
416 256 1
416 257 1
416 290 1
416 354 1
416 358 1
416 387 1
416 393 1
416 415 1
417 23 1
417 24 1
417 25 1
417 41 1
417 42 1
417 43 1
417 124 1
417 140 1
417 159 1
417 162 1
417 199 1
417 258 1
417 301 1
417 303 1
417 320 1
417 334 1
417 355 1
417 389 1
417 412 1
418 23 1
418 24 1
418 25 1
418 41 1
418 42 1
418 141 1
418 159 1
418 162 1
418 199 1
418 217 1
418 254 1
418 319 1
418 320 1
418 386 1
418 389 1
418 412 1
418 413 1
418 414 1
418 417 1
419 44 1
419 64 1
419 87 1
419 115 1
419 116 1
419 232 1
419 359 1
419 368 1
419 393 1
419 416 1
420 116 1
420 122 1
420 167 1
420 200 1
420 223 1
420 232 1
420 359 1
420 368 1
420 393 1
420 419 1
421 45 1
421 90 1
421 91 1
421 117 1
421 144 1
421 169 1
421 201 1
421 323 1
421 324 1
422 68 1
422 143 1
422 144 1
422 171 1
422 225 1
422 264 1
422 293 1
423 92 1
423 93 1
423 119 1
423 120 1
423 295 1
423 396 1
424 1 1
424 92 1
424 93 1
424 94 1
424 95 1
424 120 1
424 295 1
424 423 1
425 1 1
425 2 1
425 93 1
425 94 1
425 120 1
425 398 1
426 3 1
426 34 1
426 71 1
426 97 1
426 146 1
426 148 1
426 298 1
426 299 1
426 328 1
426 329 1
427 3 1
427 34 1
427 71 1
427 97 1
427 98 1
427 146 1
427 206 1
427 299 1
427 328 1
427 329 1
427 426 1
428 2 1
428 400 1
429 0 1
429 51 1
429 66 1
429 75 1
429 88 1
429 89 1
429 196 1
429 220 1
429 223 1
429 267 1
429 268 1
429 276 1
429 322 1
430 0 1
430 51 1
430 60 1
430 122 1
430 167 1
430 200 1
430 220 1
430 223 1
430 322 1
430 368 1
430 420 1
431 6 1
431 52 1
431 124 1
431 176 1
431 177 1
431 233 1
431 301 1
431 302 1
431 303 1
431 334 1
431 403 1
432 9 1
432 76 1
432 99 1
432 123 1
432 125 1
432 126 1
432 131 1
432 132 1
432 149 1
432 178 1
432 183 1
432 269 1
432 281 1
432 282 1
432 283 1
432 335 1
433 11 1
433 12 1
433 78 1
433 100 1
433 127 1
433 128 1
433 210 1
433 237 1
433 306 1
434 32 1
434 54 1
434 129 1
434 130 1
434 164 1
434 166 1
434 211 1
434 222 1
434 238 1
434 262 1
434 271 1
434 357 1
434 373 1
435 7 1
435 8 1
435 13 1
435 36 1
435 54 1
435 129 1
435 130 1
435 180 1
435 182 1
435 211 1
435 213 1
435 236 1
435 242 1
435 271 1
435 336 1
435 337 1
436 234 1
436 239 1
436 279 1
436 307 1
436 339 1
436 406 1
437 37 1
437 234 1
437 239 1
437 240 1
437 279 1
437 280 1
437 307 1
437 339 1
437 406 1
437 436 1
438 15 1
438 16 1
438 27 1
438 28 1
438 29 1
438 55 1
438 58 1
438 79 1
438 113 1
438 136 1
438 151 1
438 163 1
438 185 1
438 312 1
438 313 1
438 345 1
438 377 1
438 391 1
438 407 1
439 14 1
439 15 1
439 16 1
439 18 1
439 20 1
439 27 1
439 28 1
439 38 1
439 80 1
439 135 1
439 246 1
439 247 1
439 262 1
439 274 1
439 357 1
439 376 1
439 392 1
440 17 1
440 56 1
440 104 1
440 105 1
440 214 1
440 215 1
440 273 1
440 311 1
440 315 1
440 347 1
440 379 1
440 409 1
441 105 1
441 137 1
441 184 1
441 189 1
441 193 1
441 215 1
441 286 1
441 311 1
441 315 1
441 316 1
441 342 1
441 351 1
441 380 1
442 62 1
442 63 1
442 103 1
442 106 1
442 108 1
442 112 1
442 137 1
442 189 1
442 190 1
442 193 1
442 194 1
442 250 1
442 255 1
442 256 1
442 286 1
442 316 1
442 380 1
442 387 1
443 0 1
443 47 1
443 88 1
443 156 1
443 157 1
443 160 1
443 173 1
443 196 1
443 217 1
443 253 1
443 276 1
443 277 1
443 319 1
443 383 1
443 384 1
443 386 1
443 413 1
443 414 1
444 0 1
444 40 1
444 51 1
444 59 1
444 84 1
444 109 1
444 167 1
444 195 1
444 200 1
444 218 1
444 223 1
444 253 1
444 300 1
444 322 1
444 385 1
444 430 1
445 23 1
445 41 1
445 116 1
445 122 1
445 140 1
445 159 1
445 167 1
445 195 1
445 223 1
445 232 1
445 253 1
445 254 1
445 317 1
445 319 1
445 333 1
445 359 1
445 368 1
445 412 1
445 420 1
445 430 1
446 23 1
446 41 1
446 60 1
446 111 1
446 115 1
446 116 1
446 122 1
446 140 1
446 160 1
446 167 1
446 198 1
446 232 1
446 254 1
446 317 1
446 319 1
446 354 1
446 368 1
446 393 1
446 412 1
446 414 1
446 420 1
446 430 1
446 445 1
447 60 1
447 61 1
447 87 1
447 111 1
447 115 1
447 122 1
447 158 1
447 196 1
447 220 1
447 227 1
447 318 1
447 397 1
447 430 1
447 446 1
448 60 1
448 61 1
448 85 1
448 110 1
448 111 1
448 158 1
448 160 1
448 161 1
448 196 1
448 220 1
448 227 1
448 296 1
448 318 1
448 364 1
448 397 1
448 447 1
449 61 1
449 85 1
449 110 1
449 158 1
449 226 1
449 227 1
449 287 1
449 288 1
449 289 1
449 290 1
449 294 1
449 318 1
449 358 1
449 361 1
449 397 1
449 448 1
450 4 1
450 50 1
450 109 1
450 139 1
450 141 1
450 142 1
450 195 1
450 197 1
450 253 1
450 285 1
450 300 1
450 319 1
450 332 1
450 353 1
450 367 1
450 384 1
450 386 1
450 401 1
450 411 1
450 413 1
451 25 1
451 42 1
451 64 1
451 86 1
451 162 1
451 198 1
451 199 1
451 254 1
451 256 1
451 257 1
451 258 1
451 320 1
451 354 1
451 355 1
451 412 1
452 25 1
452 42 1
452 43 1
452 152 1
452 162 1
452 176 1
452 183 1
452 243 1
452 258 1
452 282 1
452 283 1
452 284 1
452 314 1
452 320 1
452 321 1
452 355 1
452 375 1
452 388 1
452 389 1
452 417 1
453 6 1
453 43 1
453 52 1
453 124 1
453 162 1
453 176 1
453 241 1
453 280 1
453 282 1
453 283 1
453 303 1
453 388 1
453 389 1
453 406 1
453 417 1
453 452 1
454 13 1
454 18 1
454 38 1
454 54 1
454 114 1
454 129 1
454 130 1
454 166 1
454 213 1
454 238 1
454 262 1
454 271 1
454 275 1
454 357 1
454 392 1
454 434 1
455 13 1
455 18 1
455 33 1
455 38 1
455 54 1
455 114 1
455 130 1
455 131 1
455 213 1
455 242 1
455 262 1
455 275 1
455 375 1
455 392 1
455 454 1
456 68 1
456 90 1
456 143 1
456 144 1
456 171 1
456 224 1
456 225 1
456 264 1
456 293 1
456 422 1
457 265 1
457 362 1
458 92 1
458 93 1
458 95 1
458 119 1
458 120 1
458 145 1
458 295 1
458 363 1
458 396 1
458 423 1
458 425 1
459 88 1
459 89 1
459 173 1
459 228 1
459 263 1
459 265 1
459 266 1
459 267 1
459 277 1
459 296 1
459 325 1
459 362 1
459 364 1
459 397 1
459 457 1
460 1 1
460 47 1
460 92 1
460 93 1
460 94 1
460 95 1
460 120 1
460 145 1
460 157 1
460 173 1
460 175 1
460 276 1
460 325 1
460 332 1
460 367 1
460 396 1
460 398 1
460 402 1
461 3 1
461 34 1
461 97 1
461 98 1
461 146 1
461 206 1
461 231 1
461 298 1
461 328 1
461 329 1
461 426 1
461 427 1
462 3 1
462 49 1
462 98 1
462 147 1
462 206 1
462 207 1
462 230 1
462 231 1
462 329 1
463 0 1
463 51 1
463 60 1
463 88 1
463 109 1
463 122 1
463 167 1
463 196 1
463 200 1
463 220 1
463 223 1
463 253 1
463 268 1
463 322 1
463 429 1
463 430 1
463 444 1
463 447 1
464 23 1
464 41 1
464 116 1
464 122 1
464 140 1
464 167 1
464 195 1
464 232 1
464 254 1
464 301 1
464 317 1
464 333 1
464 359 1
464 368 1
464 393 1
464 412 1
464 420 1
464 445 1
464 446 1
465 6 1
465 23 1
465 24 1
465 52 1
465 124 1
465 301 1
465 303 1
465 317 1
465 333 1
465 334 1
465 389 1
465 417 1
465 431 1
466 6 1
466 23 1
466 24 1
466 43 1
466 52 1
466 124 1
466 159 1
466 162 1
466 301 1
466 303 1
466 334 1
466 389 1
466 417 1
466 431 1
466 453 1
466 465 1
467 7 1
467 76 1
467 179 1
467 236 1
467 336 1
468 8 1
468 10 1
468 11 1
468 53 1
468 77 1
468 78 1
468 100 1
468 101 1
468 127 1
468 129 1
468 150 1
468 211 1
468 270 1
468 305 1
468 372 1
468 373 1
468 405 1
469 7 1
469 8 1
469 13 1
469 36 1
469 101 1
469 129 1
469 180 1
469 181 1
469 235 1
469 236 1
469 271 1
469 336 1
469 337 1
469 435 1
469 467 1
470 7 1
470 8 1
470 13 1
470 35 1
470 36 1
470 180 1
470 181 1
470 182 1
470 236 1
470 237 1
470 337 1
470 435 1
470 469 1
471 7 1
471 8 1
471 35 1
471 36 1
471 100 1
471 180 1
471 181 1
471 236 1
471 237 1
471 272 1
471 337 1
471 338 1
471 435 1
471 469 1
471 470 1
472 11 1
472 12 1
472 53 1
472 78 1
472 100 1
472 127 1
472 128 1
472 210 1
472 211 1
472 237 1
472 306 1
472 373 1
472 405 1
472 433 1
472 468 1
472 471 1
473 11 1
473 12 1
473 36 1
473 54 1
473 77 1
473 78 1
473 101 1
473 129 1
473 164 1
473 211 1
473 271 1
473 306 1
473 337 1
473 373 1
473 405 1
473 434 1
473 435 1
473 468 1
473 471 1
473 472 1
474 12 1
474 54 1
474 77 1
474 78 1
474 101 1
474 129 1
474 130 1
474 164 1
474 166 1
474 211 1
474 238 1
474 271 1
474 305 1
474 372 1
474 373 1
474 434 1
474 435 1
474 468 1
474 473 1
475 32 1
475 54 1
475 77 1
475 129 1
475 130 1
475 166 1
475 211 1
475 238 1
475 271 1
475 357 1
475 372 1
475 373 1
475 434 1
475 454 1
475 474 1
476 35 1
476 36 1
476 128 1
476 181 1
476 237 1
476 240 1
476 272 1
476 279 1
476 337 1
476 338 1
476 435 1
476 470 1
476 471 1
477 181 1
477 234 1
477 237 1
477 239 1
477 272 1
477 279 1
477 338 1
477 436 1
477 476 1
478 33 1
478 37 1
478 114 1
478 125 1
478 131 1
478 132 1
478 178 1
478 182 1
478 212 1
478 213 1
478 241 1
478 242 1
478 275 1
478 281 1
478 282 1
478 284 1
478 375 1
478 388 1
478 432 1
478 455 1
479 99 1
479 123 1
479 125 1
479 131 1
479 132 1
479 149 1
479 152 1
479 178 1
479 183 1
479 213 1
479 241 1
479 242 1
479 281 1
479 282 1
479 283 1
479 284 1
479 375 1
479 432 1
479 478 1
480 86 1
480 102 1
480 112 1
480 256 1
480 257 1
480 286 1
480 309 1
480 310 1
480 311 1
480 341 1
480 342 1
480 374 1
480 380 1
480 441 1
481 17 1
481 56 1
481 102 1
481 103 1
481 104 1
481 105 1
481 137 1
481 184 1
481 189 1
481 190 1
481 215 1
481 245 1
481 273 1
481 311 1
481 314 1
481 315 1
481 316 1
481 341 1
481 342 1
481 380 1
481 408 1
481 441 1
481 480 1
482 14 1
482 15 1
482 16 1
482 27 1
482 28 1
482 55 1
482 58 1
482 79 1
482 113 1
482 136 1
482 151 1
482 163 1
482 185 1
482 186 1
482 187 1
482 343 1
482 345 1
482 376 1
482 377 1
482 381 1
482 407 1
482 438 1
483 14 1
483 15 1
483 16 1
483 18 1
483 26 1
483 27 1
483 28 1
483 38 1
483 55 1
483 106 1
483 134 1
483 135 1
483 163 1
483 187 1
483 245 1
483 246 1
483 247 1
483 274 1
483 321 1
483 376 1
483 381 1
483 439 1
483 482 1
484 14 1
484 16 1
484 18 1
484 25 1
484 26 1
484 27 1
484 38 1
484 55 1
484 103 1
484 106 1
484 134 1
484 135 1
484 163 1
484 184 1
484 245 1
484 247 1
484 273 1
484 274 1
484 275 1
484 321 1
484 375 1
484 408 1
484 439 1
484 483 1
485 14 1
485 15 1
485 16 1
485 18 1
485 27 1
485 28 1
485 29 1
485 31 1
485 55 1
485 57 1
485 185 1
485 246 1
485 274 1
485 343 1
485 357 1
485 376 1
485 390 1
485 439 1
485 482 1
485 483 1
485 484 1
486 15 1
486 16 1
486 28 1
486 29 1
486 31 1
486 32 1
486 57 1
486 153 1
486 165 1
486 185 1
486 187 1
486 222 1
486 260 1
486 261 1
486 313 1
486 343 1
486 344 1
486 346 1
486 356 1
486 376 1
486 391 1
486 407 1
486 438 1
486 482 1
486 485 1
487 18 1
487 19 1
487 20 1
487 21 1
487 22 1
487 39 1
487 57 1
487 80 1
487 83 1
487 135 1
487 188 1
487 191 1
487 245 1
487 246 1
487 247 1
487 248 1
487 274 1
487 347 1
487 378 1
487 382 1
487 439 1
487 483 1
487 484 1
488 55 1
488 58 1
488 79 1
488 81 1
488 107 1
488 136 1
488 186 1
488 249 1
488 348 1
488 352 1
488 381 1
488 383 1
488 410 1
488 482 1
489 79 1
489 82 1
489 107 1
489 154 1
489 155 1
489 186 1
489 187 1
489 249 1
489 250 1
489 251 1
489 255 1
489 348 1
489 349 1
489 350 1
489 381 1
489 410 1
489 488 1
490 14 1
490 58 1
490 61 1
490 81 1
490 106 1
490 107 1
490 108 1
490 136 1
490 160 1
490 161 1
490 194 1
490 217 1
490 249 1
490 255 1
490 352 1
490 381 1
490 410 1
490 488 1
490 489 1
491 14 1
491 26 1
491 55 1
491 58 1
491 108 1
491 134 1
491 136 1
491 160 1
491 161 1
491 194 1
491 199 1
491 217 1
491 320 1
491 352 1
491 381 1
491 383 1
491 410 1
491 414 1
491 488 1
491 490 1
492 4 1
492 23 1
492 24 1
492 40 1
492 84 1
492 138 1
492 139 1
492 141 1
492 195 1
492 197 1
492 218 1
492 219 1
492 285 1
492 317 1
492 334 1
492 385 1
492 411 1
493 41 1
493 60 1
493 61 1
493 87 1
493 111 1
493 115 1
493 122 1
493 140 1
493 160 1
493 167 1
493 196 1
493 220 1
493 223 1
493 253 1
493 254 1
493 319 1
493 368 1
493 430 1
493 445 1
493 446 1
493 447 1
493 448 1
493 463 1
493 464 1
494 61 1
494 62 1
494 85 1
494 106 1
494 108 1
494 110 1
494 111 1
494 161 1
494 194 1
494 255 1
494 256 1
494 287 1
494 288 1
494 289 1
494 358 1
494 381 1
494 442 1
494 490 1
494 491 1
495 25 1
495 33 1
495 43 1
495 162 1
495 183 1
495 212 1
495 241 1
495 280 1
495 281 1
495 282 1
495 283 1
495 284 1
495 375 1
495 388 1
495 389 1
495 452 1
495 453 1
495 478 1
495 479 1
496 23 1
496 24 1
496 25 1
496 41 1
496 42 1
496 43 1
496 124 1
496 159 1
496 162 1
496 199 1
496 258 1
496 320 1
496 388 1
496 389 1
496 412 1
496 417 1
496 418 1
496 452 1
496 453 1
496 466 1
497 14 1
497 15 1
497 16 1
497 18 1
497 26 1
497 27 1
497 28 1
497 29 1
497 33 1
497 38 1
497 55 1
497 113 1
497 114 1
497 163 1
497 185 1
497 259 1
497 275 1
497 390 1
497 391 1
497 439 1
497 483 1
497 484 1
497 485 1
498 12 1
498 29 1
498 32 1
498 65 1
498 78 1
498 164 1
498 221 1
498 260 1
498 306 1
498 391 1
499 28 1
499 29 1
499 30 1
499 31 1
499 32 1
499 54 1
499 164 1
499 166 1
499 185 1
499 222 1
499 260 1
499 261 1
499 357 1
499 373 1
499 376 1
499 390 1
499 391 1
499 434 1
499 439 1
499 485 1
499 486 1
500 29 1
500 32 1
500 54 1
500 129 1
500 130 1
500 164 1
500 166 1
500 222 1
500 238 1
500 262 1
500 357 1
500 373 1
500 392 1
500 434 1
500 439 1
500 454 1
500 474 1
500 475 1
500 485 1
500 499 1
501 46 1
501 118 1
501 170 1
501 172 1
501 202 1
501 203 1
501 360 1
501 394 1
502 1 1
502 2 1
502 92 1
502 93 1
502 94 1
502 120 1
502 398 1
502 423 1
502 424 1
502 425 1
503 66 1
503 158 1
503 196 1
503 220 1
503 227 1
503 263 1
503 266 1
503 267 1
503 296 1
503 318 1
503 397 1
503 447 1
503 448 1
504 6 1
504 43 1
504 52 1
504 124 1
504 176 1
504 303 1
504 334 1
504 369 1
504 389 1
504 417 1
504 431 1
504 453 1
504 465 1
504 466 1
505 7 1
505 13 1
505 179 1
505 180 1
505 235 1
505 236 1
505 336 1
505 435 1
505 467 1
505 469 1
505 470 1
506 62 1
506 63 1
506 106 1
506 108 1
506 110 1
506 137 1
506 161 1
506 193 1
506 194 1
506 249 1
506 250 1
506 255 1
506 286 1
506 287 1
506 288 1
506 289 1
506 387 1
506 442 1
506 490 1
506 494 1
507 92 1
507 93 1
507 120 1
507 295 1
507 396 1
507 423 1
507 424 1
507 458 1
508 2 1
508 502 1
509 3 1
509 34 1
509 49 1
509 97 1
509 98 1
509 147 1
509 206 1
509 207 1
509 230 1
509 329 1
509 366 1
509 426 1
509 427 1
509 461 1
509 462 1
510 69 1
510 73 1
510 174 1
510 205 1
510 231 1
510 297 1
510 298 1
510 326 1
510 327 1
510 462 1
511 5 1
511 6 1
511 9 1
511 99 1
511 123 1
511 149 1
511 176 1
511 177 1
511 183 1
511 209 1
511 233 1
511 243 1
511 244 1
511 282 1
511 283 1
511 335 1
511 403 1
511 432 1
511 479 1
512 11 1
512 12 1
512 36 1
512 78 1
512 100 1
512 128 1
512 181 1
512 210 1
512 211 1
512 237 1
512 306 1
512 373 1
512 433 1
512 468 1
512 471 1
512 472 1
512 473 1
512 476 1
513 18 1
513 25 1
513 38 1
513 56 1
513 103 1
513 104 1
513 134 1
513 135 1
513 184 1
513 245 1
513 247 1
513 273 1
513 275 1
513 284 1
513 314 1
513 321 1
513 347 1
513 375 1
513 392 1
513 408 1
513 455 1
513 483 1
513 484 1
514 56 1
514 104 1
514 105 1
514 188 1
514 214 1
514 215 1
514 247 1
514 248 1
514 273 1
514 315 1
514 347 1
514 379 1
514 409 1
514 440 1
515 14 1
515 25 1
515 26 1
515 27 1
515 55 1
515 58 1
515 103 1
515 106 1
515 108 1
515 134 1
515 161 1
515 189 1
515 190 1
515 194 1
515 199 1
515 245 1
515 320 1
515 321 1
515 381 1
515 442 1
515 451 1
515 483 1
515 484 1
515 490 1
515 491 1
515 494 1
516 41 1
516 60 1
516 61 1
516 111 1
516 122 1
516 160 1
516 161 1
516 196 1
516 217 1
516 253 1
516 254 1
516 319 1
516 352 1
516 354 1
516 384 1
516 386 1
516 412 1
516 414 1
516 443 1
516 445 1
516 446 1
516 447 1
516 448 1
516 491 1
516 493 1
517 58 1
517 60 1
517 61 1
517 110 1
517 111 1
517 160 1
517 161 1
517 194 1
517 199 1
517 217 1
517 254 1
517 255 1
517 256 1
517 319 1
517 352 1
517 354 1
517 381 1
517 414 1
517 451 1
517 490 1
517 491 1
517 494 1
517 515 1
517 516 1
518 23 1
518 41 1
518 42 1
518 86 1
518 140 1
518 159 1
518 162 1
518 198 1
518 199 1
518 232 1
518 254 1
518 256 1
518 257 1
518 258 1
518 301 1
518 302 1
518 320 1
518 333 1
518 354 1
518 355 1
518 412 1
518 417 1
518 418 1
518 445 1
518 446 1
518 451 1
518 452 1
518 496 1
519 25 1
519 26 1
519 33 1
519 42 1
519 43 1
519 162 1
519 183 1
519 199 1
519 258 1
519 282 1
519 283 1
519 284 1
519 320 1
519 321 1
519 355 1
519 388 1
519 389 1
519 417 1
519 452 1
519 453 1
519 495 1
519 496 1
520 14 1
520 25 1
520 26 1
520 27 1
520 42 1
520 55 1
520 58 1
520 134 1
520 163 1
520 199 1
520 259 1
520 320 1
520 321 1
520 418 1
520 484 1
520 496 1
520 497 1
520 515 1
520 519 1
521 14 1
521 16 1
521 18 1
521 25 1
521 26 1
521 27 1
521 28 1
521 33 1
521 38 1
521 55 1
521 113 1
521 114 1
521 134 1
521 135 1
521 163 1
521 259 1
521 275 1
521 320 1
521 321 1
521 388 1
521 483 1
521 484 1
521 495 1
521 497 1
521 513 1
521 519 1
521 520 1
522 12 1
522 28 1
522 29 1
522 32 1
522 65 1
522 78 1
522 113 1
522 164 1
522 211 1
522 221 1
522 260 1
522 373 1
522 390 1
522 391 1
522 497 1
522 498 1
522 499 1
522 512 1
523 13 1
523 18 1
523 33 1
523 38 1
523 54 1
523 114 1
523 129 1
523 130 1
523 131 1
523 182 1
523 211 1
523 212 1
523 213 1
523 242 1
523 259 1
523 262 1
523 271 1
523 275 1
523 337 1
523 390 1
523 392 1
523 435 1
523 454 1
523 455 1
523 478 1
523 497 1
523 500 1
