# minsup
1
# graph
G_portein_file\Argonaute\5AWH.pdb
# node ID, label
0 A
1 A
2 A
3 D
4 D
5 G
6 G
7 G
8 G
9 G
10 G
11 G
12 H
13 H
14 K
15 K
16 K
17 L
18 L
19 L
20 L
21 L
22 N
23 N
24 P
25 Q
26 R
27 R
28 R
29 R
30 R
31 R
32 S
33 S
34 S
35 T
36 Y
37 Y
# node ID1, node ID2, number of bounds
6 5 1
10 0 1
11 1 1
13 0 1
13 10 1
15 8 1
15 10 1
15 13 1
16 2 1
17 8 1
17 12 1
17 15 1
18 12 1
19 12 1
19 17 1
19 18 1
20 0 1
20 10 1
20 12 1
20 13 1
20 18 1
20 19 1
21 0 1
21 10 1
21 12 1
21 13 1
21 15 1
21 17 1
21 20 1
22 8 1
22 10 1
22 13 1
22 15 1
22 17 1
22 20 1
22 21 1
24 7 1
25 7 1
25 24 1
26 12 1
26 18 1
26 19 1
26 20 1
27 9 1
28 14 1
29 14 1
29 28 1
30 1 1
30 11 1
32 8 1
32 12 1
32 17 1
32 18 1
32 19 1
32 21 1
32 22 1
32 26 1
33 23 1
34 23 1
34 33 1
35 1 1
35 11 1
35 30 1
36 0 1
36 10 1
36 13 1
36 15 1
36 17 1
36 20 1
36 21 1
36 22 1
37 23 1
37 33 1
37 34 1
