# minsup
1
# graph
G_portein_file\Argonaute\5G5S.pdb
# node ID, label
0 A
1 A
2 A
3 A
4 A
5 A
6 C
7 D
8 D
9 D
10 D
11 D
12 D
13 D
14 D
15 D
16 D
17 D
18 D
19 D
20 D
21 D
22 E
23 E
24 E
25 E
26 E
27 E
28 E
29 E
30 E
31 E
32 E
33 E
34 E
35 E
36 E
37 E
38 E
39 E
40 E
41 E
42 E
43 E
44 F
45 F
46 F
47 F
48 F
49 F
50 F
51 G
52 G
53 G
54 H
55 H
56 H
57 I
58 I
59 I
60 I
61 I
62 I
63 I
64 I
65 I
66 I
67 I
68 I
69 I
70 I
71 I
72 I
73 I
74 I
75 I
76 I
77 I
78 I
79 K
80 K
81 K
82 K
83 K
84 K
85 K
86 K
87 K
88 K
89 K
90 K
91 K
92 K
93 K
94 K
95 K
96 K
97 K
98 K
99 K
100 K
101 K
102 L
103 L
104 L
105 L
106 L
107 L
108 L
109 L
110 L
111 M
112 M
113 M
114 N
115 N
116 N
117 N
118 N
119 N
120 N
121 N
122 N
123 N
124 N
125 N
126 N
127 N
128 N
129 N
130 N
131 N
132 N
133 N
134 P
135 P
136 P
137 P
138 P
139 P
140 Q
141 Q
142 Q
143 Q
144 R
145 R
146 R
147 R
148 R
149 R
150 R
151 R
152 R
153 S
154 S
155 S
156 S
157 S
158 S
159 S
160 S
161 S
162 T
163 T
164 T
165 V
166 V
167 V
168 V
169 V
170 V
171 W
172 Y
173 Y
174 Y
175 Y
176 Y
177 Y
178 Y
179 Y
180 Y
181 Y
182 Y
# node ID1, node ID2, number of bounds
10 1 1
13 12 1
15 2 1
16 2 1
18 17 1
21 20 1
22 0 1
23 9 1
27 26 1
29 6 1
30 6 1
30 29 1
31 6 1
31 29 1
31 30 1
32 12 1
32 13 1
34 14 1
34 15 1
35 14 1
35 15 1
35 34 1
36 2 1
36 15 1
36 35 1
37 3 1
39 19 1
39 38 1
40 19 1
41 20 1
42 5 1
43 13 1
45 9 1
46 0 1
46 22 1
46 45 1
47 0 1
47 22 1
47 46 1
48 46 1
48 47 1
49 48 1
50 19 1
50 39 1
50 40 1
51 17 1
51 18 1
51 38 1
52 5 1
52 42 1
53 43 1
54 24 1
55 26 1
55 27 1
56 5 1
56 29 1
56 52 1
57 7 1
57 9 1
57 23 1
57 45 1
57 47 1
58 46 1
58 48 1
59 9 1
59 45 1
59 57 1
59 58 1
60 9 1
60 23 1
60 57 1
60 59 1
61 25 1
62 6 1
62 29 1
62 30 1
63 11 1
63 26 1
63 27 1
64 26 1
64 27 1
64 31 1
64 55 1
64 63 1
65 27 1
65 55 1
65 64 1
66 28 1
66 55 1
66 64 1
66 65 1
67 11 1
67 26 1
67 63 1
68 1 1
68 10 1
68 63 1
68 64 1
69 6 1
69 29 1
69 30 1
69 31 1
70 13 1
70 33 1
71 14 1
71 15 1
71 34 1
71 35 1
71 36 1
71 41 1
72 2 1
72 15 1
72 16 1
72 36 1
72 71 1
73 3 1
73 37 1
74 17 1
74 18 1
74 51 1
75 18 1
75 38 1
75 51 1
75 74 1
76 18 1
76 38 1
76 51 1
76 74 1
76 75 1
77 38 1
77 39 1
77 50 1
77 51 1
77 75 1
77 76 1
78 19 1
78 40 1
79 7 1
79 9 1
79 23 1
79 45 1
79 57 1
79 59 1
79 60 1
80 7 1
81 8 1
82 24 1
82 54 1
83 24 1
84 26 1
84 27 1
84 63 1
84 64 1
84 68 1
85 28 1
85 55 1
85 65 1
85 66 1
86 28 1
86 55 1
86 65 1
86 66 1
86 85 1
87 13 1
87 33 1
87 70 1
89 3 1
89 37 1
89 78 1
90 14 1
90 15 1
90 34 1
90 35 1
90 36 1
90 71 1
90 72 1
91 2 1
91 15 1
91 16 1
91 36 1
91 72 1
91 90 1
92 2 1
92 16 1
92 36 1
92 72 1
92 91 1
93 16 1
93 92 1
94 3 1
94 73 1
95 3 1
95 37 1
95 73 1
95 94 1
96 14 1
96 34 1
96 38 1
96 75 1
96 77 1
97 38 1
97 39 1
97 51 1
97 74 1
97 75 1
97 76 1
97 77 1
98 38 1
98 39 1
98 50 1
98 75 1
98 76 1
98 77 1
98 97 1
99 20 1
99 21 1
99 41 1
100 20 1
100 21 1
100 99 1
102 6 1
102 10 1
102 29 1
102 56 1
102 62 1
102 68 1
103 6 1
103 29 1
103 30 1
103 31 1
103 69 1
104 12 1
104 13 1
104 32 1
104 70 1
105 12 1
105 13 1
105 33 1
105 70 1
105 87 1
105 104 1
106 33 1
106 70 1
106 87 1
106 105 1
107 40 1
107 78 1
107 89 1
108 4 1
108 40 1
108 78 1
108 89 1
108 107 1
109 2 1
109 15 1
109 16 1
109 36 1
109 71 1
109 72 1
109 90 1
109 91 1
109 92 1
110 29 1
110 30 1
110 42 1
110 56 1
111 44 1
112 26 1
112 27 1
112 28 1
112 55 1
112 63 1
112 64 1
112 65 1
112 66 1
112 67 1
112 84 1
112 85 1
113 1 1
113 6 1
113 10 1
113 31 1
113 62 1
113 68 1
113 102 1
114 0 1
114 22 1
114 45 1
114 46 1
115 0 1
115 22 1
115 46 1
115 47 1
115 48 1
115 114 1
116 8 1
116 9 1
116 59 1
116 60 1
116 81 1
117 25 1
117 61 1
118 1 1
118 10 1
118 26 1
118 63 1
118 68 1
118 84 1
119 1 1
119 11 1
119 63 1
119 67 1
119 68 1
119 118 1
120 88 1
121 88 1
121 120 1
122 100 1
123 122 1
124 3 1
124 37 1
124 89 1
124 95 1
124 107 1
125 3 1
125 78 1
125 89 1
125 107 1
125 108 1
125 124 1
126 16 1
126 72 1
126 92 1
126 93 1
127 3 1
127 73 1
127 93 1
127 94 1
127 126 1
128 3 1
128 73 1
128 94 1
128 95 1
128 125 1
128 127 1
129 3 1
129 37 1
129 73 1
129 89 1
129 94 1
129 95 1
129 124 1
129 125 1
129 128 1
130 4 1
130 89 1
130 107 1
130 108 1
130 125 1
130 128 1
131 4 1
131 96 1
131 130 1
132 19 1
132 39 1
132 40 1
132 50 1
132 77 1
132 78 1
132 98 1
132 108 1
133 5 1
133 29 1
133 30 1
133 42 1
133 52 1
133 56 1
133 103 1
133 110 1
134 9 1
134 48 1
134 57 1
134 58 1
134 59 1
134 60 1
134 116 1
135 1 1
135 10 1
135 11 1
135 63 1
135 68 1
135 84 1
135 113 1
135 118 1
135 119 1
136 11 1
136 26 1
136 27 1
136 63 1
136 68 1
136 84 1
136 118 1
136 119 1
136 135 1
137 1 1
137 10 1
137 11 1
137 63 1
137 68 1
137 84 1
137 113 1
137 118 1
137 119 1
137 135 1
137 136 1
138 6 1
138 10 1
138 27 1
138 31 1
138 63 1
138 64 1
138 68 1
138 69 1
138 84 1
138 103 1
138 113 1
139 5 1
139 42 1
139 52 1
139 56 1
139 133 1
140 26 1
140 27 1
140 63 1
140 64 1
140 84 1
140 118 1
140 135 1
140 136 1
141 1 1
141 10 1
141 11 1
141 63 1
141 67 1
141 68 1
141 113 1
141 118 1
141 119 1
141 135 1
141 136 1
141 137 1
142 33 1
142 87 1
142 105 1
142 106 1
143 122 1
143 123 1
144 46 1
144 47 1
144 48 1
144 49 1
144 115 1
145 24 1
145 83 1
146 30 1
147 37 1
147 89 1
147 124 1
147 125 1
148 3 1
148 73 1
148 93 1
148 94 1
148 126 1
148 127 1
148 128 1
148 130 1
149 4 1
149 77 1
149 96 1
149 108 1
149 130 1
149 131 1
150 17 1
150 18 1
150 38 1
150 51 1
150 74 1
150 75 1
150 76 1
150 97 1
151 2 1
151 20 1
151 21 1
151 36 1
151 41 1
151 72 1
151 99 1
152 5 1
152 56 1
152 110 1
152 133 1
152 139 1
153 9 1
153 23 1
153 45 1
153 57 1
153 59 1
153 60 1
153 79 1
154 6 1
154 29 1
154 30 1
154 62 1
154 102 1
154 110 1
154 113 1
155 26 1
155 27 1
155 28 1
155 55 1
155 63 1
155 64 1
155 65 1
155 66 1
155 84 1
155 85 1
155 112 1
156 28 1
156 66 1
156 85 1
156 86 1
157 12 1
157 13 1
157 32 1
157 33 1
157 43 1
157 70 1
157 87 1
157 104 1
157 105 1
158 33 1
158 87 1
158 105 1
158 106 1
158 142 1
159 14 1
159 17 1
159 18 1
159 34 1
159 35 1
159 51 1
159 74 1
159 75 1
159 150 1
160 38 1
160 39 1
160 50 1
160 76 1
160 77 1
160 97 1
160 98 1
160 132 1
161 101 1
162 44 1
162 111 1
163 6 1
163 29 1
163 30 1
163 62 1
163 102 1
163 146 1
163 154 1
164 3 1
164 37 1
164 73 1
164 88 1
164 94 1
164 95 1
164 124 1
164 128 1
164 129 1
164 147 1
165 44 1
165 111 1
165 162 1
166 0 1
166 22 1
166 45 1
166 46 1
166 47 1
166 57 1
166 59 1
166 79 1
166 114 1
166 115 1
166 153 1
167 8 1
167 60 1
167 81 1
167 116 1
168 146 1
169 1 1
169 6 1
169 10 1
169 62 1
169 68 1
169 102 1
169 113 1
169 135 1
169 137 1
169 138 1
169 154 1
170 73 1
170 88 1
170 120 1
170 121 1
170 164 1
171 4 1
171 92 1
171 96 1
171 131 1
171 149 1
172 46 1
172 47 1
172 48 1
172 49 1
172 115 1
172 144 1
173 23 1
173 57 1
173 60 1
173 79 1
173 81 1
173 167 1
174 6 1
174 29 1
174 30 1
174 62 1
174 69 1
174 146 1
174 154 1
174 163 1
174 168 1
175 55 1
175 65 1
175 66 1
175 85 1
175 86 1
175 155 1
176 11 1
176 26 1
176 63 1
176 67 1
176 84 1
176 118 1
176 119 1
176 135 1
176 136 1
176 137 1
176 140 1
176 141 1
177 6 1
177 10 1
177 29 1
177 30 1
177 31 1
177 62 1
177 68 1
177 69 1
177 102 1
177 103 1
177 113 1
177 137 1
177 138 1
177 154 1
177 163 1
177 169 1
178 13 1
178 33 1
178 43 1
178 70 1
178 87 1
178 104 1
178 105 1
178 106 1
178 157 1
179 105 1
179 106 1
179 142 1
179 158 1
180 21 1
180 93 1
180 100 1
180 122 1
180 123 1
180 127 1
180 143 1
181 4 1
181 107 1
181 108 1
181 125 1
181 126 1
181 130 1
181 131 1
181 149 1
181 171 1
182 14 1
182 34 1
182 35 1
182 71 1
182 75 1
182 90 1
182 96 1
182 149 1
182 159 1
182 171 1
