# minsup
1
# graph
G_portein_file\Argonaute\5G5T.pdb
# node ID, label
0 A
1 A
2 A
3 A
4 D
5 D
6 D
7 D
8 D
9 D
10 D
11 D
12 D
13 D
14 D
15 D
16 D
17 D
18 D
19 E
20 E
21 E
22 E
23 E
24 E
25 E
26 E
27 E
28 E
29 E
30 E
31 E
32 E
33 E
34 E
35 E
36 E
37 E
38 E
39 F
40 F
41 F
42 F
43 F
44 F
45 F
46 F
47 G
48 G
49 G
50 G
51 G
52 G
53 G
54 G
55 G
56 H
57 H
58 I
59 I
60 I
61 I
62 I
63 I
64 I
65 I
66 I
67 I
68 I
69 I
70 I
71 I
72 I
73 I
74 I
75 I
76 I
77 I
78 I
79 I
80 K
81 K
82 K
83 K
84 K
85 K
86 K
87 K
88 K
89 K
90 K
91 K
92 K
93 K
94 K
95 K
96 K
97 K
98 K
99 K
100 K
101 K
102 K
103 K
104 K
105 K
106 K
107 K
108 L
109 L
110 L
111 L
112 L
113 L
114 L
115 L
116 L
117 L
118 L
119 L
120 M
121 M
122 M
123 M
124 M
125 N
126 N
127 N
128 N
129 N
130 N
131 N
132 N
133 N
134 N
135 N
136 N
137 N
138 N
139 N
140 N
141 N
142 N
143 P
144 P
145 P
146 P
147 P
148 Q
149 Q
150 Q
151 Q
152 R
153 R
154 R
155 R
156 R
157 R
158 R
159 R
160 R
161 R
162 S
163 S
164 S
165 S
166 S
167 S
168 S
169 S
170 S
171 S
172 T
173 T
174 T
175 T
176 T
177 V
178 V
179 V
180 V
181 V
182 V
183 V
184 V
185 W
186 W
187 W
188 W
189 W
190 Y
191 Y
192 Y
193 Y
194 Y
195 Y
196 Y
197 Y
198 Y
199 Y
200 Y
201 Y
202 Y
# node ID1, node ID2, number of bounds
9 8 1
11 1 1
11 10 1
12 1 1
14 10 1
14 13 1
17 16 1
19 6 1
21 7 1
22 8 1
22 9 1
25 10 1
25 11 1
25 14 1
26 10 1
26 11 1
26 25 1
27 1 1
27 11 1
27 26 1
28 2 1
30 15 1
31 10 1
33 16 1
33 31 1
35 34 1
36 18 1
37 18 1
38 37 1
39 19 1
41 40 1
42 4 1
42 39 1
43 10 1
43 13 1
43 14 1
43 25 1
43 26 1
44 15 1
44 30 1
47 41 1
48 39 1
48 40 1
48 41 1
48 42 1
48 47 1
49 13 1
49 14 1
49 29 1
49 43 1
50 10 1
50 25 1
50 26 1
50 31 1
50 33 1
50 43 1
51 16 1
51 17 1
53 34 1
53 35 1
53 52 1
54 18 1
54 37 1
54 38 1
55 52 1
56 39 1
56 42 1
56 48 1
57 34 1
57 53 1
57 55 1
58 4 1
58 6 1
58 19 1
58 42 1
59 40 1
59 42 1
59 48 1
60 4 1
60 42 1
60 48 1
60 59 1
61 6 1
61 58 1
62 4 1
62 6 1
62 19 1
62 42 1
62 58 1
62 61 1
63 19 1
63 39 1
63 42 1
63 56 1
63 62 1
65 64 1
66 24 1
67 24 1
67 28 1
67 66 1
68 3 1
69 10 1
69 25 1
69 26 1
69 43 1
69 50 1
69 68 1
70 10 1
70 11 1
70 25 1
70 26 1
70 27 1
70 33 1
70 50 1
70 69 1
71 1 1
71 11 1
71 12 1
71 27 1
71 69 1
71 70 1
72 2 1
72 28 1
72 65 1
73 13 1
73 14 1
73 43 1
73 49 1
74 14 1
74 29 1
74 43 1
74 49 1
74 73 1
75 29 1
75 43 1
75 49 1
75 73 1
75 74 1
76 29 1
76 44 1
76 49 1
76 74 1
76 75 1
77 15 1
77 30 1
77 66 1
77 67 1
78 32 1
78 73 1
79 36 1
79 45 1
80 4 1
80 6 1
80 19 1
80 58 1
80 61 1
80 62 1
81 4 1
81 58 1
81 59 1
81 60 1
82 4 1
82 58 1
82 81 1
83 4 1
83 42 1
83 58 1
83 59 1
83 60 1
83 62 1
83 80 1
83 81 1
83 82 1
84 5 1
84 6 1
84 19 1
84 58 1
84 61 1
84 62 1
84 80 1
85 6 1
85 61 1
86 19 1
86 39 1
86 56 1
86 63 1
87 20 1
87 56 1
88 7 1
88 21 1
89 9 1
89 23 1
90 64 1
90 65 1
91 28 1
91 66 1
91 67 1
92 10 1
92 11 1
92 25 1
92 26 1
92 27 1
92 43 1
92 50 1
92 69 1
92 70 1
92 71 1
93 1 1
93 11 1
93 12 1
93 27 1
93 71 1
93 92 1
94 1 1
94 12 1
94 27 1
94 68 1
94 71 1
94 93 1
95 2 1
95 65 1
95 72 1
96 2 1
96 28 1
96 72 1
96 95 1
97 10 1
97 25 1
97 43 1
97 68 1
97 69 1
97 74 1
97 92 1
98 29 1
98 49 1
98 73 1
98 74 1
98 75 1
98 76 1
99 29 1
99 44 1
99 74 1
99 75 1
99 76 1
99 98 1
100 10 1
100 25 1
100 26 1
100 31 1
100 33 1
100 50 1
100 69 1
100 70 1
100 92 1
101 32 1
101 78 1
102 32 1
102 78 1
102 101 1
103 16 1
103 17 1
103 33 1
103 51 1
104 16 1
104 17 1
104 51 1
104 103 1
105 18 1
105 36 1
105 37 1
105 38 1
105 54 1
106 32 1
106 55 1
106 78 1
106 102 1
107 57 1
107 102 1
107 106 1
108 5 1
108 6 1
108 61 1
108 62 1
108 84 1
108 85 1
109 20 1
109 39 1
109 56 1
109 86 1
109 87 1
110 20 1
110 56 1
110 87 1
110 109 1
111 8 1
111 9 1
111 22 1
111 89 1
112 23 1
112 89 1
113 3 1
113 30 1
113 77 1
113 91 1
114 10 1
114 25 1
114 43 1
114 50 1
114 68 1
114 69 1
114 74 1
114 97 1
115 1 1
115 10 1
115 11 1
115 12 1
115 25 1
115 27 1
115 69 1
115 70 1
115 71 1
115 92 1
115 93 1
115 94 1
116 32 1
116 73 1
116 74 1
116 75 1
116 78 1
116 101 1
116 102 1
117 74 1
117 75 1
117 76 1
117 78 1
117 99 1
117 101 1
117 102 1
117 116 1
118 10 1
118 31 1
118 33 1
118 50 1
118 69 1
118 100 1
119 34 1
119 35 1
119 52 1
119 53 1
121 39 1
121 40 1
121 42 1
121 47 1
121 48 1
121 59 1
121 60 1
122 7 1
122 21 1
122 88 1
123 8 1
123 9 1
123 22 1
123 111 1
124 16 1
124 17 1
124 51 1
124 103 1
124 104 1
125 40 1
125 41 1
125 47 1
125 48 1
125 59 1
125 121 1
126 4 1
126 42 1
126 59 1
126 60 1
126 81 1
126 82 1
126 83 1
126 121 1
127 5 1
127 6 1
127 19 1
127 62 1
127 84 1
127 108 1
128 0 1
129 96 1
130 2 1
130 24 1
130 28 1
130 66 1
130 67 1
130 91 1
131 67 1
131 91 1
131 113 1
131 130 1
132 2 1
132 72 1
132 95 1
132 96 1
133 2 1
133 28 1
133 72 1
133 95 1
133 96 1
133 130 1
133 132 1
134 3 1
134 113 1
134 131 1
135 3 1
135 68 1
135 97 1
135 134 1
136 15 1
136 30 1
136 44 1
136 76 1
136 77 1
136 99 1
136 113 1
137 16 1
137 17 1
137 31 1
137 33 1
137 100 1
137 103 1
137 118 1
137 124 1
138 53 1
138 55 1
138 57 1
138 106 1
139 18 1
139 36 1
139 45 1
139 79 1
140 18 1
140 36 1
140 37 1
140 54 1
140 105 1
140 139 1
141 37 1
141 54 1
141 105 1
141 140 1
142 55 1
142 57 1
142 78 1
142 102 1
142 106 1
142 107 1
142 138 1
143 6 1
143 61 1
143 62 1
143 85 1
143 108 1
144 0 1
144 128 1
145 128 1
145 144 1
146 34 1
146 35 1
146 53 1
146 119 1
147 46 1
148 128 1
148 144 1
148 145 1
149 23 1
149 89 1
149 112 1
150 32 1
150 74 1
150 75 1
150 76 1
150 78 1
150 99 1
150 101 1
150 102 1
150 107 1
150 116 1
150 117 1
150 142 1
151 36 1
151 45 1
151 79 1
151 139 1
152 4 1
152 6 1
152 19 1
152 39 1
152 42 1
152 58 1
152 59 1
152 60 1
152 62 1
152 63 1
152 80 1
152 81 1
152 82 1
152 83 1
152 84 1
152 126 1
153 40 1
153 59 1
153 83 1
153 125 1
154 24 1
154 28 1
154 66 1
154 67 1
154 91 1
154 130 1
154 131 1
155 2 1
155 12 1
155 72 1
155 95 1
155 132 1
156 3 1
156 68 1
156 97 1
156 113 1
156 114 1
156 134 1
156 135 1
157 13 1
157 14 1
157 29 1
157 43 1
157 49 1
157 73 1
157 74 1
157 75 1
157 76 1
157 78 1
157 98 1
157 116 1
157 150 1
158 1 1
158 16 1
158 17 1
158 33 1
158 51 1
158 71 1
158 103 1
158 118 1
158 124 1
158 137 1
159 34 1
159 35 1
159 53 1
159 57 1
159 138 1
159 146 1
160 35 1
160 52 1
160 53 1
160 119 1
160 146 1
161 18 1
161 36 1
161 37 1
161 79 1
161 105 1
161 139 1
161 140 1
161 151 1
162 4 1
162 6 1
162 19 1
162 58 1
162 61 1
162 62 1
162 80 1
162 143 1
162 152 1
163 4 1
163 19 1
163 39 1
163 42 1
163 48 1
163 58 1
163 59 1
163 60 1
163 62 1
163 63 1
163 80 1
163 81 1
163 82 1
163 83 1
163 121 1
163 126 1
163 152 1
164 39 1
164 56 1
164 63 1
164 86 1
164 87 1
164 109 1
164 110 1
165 7 1
165 21 1
165 88 1
165 122 1
166 7 1
166 21 1
166 88 1
166 122 1
166 165 1
167 8 1
167 9 1
167 22 1
167 23 1
167 89 1
167 111 1
167 112 1
168 23 1
168 89 1
168 112 1
168 149 1
169 10 1
169 13 1
169 14 1
169 25 1
169 26 1
169 43 1
169 49 1
169 50 1
169 69 1
169 70 1
169 73 1
169 74 1
169 100 1
169 114 1
169 157 1
170 29 1
170 44 1
170 75 1
170 76 1
170 98 1
170 99 1
170 136 1
171 18 1
171 36 1
171 79 1
171 139 1
171 140 1
171 151 1
171 161 1
172 65 1
172 90 1
173 51 1
173 64 1
173 65 1
173 90 1
173 104 1
173 172 1
174 2 1
174 28 1
174 72 1
174 95 1
174 96 1
174 129 1
174 130 1
174 132 1
174 133 1
174 154 1
175 10 1
175 13 1
175 14 1
175 25 1
175 26 1
175 31 1
175 43 1
175 50 1
175 73 1
175 74 1
175 100 1
175 116 1
175 157 1
175 169 1
176 34 1
176 35 1
176 53 1
176 57 1
176 119 1
176 146 1
176 159 1
176 160 1
177 40 1
177 41 1
177 42 1
177 47 1
177 48 1
177 59 1
177 121 1
177 125 1
177 153 1
178 39 1
178 42 1
178 47 1
178 48 1
178 56 1
178 59 1
178 60 1
178 63 1
178 86 1
178 109 1
178 121 1
178 152 1
178 163 1
178 164 1
179 5 1
179 19 1
179 56 1
179 62 1
179 84 1
179 108 1
179 127 1
180 5 1
180 6 1
180 19 1
180 58 1
180 61 1
180 62 1
180 84 1
180 85 1
180 108 1
180 127 1
180 143 1
180 179 1
181 20 1
181 87 1
181 109 1
181 110 1
182 7 1
182 21 1
182 88 1
182 122 1
182 165 1
182 166 1
183 65 1
183 72 1
183 90 1
183 96 1
183 129 1
183 174 1
184 34 1
184 52 1
184 53 1
184 57 1
184 119 1
184 138 1
184 146 1
184 159 1
184 176 1
185 64 1
185 65 1
185 72 1
185 90 1
185 95 1
185 172 1
185 173 1
186 3 1
186 68 1
186 69 1
186 94 1
186 97 1
186 114 1
186 115 1
186 135 1
186 156 1
187 10 1
187 16 1
187 27 1
187 31 1
187 33 1
187 50 1
187 69 1
187 70 1
187 71 1
187 100 1
187 103 1
187 118 1
187 137 1
187 158 1
188 16 1
188 17 1
188 33 1
188 51 1
188 71 1
188 103 1
188 118 1
188 124 1
188 137 1
188 158 1
188 187 1
189 55 1
189 57 1
189 78 1
189 101 1
189 102 1
189 106 1
189 107 1
189 142 1
189 150 1
190 19 1
190 39 1
190 42 1
190 48 1
190 56 1
190 58 1
190 59 1
190 62 1
190 63 1
190 80 1
190 83 1
190 84 1
190 86 1
190 152 1
190 163 1
190 164 1
190 178 1
190 179 1
191 41 1
191 47 1
191 48 1
191 85 1
191 108 1
191 121 1
191 125 1
191 177 1
192 5 1
192 19 1
192 39 1
192 42 1
192 56 1
192 58 1
192 62 1
192 63 1
192 80 1
192 84 1
192 86 1
192 152 1
192 163 1
192 164 1
192 178 1
192 179 1
192 190 1
193 20 1
193 87 1
193 109 1
193 110 1
193 181 1
194 8 1
194 22 1
194 111 1
194 123 1
195 9 1
195 23 1
195 89 1
195 111 1
195 112 1
195 167 1
196 172 1
197 65 1
197 72 1
197 90 1
197 129 1
197 172 1
197 173 1
197 174 1
197 183 1
197 185 1
198 3 1
198 68 1
198 69 1
198 76 1
198 97 1
198 113 1
198 114 1
198 134 1
198 135 1
198 156 1
198 186 1
199 3 1
199 68 1
199 113 1
199 134 1
199 135 1
199 156 1
199 186 1
199 198 1
200 10 1
200 25 1
200 26 1
200 43 1
200 50 1
200 68 1
200 69 1
200 70 1
200 74 1
200 92 1
200 97 1
200 114 1
200 169 1
200 186 1
201 31 1
201 32 1
201 50 1
201 78 1
201 101 1
201 102 1
201 116 1
201 175 1
202 16 1
202 17 1
202 51 1
202 103 1
202 104 1
202 124 1
202 172 1
202 173 1
202 188 1
