# minsup
1
# graph
G_portein_file\Argonaute\5I4A.pdb
# node ID, label
0 A
1 A
2 A
3 A
4 A
5 A
6 E
7 E
8 F
9 F
10 F
11 F
12 F
13 F
14 F
15 G
16 G
17 H
18 H
19 H
20 I
21 I
22 I
23 I
24 I
25 I
26 I
27 I
28 I
29 K
30 K
31 K
32 L
33 L
34 L
35 L
36 L
37 M
38 M
39 M
40 P
41 P
42 P
43 P
44 P
45 P
46 P
47 Q
48 Q
49 R
50 S
51 T
52 V
53 V
54 V
55 V
56 Y
57 Y
58 Y
59 Y
60 Y
61 Y
62 Y
63 Y
64 Y
# node ID1, node ID2, number of bounds
4 3 1
5 2 1
6 3 1
6 4 1
8 1 1
9 1 1
9 8 1
10 1 1
10 8 1
10 9 1
11 6 1
12 2 1
12 5 1
13 5 1
13 12 1
14 3 1
14 4 1
15 0 1
16 4 1
16 7 1
16 11 1
20 1 1
20 8 1
20 9 1
20 10 1
21 1 1
21 8 1
21 9 1
21 20 1
22 1 1
22 21 1
23 21 1
24 18 1
25 2 1
25 5 1
25 12 1
25 13 1
27 26 1
28 26 1
28 27 1
29 3 1
29 4 1
29 6 1
29 14 1
30 16 1
30 19 1
30 29 1
31 28 1
32 1 1
32 21 1
32 22 1
32 23 1
33 5 1
33 12 1
33 13 1
33 25 1
34 2 1
34 5 1
34 25 1
36 28 1
36 30 1
36 31 1
37 1 1
37 8 1
37 15 1
37 20 1
37 21 1
37 22 1
37 32 1
38 2 1
38 5 1
38 12 1
38 16 1
38 25 1
38 34 1
39 2 1
39 4 1
39 5 1
39 16 1
39 29 1
39 30 1
39 38 1
40 1 1
40 8 1
40 9 1
40 21 1
40 22 1
40 23 1
40 32 1
40 37 1
41 18 1
41 24 1
42 5 1
42 12 1
42 13 1
42 25 1
42 33 1
42 36 1
42 38 1
43 7 1
43 16 1
43 26 1
44 11 1
44 16 1
44 19 1
44 30 1
45 19 1
45 29 1
45 30 1
45 44 1
46 27 1
46 35 1
47 1 1
47 8 1
47 9 1
47 21 1
47 22 1
47 23 1
47 32 1
47 37 1
47 40 1
48 2 1
48 5 1
48 12 1
48 13 1
48 25 1
48 30 1
48 33 1
48 34 1
48 36 1
48 38 1
48 39 1
48 42 1
49 19 1
49 35 1
49 46 1
50 15 1
51 19 1
51 35 1
51 46 1
51 49 1
52 1 1
52 20 1
52 21 1
52 22 1
52 32 1
52 37 1
52 47 1
53 1 1
53 8 1
53 9 1
53 10 1
53 20 1
53 21 1
53 23 1
53 32 1
53 37 1
53 40 1
53 47 1
54 2 1
54 5 1
54 25 1
54 34 1
54 38 1
54 39 1
54 48 1
55 5 1
55 12 1
55 13 1
55 25 1
55 33 1
55 38 1
55 42 1
55 48 1
56 0 1
57 17 1
57 18 1
58 24 1
58 32 1
58 47 1
59 3 1
59 4 1
59 11 1
59 16 1
59 19 1
59 29 1
59 30 1
59 39 1
59 44 1
59 45 1
61 35 1
61 46 1
61 49 1
61 51 1
61 60 1
62 19 1
62 46 1
62 49 1
62 51 1
63 19 1
63 26 1
63 27 1
63 35 1
63 46 1
63 49 1
63 51 1
63 61 1
63 62 1
64 27 1
64 28 1
64 30 1
64 31 1
64 36 1
64 48 1
