# minsup
1
# graph
G_portein_file\Argonaute\5JS1.pdb
# node ID, label
0 A
1 A
2 A
3 A
4 A
5 A
6 A
7 A
8 A
9 A
10 A
11 A
12 A
13 A
14 A
15 A
16 A
17 A
18 A
19 A
20 A
21 A
22 A
23 A
24 C
25 C
26 C
27 C
28 C
29 C
30 C
31 C
32 C
33 D
34 D
35 D
36 D
37 D
38 D
39 D
40 D
41 D
42 D
43 D
44 D
45 D
46 D
47 D
48 D
49 D
50 E
51 E
52 E
53 E
54 E
55 E
56 E
57 E
58 E
59 E
60 E
61 E
62 E
63 E
64 E
65 F
66 F
67 F
68 F
69 F
70 F
71 F
72 F
73 F
74 F
75 F
76 F
77 F
78 F
79 F
80 F
81 F
82 F
83 F
84 F
85 F
86 F
87 F
88 F
89 G
90 G
91 G
92 G
93 G
94 G
95 G
96 G
97 G
98 G
99 G
100 G
101 G
102 G
103 G
104 G
105 G
106 G
107 G
108 G
109 H
110 H
111 H
112 H
113 H
114 H
115 H
116 H
117 H
118 H
119 H
120 H
121 H
122 I
123 I
124 I
125 I
126 I
127 I
128 I
129 I
130 I
131 I
132 I
133 I
134 I
135 I
136 I
137 I
138 I
139 I
140 I
141 I
142 I
143 I
144 I
145 K
146 K
147 K
148 K
149 K
150 K
151 K
152 K
153 K
154 K
155 K
156 K
157 L
158 L
159 L
160 L
161 L
162 L
163 L
164 L
165 L
166 L
167 L
168 L
169 L
170 L
171 L
172 L
173 L
174 L
175 L
176 L
177 L
178 L
179 L
180 L
181 L
182 M
183 M
184 M
185 M
186 M
187 M
188 M
189 M
190 M
191 N
192 N
193 N
194 N
195 N
196 N
197 N
198 N
199 N
200 P
201 P
202 P
203 P
204 P
205 P
206 P
207 P
208 P
209 P
210 P
211 P
212 P
213 P
214 P
215 P
216 P
217 P
218 P
219 P
220 P
221 P
222 P
223 P
224 Q
225 Q
226 Q
227 Q
228 Q
229 Q
230 Q
231 Q
232 Q
233 Q
234 Q
235 Q
236 Q
237 R
238 R
239 R
240 R
241 R
242 R
243 R
244 R
245 R
246 R
247 R
248 R
249 R
250 R
251 R
252 R
253 R
254 R
255 R
256 R
257 R
258 R
259 R
260 R
261 S
262 S
263 S
264 S
265 S
266 S
267 S
268 S
269 S
270 S
271 S
272 S
273 S
274 S
275 S
276 S
277 S
278 S
279 S
280 S
281 T
282 T
283 T
284 T
285 T
286 T
287 T
288 T
289 T
290 T
291 T
292 T
293 T
294 T
295 T
296 T
297 T
298 T
299 T
300 T
301 T
302 T
303 T
304 T
305 T
306 T
307 V
308 V
309 V
310 V
311 V
312 V
313 V
314 V
315 V
316 V
317 V
318 V
319 V
320 V
321 V
322 V
323 V
324 V
325 V
326 V
327 V
328 V
329 V
330 V
331 V
332 V
333 V
334 V
335 V
336 V
337 V
338 V
339 V
340 V
341 V
342 V
343 W
344 W
345 W
346 Y
347 Y
348 Y
349 Y
350 Y
351 Y
352 Y
353 Y
354 Y
355 Y
356 Y
357 Y
358 Y
359 Y
# node ID1, node ID2, number of bounds
3 2 1
6 5 1
7 4 1
10 9 1
11 9 1
11 10 1
12 9 1
12 11 1
14 13 1
15 13 1
15 14 1
16 13 1
16 14 1
16 15 1
18 17 1
20 9 1
20 11 1
20 19 1
21 9 1
21 10 1
21 11 1
21 12 1
21 19 1
21 20 1
22 9 1
22 10 1
22 11 1
22 12 1
22 21 1
24 6 1
25 5 1
28 12 1
28 21 1
29 0 1
29 8 1
30 17 1
30 18 1
31 19 1
31 20 1
34 1 1
36 6 1
37 8 1
39 0 1
40 9 1
40 10 1
40 11 1
40 20 1
40 21 1
40 22 1
42 10 1
42 13 1
42 14 1
42 15 1
43 9 1
43 20 1
43 21 1
43 40 1
44 29 1
46 45 1
48 47 1
50 33 1
51 4 1
52 7 1
52 26 1
53 24 1
54 25 1
54 26 1
54 51 1
55 8 1
55 37 1
56 8 1
56 35 1
56 37 1
56 55 1
57 38 1
58 27 1
59 12 1
59 13 1
59 14 1
59 16 1
59 28 1
60 13 1
60 15 1
60 42 1
61 13 1
61 14 1
61 15 1
61 16 1
61 60 1
62 29 1
62 44 1
63 46 1
64 49 1
65 45 1
65 49 1
66 0 1
66 35 1
66 39 1
66 50 1
67 0 1
67 33 1
67 39 1
67 50 1
67 66 1
68 1 1
69 2 1
70 2 1
70 69 1
71 2 1
71 3 1
71 69 1
71 70 1
72 2 1
72 35 1
72 69 1
72 70 1
72 71 1
73 2 1
73 3 1
73 4 1
73 7 1
73 70 1
74 4 1
74 51 1
75 24 1
75 53 1
76 5 1
76 6 1
76 36 1
77 57 1
78 19 1
78 20 1
78 41 1
79 28 1
79 41 1
79 59 1
80 41 1
80 79 1
81 9 1
81 20 1
81 43 1
81 47 1
81 78 1
82 47 1
82 48 1
82 60 1
82 81 1
83 0 1
83 8 1
83 29 1
83 39 1
83 44 1
83 62 1
84 45 1
84 46 1
84 47 1
84 63 1
84 65 1
85 45 1
85 46 1
85 63 1
85 65 1
85 84 1
86 47 1
86 48 1
86 49 1
86 64 1
87 10 1
87 11 1
87 21 1
87 22 1
87 40 1
88 12 1
88 21 1
88 22 1
88 23 1
88 28 1
88 87 1
89 45 1
89 49 1
89 64 1
89 65 1
89 85 1
90 49 1
90 89 1
92 69 1
93 2 1
93 35 1
93 69 1
93 70 1
93 71 1
93 72 1
95 4 1
95 7 1
95 70 1
95 73 1
96 29 1
96 39 1
96 45 1
96 90 1
97 17 1
97 18 1
97 30 1
97 31 1
100 9 1
100 11 1
100 12 1
100 19 1
100 20 1
100 21 1
100 40 1
100 43 1
100 78 1
100 81 1
101 9 1
101 12 1
101 20 1
101 21 1
101 28 1
101 41 1
101 59 1
101 78 1
101 79 1
101 81 1
101 100 1
102 9 1
102 20 1
102 40 1
102 43 1
103 47 1
103 48 1
103 82 1
104 18 1
104 62 1
105 8 1
105 29 1
105 37 1
105 62 1
105 83 1
105 104 1
106 17 1
106 18 1
106 30 1
106 31 1
106 90 1
106 96 1
106 97 1
107 8 1
107 17 1
107 18 1
107 30 1
107 97 1
107 104 1
107 105 1
108 8 1
108 37 1
108 105 1
108 107 1
109 34 1
109 38 1
109 68 1
110 2 1
110 35 1
110 69 1
110 70 1
110 72 1
110 92 1
110 93 1
111 5 1
111 6 1
111 24 1
111 75 1
112 27 1
112 58 1
113 41 1
114 35 1
114 102 1
114 110 1
115 35 1
115 66 1
115 72 1
115 110 1
115 114 1
116 45 1
116 46 1
116 63 1
116 84 1
116 85 1
117 17 1
117 18 1
117 30 1
117 31 1
117 97 1
117 106 1
117 107 1
118 30 1
118 45 1
118 46 1
118 85 1
118 102 1
118 114 1
119 46 1
119 63 1
119 82 1
119 84 1
119 85 1
119 102 1
119 116 1
119 118 1
120 19 1
120 31 1
120 32 1
120 97 1
120 117 1
121 9 1
121 10 1
121 11 1
121 19 1
121 20 1
121 21 1
121 22 1
121 40 1
121 43 1
121 87 1
121 88 1
121 100 1
122 29 1
122 44 1
122 62 1
122 90 1
122 96 1
123 0 1
123 35 1
123 66 1
123 67 1
123 72 1
123 110 1
123 115 1
124 26 1
124 51 1
124 54 1
124 74 1
125 4 1
125 7 1
125 26 1
125 51 1
125 52 1
125 74 1
125 95 1
125 124 1
126 35 1
126 37 1
126 55 1
126 56 1
126 72 1
126 123 1
127 33 1
127 38 1
127 57 1
127 77 1
128 120 1
129 23 1
129 99 1
130 113 1
130 120 1
130 128 1
131 41 1
131 78 1
131 79 1
131 81 1
131 101 1
132 10 1
132 11 1
132 22 1
132 40 1
132 87 1
132 121 1
133 10 1
133 40 1
133 42 1
133 60 1
134 59 1
134 79 1
134 80 1
135 47 1
135 48 1
135 78 1
135 81 1
135 82 1
135 101 1
135 103 1
135 131 1
136 47 1
136 78 1
136 81 1
136 82 1
136 100 1
136 101 1
136 103 1
136 131 1
136 135 1
137 13 1
137 14 1
137 15 1
137 16 1
137 60 1
137 61 1
137 81 1
137 82 1
137 135 1
138 47 1
138 48 1
138 81 1
138 82 1
138 103 1
138 135 1
138 136 1
138 137 1
139 43 1
139 46 1
139 47 1
139 81 1
139 82 1
139 84 1
139 100 1
139 102 1
139 118 1
139 119 1
139 136 1
139 138 1
140 8 1
140 17 1
140 18 1
140 29 1
140 30 1
140 62 1
140 83 1
140 96 1
140 104 1
140 105 1
140 106 1
140 107 1
140 117 1
140 122 1
141 0 1
141 39 1
141 45 1
141 50 1
141 66 1
141 67 1
141 85 1
141 116 1
142 18 1
142 104 1
142 105 1
142 107 1
142 108 1
142 117 1
143 31 1
143 49 1
143 64 1
143 89 1
143 90 1
143 106 1
144 19 1
144 20 1
144 30 1
144 31 1
144 43 1
144 117 1
144 118 1
144 120 1
145 29 1
145 39 1
145 44 1
145 62 1
145 83 1
145 96 1
145 122 1
146 3 1
146 4 1
146 7 1
146 51 1
146 73 1
146 74 1
146 95 1
146 125 1
147 7 1
147 26 1
147 52 1
147 94 1
147 95 1
147 125 1
148 55 1
148 56 1
148 126 1
149 33 1
149 50 1
149 66 1
149 67 1
150 23 1
150 32 1
150 88 1
150 129 1
151 79 1
151 80 1
151 134 1
152 79 1
152 80 1
152 131 1
152 134 1
152 151 1
153 43 1
153 102 1
153 114 1
153 115 1
153 118 1
153 144 1
154 29 1
154 44 1
154 62 1
154 83 1
154 105 1
154 140 1
155 8 1
155 104 1
155 105 1
155 107 1
155 108 1
155 142 1
156 0 1
156 39 1
156 45 1
156 66 1
156 116 1
156 141 1
157 0 1
157 29 1
157 39 1
157 44 1
157 62 1
157 83 1
157 96 1
157 122 1
157 140 1
157 145 1
158 1 1
158 34 1
158 77 1
158 109 1
158 127 1
159 34 1
159 35 1
159 50 1
159 66 1
159 67 1
159 123 1
159 149 1
160 94 1
160 125 1
160 147 1
161 24 1
161 53 1
161 75 1
162 5 1
162 25 1
162 54 1
162 124 1
163 5 1
163 25 1
163 26 1
164 5 1
164 6 1
164 25 1
164 26 1
164 52 1
164 54 1
164 76 1
164 163 1
165 5 1
165 25 1
165 26 1
165 51 1
165 54 1
165 74 1
165 124 1
165 162 1
165 163 1
165 164 1
166 35 1
166 55 1
166 56 1
166 72 1
166 93 1
166 123 1
166 126 1
166 148 1
167 17 1
167 30 1
167 49 1
167 90 1
167 96 1
167 106 1
167 143 1
168 113 1
168 120 1
168 128 1
168 130 1
169 9 1
169 12 1
169 19 1
169 20 1
169 21 1
169 28 1
169 78 1
169 81 1
169 82 1
169 100 1
169 101 1
169 131 1
169 135 1
169 136 1
170 9 1
170 10 1
170 11 1
170 13 1
170 14 1
170 15 1
170 16 1
170 42 1
170 59 1
170 60 1
170 61 1
170 133 1
170 137 1
171 12 1
171 13 1
171 14 1
171 16 1
171 28 1
171 59 1
171 79 1
171 101 1
171 131 1
171 134 1
171 151 1
171 169 1
172 14 1
172 16 1
172 59 1
172 79 1
172 80 1
172 101 1
172 131 1
172 134 1
172 135 1
172 151 1
172 152 1
172 171 1
173 13 1
173 15 1
173 60 1
173 61 1
173 81 1
173 82 1
173 137 1
173 138 1
173 170 1
174 13 1
174 15 1
174 16 1
174 60 1
174 61 1
174 137 1
174 170 1
174 173 1
175 0 1
175 8 1
175 29 1
175 30 1
175 39 1
175 66 1
175 83 1
175 96 1
175 115 1
175 140 1
175 145 1
175 157 1
176 17 1
176 30 1
176 45 1
176 85 1
176 96 1
176 106 1
176 117 1
176 118 1
176 143 1
176 144 1
176 167 1
177 46 1
177 47 1
177 63 1
177 82 1
177 84 1
177 119 1
177 139 1
177 173 1
178 49 1
178 64 1
178 85 1
178 86 1
178 89 1
178 143 1
179 31 1
179 49 1
179 64 1
179 143 1
179 178 1
180 19 1
180 20 1
180 31 1
180 78 1
180 120 1
180 143 1
180 144 1
180 168 1
180 179 1
181 11 1
181 12 1
181 20 1
181 21 1
181 22 1
181 23 1
181 40 1
181 87 1
181 88 1
181 121 1
182 33 1
182 50 1
182 66 1
182 67 1
182 127 1
182 149 1
182 159 1
183 1 1
183 34 1
183 38 1
183 77 1
183 109 1
183 127 1
183 158 1
183 159 1
184 33 1
184 50 1
184 66 1
184 67 1
184 123 1
184 141 1
184 149 1
184 156 1
184 159 1
184 182 1
185 35 1
185 55 1
185 56 1
185 67 1
185 123 1
185 126 1
185 148 1
185 149 1
185 166 1
186 33 1
186 38 1
186 50 1
186 77 1
186 127 1
186 149 1
186 182 1
187 0 1
187 39 1
187 50 1
187 66 1
187 67 1
187 83 1
187 123 1
187 126 1
187 149 1
187 157 1
187 159 1
187 175 1
187 185 1
188 28 1
188 41 1
188 78 1
188 79 1
188 101 1
188 113 1
188 131 1
188 151 1
188 171 1
188 172 1
189 10 1
189 11 1
189 12 1
189 13 1
189 14 1
189 15 1
189 16 1
189 42 1
189 59 1
189 101 1
189 134 1
189 137 1
189 170 1
189 171 1
189 172 1
190 12 1
190 23 1
190 28 1
190 88 1
190 99 1
190 129 1
190 150 1
191 0 1
191 35 1
191 39 1
191 50 1
191 66 1
191 67 1
191 83 1
191 115 1
191 123 1
191 126 1
191 141 1
191 159 1
191 175 1
191 184 1
191 187 1
192 0 1
192 35 1
192 50 1
192 66 1
192 67 1
192 110 1
192 114 1
192 115 1
192 123 1
192 141 1
192 159 1
192 184 1
192 187 1
192 191 1
193 4 1
193 7 1
193 26 1
193 51 1
193 52 1
193 54 1
193 74 1
193 124 1
193 125 1
193 146 1
193 147 1
193 165 1
194 99 1
194 129 1
194 150 1
194 190 1
195 32 1
195 99 1
195 128 1
195 129 1
195 130 1
195 150 1
195 194 1
196 113 1
196 120 1
196 128 1
196 130 1
196 168 1
196 195 1
197 19 1
197 41 1
197 113 1
197 130 1
197 168 1
197 180 1
197 188 1
197 190 1
197 195 1
197 196 1
198 8 1
198 17 1
198 18 1
198 29 1
198 30 1
198 62 1
198 83 1
198 104 1
198 105 1
198 107 1
198 108 1
198 140 1
198 142 1
198 154 1
198 155 1
198 175 1
199 47 1
199 48 1
199 86 1
199 103 1
199 135 1
199 136 1
199 138 1
200 47 1
200 63 1
200 82 1
200 84 1
200 119 1
200 177 1
201 46 1
201 47 1
201 48 1
201 63 1
201 84 1
201 177 1
201 200 1
202 46 1
202 47 1
202 63 1
202 84 1
202 116 1
202 177 1
202 200 1
202 201 1
203 63 1
203 65 1
203 84 1
203 86 1
203 89 1
203 201 1
203 202 1
204 57 1
204 68 1
204 77 1
204 109 1
205 38 1
205 69 1
205 70 1
205 109 1
205 183 1
206 69 1
206 70 1
206 72 1
206 92 1
206 93 1
206 95 1
206 110 1
206 205 1
207 4 1
207 26 1
207 51 1
207 52 1
207 54 1
207 74 1
207 124 1
207 125 1
207 146 1
207 165 1
207 193 1
208 5 1
208 6 1
208 25 1
208 111 1
208 162 1
209 24 1
209 53 1
209 75 1
209 161 1
210 5 1
210 25 1
210 111 1
210 162 1
210 163 1
210 164 1
210 165 1
210 208 1
211 5 1
211 6 1
211 25 1
211 26 1
211 54 1
211 76 1
211 124 1
211 162 1
211 163 1
211 164 1
211 165 1
211 208 1
211 210 1
212 8 1
212 29 1
212 37 1
212 55 1
212 56 1
212 83 1
212 105 1
212 108 1
212 126 1
212 154 1
212 198 1
213 38 1
213 57 1
213 77 1
214 17 1
214 31 1
214 90 1
214 97 1
214 106 1
214 120 1
214 128 1
214 143 1
214 167 1
215 31 1
215 120 1
215 128 1
215 130 1
215 143 1
215 167 1
215 168 1
215 179 1
215 180 1
215 214 1
216 27 1
217 19 1
217 41 1
217 78 1
217 101 1
217 113 1
217 130 1
217 131 1
217 168 1
217 180 1
217 188 1
217 196 1
217 197 1
218 78 1
218 79 1
218 80 1
218 103 1
218 131 1
218 135 1
218 152 1
218 172 1
219 48 1
219 103 1
219 135 1
219 138 1
219 152 1
219 199 1
219 218 1
220 17 1
220 18 1
220 29 1
220 30 1
220 62 1
220 97 1
220 104 1
220 105 1
220 106 1
220 107 1
220 117 1
220 122 1
220 140 1
220 167 1
220 198 1
221 17 1
221 30 1
221 85 1
221 106 1
221 107 1
221 114 1
221 115 1
221 117 1
221 118 1
221 140 1
221 144 1
221 153 1
221 175 1
221 176 1
222 19 1
222 20 1
222 31 1
222 78 1
222 100 1
222 120 1
222 144 1
222 169 1
222 179 1
222 180 1
223 9 1
223 12 1
223 19 1
223 20 1
223 21 1
223 28 1
223 31 1
223 40 1
223 43 1
223 78 1
223 81 1
223 100 1
223 101 1
223 121 1
223 144 1
223 169 1
223 180 1
223 181 1
223 197 1
223 222 1
224 0 1
224 29 1
224 39 1
224 44 1
224 66 1
224 83 1
224 96 1
224 145 1
224 157 1
224 175 1
224 187 1
224 191 1
225 34 1
225 35 1
225 69 1
225 72 1
225 92 1
225 93 1
225 110 1
225 115 1
225 123 1
225 159 1
225 183 1
225 192 1
225 205 1
226 5 1
226 6 1
226 24 1
226 25 1
226 53 1
226 75 1
226 111 1
226 208 1
226 210 1
227 0 1
227 8 1
227 29 1
227 35 1
227 37 1
227 55 1
227 56 1
227 83 1
227 126 1
227 148 1
227 166 1
227 175 1
227 187 1
227 191 1
227 212 1
227 224 1
228 17 1
228 90 1
228 106 1
228 143 1
228 167 1
228 214 1
228 215 1
229 17 1
229 18 1
229 97 1
229 104 1
229 106 1
229 107 1
229 117 1
229 140 1
229 214 1
229 220 1
230 27 1
230 58 1
230 112 1
230 216 1
231 27 1
231 58 1
231 112 1
231 216 1
231 230 1
232 10 1
232 42 1
232 132 1
232 133 1
233 28 1
233 59 1
233 79 1
233 101 1
233 134 1
233 151 1
233 171 1
233 172 1
233 188 1
234 43 1
234 102 1
234 114 1
234 118 1
234 119 1
234 139 1
234 144 1
234 153 1
234 221 1
235 45 1
235 46 1
235 49 1
235 64 1
235 85 1
235 86 1
235 89 1
235 106 1
235 143 1
235 167 1
235 176 1
235 178 1
235 179 1
235 180 1
236 19 1
236 31 1
236 106 1
236 120 1
236 128 1
236 143 1
236 167 1
236 168 1
236 178 1
236 179 1
236 180 1
236 214 1
236 215 1
236 222 1
236 228 1
236 235 1
237 45 1
237 46 1
237 63 1
237 65 1
237 84 1
237 85 1
237 86 1
237 116 1
237 200 1
237 201 1
237 202 1
237 203 1
238 91 1
239 34 1
239 68 1
239 69 1
239 109 1
239 158 1
239 183 1
239 205 1
239 206 1
239 225 1
240 34 1
240 69 1
240 72 1
240 92 1
240 110 1
240 206 1
240 225 1
240 239 1
241 34 1
241 50 1
241 66 1
241 67 1
241 116 1
241 141 1
241 158 1
241 159 1
241 182 1
241 184 1
241 192 1
241 225 1
242 5 1
242 25 1
242 111 1
242 162 1
242 208 1
242 210 1
242 226 1
243 8 1
243 35 1
243 37 1
243 55 1
243 56 1
243 83 1
243 108 1
243 126 1
243 148 1
243 212 1
243 227 1
244 38 1
244 57 1
244 77 1
244 127 1
244 186 1
244 213 1
245 45 1
245 89 1
245 90 1
245 96 1
245 106 1
245 122 1
245 145 1
245 157 1
245 167 1
245 176 1
245 220 1
245 228 1
246 27 1
246 58 1
246 216 1
246 230 1
246 231 1
247 12 1
247 28 1
247 41 1
247 99 1
247 101 1
247 113 1
247 188 1
247 190 1
247 197 1
247 217 1
247 223 1
248 10 1
248 11 1
248 14 1
248 22 1
248 42 1
248 132 1
248 170 1
248 189 1
248 232 1
249 13 1
249 14 1
249 15 1
249 16 1
249 59 1
249 61 1
249 79 1
249 134 1
249 137 1
249 170 1
249 171 1
249 172 1
249 189 1
249 233 1
250 47 1
250 48 1
250 78 1
250 81 1
250 103 1
250 131 1
250 135 1
250 136 1
250 138 1
250 152 1
250 199 1
250 218 1
250 219 1
251 9 1
251 20 1
251 21 1
251 40 1
251 43 1
251 60 1
251 81 1
251 82 1
251 100 1
251 102 1
251 119 1
251 136 1
251 139 1
251 169 1
251 223 1
251 234 1
252 13 1
252 15 1
252 16 1
252 60 1
252 61 1
252 103 1
252 135 1
252 137 1
252 138 1
252 173 1
252 174 1
252 219 1
252 249 1
253 43 1
253 102 1
253 114 1
253 115 1
253 118 1
253 153 1
253 221 1
253 234 1
254 0 1
254 8 1
254 35 1
254 66 1
254 83 1
254 114 1
254 115 1
254 123 1
254 157 1
254 175 1
254 191 1
254 192 1
254 221 1
254 224 1
254 227 1
254 243 1
255 8 1
255 29 1
255 44 1
255 62 1
255 83 1
255 104 1
255 105 1
255 107 1
255 140 1
255 154 1
255 155 1
255 198 1
255 212 1
255 220 1
256 30 1
256 107 1
256 108 1
256 114 1
256 115 1
256 117 1
256 118 1
256 153 1
256 175 1
256 176 1
256 198 1
256 221 1
256 234 1
256 253 1
256 254 1
257 47 1
257 48 1
257 86 1
257 103 1
257 138 1
257 178 1
257 199 1
257 201 1
257 203 1
258 19 1
258 23 1
258 32 1
258 129 1
258 150 1
258 195 1
259 17 1
259 18 1
259 31 1
259 32 1
259 97 1
259 117 1
259 120 1
259 229 1
259 258 1
260 11 1
260 21 1
260 22 1
260 23 1
260 87 1
260 88 1
260 121 1
260 132 1
260 181 1
261 49 1
261 64 1
261 65 1
261 89 1
261 90 1
261 143 1
261 167 1
261 228 1
261 235 1
261 245 1
262 68 1
262 69 1
262 70 1
262 109 1
262 183 1
262 205 1
262 206 1
262 239 1
263 2 1
263 35 1
263 69 1
263 70 1
263 72 1
263 92 1
263 93 1
263 110 1
263 123 1
263 205 1
263 206 1
263 225 1
263 239 1
263 240 1
263 262 1
264 34 1
264 35 1
264 66 1
264 110 1
264 115 1
264 123 1
264 158 1
264 159 1
264 183 1
264 184 1
264 192 1
264 225 1
264 239 1
264 240 1
264 241 1
264 263 1
265 2 1
265 35 1
265 69 1
265 70 1
265 71 1
265 72 1
265 93 1
265 110 1
265 115 1
265 123 1
265 126 1
265 225 1
265 263 1
266 5 1
266 6 1
266 25 1
266 111 1
266 162 1
266 208 1
266 210 1
266 211 1
266 226 1
266 242 1
267 8 1
267 37 1
267 55 1
267 104 1
267 105 1
267 107 1
267 108 1
267 142 1
267 155 1
267 198 1
267 212 1
267 227 1
267 243 1
268 35 1
268 37 1
268 55 1
268 56 1
268 123 1
268 126 1
268 148 1
268 166 1
268 185 1
268 187 1
268 191 1
268 227 1
268 243 1
269 126 1
269 148 1
269 166 1
269 185 1
269 268 1
270 120 1
270 128 1
270 130 1
270 168 1
270 214 1
270 215 1
270 228 1
270 236 1
271 32 1
271 129 1
271 150 1
272 12 1
272 19 1
272 28 1
272 41 1
272 78 1
272 79 1
272 100 1
272 101 1
272 113 1
272 131 1
272 169 1
272 171 1
272 172 1
272 188 1
272 197 1
272 217 1
272 223 1
272 233 1
272 247 1
273 8 1
273 18 1
273 37 1
273 104 1
273 105 1
273 107 1
273 108 1
273 140 1
273 142 1
273 155 1
273 198 1
273 212 1
273 255 1
273 267 1
274 17 1
274 18 1
274 30 1
274 31 1
274 97 1
274 106 1
274 107 1
274 117 1
274 120 1
274 140 1
274 144 1
274 167 1
274 176 1
274 180 1
274 214 1
274 220 1
274 221 1
274 222 1
274 229 1
274 236 1
274 256 1
274 259 1
275 8 1
275 17 1
275 18 1
275 30 1
275 83 1
275 105 1
275 107 1
275 108 1
275 117 1
275 140 1
275 142 1
275 175 1
275 198 1
275 220 1
275 221 1
275 254 1
275 256 1
275 267 1
275 273 1
275 274 1
276 30 1
276 85 1
276 102 1
276 114 1
276 117 1
276 118 1
276 119 1
276 144 1
276 153 1
276 176 1
276 221 1
276 222 1
276 234 1
276 253 1
276 256 1
276 274 1
276 275 1
277 49 1
277 64 1
277 65 1
277 84 1
277 86 1
277 89 1
277 178 1
277 199 1
277 203 1
277 235 1
277 237 1
277 257 1
278 45 1
278 46 1
278 49 1
278 64 1
278 65 1
278 84 1
278 85 1
278 86 1
278 89 1
278 143 1
278 178 1
278 179 1
278 203 1
278 235 1
278 237 1
278 257 1
278 261 1
278 277 1
279 17 1
279 18 1
279 19 1
279 30 1
279 31 1
279 32 1
279 97 1
279 106 1
279 117 1
279 120 1
279 144 1
279 180 1
279 214 1
279 215 1
279 222 1
279 229 1
279 236 1
279 259 1
279 274 1
280 17 1
280 18 1
280 19 1
280 30 1
280 31 1
280 107 1
280 117 1
280 120 1
280 144 1
280 153 1
280 176 1
280 221 1
280 222 1
280 256 1
280 259 1
280 274 1
280 275 1
280 276 1
280 279 1
281 49 1
281 65 1
281 89 1
281 90 1
281 167 1
281 245 1
281 261 1
281 278 1
282 90 1
282 96 1
282 122 1
282 145 1
282 157 1
282 167 1
282 245 1
282 261 1
282 281 1
283 69 1
283 70 1
283 92 1
283 93 1
283 95 1
283 205 1
283 206 1
283 262 1
283 263 1
284 2 1
284 69 1
284 70 1
284 71 1
284 72 1
284 93 1
284 95 1
284 206 1
284 283 1
285 2 1
285 3 1
285 70 1
285 71 1
285 73 1
285 93 1
285 263 1
285 265 1
286 5 1
286 6 1
286 24 1
286 53 1
286 75 1
286 111 1
286 161 1
286 208 1
286 209 1
286 226 1
286 242 1
286 266 1
287 5 1
287 6 1
287 24 1
287 53 1
287 75 1
287 76 1
287 111 1
287 161 1
287 208 1
287 209 1
287 226 1
287 266 1
287 286 1
288 0 1
288 39 1
288 50 1
288 66 1
288 67 1
288 141 1
288 149 1
288 156 1
288 157 1
288 175 1
288 184 1
288 187 1
288 191 1
288 224 1
289 0 1
289 39 1
289 45 1
289 96 1
289 122 1
289 145 1
289 156 1
289 157 1
289 224 1
289 245 1
289 282 1
290 27 1
290 58 1
290 112 1
290 216 1
290 230 1
290 231 1
290 246 1
291 10 1
291 11 1
291 21 1
291 22 1
291 40 1
291 87 1
291 121 1
291 132 1
291 181 1
292 9 1
292 10 1
292 11 1
292 12 1
292 14 1
292 21 1
292 22 1
292 28 1
292 59 1
292 101 1
292 170 1
292 171 1
292 189 1
292 248 1
293 41 1
293 79 1
293 80 1
293 151 1
293 152 1
293 188 1
293 218 1
293 233 1
294 80 1
294 103 1
294 131 1
294 135 1
294 138 1
294 152 1
294 199 1
294 218 1
294 219 1
294 250 1
295 47 1
295 48 1
295 78 1
295 81 1
295 82 1
295 86 1
295 103 1
295 135 1
295 136 1
295 138 1
295 139 1
295 173 1
295 177 1
295 178 1
295 199 1
295 219 1
295 250 1
295 257 1
296 0 1
296 35 1
296 66 1
296 114 1
296 115 1
296 118 1
296 123 1
296 141 1
296 153 1
296 175 1
296 191 1
296 192 1
296 221 1
296 253 1
296 254 1
296 256 1
296 275 1
296 276 1
297 0 1
297 29 1
297 39 1
297 44 1
297 62 1
297 83 1
297 122 1
297 140 1
297 145 1
297 154 1
297 157 1
297 175 1
297 224 1
297 255 1
297 289 1
298 17 1
298 30 1
298 90 1
298 96 1
298 106 1
298 117 1
298 122 1
298 140 1
298 157 1
298 167 1
298 175 1
298 176 1
298 220 1
298 221 1
298 228 1
298 245 1
298 274 1
298 282 1
298 289 1
299 17 1
299 30 1
299 45 1
299 49 1
299 85 1
299 89 1
299 90 1
299 96 1
299 106 1
299 118 1
299 122 1
299 143 1
299 167 1
299 176 1
299 220 1
299 221 1
299 235 1
299 245 1
299 261 1
299 274 1
299 276 1
299 282 1
299 289 1
299 298 1
300 45 1
300 46 1
300 65 1
300 85 1
300 89 1
300 96 1
300 116 1
300 141 1
300 156 1
300 289 1
300 299 1
301 45 1
301 46 1
301 63 1
301 84 1
301 85 1
301 116 1
301 118 1
301 119 1
301 141 1
301 156 1
301 241 1
301 300 1
302 46 1
302 63 1
302 84 1
302 116 1
302 200 1
302 201 1
302 202 1
302 203 1
302 237 1
302 301 1
303 8 1
303 37 1
303 83 1
303 105 1
303 107 1
303 108 1
303 140 1
303 142 1
303 175 1
303 198 1
303 212 1
303 221 1
303 227 1
303 243 1
303 254 1
303 256 1
303 267 1
303 273 1
303 275 1
304 19 1
304 31 1
304 49 1
304 64 1
304 120 1
304 143 1
304 144 1
304 176 1
304 178 1
304 179 1
304 180 1
304 222 1
304 235 1
304 236 1
304 274 1
305 19 1
305 31 1
305 32 1
305 113 1
305 120 1
305 128 1
305 130 1
305 168 1
305 180 1
305 195 1
305 196 1
305 197 1
305 215 1
305 217 1
305 222 1
305 223 1
305 236 1
305 247 1
305 258 1
305 259 1
305 279 1
306 32 1
306 97 1
306 120 1
306 128 1
306 195 1
306 196 1
306 258 1
306 259 1
306 279 1
306 305 1
307 1 1
307 57 1
307 68 1
307 77 1
307 109 1
307 158 1
307 183 1
307 204 1
307 239 1
308 1 1
308 34 1
308 68 1
308 109 1
308 158 1
308 183 1
308 239 1
308 262 1
308 264 1
308 307 1
309 1 1
309 34 1
309 38 1
309 57 1
309 68 1
309 77 1
309 109 1
309 127 1
309 158 1
309 183 1
309 204 1
309 205 1
309 239 1
309 244 1
309 307 1
309 308 1
310 69 1
310 70 1
310 72 1
310 92 1
310 93 1
310 95 1
310 110 1
310 206 1
310 240 1
310 262 1
310 263 1
310 283 1
310 285 1
311 1 1
311 34 1
311 50 1
311 66 1
311 67 1
311 123 1
311 158 1
311 159 1
311 182 1
311 183 1
311 184 1
311 192 1
311 225 1
311 239 1
311 241 1
311 264 1
311 308 1
311 309 1
312 2 1
312 35 1
312 56 1
312 69 1
312 70 1
312 71 1
312 72 1
312 93 1
312 110 1
312 115 1
312 123 1
312 126 1
312 148 1
312 166 1
312 225 1
312 227 1
312 243 1
312 263 1
312 265 1
312 268 1
313 4 1
313 26 1
313 51 1
313 52 1
313 54 1
313 74 1
313 124 1
313 125 1
313 146 1
313 163 1
313 165 1
313 193 1
313 207 1
313 211 1
314 51 1
314 74 1
314 124 1
314 165 1
314 207 1
314 313 1
315 4 1
315 7 1
315 26 1
315 52 1
315 94 1
315 125 1
315 147 1
315 160 1
315 163 1
315 164 1
315 165 1
315 193 1
315 207 1
315 313 1
316 25 1
316 94 1
316 147 1
316 160 1
316 163 1
316 164 1
316 315 1
317 25 1
317 163 1
317 164 1
317 165 1
317 208 1
317 210 1
317 242 1
317 316 1
318 5 1
318 6 1
318 24 1
318 25 1
318 53 1
318 75 1
318 76 1
318 111 1
318 164 1
318 208 1
318 211 1
318 226 1
318 266 1
318 286 1
318 287 1
319 26 1
319 52 1
319 54 1
319 124 1
319 164 1
319 165 1
319 193 1
319 207 1
319 211 1
319 313 1
319 315 1
320 4 1
320 7 1
320 26 1
320 52 1
320 95 1
320 125 1
320 146 1
320 147 1
320 160 1
320 193 1
320 207 1
320 313 1
320 315 1
321 38 1
321 57 1
321 77 1
321 109 1
321 127 1
321 158 1
321 183 1
321 186 1
321 213 1
321 239 1
321 244 1
321 307 1
321 309 1
322 33 1
322 50 1
322 67 1
322 127 1
322 149 1
322 159 1
322 182 1
322 184 1
322 185 1
322 186 1
322 321 1
323 0 1
323 29 1
323 39 1
323 45 1
323 66 1
323 83 1
323 96 1
323 122 1
323 141 1
323 145 1
323 156 1
323 157 1
323 175 1
323 187 1
323 224 1
323 245 1
323 288 1
323 289 1
323 297 1
323 300 1
324 17 1
324 30 1
324 90 1
324 96 1
324 106 1
324 122 1
324 140 1
324 167 1
324 176 1
324 214 1
324 220 1
324 228 1
324 245 1
324 261 1
324 274 1
324 282 1
324 298 1
324 299 1
325 17 1
325 18 1
325 97 1
325 214 1
325 220 1
325 228 1
325 229 1
325 259 1
325 279 1
326 17 1
326 18 1
326 32 1
326 97 1
326 117 1
326 120 1
326 214 1
326 229 1
326 259 1
326 279 1
326 306 1
326 325 1
327 27 1
327 58 1
327 112 1
327 230 1
327 290 1
328 41 1
328 78 1
328 79 1
328 80 1
328 103 1
328 131 1
328 135 1
328 136 1
328 152 1
328 169 1
328 188 1
328 217 1
328 218 1
328 219 1
328 250 1
328 272 1
328 294 1
329 9 1
329 10 1
329 11 1
329 21 1
329 22 1
329 40 1
329 43 1
329 87 1
329 102 1
329 121 1
329 132 1
329 133 1
329 232 1
329 248 1
329 251 1
329 291 1
330 9 1
330 10 1
330 11 1
330 12 1
330 20 1
330 21 1
330 22 1
330 28 1
330 40 1
330 81 1
330 100 1
330 101 1
330 121 1
330 169 1
330 170 1
330 171 1
330 189 1
330 223 1
330 248 1
330 251 1
330 292 1
330 329 1
331 9 1
331 11 1
331 12 1
331 19 1
331 20 1
331 21 1
331 22 1
331 28 1
331 40 1
331 78 1
331 81 1
331 100 1
331 101 1
331 121 1
331 169 1
331 171 1
331 181 1
331 188 1
331 189 1
331 190 1
331 223 1
331 247 1
331 272 1
331 292 1
331 330 1
332 9 1
332 10 1
332 11 1
332 12 1
332 21 1
332 22 1
332 40 1
332 42 1
332 132 1
332 170 1
332 189 1
332 232 1
332 248 1
332 260 1
332 292 1
332 329 1
332 330 1
332 331 1
333 10 1
333 11 1
333 22 1
333 42 1
333 132 1
333 232 1
333 248 1
333 291 1
333 329 1
333 332 1
334 13 1
334 14 1
334 15 1
334 16 1
334 42 1
334 59 1
334 61 1
334 101 1
334 134 1
334 135 1
334 137 1
334 169 1
334 170 1
334 171 1
334 172 1
334 189 1
334 233 1
334 249 1
334 252 1
334 292 1
334 330 1
334 331 1
335 9 1
335 20 1
335 43 1
335 46 1
335 81 1
335 82 1
335 100 1
335 102 1
335 118 1
335 119 1
335 139 1
335 177 1
335 234 1
335 251 1
335 295 1
336 9 1
336 20 1
336 43 1
336 46 1
336 81 1
336 82 1
336 85 1
336 100 1
336 102 1
336 118 1
336 119 1
336 139 1
336 144 1
336 153 1
336 222 1
336 234 1
336 251 1
336 253 1
336 276 1
336 335 1
337 8 1
337 17 1
337 18 1
337 29 1
337 62 1
337 104 1
337 105 1
337 107 1
337 140 1
337 142 1
337 154 1
337 155 1
337 198 1
337 220 1
337 229 1
337 255 1
337 273 1
338 30 1
338 45 1
338 46 1
338 65 1
338 85 1
338 89 1
338 96 1
338 106 1
338 118 1
338 141 1
338 156 1
338 157 1
338 175 1
338 176 1
338 221 1
338 235 1
338 245 1
338 289 1
338 298 1
338 299 1
338 300 1
338 301 1
338 323 1
338 324 1
339 46 1
339 47 1
339 63 1
339 81 1
339 82 1
339 84 1
339 85 1
339 86 1
339 119 1
339 139 1
339 177 1
339 178 1
339 200 1
339 201 1
339 202 1
339 237 1
339 295 1
339 335 1
339 336 1
340 19 1
340 23 1
340 31 1
340 32 1
340 120 1
340 130 1
340 150 1
340 190 1
340 194 1
340 195 1
340 196 1
340 197 1
340 247 1
340 258 1
340 259 1
340 305 1
340 306 1
341 17 1
341 18 1
341 19 1
341 30 1
341 31 1
341 32 1
341 97 1
341 117 1
341 120 1
341 144 1
341 180 1
341 222 1
341 258 1
341 259 1
341 274 1
341 279 1
341 280 1
341 305 1
341 306 1
341 326 1
342 9 1
342 10 1
342 11 1
342 12 1
342 21 1
342 22 1
342 23 1
342 28 1
342 40 1
342 87 1
342 88 1
342 121 1
342 132 1
342 181 1
342 190 1
342 260 1
342 291 1
342 292 1
342 329 1
342 330 1
342 331 1
342 332 1
343 2 1
343 3 1
343 69 1
343 70 1
343 71 1
343 73 1
343 93 1
343 95 1
343 265 1
343 284 1
343 285 1
344 32 1
344 97 1
344 128 1
344 229 1
344 259 1
344 279 1
344 306 1
344 325 1
344 326 1
345 47 1
345 48 1
345 81 1
345 82 1
345 84 1
345 103 1
345 119 1
345 138 1
345 139 1
345 173 1
345 177 1
345 199 1
345 200 1
345 201 1
345 202 1
345 257 1
345 295 1
345 335 1
345 339 1
346 69 1
346 70 1
346 93 1
346 95 1
346 205 1
346 206 1
346 262 1
346 263 1
346 283 1
346 284 1
346 310 1
347 3 1
347 4 1
347 7 1
347 73 1
347 74 1
347 95 1
347 125 1
347 146 1
347 160 1
347 320 1
347 343 1
348 6 1
348 24 1
348 36 1
348 75 1
348 76 1
348 161 1
348 286 1
348 287 1
348 318 1
349 5 1
349 25 1
349 75 1
349 163 1
349 164 1
349 165 1
349 210 1
349 211 1
349 226 1
349 286 1
349 287 1
349 316 1
349 317 1
349 318 1
350 38 1
350 57 1
350 77 1
350 109 1
350 127 1
350 183 1
350 204 1
350 213 1
350 239 1
350 244 1
350 307 1
350 308 1
350 309 1
350 321 1
351 12 1
351 19 1
351 21 1
351 28 1
351 41 1
351 78 1
351 79 1
351 88 1
351 100 1
351 101 1
351 131 1
351 169 1
351 171 1
351 188 1
351 190 1
351 197 1
351 217 1
351 223 1
351 233 1
351 247 1
351 272 1
351 292 1
351 330 1
351 331 1
352 9 1
352 19 1
352 20 1
352 21 1
352 40 1
352 43 1
352 78 1
352 81 1
352 82 1
352 100 1
352 102 1
352 119 1
352 135 1
352 136 1
352 139 1
352 144 1
352 169 1
352 222 1
352 223 1
352 251 1
352 295 1
352 304 1
352 330 1
352 331 1
352 335 1
352 336 1
352 339 1
353 30 1
353 45 1
353 46 1
353 85 1
353 96 1
353 106 1
353 118 1
353 119 1
353 141 1
353 175 1
353 176 1
353 221 1
353 234 1
353 235 1
353 256 1
353 274 1
353 276 1
353 296 1
353 298 1
353 299 1
353 300 1
353 301 1
353 336 1
353 338 1
354 43 1
354 45 1
354 46 1
354 84 1
354 85 1
354 102 1
354 118 1
354 119 1
354 139 1
354 144 1
354 153 1
354 176 1
354 177 1
354 178 1
354 221 1
354 234 1
354 235 1
354 251 1
354 276 1
354 304 1
354 335 1
354 336 1
354 339 1
354 352 1
354 353 1
355 17 1
355 30 1
355 31 1
355 64 1
355 106 1
355 117 1
355 120 1
355 143 1
355 144 1
355 167 1
355 176 1
355 178 1
355 179 1
355 180 1
355 214 1
355 215 1
355 222 1
355 228 1
355 235 1
355 236 1
355 274 1
355 279 1
355 280 1
355 298 1
355 299 1
355 304 1
355 305 1
355 341 1
356 19 1
356 23 1
356 31 1
356 32 1
356 120 1
356 130 1
356 144 1
356 180 1
356 195 1
356 196 1
356 197 1
356 222 1
356 223 1
356 258 1
356 259 1
356 279 1
356 305 1
356 306 1
356 340 1
356 341 1
357 9 1
357 19 1
357 20 1
357 21 1
357 31 1
357 40 1
357 43 1
357 100 1
357 121 1
357 144 1
357 181 1
357 222 1
357 223 1
357 280 1
357 331 1
357 341 1
357 342 1
357 352 1
357 356 1
358 9 1
358 11 1
358 12 1
358 19 1
358 20 1
358 21 1
358 22 1
358 23 1
358 28 1
358 40 1
358 87 1
358 88 1
358 100 1
358 101 1
358 121 1
358 144 1
358 169 1
358 181 1
358 190 1
358 222 1
358 223 1
358 330 1
358 331 1
358 340 1
358 342 1
358 351 1
358 356 1
358 357 1
359 12 1
359 23 1
359 28 1
359 88 1
359 99 1
359 129 1
359 150 1
359 181 1
359 190 1
359 260 1
359 342 1
359 351 1
