# minsup
1
# graph
G_portein_file\Argonaute\5KI6.pdb
# node ID, label
0 A
1 A
2 A
3 A
4 A
5 A
6 A
7 A
8 A
9 A
10 A
11 A
12 A
13 A
14 A
15 A
16 A
17 A
18 A
19 A
20 A
21 A
22 A
23 A
24 C
25 C
26 C
27 C
28 C
29 C
30 C
31 C
32 C
33 C
34 C
35 C
36 C
37 D
38 D
39 D
40 D
41 D
42 D
43 D
44 D
45 D
46 D
47 D
48 D
49 D
50 D
51 D
52 D
53 D
54 D
55 D
56 D
57 E
58 E
59 E
60 E
61 E
62 E
63 E
64 E
65 E
66 E
67 E
68 E
69 E
70 E
71 E
72 E
73 E
74 E
75 F
76 F
77 F
78 F
79 F
80 F
81 F
82 F
83 F
84 F
85 F
86 F
87 F
88 F
89 F
90 F
91 F
92 F
93 F
94 F
95 G
96 G
97 G
98 G
99 G
100 G
101 G
102 G
103 G
104 G
105 G
106 G
107 G
108 G
109 G
110 G
111 G
112 G
113 G
114 G
115 G
116 G
117 G
118 H
119 H
120 H
121 H
122 H
123 H
124 H
125 H
126 H
127 H
128 H
129 H
130 H
131 H
132 H
133 I
134 I
135 I
136 I
137 I
138 I
139 I
140 I
141 I
142 I
143 I
144 I
145 I
146 I
147 I
148 I
149 I
150 I
151 I
152 I
153 I
154 I
155 I
156 I
157 I
158 I
159 I
160 K
161 K
162 K
163 K
164 K
165 K
166 K
167 K
168 K
169 K
170 K
171 K
172 K
173 K
174 K
175 K
176 K
177 K
178 K
179 K
180 L
181 L
182 L
183 L
184 L
185 L
186 L
187 L
188 L
189 L
190 L
191 L
192 L
193 L
194 L
195 L
196 L
197 L
198 L
199 L
200 L
201 L
202 L
203 L
204 L
205 L
206 L
207 L
208 M
209 M
210 M
211 M
212 M
213 M
214 M
215 M
216 N
217 N
218 N
219 N
220 N
221 N
222 N
223 N
224 N
225 P
226 P
227 P
228 P
229 P
230 P
231 P
232 P
233 P
234 P
235 P
236 P
237 P
238 P
239 P
240 P
241 P
242 P
243 P
244 P
245 P
246 P
247 P
248 P
249 Q
250 Q
251 Q
252 Q
253 Q
254 Q
255 Q
256 Q
257 Q
258 Q
259 Q
260 Q
261 Q
262 Q
263 Q
264 Q
265 Q
266 Q
267 Q
268 Q
269 R
270 R
271 R
272 R
273 R
274 R
275 R
276 R
277 R
278 R
279 R
280 R
281 R
282 R
283 R
284 R
285 R
286 R
287 R
288 R
289 R
290 R
291 R
292 R
293 S
294 S
295 S
296 S
297 S
298 S
299 S
300 S
301 S
302 S
303 S
304 S
305 S
306 S
307 S
308 S
309 S
310 S
311 T
312 T
313 T
314 T
315 T
316 T
317 T
318 T
319 T
320 T
321 T
322 T
323 T
324 T
325 T
326 T
327 T
328 T
329 T
330 T
331 T
332 T
333 T
334 T
335 T
336 V
337 V
338 V
339 V
340 V
341 V
342 V
343 V
344 V
345 V
346 V
347 V
348 V
349 V
350 V
351 V
352 V
353 V
354 V
355 V
356 V
357 V
358 V
359 V
360 V
361 V
362 V
363 V
364 V
365 V
366 V
367 V
368 W
369 W
370 W
371 Y
372 Y
373 Y
374 Y
375 Y
376 Y
377 Y
378 Y
379 Y
380 Y
# node ID1, node ID2, number of bounds
4 3 1
5 4 1
6 4 1
6 5 1
7 6 1
10 9 1
11 9 1
11 10 1
13 9 1
13 11 1
15 14 1
16 14 1
16 15 1
17 14 1
17 15 1
17 16 1
19 18 1
21 9 1
21 11 1
21 20 1
22 9 1
22 10 1
22 11 1
22 13 1
22 20 1
22 21 1
23 9 1
23 10 1
23 11 1
23 13 1
23 22 1
25 1 1
26 1 1
27 4 1
27 5 1
27 6 1
28 5 1
28 27 1
29 3 1
30 3 1
30 4 1
30 27 1
30 29 1
31 13 1
31 22 1
32 14 1
32 16 1
32 17 1
33 0 1
33 2 1
34 18 1
34 19 1
35 20 1
35 21 1
44 2 1
45 0 1
46 6 1
46 7 1
47 9 1
47 10 1
47 11 1
47 21 1
47 22 1
47 23 1
49 12 1
50 10 1
50 14 1
50 15 1
50 16 1
51 9 1
51 21 1
51 22 1
51 47 1
53 52 1
55 54 1
58 24 1
58 37 1
59 37 1
59 38 1
60 59 1
62 61 1
64 2 1
64 44 1
65 2 1
65 40 1
65 44 1
65 64 1
66 0 1
66 45 1
66 57 1
67 28 1
67 30 1
69 7 1
69 46 1
70 13 1
70 14 1
70 15 1
70 17 1
70 31 1
71 14 1
71 16 1
71 50 1
72 14 1
72 15 1
72 16 1
72 17 1
72 32 1
72 71 1
73 53 1
74 56 1
75 52 1
75 56 1
76 0 1
76 40 1
76 45 1
76 57 1
76 66 1
77 0 1
77 45 1
77 57 1
77 66 1
77 76 1
78 58 1
78 60 1
80 40 1
80 79 1
81 41 1
81 61 1
81 62 1
82 25 1
83 4 1
83 5 1
83 6 1
83 7 1
83 27 1
83 28 1
84 67 1
84 68 1
85 3 1
85 4 1
85 29 1
85 30 1
86 4 1
86 69 1
87 12 1
87 20 1
87 21 1
87 49 1
88 31 1
88 49 1
88 70 1
89 9 1
89 21 1
89 51 1
89 54 1
89 87 1
90 54 1
90 55 1
90 71 1
90 89 1
91 0 1
91 2 1
91 33 1
91 45 1
92 52 1
92 53 1
92 54 1
92 73 1
92 75 1
93 52 1
93 53 1
93 73 1
93 75 1
93 92 1
94 54 1
94 55 1
94 56 1
94 74 1
94 92 1
95 38 1
96 79 1
97 41 1
98 41 1
98 97 1
99 97 1
99 98 1
100 63 1
101 33 1
101 45 1
101 52 1
102 18 1
102 19 1
102 35 1
103 29 1
103 68 1
104 5 1
104 6 1
104 7 1
104 46 1
104 83 1
105 8 1
106 5 1
107 9 1
107 11 1
107 13 1
107 20 1
107 21 1
107 22 1
107 47 1
107 51 1
107 87 1
107 89 1
108 48 1
109 48 1
109 108 1
110 9 1
110 13 1
110 21 1
110 22 1
110 31 1
110 49 1
110 70 1
110 87 1
110 88 1
110 89 1
110 107 1
111 9 1
111 21 1
111 47 1
111 51 1
112 54 1
112 55 1
112 90 1
113 19 1
114 2 1
114 33 1
114 44 1
114 91 1
114 113 1
115 18 1
115 19 1
115 34 1
115 35 1
115 101 1
115 102 1
116 2 1
116 18 1
116 19 1
116 34 1
116 102 1
116 113 1
116 114 1
117 2 1
117 44 1
117 114 1
117 116 1
119 40 1
119 79 1
119 80 1
119 96 1
120 28 1
120 67 1
120 68 1
120 84 1
121 69 1
121 86 1
122 12 1
122 49 1
123 16 1
123 71 1
124 14 1
124 16 1
124 71 1
124 123 1
125 40 1
125 119 1
126 40 1
126 76 1
126 80 1
126 119 1
126 125 1
127 52 1
127 53 1
127 73 1
127 92 1
127 93 1
128 18 1
128 19 1
128 34 1
128 35 1
128 102 1
128 115 1
128 116 1
129 34 1
129 52 1
129 53 1
129 93 1
129 125 1
130 53 1
130 73 1
130 90 1
130 92 1
130 93 1
130 127 1
130 129 1
131 20 1
131 35 1
131 36 1
131 102 1
131 128 1
132 9 1
132 10 1
132 11 1
132 20 1
132 21 1
132 22 1
132 23 1
132 47 1
132 51 1
132 107 1
132 111 1
133 33 1
133 101 1
134 24 1
134 37 1
134 58 1
134 59 1
134 60 1
134 78 1
135 38 1
135 95 1
136 60 1
136 78 1
137 0 1
137 40 1
137 76 1
137 77 1
137 80 1
137 119 1
137 126 1
138 41 1
138 61 1
138 62 1
138 81 1
139 108 1
140 40 1
140 44 1
140 64 1
140 65 1
140 80 1
140 137 1
141 131 1
142 103 1
142 105 1
143 3 1
143 4 1
143 27 1
143 29 1
143 30 1
143 85 1
144 12 1
144 122 1
144 131 1
144 141 1
145 12 1
145 49 1
145 87 1
145 88 1
145 89 1
145 110 1
146 10 1
146 11 1
146 23 1
146 47 1
146 132 1
147 10 1
147 47 1
147 50 1
147 71 1
147 123 1
147 124 1
148 9 1
148 10 1
148 11 1
148 14 1
148 16 1
148 47 1
148 50 1
148 71 1
148 124 1
148 146 1
148 147 1
149 70 1
149 88 1
150 54 1
150 55 1
150 87 1
150 89 1
150 90 1
150 110 1
150 112 1
150 145 1
151 54 1
151 87 1
151 89 1
151 90 1
151 107 1
151 110 1
151 112 1
151 145 1
151 150 1
152 14 1
152 15 1
152 16 1
152 17 1
152 32 1
152 71 1
152 72 1
152 89 1
152 90 1
152 124 1
152 150 1
153 54 1
153 55 1
153 89 1
153 90 1
153 112 1
153 150 1
153 151 1
153 152 1
154 51 1
154 53 1
154 54 1
154 89 1
154 90 1
154 92 1
154 107 1
154 129 1
154 130 1
154 151 1
154 153 1
155 2 1
155 18 1
155 19 1
155 33 1
155 34 1
155 91 1
155 101 1
155 113 1
155 114 1
155 115 1
155 116 1
155 128 1
155 133 1
156 0 1
156 45 1
156 52 1
156 57 1
156 76 1
156 77 1
156 93 1
156 127 1
157 19 1
157 113 1
157 114 1
157 116 1
157 117 1
157 128 1
158 35 1
158 56 1
158 74 1
158 115 1
159 20 1
159 21 1
159 34 1
159 35 1
159 51 1
159 128 1
159 129 1
159 131 1
160 33 1
160 45 1
160 91 1
160 101 1
160 133 1
161 24 1
161 37 1
161 58 1
161 60 1
161 78 1
161 134 1
161 136 1
162 24 1
162 58 1
162 134 1
162 161 1
163 38 1
163 59 1
163 95 1
163 135 1
164 37 1
164 58 1
164 59 1
164 60 1
164 78 1
164 134 1
164 136 1
164 161 1
165 41 1
165 61 1
165 62 1
165 81 1
165 138 1
166 63 1
166 82 1
166 100 1
167 43 1
167 139 1
168 64 1
168 65 1
168 140 1
169 57 1
169 66 1
169 76 1
169 77 1
170 29 1
170 103 1
170 105 1
170 142 1
171 67 1
171 68 1
171 84 1
171 120 1
172 3 1
172 4 1
172 6 1
172 27 1
172 30 1
172 67 1
172 83 1
172 85 1
172 143 1
173 8 1
173 86 1
173 105 1
173 121 1
174 106 1
175 48 1
175 108 1
175 109 1
176 88 1
176 145 1
176 149 1
177 51 1
177 111 1
177 125 1
177 126 1
177 129 1
177 159 1
178 33 1
178 91 1
178 114 1
179 0 1
179 45 1
179 52 1
179 76 1
179 127 1
179 156 1
180 0 1
180 33 1
180 45 1
180 91 1
180 101 1
180 133 1
180 155 1
180 160 1
181 59 1
181 60 1
181 78 1
181 134 1
181 163 1
181 164 1
182 78 1
182 136 1
183 39 1
183 40 1
183 57 1
183 76 1
183 77 1
183 137 1
183 169 1
184 42 1
185 25 1
185 82 1
186 43 1
186 97 1
186 98 1
186 139 1
186 167 1
187 40 1
187 64 1
187 65 1
187 80 1
187 137 1
187 140 1
187 168 1
188 18 1
188 56 1
188 101 1
188 115 1
188 158 1
189 27 1
189 28 1
189 30 1
189 67 1
189 68 1
189 84 1
189 120 1
189 143 1
189 171 1
190 3 1
190 8 1
190 69 1
190 85 1
190 86 1
190 121 1
190 173 1
191 3 1
191 8 1
191 29 1
191 105 1
191 142 1
191 170 1
191 173 1
191 190 1
192 4 1
192 5 1
192 27 1
192 28 1
192 83 1
192 106 1
192 174 1
193 12 1
193 122 1
193 131 1
193 141 1
193 144 1
194 9 1
194 13 1
194 20 1
194 21 1
194 22 1
194 31 1
194 87 1
194 89 1
194 90 1
194 107 1
194 110 1
194 145 1
194 150 1
194 151 1
195 9 1
195 10 1
195 11 1
195 14 1
195 15 1
195 16 1
195 17 1
195 50 1
195 70 1
195 71 1
195 72 1
195 124 1
195 147 1
195 148 1
195 152 1
196 13 1
196 15 1
196 17 1
196 31 1
196 70 1
196 88 1
196 110 1
196 145 1
196 149 1
196 194 1
197 15 1
197 17 1
197 32 1
197 70 1
197 88 1
197 110 1
197 145 1
197 149 1
197 150 1
197 176 1
197 196 1
198 16 1
198 71 1
198 90 1
198 123 1
198 124 1
198 147 1
198 154 1
199 14 1
199 16 1
199 17 1
199 71 1
199 72 1
199 89 1
199 90 1
199 123 1
199 124 1
199 152 1
199 153 1
199 195 1
199 198 1
200 14 1
200 16 1
200 17 1
200 32 1
200 71 1
200 72 1
200 123 1
200 124 1
200 152 1
200 195 1
200 198 1
200 199 1
201 0 1
201 2 1
201 33 1
201 34 1
201 45 1
201 76 1
201 91 1
201 101 1
201 126 1
201 155 1
201 160 1
201 180 1
202 18 1
202 34 1
202 52 1
202 53 1
202 93 1
202 101 1
202 115 1
202 128 1
202 129 1
202 158 1
202 159 1
202 188 1
203 53 1
203 54 1
203 73 1
203 90 1
203 92 1
203 123 1
203 130 1
203 154 1
203 198 1
203 199 1
204 56 1
204 74 1
204 93 1
204 94 1
204 158 1
205 35 1
205 56 1
205 74 1
205 158 1
205 204 1
206 20 1
206 21 1
206 35 1
206 87 1
206 131 1
206 158 1
206 159 1
206 193 1
206 205 1
207 11 1
207 13 1
207 21 1
207 22 1
207 23 1
207 47 1
207 132 1
208 57 1
208 76 1
208 77 1
208 169 1
208 183 1
209 57 1
209 76 1
209 77 1
209 156 1
209 183 1
209 208 1
210 57 1
210 76 1
210 77 1
210 137 1
210 156 1
210 169 1
210 179 1
210 183 1
210 208 1
210 209 1
211 40 1
211 64 1
211 65 1
211 66 1
211 77 1
211 137 1
211 140 1
211 168 1
211 169 1
211 187 1
212 0 1
212 45 1
212 57 1
212 66 1
212 76 1
212 77 1
212 91 1
212 137 1
212 140 1
212 169 1
212 180 1
212 183 1
212 201 1
212 211 1
213 4 1
213 6 1
213 46 1
213 69 1
213 86 1
213 121 1
213 172 1
213 173 1
213 190 1
214 12 1
214 31 1
214 49 1
214 87 1
214 88 1
214 110 1
214 122 1
214 145 1
214 196 1
214 197 1
215 10 1
215 11 1
215 13 1
215 14 1
215 15 1
215 16 1
215 17 1
215 50 1
215 70 1
215 110 1
215 148 1
215 152 1
215 195 1
215 196 1
215 197 1
216 0 1
216 40 1
216 45 1
216 57 1
216 66 1
216 76 1
216 77 1
216 91 1
216 126 1
216 137 1
216 140 1
216 156 1
216 183 1
216 201 1
216 210 1
216 212 1
217 97 1
218 0 1
218 40 1
218 57 1
218 76 1
218 77 1
218 119 1
218 126 1
218 137 1
218 156 1
218 183 1
218 209 1
218 210 1
218 212 1
218 216 1
219 43 1
219 97 1
219 186 1
220 8 1
220 86 1
220 105 1
220 121 1
220 173 1
220 190 1
220 191 1
221 122 1
221 131 1
221 141 1
221 144 1
221 193 1
222 12 1
222 20 1
222 49 1
222 122 1
222 144 1
222 193 1
222 206 1
222 214 1
222 221 1
223 2 1
223 18 1
223 19 1
223 33 1
223 34 1
223 91 1
223 113 1
223 114 1
223 116 1
223 117 1
223 155 1
223 157 1
223 178 1
223 201 1
224 54 1
224 55 1
224 94 1
224 112 1
224 150 1
224 151 1
224 153 1
225 54 1
225 55 1
225 73 1
225 92 1
225 203 1
226 53 1
226 54 1
226 73 1
226 92 1
226 127 1
226 203 1
226 225 1
227 73 1
227 75 1
227 92 1
227 94 1
227 225 1
227 226 1
228 24 1
228 37 1
228 58 1
228 78 1
228 134 1
228 136 1
228 161 1
228 162 1
228 164 1
229 24 1
229 58 1
229 162 1
230 95 1
230 135 1
231 97 1
231 98 1
231 99 1
231 217 1
232 127 1
232 156 1
232 183 1
232 208 1
232 209 1
232 210 1
233 2 1
233 33 1
233 44 1
233 64 1
233 65 1
233 91 1
233 114 1
233 117 1
233 178 1
233 223 1
234 18 1
234 35 1
234 102 1
234 115 1
234 131 1
234 141 1
234 158 1
234 188 1
235 5 1
235 6 1
235 27 1
235 28 1
235 83 1
235 192 1
236 3 1
236 29 1
236 30 1
236 85 1
236 103 1
236 142 1
236 143 1
236 170 1
236 171 1
237 46 1
237 69 1
237 86 1
237 121 1
237 190 1
237 213 1
238 5 1
238 27 1
238 28 1
238 83 1
238 106 1
238 174 1
238 192 1
238 235 1
239 7 1
239 104 1
239 106 1
239 174 1
239 192 1
240 12 1
240 49 1
240 88 1
240 145 1
240 150 1
240 176 1
241 12 1
241 20 1
241 49 1
241 87 1
241 110 1
241 122 1
241 144 1
241 145 1
241 193 1
241 206 1
241 214 1
241 221 1
241 222 1
242 87 1
242 88 1
242 112 1
242 145 1
242 150 1
242 151 1
242 176 1
242 197 1
242 240 1
243 32 1
243 55 1
243 112 1
243 150 1
243 151 1
243 153 1
243 176 1
243 224 1
243 242 1
244 18 1
244 19 1
244 33 1
244 34 1
244 91 1
244 102 1
244 113 1
244 114 1
244 115 1
244 116 1
244 128 1
244 133 1
244 155 1
244 188 1
244 223 1
245 53 1
245 73 1
245 92 1
245 127 1
245 156 1
245 179 1
245 226 1
245 232 1
246 18 1
246 34 1
246 93 1
246 115 1
246 116 1
246 125 1
246 126 1
246 128 1
246 129 1
246 155 1
246 159 1
246 177 1
246 201 1
246 202 1
247 20 1
247 21 1
247 35 1
247 87 1
247 107 1
247 131 1
247 159 1
247 194 1
247 205 1
247 206 1
248 9 1
248 13 1
248 20 1
248 21 1
248 22 1
248 31 1
248 35 1
248 47 1
248 51 1
248 87 1
248 89 1
248 107 1
248 110 1
248 132 1
248 159 1
248 194 1
248 206 1
248 207 1
248 222 1
248 241 1
248 247 1
249 0 1
249 33 1
249 45 1
249 66 1
249 76 1
249 91 1
249 101 1
249 160 1
249 180 1
249 201 1
249 212 1
249 216 1
250 118 1
250 135 1
250 230 1
251 39 1
251 40 1
251 79 1
251 80 1
251 96 1
251 119 1
251 126 1
251 137 1
251 183 1
251 218 1
252 61 1
252 62 1
252 81 1
252 138 1
252 184 1
253 61 1
253 62 1
253 138 1
253 184 1
253 252 1
254 1 1
254 25 1
254 26 1
254 82 1
255 63 1
255 100 1
255 166 1
256 63 1
256 100 1
256 166 1
256 255 1
257 0 1
257 2 1
257 33 1
257 40 1
257 44 1
257 64 1
257 65 1
257 91 1
257 140 1
257 168 1
257 187 1
257 201 1
257 212 1
257 216 1
257 233 1
257 249 1
258 18 1
258 19 1
258 102 1
258 113 1
258 115 1
258 116 1
258 128 1
258 155 1
258 234 1
258 244 1
259 5 1
259 6 1
259 27 1
259 28 1
259 67 1
259 83 1
259 120 1
259 172 1
259 235 1
260 5 1
260 28 1
260 67 1
260 120 1
260 235 1
260 238 1
260 259 1
261 103 1
261 142 1
261 170 1
261 236 1
262 3 1
262 29 1
262 30 1
262 68 1
262 85 1
262 103 1
262 170 1
262 171 1
262 236 1
262 261 1
263 4 1
263 5 1
263 6 1
263 7 1
263 27 1
263 46 1
263 83 1
263 104 1
263 192 1
263 235 1
263 238 1
264 28 1
264 84 1
264 120 1
264 189 1
264 260 1
265 31 1
265 70 1
265 88 1
265 110 1
265 149 1
265 196 1
265 197 1
265 214 1
266 51 1
266 111 1
266 125 1
266 129 1
266 130 1
266 154 1
266 159 1
266 177 1
266 246 1
267 52 1
267 53 1
267 56 1
267 74 1
267 93 1
267 94 1
267 115 1
267 158 1
267 188 1
267 202 1
267 204 1
267 205 1
268 20 1
268 35 1
268 115 1
268 131 1
268 141 1
268 158 1
268 188 1
268 193 1
268 204 1
268 205 1
268 206 1
268 234 1
268 247 1
268 267 1
269 52 1
269 53 1
269 73 1
269 75 1
269 92 1
269 94 1
269 127 1
269 225 1
269 226 1
269 227 1
269 245 1
270 101 1
270 133 1
270 188 1
271 38 1
271 95 1
271 135 1
271 163 1
271 230 1
272 78 1
272 136 1
272 182 1
273 39 1
273 79 1
273 80 1
273 96 1
273 119 1
273 251 1
274 39 1
274 57 1
274 76 1
274 77 1
274 127 1
274 156 1
274 183 1
274 208 1
274 209 1
274 210 1
274 218 1
274 232 1
274 251 1
275 2 1
275 40 1
275 44 1
275 64 1
275 65 1
275 91 1
275 117 1
275 140 1
275 168 1
275 233 1
275 257 1
276 65 1
276 140 1
276 168 1
276 187 1
276 211 1
277 52 1
277 101 1
277 115 1
277 133 1
277 160 1
277 180 1
277 188 1
277 202 1
277 244 1
277 270 1
279 5 1
279 28 1
279 67 1
279 235 1
279 259 1
279 260 1
280 69 1
280 86 1
280 121 1
280 173 1
280 190 1
280 213 1
280 220 1
280 237 1
281 84 1
281 120 1
281 264 1
282 12 1
282 31 1
282 49 1
282 110 1
282 122 1
282 144 1
282 214 1
282 222 1
282 241 1
282 248 1
283 14 1
283 15 1
283 16 1
283 17 1
283 32 1
283 70 1
283 72 1
283 88 1
283 149 1
283 152 1
283 195 1
283 196 1
283 197 1
283 215 1
283 265 1
284 55 1
284 87 1
284 89 1
284 112 1
284 145 1
284 150 1
284 151 1
284 153 1
284 176 1
284 224 1
284 240 1
284 242 1
284 243 1
285 9 1
285 21 1
285 22 1
285 47 1
285 51 1
285 71 1
285 89 1
285 90 1
285 107 1
285 111 1
285 130 1
285 151 1
285 154 1
285 194 1
285 198 1
285 248 1
285 266 1
286 14 1
286 16 1
286 17 1
286 32 1
286 71 1
286 72 1
286 112 1
286 124 1
286 152 1
286 153 1
286 199 1
286 200 1
286 243 1
286 283 1
287 51 1
287 111 1
287 125 1
287 126 1
287 129 1
287 177 1
287 246 1
287 266 1
288 0 1
288 2 1
288 34 1
288 40 1
288 76 1
288 91 1
288 125 1
288 126 1
288 137 1
288 155 1
288 180 1
288 201 1
288 216 1
288 218 1
288 223 1
288 246 1
288 249 1
288 257 1
288 275 1
289 2 1
289 33 1
289 91 1
289 113 1
289 114 1
289 155 1
289 178 1
289 223 1
289 233 1
289 244 1
290 34 1
290 116 1
290 117 1
290 125 1
290 126 1
290 128 1
290 129 1
290 155 1
290 177 1
290 201 1
290 202 1
290 223 1
290 246 1
290 266 1
290 287 1
290 288 1
291 20 1
291 36 1
292 19 1
292 35 1
292 36 1
292 102 1
292 128 1
292 131 1
292 258 1
292 291 1
293 39 1
293 40 1
293 76 1
293 119 1
293 126 1
293 137 1
293 183 1
293 210 1
293 218 1
293 251 1
293 273 1
293 274 1
294 57 1
294 76 1
294 127 1
294 156 1
294 179 1
294 209 1
294 210 1
294 232 1
294 245 1
294 274 1
295 41 1
295 61 1
295 62 1
295 81 1
295 138 1
295 165 1
295 252 1
296 42 1
296 184 1
297 2 1
297 44 1
297 64 1
297 113 1
297 114 1
297 116 1
297 117 1
297 157 1
297 223 1
297 233 1
297 257 1
297 275 1
298 40 1
298 44 1
298 64 1
298 65 1
298 66 1
298 137 1
298 140 1
298 168 1
298 187 1
298 211 1
298 212 1
298 216 1
298 257 1
298 275 1
298 276 1
299 131 1
299 141 1
299 144 1
299 193 1
299 234 1
299 268 1
300 67 1
300 68 1
300 84 1
300 120 1
300 171 1
300 189 1
300 264 1
300 281 1
301 6 1
301 7 1
301 46 1
301 69 1
301 83 1
301 86 1
301 104 1
301 213 1
301 237 1
301 263 1
301 280 1
302 12 1
302 13 1
302 20 1
302 31 1
302 49 1
302 87 1
302 88 1
302 107 1
302 110 1
302 122 1
302 145 1
302 194 1
302 196 1
302 197 1
302 214 1
302 222 1
302 241 1
302 248 1
302 265 1
302 282 1
303 2 1
303 19 1
303 44 1
303 113 1
303 114 1
303 116 1
303 117 1
303 155 1
303 157 1
303 223 1
303 233 1
303 289 1
303 297 1
304 18 1
304 19 1
304 34 1
304 35 1
304 102 1
304 115 1
304 116 1
304 128 1
304 131 1
304 155 1
304 159 1
304 188 1
304 202 1
304 206 1
304 234 1
304 244 1
304 246 1
304 247 1
304 258 1
304 268 1
304 290 1
304 292 1
305 2 1
305 18 1
305 19 1
305 34 1
305 91 1
305 114 1
305 116 1
305 117 1
305 128 1
305 155 1
305 157 1
305 201 1
305 223 1
305 244 1
305 246 1
305 288 1
305 290 1
305 297 1
305 303 1
305 304 1
306 34 1
306 93 1
306 125 1
306 128 1
306 129 1
306 159 1
306 177 1
306 202 1
306 246 1
306 247 1
306 266 1
306 287 1
306 288 1
306 290 1
306 304 1
306 305 1
307 56 1
307 74 1
307 75 1
307 92 1
307 94 1
307 204 1
307 224 1
307 227 1
307 267 1
307 269 1
308 52 1
308 53 1
308 56 1
308 74 1
308 75 1
308 92 1
308 93 1
308 94 1
308 158 1
308 204 1
308 205 1
308 227 1
308 267 1
308 269 1
308 307 1
309 18 1
309 19 1
309 20 1
309 34 1
309 35 1
309 36 1
309 102 1
309 115 1
309 128 1
309 131 1
309 159 1
309 206 1
309 234 1
309 247 1
309 258 1
309 268 1
309 292 1
309 304 1
310 18 1
310 19 1
310 20 1
310 34 1
310 35 1
310 115 1
310 116 1
310 128 1
310 131 1
310 159 1
310 177 1
310 202 1
310 246 1
310 247 1
310 290 1
310 292 1
310 304 1
310 305 1
310 306 1
310 309 1
311 101 1
311 133 1
311 160 1
311 180 1
311 188 1
311 270 1
311 277 1
312 118 1
312 250 1
313 60 1
313 78 1
313 118 1
313 136 1
313 164 1
313 182 1
313 272 1
314 42 1
314 184 1
314 296 1
315 1 1
315 25 1
315 82 1
315 185 1
315 254 1
316 43 1
316 97 1
316 98 1
316 167 1
316 186 1
316 219 1
317 0 1
317 45 1
317 57 1
317 66 1
317 76 1
317 77 1
317 156 1
317 169 1
317 179 1
317 180 1
317 201 1
317 210 1
317 212 1
317 216 1
317 249 1
318 45 1
318 52 1
318 101 1
318 133 1
318 160 1
318 179 1
318 180 1
318 249 1
318 270 1
318 277 1
318 311 1
319 5 1
319 27 1
319 28 1
319 67 1
319 120 1
319 171 1
319 189 1
319 235 1
319 259 1
319 260 1
319 264 1
319 279 1
320 68 1
320 84 1
320 103 1
320 120 1
320 143 1
320 171 1
320 189 1
320 236 1
320 262 1
320 300 1
321 8 1
321 105 1
321 121 1
321 173 1
321 190 1
321 191 1
321 220 1
321 280 1
322 5 1
322 7 1
322 83 1
322 104 1
322 106 1
322 174 1
322 192 1
322 238 1
322 239 1
323 9 1
323 10 1
323 11 1
323 13 1
323 15 1
323 22 1
323 23 1
323 31 1
323 70 1
323 110 1
323 195 1
323 196 1
323 215 1
324 112 1
324 145 1
324 150 1
324 153 1
324 176 1
324 224 1
324 240 1
324 242 1
324 243 1
324 284 1
325 54 1
325 55 1
325 87 1
325 89 1
325 90 1
325 94 1
325 112 1
325 150 1
325 151 1
325 153 1
325 154 1
325 199 1
325 203 1
325 204 1
325 224 1
325 243 1
325 284 1
326 0 1
326 40 1
326 76 1
326 125 1
326 126 1
326 129 1
326 137 1
326 156 1
326 177 1
326 201 1
326 216 1
326 218 1
326 246 1
326 287 1
326 288 1
326 290 1
326 305 1
326 306 1
327 0 1
327 33 1
327 45 1
327 91 1
327 133 1
327 155 1
327 160 1
327 178 1
327 180 1
327 201 1
327 233 1
327 249 1
327 289 1
327 318 1
328 18 1
328 34 1
328 101 1
328 115 1
328 128 1
328 133 1
328 155 1
328 180 1
328 188 1
328 201 1
328 202 1
328 244 1
328 246 1
328 270 1
328 277 1
328 304 1
328 311 1
328 318 1
329 18 1
329 34 1
329 52 1
329 56 1
329 93 1
329 101 1
329 115 1
329 129 1
329 133 1
329 158 1
329 188 1
329 202 1
329 244 1
329 246 1
329 267 1
329 277 1
329 304 1
329 306 1
329 311 1
329 318 1
329 328 1
330 52 1
330 53 1
330 75 1
330 93 1
330 101 1
330 127 1
330 156 1
330 179 1
330 245 1
330 294 1
330 318 1
330 329 1
331 52 1
331 53 1
331 73 1
331 92 1
331 93 1
331 127 1
331 129 1
331 130 1
331 156 1
331 179 1
331 232 1
331 245 1
331 274 1
331 294 1
331 330 1
332 2 1
332 44 1
332 91 1
332 114 1
332 116 1
332 117 1
332 155 1
332 157 1
332 201 1
332 223 1
332 233 1
332 246 1
332 257 1
332 275 1
332 288 1
332 290 1
332 297 1
332 303 1
332 305 1
333 20 1
333 35 1
333 56 1
333 74 1
333 131 1
333 158 1
333 159 1
333 202 1
333 204 1
333 205 1
333 206 1
333 247 1
333 267 1
333 268 1
333 304 1
334 20 1
334 35 1
334 36 1
334 122 1
334 131 1
334 141 1
334 144 1
334 193 1
334 206 1
334 221 1
334 222 1
334 241 1
334 247 1
334 248 1
334 268 1
334 282 1
334 291 1
334 292 1
334 309 1
335 36 1
335 102 1
335 131 1
335 141 1
335 221 1
335 291 1
335 292 1
335 309 1
335 334 1
336 38 1
336 59 1
336 95 1
336 135 1
336 163 1
336 181 1
336 271 1
337 60 1
337 78 1
337 118 1
337 134 1
337 136 1
337 161 1
337 164 1
337 181 1
337 182 1
337 272 1
337 313 1
338 39 1
338 293 1
339 39 1
339 338 1
340 39 1
340 57 1
340 76 1
340 77 1
340 137 1
340 183 1
340 208 1
340 209 1
340 210 1
340 218 1
340 232 1
340 251 1
340 274 1
340 293 1
340 338 1
340 339 1
341 40 1
341 65 1
341 79 1
341 80 1
341 119 1
341 126 1
341 137 1
341 140 1
341 187 1
341 251 1
341 257 1
341 275 1
341 298 1
342 1 1
342 25 1
342 26 1
342 82 1
342 254 1
342 315 1
343 26 1
343 63 1
343 100 1
343 166 1
343 255 1
343 256 1
344 0 1
344 33 1
344 45 1
344 52 1
344 91 1
344 101 1
344 133 1
344 156 1
344 160 1
344 179 1
344 180 1
344 201 1
344 212 1
344 249 1
344 277 1
344 317 1
344 318 1
344 327 1
344 330 1
345 18 1
345 34 1
345 101 1
345 115 1
345 133 1
345 155 1
345 188 1
345 202 1
345 234 1
345 244 1
345 270 1
345 277 1
345 304 1
345 311 1
345 328 1
345 329 1
346 18 1
346 19 1
346 102 1
346 234 1
346 244 1
346 258 1
346 292 1
346 309 1
347 18 1
347 19 1
347 36 1
347 102 1
347 128 1
347 131 1
347 234 1
347 258 1
347 292 1
347 309 1
347 335 1
347 346 1
348 3 1
348 8 1
348 29 1
348 85 1
348 103 1
348 105 1
348 142 1
348 170 1
348 191 1
348 236 1
348 261 1
348 262 1
349 28 1
349 67 1
349 84 1
349 120 1
349 171 1
349 189 1
349 264 1
349 300 1
349 319 1
349 320 1
350 4 1
350 6 1
350 7 1
350 46 1
350 69 1
350 83 1
350 86 1
350 104 1
350 213 1
350 237 1
350 263 1
350 280 1
350 301 1
351 7 1
351 46 1
351 83 1
351 104 1
351 174 1
351 192 1
351 238 1
351 239 1
351 263 1
351 301 1
351 322 1
351 350 1
352 69 1
352 86 1
352 237 1
352 280 1
352 350 1
353 28 1
353 84 1
353 120 1
353 171 1
353 189 1
353 192 1
353 264 1
353 281 1
353 300 1
353 319 1
353 320 1
354 12 1
354 49 1
354 87 1
354 88 1
354 112 1
354 145 1
354 150 1
354 151 1
354 176 1
354 194 1
354 214 1
354 240 1
354 241 1
354 242 1
354 243 1
354 284 1
354 302 1
354 324 1
355 9 1
355 10 1
355 11 1
355 22 1
355 23 1
355 47 1
355 51 1
355 111 1
355 132 1
355 146 1
355 147 1
355 148 1
355 285 1
356 9 1
356 10 1
356 11 1
356 13 1
356 21 1
356 22 1
356 23 1
356 31 1
356 47 1
356 89 1
356 107 1
356 110 1
356 132 1
356 148 1
356 194 1
356 195 1
356 196 1
356 215 1
356 248 1
356 285 1
356 323 1
356 355 1
357 9 1
357 11 1
357 13 1
357 20 1
357 21 1
357 22 1
357 31 1
357 47 1
357 87 1
357 89 1
357 107 1
357 110 1
357 132 1
357 194 1
357 196 1
357 207 1
357 214 1
357 215 1
357 248 1
357 302 1
357 323 1
357 356 1
358 14 1
358 15 1
358 16 1
358 17 1
358 32 1
358 50 1
358 70 1
358 72 1
358 110 1
358 149 1
358 152 1
358 194 1
358 195 1
358 196 1
358 197 1
358 215 1
358 265 1
358 283 1
358 286 1
358 323 1
358 356 1
358 357 1
359 71 1
359 123 1
359 124 1
359 147 1
359 148 1
359 198 1
359 199 1
359 200 1
359 203 1
359 285 1
360 9 1
360 21 1
360 51 1
360 53 1
360 89 1
360 90 1
360 111 1
360 129 1
360 130 1
360 154 1
360 198 1
360 203 1
360 266 1
360 285 1
360 359 1
361 9 1
361 21 1
361 47 1
361 51 1
361 53 1
361 89 1
361 90 1
361 93 1
361 107 1
361 111 1
361 129 1
361 130 1
361 154 1
361 159 1
361 177 1
361 247 1
361 266 1
361 285 1
361 287 1
361 306 1
361 360 1
362 2 1
362 18 1
362 19 1
362 33 1
362 113 1
362 114 1
362 116 1
362 155 1
362 157 1
362 178 1
362 223 1
362 244 1
362 258 1
362 289 1
362 303 1
363 34 1
363 52 1
363 53 1
363 75 1
363 93 1
363 101 1
363 115 1
363 129 1
363 133 1
363 156 1
363 179 1
363 180 1
363 201 1
363 202 1
363 246 1
363 267 1
363 277 1
363 318 1
363 328 1
363 329 1
363 330 1
363 331 1
363 344 1
363 345 1
364 53 1
364 54 1
364 73 1
364 89 1
364 90 1
364 92 1
364 93 1
364 94 1
364 130 1
364 154 1
364 203 1
364 204 1
364 225 1
364 226 1
364 269 1
364 325 1
364 360 1
364 361 1
365 20 1
365 35 1
365 36 1
365 131 1
365 144 1
365 221 1
365 222 1
365 282 1
365 291 1
365 292 1
365 334 1
365 335 1
366 18 1
366 19 1
366 20 1
366 34 1
366 35 1
366 36 1
366 102 1
366 128 1
366 131 1
366 159 1
366 206 1
366 247 1
366 291 1
366 292 1
366 304 1
366 309 1
366 310 1
366 334 1
366 335 1
366 347 1
367 9 1
367 10 1
367 11 1
367 13 1
367 22 1
367 23 1
367 31 1
367 47 1
367 132 1
367 146 1
367 207 1
367 323 1
367 355 1
367 356 1
367 357 1
368 36 1
368 102 1
368 141 1
368 258 1
368 292 1
368 309 1
368 335 1
368 346 1
368 347 1
369 3 1
369 29 1
369 30 1
369 85 1
369 103 1
369 105 1
369 142 1
369 143 1
369 170 1
369 190 1
369 191 1
369 236 1
369 261 1
369 262 1
369 348 1
370 54 1
370 55 1
370 89 1
370 90 1
370 92 1
370 112 1
370 130 1
370 153 1
370 154 1
370 198 1
370 199 1
370 203 1
370 224 1
370 225 1
370 226 1
370 325 1
370 360 1
370 364 1
371 4 1
371 5 1
371 6 1
371 27 1
371 28 1
371 30 1
371 83 1
371 143 1
371 172 1
371 213 1
371 235 1
371 259 1
371 263 1
371 301 1
372 3 1
372 8 1
372 29 1
372 85 1
372 105 1
372 121 1
372 173 1
372 190 1
372 191 1
372 220 1
372 321 1
372 348 1
372 369 1
373 13 1
373 20 1
373 22 1
373 31 1
373 49 1
373 87 1
373 88 1
373 107 1
373 110 1
373 145 1
373 194 1
373 196 1
373 214 1
373 222 1
373 241 1
373 248 1
373 265 1
373 282 1
373 302 1
373 357 1
374 9 1
374 20 1
374 21 1
374 22 1
374 47 1
374 51 1
374 87 1
374 89 1
374 90 1
374 107 1
374 130 1
374 150 1
374 151 1
374 154 1
374 159 1
374 194 1
374 247 1
374 248 1
374 285 1
374 325 1
374 333 1
374 356 1
374 357 1
374 360 1
374 361 1
374 364 1
375 34 1
375 52 1
375 53 1
375 93 1
375 101 1
375 115 1
375 129 1
375 130 1
375 156 1
375 177 1
375 201 1
375 202 1
375 246 1
375 266 1
375 267 1
375 288 1
375 290 1
375 304 1
375 306 1
375 326 1
375 328 1
375 329 1
375 330 1
375 331 1
375 361 1
375 363 1
376 51 1
376 52 1
376 53 1
376 92 1
376 93 1
376 129 1
376 130 1
376 154 1
376 159 1
376 177 1
376 202 1
376 203 1
376 246 1
376 266 1
376 267 1
376 285 1
376 306 1
376 333 1
376 360 1
376 361 1
376 364 1
376 374 1
376 375 1
377 18 1
377 20 1
377 34 1
377 35 1
377 74 1
377 115 1
377 128 1
377 131 1
377 158 1
377 159 1
377 188 1
377 202 1
377 204 1
377 205 1
377 206 1
377 234 1
377 247 1
377 267 1
377 268 1
377 304 1
377 309 1
377 310 1
377 328 1
377 329 1
377 333 1
377 334 1
377 366 1
378 20 1
378 35 1
378 36 1
378 131 1
378 144 1
378 159 1
378 206 1
378 221 1
378 222 1
378 247 1
378 248 1
378 268 1
378 282 1
378 291 1
378 292 1
378 309 1
378 334 1
378 335 1
378 365 1
378 366 1
379 9 1
379 20 1
379 21 1
379 22 1
379 35 1
379 47 1
379 51 1
379 107 1
379 132 1
379 159 1
379 207 1
379 247 1
379 248 1
379 310 1
379 357 1
379 366 1
379 367 1
379 374 1
379 378 1
380 9 1
380 11 1
380 13 1
380 20 1
380 21 1
380 22 1
380 23 1
380 31 1
380 47 1
380 107 1
380 110 1
380 132 1
380 159 1
380 194 1
380 207 1
380 247 1
380 248 1
380 356 1
380 357 1
380 365 1
380 367 1
380 373 1
380 378 1
380 379 1
