# minsup
1
# graph
G_portein_file\Argonaute\5T7B.pdb
# node ID, label
0 A
1 A
2 A
3 A
4 A
5 A
6 A
7 A
8 A
9 A
10 A
11 A
12 A
13 A
14 A
15 A
16 A
17 A
18 A
19 A
20 A
21 A
22 A
23 A
24 A
25 A
26 A
27 C
28 C
29 C
30 C
31 C
32 C
33 C
34 C
35 C
36 C
37 D
38 D
39 D
40 D
41 D
42 D
43 D
44 D
45 D
46 D
47 D
48 D
49 D
50 D
51 D
52 D
53 D
54 E
55 E
56 E
57 E
58 E
59 E
60 E
61 E
62 E
63 E
64 E
65 E
66 E
67 E
68 E
69 E
70 E
71 E
72 F
73 F
74 F
75 F
76 F
77 F
78 F
79 F
80 F
81 F
82 F
83 F
84 F
85 F
86 F
87 F
88 F
89 F
90 F
91 F
92 F
93 G
94 G
95 G
96 G
97 G
98 G
99 G
100 G
101 G
102 G
103 G
104 G
105 G
106 G
107 G
108 G
109 G
110 G
111 H
112 H
113 H
114 H
115 H
116 H
117 H
118 H
119 H
120 H
121 H
122 H
123 H
124 H
125 H
126 H
127 H
128 H
129 I
130 I
131 I
132 I
133 I
134 I
135 I
136 I
137 I
138 I
139 I
140 I
141 I
142 I
143 I
144 I
145 I
146 I
147 I
148 I
149 I
150 I
151 I
152 K
153 K
154 K
155 K
156 K
157 K
158 K
159 K
160 K
161 K
162 K
163 K
164 K
165 K
166 K
167 K
168 K
169 K
170 K
171 K
172 K
173 L
174 L
175 L
176 L
177 L
178 L
179 L
180 L
181 L
182 L
183 L
184 L
185 L
186 L
187 L
188 L
189 L
190 L
191 L
192 L
193 L
194 L
195 L
196 L
197 L
198 L
199 L
200 L
201 L
202 L
203 L
204 M
205 M
206 M
207 M
208 M
209 M
210 M
211 M
212 M
213 M
214 N
215 N
216 N
217 N
218 N
219 N
220 N
221 N
222 N
223 N
224 N
225 N
226 P
227 P
228 P
229 P
230 P
231 P
232 P
233 P
234 P
235 P
236 P
237 P
238 P
239 P
240 P
241 P
242 P
243 P
244 P
245 P
246 P
247 P
248 P
249 P
250 P
251 P
252 P
253 P
254 P
255 Q
256 Q
257 Q
258 Q
259 Q
260 Q
261 Q
262 Q
263 Q
264 Q
265 Q
266 Q
267 Q
268 Q
269 Q
270 Q
271 Q
272 Q
273 Q
274 Q
275 Q
276 R
277 R
278 R
279 R
280 R
281 R
282 R
283 R
284 R
285 R
286 R
287 R
288 R
289 R
290 R
291 R
292 R
293 R
294 R
295 R
296 R
297 R
298 R
299 R
300 R
301 R
302 S
303 S
304 S
305 S
306 S
307 S
308 S
309 S
310 S
311 S
312 S
313 S
314 S
315 S
316 S
317 S
318 S
319 S
320 S
321 S
322 S
323 S
324 S
325 S
326 S
327 S
328 S
329 S
330 T
331 T
332 T
333 T
334 T
335 T
336 T
337 T
338 T
339 T
340 T
341 T
342 T
343 T
344 T
345 T
346 T
347 T
348 T
349 T
350 T
351 T
352 T
353 T
354 V
355 V
356 V
357 V
358 V
359 V
360 V
361 V
362 V
363 V
364 V
365 V
366 V
367 V
368 V
369 V
370 V
371 V
372 V
373 V
374 V
375 V
376 V
377 V
378 V
379 V
380 V
381 V
382 V
383 V
384 W
385 W
386 W
387 Y
388 Y
389 Y
390 Y
391 Y
392 Y
393 Y
394 Y
395 Y
396 Y
397 Y
398 Y
399 Y
# node ID1, node ID2, number of bounds
3 2 1
5 4 1
10 9 1
11 10 1
14 13 1
15 13 1
15 14 1
17 15 1
19 18 1
20 18 1
20 19 1
21 18 1
21 19 1
21 20 1
23 22 1
25 13 1
25 15 1
25 24 1
26 13 1
26 14 1
26 15 1
26 17 1
26 24 1
26 25 1
27 4 1
27 5 1
28 9 1
28 10 1
29 9 1
29 28 1
30 8 1
31 8 1
31 28 1
31 30 1
32 18 1
32 20 1
32 21 1
33 0 1
33 6 1
34 22 1
34 23 1
35 24 1
35 25 1
39 1 1
41 6 1
42 0 1
42 33 1
43 11 1
44 16 1
45 14 1
45 15 1
45 18 1
45 19 1
45 20 1
47 46 1
49 48 1
54 37 1
59 27 1
60 6 1
60 41 1
61 40 1
61 41 1
61 60 1
63 29 1
63 31 1
65 11 1
65 43 1
66 17 1
66 18 1
66 19 1
66 21 1
68 18 1
68 20 1
68 45 1
69 33 1
70 47 1
71 50 1
73 46 1
73 50 1
74 0 1
74 40 1
74 42 1
74 54 1
75 0 1
75 37 1
75 42 1
75 54 1
75 74 1
76 1 1
77 2 1
78 2 1
78 3 1
78 77 1
79 2 1
79 40 1
79 61 1
79 77 1
79 78 1
81 4 1
81 5 1
82 9 1
82 10 1
82 11 1
82 28 1
82 29 1
83 8 1
83 30 1
83 31 1
84 65 1
85 16 1
86 16 1
86 24 1
86 25 1
86 44 1
87 13 1
87 25 1
87 48 1
87 86 1
88 48 1
88 49 1
88 68 1
88 87 1
89 0 1
89 6 1
89 33 1
89 42 1
89 69 1
90 46 1
90 47 1
90 48 1
90 70 1
90 73 1
91 46 1
91 47 1
91 70 1
91 73 1
91 90 1
92 48 1
92 49 1
92 50 1
92 71 1
93 46 1
93 50 1
93 71 1
93 73 1
93 91 1
94 50 1
94 93 1
95 38 1
96 77 1
97 2 1
97 40 1
97 77 1
97 78 1
97 79 1
98 33 1
98 42 1
98 46 1
98 94 1
99 22 1
99 23 1
99 35 1
100 8 1
100 30 1
100 64 1
101 10 1
101 11 1
101 43 1
101 65 1
101 82 1
102 12 1
103 13 1
103 15 1
103 17 1
103 24 1
103 25 1
103 26 1
103 86 1
103 87 1
104 13 1
104 17 1
104 25 1
104 26 1
104 44 1
104 66 1
104 86 1
104 87 1
104 103 1
105 48 1
105 49 1
105 88 1
106 23 1
106 69 1
107 6 1
107 23 1
107 33 1
107 41 1
107 69 1
107 89 1
107 106 1
108 22 1
108 23 1
108 34 1
108 35 1
108 94 1
108 98 1
108 99 1
109 6 1
109 22 1
109 23 1
109 34 1
109 99 1
109 106 1
109 107 1
110 6 1
110 41 1
110 107 1
110 109 1
112 39 1
112 76 1
113 2 1
113 40 1
113 77 1
113 79 1
113 96 1
113 97 1
114 4 1
114 5 1
114 80 1
115 29 1
115 63 1
115 64 1
116 65 1
116 84 1
117 16 1
117 44 1
117 85 1
118 18 1
118 20 1
118 68 1
119 40 1
119 113 1
120 40 1
120 74 1
120 113 1
120 119 1
121 46 1
121 47 1
121 70 1
121 90 1
121 91 1
122 22 1
122 23 1
122 34 1
122 35 1
122 99 1
122 108 1
122 109 1
123 34 1
123 46 1
123 47 1
123 91 1
123 119 1
124 47 1
124 67 1
124 70 1
124 88 1
124 90 1
124 91 1
124 121 1
124 123 1
125 24 1
125 35 1
125 36 1
125 99 1
125 122 1
126 13 1
126 14 1
126 15 1
126 24 1
126 25 1
126 26 1
126 103 1
127 52 1
128 53 1
129 33 1
129 69 1
129 94 1
129 98 1
130 38 1
130 95 1
131 0 1
131 40 1
131 74 1
131 75 1
131 79 1
131 113 1
131 120 1
132 56 1
133 3 1
134 40 1
134 41 1
134 60 1
134 61 1
134 79 1
134 131 1
135 37 1
135 62 1
136 125 1
137 100 1
138 16 1
138 117 1
138 125 1
138 136 1
139 16 1
139 44 1
139 85 1
139 86 1
139 87 1
139 104 1
140 14 1
140 45 1
140 68 1
140 118 1
141 13 1
141 14 1
141 15 1
141 18 1
141 20 1
141 45 1
141 68 1
141 118 1
141 140 1
142 66 1
143 48 1
143 49 1
143 86 1
143 87 1
143 88 1
143 104 1
143 105 1
143 139 1
144 48 1
144 86 1
144 87 1
144 88 1
144 103 1
144 104 1
144 105 1
144 139 1
144 143 1
145 18 1
145 19 1
145 20 1
145 21 1
145 32 1
145 68 1
145 87 1
145 88 1
145 118 1
145 143 1
146 48 1
146 49 1
146 87 1
146 88 1
146 105 1
146 143 1
146 144 1
146 145 1
147 47 1
147 48 1
147 87 1
147 88 1
147 90 1
147 103 1
147 123 1
147 124 1
147 144 1
147 146 1
148 6 1
148 22 1
148 23 1
148 33 1
148 34 1
148 69 1
148 89 1
148 98 1
148 106 1
148 107 1
148 108 1
148 109 1
148 122 1
148 129 1
149 0 1
149 42 1
149 46 1
149 47 1
149 54 1
149 74 1
149 75 1
149 91 1
149 121 1
150 35 1
150 50 1
150 71 1
150 93 1
150 94 1
150 108 1
151 24 1
151 25 1
151 34 1
151 35 1
151 122 1
151 123 1
151 125 1
152 33 1
152 42 1
152 69 1
152 89 1
152 98 1
152 129 1
153 55 1
154 111 1
155 56 1
155 132 1
156 57 1
157 58 1
157 80 1
158 7 1
158 60 1
158 61 1
158 134 1
159 37 1
159 54 1
159 74 1
159 75 1
160 8 1
160 30 1
160 100 1
160 102 1
160 137 1
161 63 1
161 64 1
161 115 1
162 8 1
162 10 1
162 28 1
162 30 1
162 31 1
162 82 1
162 83 1
163 12 1
163 84 1
163 102 1
163 116 1
164 29 1
166 139 1
166 142 1
167 119 1
167 120 1
167 123 1
167 151 1
168 33 1
168 69 1
168 89 1
168 107 1
169 6 1
169 106 1
169 107 1
169 109 1
169 110 1
170 0 1
170 42 1
170 46 1
170 74 1
170 121 1
170 149 1
171 11 1
171 43 1
171 51 1
172 52 1
172 127 1
173 0 1
173 33 1
173 42 1
173 69 1
173 89 1
173 98 1
173 129 1
173 148 1
173 152 1
175 1 1
175 39 1
175 135 1
176 7 1
176 76 1
176 112 1
177 39 1
177 54 1
177 74 1
177 75 1
177 131 1
177 159 1
178 80 1
179 4 1
179 27 1
180 4 1
180 5 1
180 27 1
180 59 1
180 81 1
180 179 1
181 4 1
181 27 1
181 59 1
181 179 1
181 180 1
182 7 1
182 40 1
182 60 1
182 61 1
182 79 1
182 97 1
182 131 1
182 134 1
182 158 1
183 22 1
183 34 1
183 50 1
183 94 1
183 98 1
183 108 1
183 150 1
184 136 1
184 138 1
185 28 1
185 29 1
185 31 1
185 63 1
185 64 1
185 115 1
185 161 1
186 8 1
186 12 1
186 83 1
186 84 1
186 116 1
186 163 1
187 36 1
188 16 1
188 117 1
188 125 1
188 136 1
188 138 1
188 184 1
189 117 1
189 136 1
189 138 1
189 184 1
189 188 1
190 13 1
190 17 1
190 24 1
190 25 1
190 26 1
190 86 1
190 87 1
190 88 1
190 103 1
190 104 1
190 139 1
190 143 1
190 144 1
191 13 1
191 14 1
191 15 1
191 18 1
191 19 1
191 20 1
191 21 1
191 45 1
191 66 1
191 68 1
191 118 1
191 140 1
191 141 1
191 145 1
192 17 1
192 19 1
192 21 1
192 66 1
192 104 1
192 139 1
192 142 1
192 190 1
193 19 1
193 21 1
193 32 1
193 66 1
193 104 1
193 139 1
193 142 1
193 143 1
193 166 1
193 192 1
194 18 1
194 20 1
194 68 1
194 72 1
194 87 1
194 88 1
194 118 1
194 145 1
194 146 1
194 191 1
195 18 1
195 20 1
195 21 1
195 68 1
195 72 1
195 118 1
195 145 1
195 191 1
195 194 1
196 0 1
196 6 1
196 33 1
196 34 1
196 42 1
196 74 1
196 89 1
196 98 1
196 120 1
196 148 1
196 152 1
196 173 1
197 22 1
197 34 1
197 46 1
197 47 1
197 91 1
197 98 1
197 108 1
197 122 1
197 123 1
197 150 1
197 151 1
197 183 1
198 47 1
198 48 1
198 70 1
198 72 1
198 88 1
198 90 1
198 124 1
198 147 1
198 194 1
199 50 1
199 71 1
199 91 1
199 92 1
199 93 1
199 150 1
200 35 1
200 50 1
200 71 1
200 85 1
200 150 1
200 199 1
201 24 1
201 25 1
201 35 1
201 86 1
201 125 1
201 150 1
201 151 1
201 188 1
201 200 1
202 15 1
202 17 1
202 25 1
202 26 1
202 126 1
203 17 1
203 53 1
203 128 1
204 37 1
204 54 1
204 74 1
204 75 1
204 135 1
204 159 1
204 177 1
205 1 1
205 39 1
205 112 1
205 135 1
205 175 1
205 176 1
205 177 1
206 37 1
206 54 1
206 74 1
206 75 1
206 149 1
206 175 1
206 177 1
206 204 1
207 37 1
207 54 1
207 74 1
207 75 1
207 131 1
207 149 1
207 159 1
207 170 1
207 177 1
207 204 1
207 206 1
208 7 1
208 40 1
208 60 1
208 61 1
208 75 1
208 131 1
208 134 1
208 158 1
208 159 1
208 182 1
209 37 1
209 54 1
209 75 1
209 135 1
209 159 1
209 204 1
210 0 1
210 42 1
210 54 1
210 74 1
210 75 1
210 89 1
210 131 1
210 134 1
210 159 1
210 173 1
210 177 1
210 196 1
210 208 1
211 10 1
211 43 1
211 65 1
211 84 1
211 116 1
211 162 1
211 163 1
211 186 1
212 9 1
212 28 1
212 29 1
212 82 1
212 164 1
213 14 1
213 15 1
213 17 1
213 18 1
213 19 1
213 20 1
213 21 1
213 45 1
213 66 1
213 104 1
213 141 1
213 145 1
213 191 1
213 192 1
213 193 1
214 0 1
214 40 1
214 42 1
214 54 1
214 74 1
214 75 1
214 89 1
214 120 1
214 131 1
214 134 1
214 149 1
214 177 1
214 196 1
214 207 1
214 210 1
215 0 1
215 40 1
215 54 1
215 74 1
215 75 1
215 113 1
215 120 1
215 131 1
215 149 1
215 177 1
215 206 1
215 207 1
215 210 1
215 214 1
217 12 1
217 84 1
217 102 1
217 116 1
217 163 1
217 186 1
218 36 1
218 187 1
219 117 1
219 125 1
219 136 1
219 138 1
219 184 1
219 187 1
219 188 1
219 189 1
220 13 1
220 14 1
220 15 1
220 25 1
220 26 1
220 103 1
220 126 1
220 140 1
220 141 1
220 202 1
221 16 1
221 24 1
221 44 1
221 104 1
221 117 1
221 138 1
221 188 1
221 201 1
221 219 1
222 13 1
222 25 1
222 26 1
222 87 1
222 103 1
222 126 1
222 147 1
222 151 1
222 167 1
222 220 1
223 33 1
223 69 1
223 107 1
223 168 1
224 6 1
224 22 1
224 23 1
224 33 1
224 34 1
224 69 1
224 89 1
224 106 1
224 107 1
224 109 1
224 110 1
224 122 1
224 148 1
224 169 1
224 196 1
225 48 1
225 49 1
225 92 1
225 105 1
225 143 1
225 144 1
225 146 1
226 48 1
226 70 1
226 72 1
226 88 1
226 90 1
226 124 1
226 198 1
227 47 1
227 48 1
227 49 1
227 70 1
227 72 1
227 90 1
227 198 1
227 226 1
228 47 1
228 48 1
228 70 1
228 90 1
228 121 1
228 198 1
228 226 1
228 227 1
229 70 1
229 73 1
229 90 1
229 92 1
229 93 1
229 227 1
229 228 1
230 55 1
230 153 1
231 95 1
231 130 1
233 70 1
233 174 1
233 228 1
234 7 1
234 77 1
234 112 1
234 176 1
234 205 1
235 77 1
235 79 1
235 96 1
235 97 1
235 113 1
235 234 1
236 54 1
236 121 1
236 149 1
236 170 1
236 177 1
236 204 1
236 206 1
236 207 1
237 80 1
237 157 1
237 178 1
238 4 1
238 27 1
238 114 1
238 179 1
238 180 1
238 181 1
239 4 1
239 5 1
239 27 1
239 59 1
239 81 1
239 179 1
239 180 1
239 181 1
239 238 1
240 6 1
240 33 1
240 41 1
240 60 1
240 61 1
240 89 1
240 107 1
240 110 1
240 168 1
240 224 1
241 22 1
241 35 1
241 94 1
241 99 1
241 108 1
241 125 1
241 136 1
241 150 1
241 183 1
242 35 1
242 125 1
242 136 1
242 138 1
242 150 1
242 183 1
242 184 1
242 188 1
242 189 1
242 200 1
242 201 1
242 241 1
243 22 1
243 99 1
243 125 1
243 136 1
243 241 1
243 242 1
244 9 1
244 10 1
244 28 1
244 29 1
244 82 1
244 212 1
245 8 1
245 30 1
245 31 1
245 83 1
245 100 1
245 137 1
245 160 1
245 161 1
245 185 1
246 11 1
246 43 1
246 65 1
246 84 1
246 116 1
246 186 1
246 211 1
247 16 1
247 24 1
247 44 1
247 85 1
247 86 1
247 104 1
247 117 1
247 138 1
247 139 1
247 188 1
247 201 1
247 219 1
247 221 1
248 32 1
248 86 1
248 105 1
248 139 1
248 143 1
248 144 1
248 166 1
248 193 1
249 32 1
249 49 1
249 105 1
249 143 1
249 144 1
249 146 1
249 166 1
249 225 1
249 248 1
250 22 1
250 23 1
250 33 1
250 34 1
250 69 1
250 99 1
250 106 1
250 107 1
250 108 1
250 109 1
250 122 1
250 129 1
250 148 1
250 183 1
250 224 1
251 47 1
251 70 1
251 90 1
251 121 1
251 149 1
251 170 1
251 206 1
251 228 1
251 233 1
251 236 1
252 22 1
252 34 1
252 91 1
252 108 1
252 109 1
252 119 1
252 120 1
252 122 1
252 123 1
252 148 1
252 151 1
252 167 1
252 196 1
252 197 1
253 24 1
253 25 1
253 35 1
253 86 1
253 103 1
253 125 1
253 151 1
253 190 1
253 200 1
253 201 1
254 13 1
254 17 1
254 24 1
254 25 1
254 26 1
254 35 1
254 86 1
254 87 1
254 103 1
254 104 1
254 126 1
254 151 1
254 190 1
254 201 1
254 202 1
254 220 1
254 221 1
254 222 1
254 247 1
254 253 1
255 0 1
255 33 1
255 42 1
255 74 1
255 75 1
255 89 1
255 98 1
255 152 1
255 173 1
255 196 1
255 210 1
255 214 1
256 39 1
256 40 1
256 77 1
256 79 1
256 96 1
256 113 1
256 120 1
256 131 1
256 177 1
256 205 1
256 215 1
256 234 1
257 4 1
257 5 1
257 27 1
257 80 1
257 114 1
257 238 1
258 80 1
258 178 1
258 237 1
259 58 1
259 157 1
260 58 1
260 157 1
260 259 1
261 0 1
261 6 1
261 40 1
261 41 1
261 60 1
261 61 1
261 89 1
261 134 1
261 158 1
261 182 1
261 196 1
261 210 1
261 214 1
261 240 1
261 255 1
262 22 1
262 94 1
262 99 1
262 108 1
262 150 1
262 183 1
262 241 1
262 242 1
262 243 1
263 22 1
263 23 1
263 99 1
263 106 1
263 108 1
263 109 1
263 122 1
263 148 1
263 241 1
263 243 1
263 250 1
264 9 1
264 10 1
264 28 1
264 29 1
264 63 1
264 82 1
264 115 1
264 185 1
264 244 1
265 9 1
265 29 1
265 115 1
265 164 1
265 212 1
265 244 1
265 264 1
266 100 1
266 137 1
266 160 1
266 245 1
267 8 1
267 30 1
267 31 1
267 64 1
267 83 1
267 100 1
267 137 1
267 160 1
267 161 1
267 245 1
267 266 1
268 9 1
268 10 1
268 11 1
268 28 1
268 43 1
268 82 1
268 101 1
268 244 1
269 29 1
269 115 1
269 164 1
269 185 1
269 212 1
269 265 1
270 66 1
270 104 1
270 142 1
270 192 1
270 193 1
271 119 1
271 123 1
271 124 1
271 147 1
271 151 1
271 167 1
271 222 1
271 252 1
272 46 1
272 47 1
272 50 1
272 71 1
272 91 1
272 92 1
272 93 1
272 108 1
272 150 1
272 183 1
272 197 1
272 199 1
272 200 1
272 201 1
273 24 1
273 35 1
273 108 1
273 125 1
273 136 1
273 150 1
273 183 1
273 188 1
273 189 1
273 199 1
273 200 1
273 201 1
273 241 1
273 242 1
273 253 1
273 262 1
273 272 1
274 52 1
274 127 1
274 172 1
275 53 1
275 128 1
275 203 1
276 46 1
276 47 1
276 70 1
276 73 1
276 90 1
276 91 1
276 92 1
276 121 1
276 226 1
276 227 1
276 228 1
276 229 1
276 251 1
277 94 1
277 98 1
277 108 1
277 129 1
277 183 1
277 262 1
278 38 1
278 95 1
278 130 1
278 231 1
279 174 1
279 233 1
279 251 1
280 39 1
280 76 1
280 77 1
280 112 1
280 175 1
280 176 1
280 205 1
280 234 1
280 235 1
280 256 1
281 39 1
281 77 1
281 79 1
281 96 1
281 113 1
281 235 1
281 256 1
281 280 1
282 57 1
282 156 1
283 6 1
283 40 1
283 41 1
283 60 1
283 61 1
283 89 1
283 110 1
283 134 1
283 158 1
283 214 1
283 240 1
283 261 1
284 62 1
284 135 1
284 209 1
285 46 1
285 93 1
285 94 1
285 98 1
285 108 1
285 129 1
285 152 1
285 173 1
285 183 1
285 197 1
285 250 1
285 262 1
285 277 1
286 216 1
287 9 1
287 29 1
287 63 1
287 244 1
287 264 1
287 265 1
288 65 1
288 84 1
288 116 1
288 163 1
288 186 1
288 211 1
288 217 1
288 246 1
289 115 1
289 164 1
289 212 1
289 269 1
290 16 1
290 44 1
290 104 1
290 117 1
290 221 1
290 247 1
290 254 1
291 18 1
291 19 1
291 20 1
291 21 1
291 32 1
291 66 1
291 142 1
291 145 1
291 191 1
291 192 1
291 193 1
291 213 1
291 270 1
292 48 1
292 49 1
292 85 1
292 86 1
292 87 1
292 105 1
292 139 1
292 143 1
292 144 1
292 146 1
292 166 1
292 225 1
292 248 1
292 249 1
293 13 1
293 25 1
293 26 1
293 68 1
293 87 1
293 88 1
293 103 1
293 124 1
293 144 1
293 147 1
293 190 1
293 220 1
293 222 1
293 254 1
293 271 1
294 119 1
294 120 1
294 123 1
294 167 1
294 222 1
294 252 1
294 271 1
295 0 1
295 6 1
295 40 1
295 74 1
295 89 1
295 119 1
295 120 1
295 131 1
295 173 1
295 196 1
295 214 1
295 215 1
295 224 1
295 252 1
295 255 1
295 261 1
295 283 1
296 6 1
296 33 1
296 69 1
296 89 1
296 106 1
296 107 1
296 109 1
296 148 1
296 168 1
296 169 1
296 223 1
296 224 1
296 240 1
296 250 1
297 34 1
297 109 1
297 110 1
297 119 1
297 120 1
297 122 1
297 123 1
297 167 1
297 196 1
297 197 1
297 224 1
297 252 1
297 271 1
297 294 1
297 295 1
298 24 1
298 36 1
298 187 1
298 218 1
299 23 1
299 35 1
299 36 1
299 99 1
299 122 1
299 125 1
299 243 1
299 263 1
299 298 1
300 51 1
300 52 1
300 127 1
300 165 1
300 274 1
301 17 1
301 53 1
301 128 1
301 203 1
301 270 1
301 275 1
301 290 1
302 50 1
302 71 1
302 73 1
302 93 1
302 94 1
302 150 1
302 183 1
302 262 1
302 272 1
302 277 1
302 285 1
303 70 1
303 174 1
303 233 1
303 251 1
303 279 1
304 2 1
304 40 1
304 77 1
304 79 1
304 96 1
304 97 1
304 113 1
304 131 1
304 234 1
304 235 1
304 256 1
304 280 1
304 281 1
305 78 1
305 97 1
306 305 1
307 39 1
307 40 1
307 74 1
307 113 1
307 120 1
307 131 1
307 175 1
307 177 1
307 205 1
307 207 1
307 215 1
307 256 1
307 280 1
307 281 1
307 304 1
308 54 1
308 121 1
308 149 1
308 170 1
308 206 1
308 207 1
308 236 1
308 251 1
309 2 1
309 40 1
309 77 1
309 78 1
309 79 1
309 97 1
309 113 1
309 120 1
309 131 1
309 256 1
309 304 1
310 56 1
310 132 1
310 155 1
312 6 1
312 41 1
312 106 1
312 107 1
312 109 1
312 110 1
312 169 1
312 224 1
312 240 1
312 261 1
312 283 1
313 7 1
313 40 1
313 41 1
313 60 1
313 61 1
313 131 1
313 134 1
313 158 1
313 182 1
313 208 1
313 210 1
313 214 1
313 261 1
313 283 1
314 7 1
314 134 1
314 158 1
314 182 1
314 208 1
314 313 1
315 7 1
315 158 1
315 182 1
315 208 1
315 314 1
316 125 1
316 136 1
316 138 1
316 184 1
316 188 1
316 189 1
316 241 1
316 242 1
316 243 1
316 262 1
316 273 1
317 63 1
317 64 1
317 115 1
317 161 1
317 185 1
317 269 1
317 289 1
318 10 1
318 11 1
318 43 1
318 65 1
318 82 1
318 84 1
318 101 1
318 211 1
318 246 1
318 268 1
319 36 1
319 187 1
319 218 1
320 16 1
320 17 1
320 24 1
320 44 1
320 86 1
320 103 1
320 104 1
320 117 1
320 139 1
320 190 1
320 192 1
320 193 1
320 221 1
320 247 1
320 254 1
320 270 1
320 290 1
321 67 1
321 119 1
321 222 1
321 271 1
321 294 1
322 6 1
322 23 1
322 41 1
322 106 1
322 107 1
322 109 1
322 110 1
322 148 1
322 169 1
322 224 1
322 240 1
322 296 1
322 312 1
323 22 1
323 23 1
323 34 1
323 35 1
323 99 1
323 108 1
323 109 1
323 122 1
323 125 1
323 148 1
323 151 1
323 183 1
323 197 1
323 201 1
323 241 1
323 250 1
323 252 1
323 253 1
323 263 1
323 273 1
323 297 1
323 299 1
324 6 1
324 22 1
324 23 1
324 34 1
324 89 1
324 107 1
324 109 1
324 110 1
324 122 1
324 148 1
324 196 1
324 224 1
324 250 1
324 252 1
324 295 1
324 297 1
324 312 1
324 322 1
324 323 1
325 34 1
325 91 1
325 119 1
325 122 1
325 123 1
325 151 1
325 167 1
325 197 1
325 252 1
325 253 1
325 271 1
325 294 1
325 297 1
325 323 1
325 324 1
326 50 1
326 71 1
326 73 1
326 90 1
326 92 1
326 93 1
326 199 1
326 225 1
326 229 1
326 272 1
326 276 1
327 46 1
327 47 1
327 50 1
327 71 1
327 73 1
327 90 1
327 91 1
327 92 1
327 93 1
327 150 1
327 199 1
327 200 1
327 229 1
327 272 1
327 276 1
327 302 1
327 326 1
328 22 1
328 23 1
328 24 1
328 34 1
328 35 1
328 36 1
328 99 1
328 108 1
328 122 1
328 125 1
328 151 1
328 201 1
328 241 1
328 242 1
328 243 1
328 253 1
328 263 1
328 273 1
328 299 1
328 323 1
329 22 1
329 23 1
329 24 1
329 34 1
329 35 1
329 109 1
329 122 1
329 125 1
329 151 1
329 167 1
329 197 1
329 252 1
329 253 1
329 297 1
329 299 1
329 323 1
329 324 1
329 325 1
329 328 1
330 50 1
330 73 1
330 93 1
330 94 1
330 183 1
330 277 1
330 285 1
330 302 1
330 327 1
331 94 1
331 98 1
331 129 1
331 152 1
331 173 1
331 183 1
331 277 1
331 285 1
331 302 1
331 330 1
332 111 1
332 154 1
333 4 1
333 5 1
333 80 1
333 114 1
333 178 1
333 237 1
333 257 1
334 4 1
334 5 1
334 80 1
334 81 1
334 114 1
334 178 1
334 237 1
334 257 1
334 333 1
335 0 1
335 42 1
335 54 1
335 74 1
335 75 1
335 149 1
335 159 1
335 170 1
335 173 1
335 196 1
335 207 1
335 210 1
335 214 1
335 255 1
336 33 1
336 42 1
336 46 1
336 98 1
336 129 1
336 152 1
336 170 1
336 173 1
336 255 1
336 277 1
336 285 1
336 331 1
337 9 1
337 28 1
337 29 1
337 63 1
337 115 1
337 161 1
337 185 1
337 244 1
337 264 1
337 265 1
337 269 1
337 287 1
337 317 1
338 12 1
338 102 1
338 116 1
338 163 1
338 186 1
338 217 1
338 288 1
339 13 1
339 14 1
339 15 1
339 17 1
339 19 1
339 26 1
339 66 1
339 104 1
339 191 1
339 192 1
339 203 1
339 213 1
340 105 1
340 139 1
340 143 1
340 146 1
340 166 1
340 225 1
340 248 1
340 249 1
340 292 1
341 48 1
341 49 1
341 86 1
341 87 1
341 88 1
341 92 1
341 105 1
341 143 1
341 144 1
341 146 1
341 147 1
341 194 1
341 198 1
341 199 1
341 225 1
341 249 1
341 292 1
342 0 1
342 40 1
342 74 1
342 119 1
342 120 1
342 123 1
342 131 1
342 149 1
342 167 1
342 196 1
342 214 1
342 215 1
342 252 1
342 294 1
342 295 1
342 297 1
342 324 1
342 325 1
343 0 1
343 33 1
343 42 1
343 69 1
343 89 1
343 129 1
343 148 1
343 152 1
343 168 1
343 173 1
343 196 1
343 223 1
343 255 1
343 296 1
343 336 1
344 22 1
344 23 1
344 34 1
344 94 1
344 98 1
344 108 1
344 122 1
344 129 1
344 148 1
344 173 1
344 183 1
344 196 1
344 197 1
344 250 1
344 252 1
344 262 1
344 277 1
344 285 1
344 323 1
344 331 1
344 336 1
345 22 1
345 34 1
345 46 1
345 91 1
345 93 1
345 94 1
345 98 1
345 108 1
345 123 1
345 129 1
345 150 1
345 183 1
345 197 1
345 250 1
345 252 1
345 272 1
345 277 1
345 285 1
345 302 1
345 323 1
345 325 1
345 331 1
345 336 1
345 344 1
346 46 1
346 47 1
346 73 1
346 91 1
346 93 1
346 98 1
346 121 1
346 149 1
346 170 1
346 251 1
346 308 1
346 336 1
346 345 1
347 46 1
347 47 1
347 70 1
347 90 1
347 91 1
347 121 1
347 123 1
347 124 1
347 149 1
347 170 1
347 236 1
347 251 1
347 308 1
347 346 1
348 47 1
348 70 1
348 90 1
348 121 1
348 174 1
348 226 1
348 227 1
348 228 1
348 229 1
348 233 1
348 251 1
348 276 1
348 279 1
348 303 1
348 308 1
348 347 1
349 6 1
349 41 1
349 89 1
349 107 1
349 109 1
349 110 1
349 148 1
349 196 1
349 224 1
349 240 1
349 252 1
349 261 1
349 283 1
349 295 1
349 297 1
349 312 1
349 322 1
349 324 1
350 24 1
350 35 1
350 50 1
350 71 1
350 125 1
350 150 1
350 151 1
350 197 1
350 199 1
350 200 1
350 201 1
350 253 1
350 272 1
350 273 1
350 323 1
351 24 1
351 35 1
351 36 1
351 117 1
351 125 1
351 136 1
351 138 1
351 188 1
351 201 1
351 219 1
351 221 1
351 242 1
351 247 1
351 253 1
351 254 1
351 273 1
351 290 1
351 298 1
351 299 1
351 328 1
352 36 1
352 99 1
352 125 1
352 136 1
352 187 1
352 218 1
352 219 1
352 243 1
352 298 1
352 299 1
352 328 1
352 351 1
353 17 1
353 53 1
353 128 1
353 203 1
353 275 1
353 301 1
354 1 1
354 39 1
354 76 1
354 112 1
354 175 1
354 176 1
354 205 1
354 280 1
354 307 1
355 1 1
355 39 1
355 62 1
355 76 1
355 112 1
355 135 1
355 175 1
355 176 1
355 205 1
355 234 1
355 280 1
355 284 1
355 354 1
356 77 1
356 79 1
356 96 1
356 97 1
356 113 1
356 235 1
356 281 1
356 304 1
357 1 1
357 39 1
357 54 1
357 74 1
357 75 1
357 131 1
357 175 1
357 177 1
357 204 1
357 205 1
357 206 1
357 207 1
357 215 1
357 236 1
357 256 1
357 280 1
357 307 1
357 354 1
357 355 1
358 2 1
358 40 1
358 61 1
358 77 1
358 78 1
358 79 1
358 97 1
358 113 1
358 120 1
358 131 1
358 134 1
358 182 1
358 256 1
358 261 1
358 283 1
358 304 1
358 309 1
359 4 1
359 5 1
359 27 1
359 80 1
359 81 1
359 114 1
359 180 1
359 238 1
359 239 1
359 257 1
359 333 1
359 334 1
360 27 1
360 57 1
360 59 1
360 180 1
360 181 1
360 239 1
361 62 1
361 112 1
361 135 1
361 175 1
361 176 1
361 205 1
361 209 1
361 280 1
361 284 1
361 355 1
362 37 1
362 54 1
362 75 1
362 135 1
362 159 1
362 177 1
362 204 1
362 206 1
362 207 1
362 208 1
362 209 1
362 315 1
362 361 1
363 0 1
363 33 1
363 42 1
363 46 1
363 89 1
363 98 1
363 129 1
363 149 1
363 152 1
363 170 1
363 173 1
363 196 1
363 210 1
363 255 1
363 285 1
363 335 1
363 336 1
363 343 1
363 346 1
364 22 1
364 34 1
364 94 1
364 98 1
364 108 1
364 129 1
364 148 1
364 183 1
364 197 1
364 241 1
364 250 1
364 262 1
364 277 1
364 285 1
364 302 1
364 323 1
364 331 1
364 336 1
364 344 1
364 345 1
365 22 1
365 23 1
365 99 1
365 241 1
365 243 1
365 250 1
365 262 1
365 263 1
365 299 1
365 328 1
366 22 1
366 23 1
366 36 1
366 99 1
366 122 1
366 125 1
366 241 1
366 243 1
366 263 1
366 299 1
366 328 1
366 352 1
366 365 1
367 8 1
367 12 1
367 30 1
367 83 1
367 100 1
367 102 1
367 137 1
367 160 1
367 245 1
367 266 1
367 267 1
368 29 1
368 63 1
368 115 1
368 161 1
368 185 1
368 269 1
368 317 1
368 337 1
369 10 1
369 11 1
369 43 1
369 65 1
369 82 1
369 84 1
369 101 1
369 211 1
369 246 1
369 268 1
369 288 1
369 318 1
370 29 1
370 115 1
370 161 1
370 164 1
370 185 1
370 212 1
370 269 1
370 289 1
370 317 1
371 16 1
371 44 1
371 85 1
371 86 1
371 105 1
371 139 1
371 143 1
371 144 1
371 166 1
371 190 1
371 247 1
371 248 1
371 249 1
371 292 1
371 320 1
371 340 1
372 13 1
372 14 1
372 15 1
372 26 1
372 126 1
372 140 1
372 141 1
372 220 1
372 222 1
372 293 1
373 13 1
373 14 1
373 15 1
373 17 1
373 25 1
373 26 1
373 87 1
373 103 1
373 104 1
373 126 1
373 141 1
373 190 1
373 191 1
373 192 1
373 213 1
373 220 1
373 254 1
373 293 1
373 339 1
373 372 1
374 13 1
374 15 1
374 17 1
374 24 1
374 25 1
374 26 1
374 86 1
374 87 1
374 103 1
374 104 1
374 126 1
374 190 1
374 192 1
374 202 1
374 213 1
374 220 1
374 254 1
374 290 1
374 320 1
374 339 1
374 373 1
375 18 1
375 19 1
375 20 1
375 21 1
375 32 1
375 45 1
375 66 1
375 104 1
375 142 1
375 145 1
375 190 1
375 191 1
375 192 1
375 193 1
375 213 1
375 270 1
375 291 1
375 339 1
375 373 1
375 374 1
376 13 1
376 25 1
376 47 1
376 67 1
376 87 1
376 88 1
376 103 1
376 123 1
376 124 1
376 147 1
376 198 1
376 222 1
376 271 1
376 293 1
376 321 1
377 13 1
377 25 1
377 88 1
377 103 1
377 123 1
377 124 1
377 147 1
377 151 1
377 167 1
377 220 1
377 222 1
377 253 1
377 271 1
377 293 1
377 294 1
377 321 1
377 325 1
377 376 1
378 6 1
378 22 1
378 23 1
378 33 1
378 69 1
378 106 1
378 107 1
378 109 1
378 148 1
378 168 1
378 169 1
378 223 1
378 224 1
378 250 1
378 263 1
378 296 1
378 322 1
379 34 1
379 46 1
379 47 1
379 73 1
379 91 1
379 93 1
379 98 1
379 108 1
379 123 1
379 129 1
379 149 1
379 170 1
379 173 1
379 196 1
379 197 1
379 252 1
379 272 1
379 285 1
379 336 1
379 344 1
379 345 1
379 346 1
379 347 1
379 363 1
379 364 1
380 47 1
380 48 1
380 70 1
380 87 1
380 88 1
380 90 1
380 91 1
380 92 1
380 124 1
380 147 1
380 198 1
380 199 1
380 226 1
380 227 1
380 228 1
380 276 1
380 341 1
380 376 1
380 377 1
381 24 1
381 36 1
381 125 1
381 138 1
381 187 1
381 218 1
381 219 1
381 221 1
381 290 1
381 298 1
381 299 1
381 351 1
381 352 1
382 22 1
382 23 1
382 24 1
382 34 1
382 35 1
382 36 1
382 99 1
382 122 1
382 125 1
382 151 1
382 201 1
382 253 1
382 298 1
382 299 1
382 323 1
382 328 1
382 329 1
382 351 1
382 352 1
382 366 1
383 13 1
383 14 1
383 15 1
383 17 1
383 26 1
383 126 1
383 202 1
383 220 1
383 339 1
383 373 1
383 374 1
384 36 1
384 99 1
384 136 1
384 243 1
384 263 1
384 299 1
384 328 1
384 352 1
384 365 1
384 366 1
385 8 1
385 30 1
385 31 1
385 83 1
385 100 1
385 102 1
385 137 1
385 160 1
385 245 1
385 266 1
385 267 1
385 367 1
386 48 1
386 49 1
386 72 1
386 87 1
386 88 1
386 90 1
386 105 1
386 124 1
386 146 1
386 147 1
386 194 1
386 198 1
386 225 1
386 226 1
386 227 1
386 228 1
386 341 1
386 376 1
386 380 1
387 3 1
387 133 1
388 4 1
388 5 1
388 80 1
388 81 1
388 178 1
388 333 1
388 334 1
388 359 1
389 4 1
389 27 1
389 58 1
389 80 1
389 157 1
389 179 1
389 180 1
389 181 1
389 238 1
389 239 1
389 257 1
389 333 1
389 334 1
389 359 1
390 9 1
390 10 1
390 28 1
390 29 1
390 31 1
390 63 1
390 82 1
390 83 1
390 162 1
390 244 1
390 264 1
390 268 1
390 337 1
391 12 1
391 30 1
391 83 1
391 102 1
391 116 1
391 163 1
391 186 1
391 217 1
391 338 1
391 367 1
391 385 1
392 17 1
392 24 1
392 26 1
392 44 1
392 86 1
392 103 1
392 104 1
392 139 1
392 190 1
392 192 1
392 203 1
392 221 1
392 247 1
392 254 1
392 270 1
392 290 1
392 301 1
392 320 1
392 373 1
392 374 1
393 13 1
393 24 1
393 25 1
393 26 1
393 86 1
393 87 1
393 88 1
393 103 1
393 124 1
393 143 1
393 144 1
393 147 1
393 151 1
393 190 1
393 220 1
393 222 1
393 253 1
393 254 1
393 293 1
393 341 1
393 350 1
393 373 1
393 374 1
393 376 1
393 377 1
393 380 1
394 34 1
394 46 1
394 47 1
394 91 1
394 98 1
394 123 1
394 124 1
394 149 1
394 196 1
394 197 1
394 252 1
394 271 1
394 272 1
394 297 1
394 323 1
394 325 1
394 342 1
394 344 1
394 345 1
394 346 1
394 347 1
394 377 1
394 379 1
395 46 1
395 47 1
395 88 1
395 90 1
395 91 1
395 123 1
395 124 1
395 147 1
395 151 1
395 167 1
395 197 1
395 198 1
395 199 1
395 222 1
395 252 1
395 271 1
395 272 1
395 293 1
395 325 1
395 350 1
395 376 1
395 377 1
395 380 1
395 393 1
395 394 1
396 22 1
396 34 1
396 35 1
396 71 1
396 108 1
396 122 1
396 125 1
396 150 1
396 151 1
396 183 1
396 197 1
396 199 1
396 200 1
396 201 1
396 241 1
396 242 1
396 253 1
396 262 1
396 272 1
396 273 1
396 323 1
396 328 1
396 329 1
396 344 1
396 345 1
396 350 1
396 351 1
396 382 1
397 24 1
397 35 1
397 36 1
397 125 1
397 138 1
397 151 1
397 201 1
397 219 1
397 221 1
397 253 1
397 254 1
397 290 1
397 298 1
397 299 1
397 328 1
397 351 1
397 352 1
397 381 1
397 382 1
398 13 1
398 24 1
398 25 1
398 26 1
398 35 1
398 103 1
398 126 1
398 151 1
398 202 1
398 220 1
398 222 1
398 253 1
398 254 1
398 329 1
398 374 1
398 382 1
398 383 1
398 393 1
398 397 1
399 13 1
399 15 1
399 17 1
399 24 1
399 25 1
399 26 1
399 103 1
399 104 1
399 126 1
399 151 1
399 190 1
399 202 1
399 220 1
399 253 1
399 254 1
399 373 1
399 374 1
399 381 1
399 383 1
399 392 1
399 397 1
399 398 1
