# minsup
1
# graph
G_portein_file\Argonaute\5UX0.pdb
# node ID, label
0 A
1 A
2 A
3 A
4 A
5 A
6 A
7 A
8 A
9 A
10 A
11 A
12 A
13 A
14 A
15 D
16 D
17 D
18 D
19 D
20 D
21 D
22 D
23 D
24 D
25 D
26 D
27 D
28 D
29 D
30 D
31 D
32 D
33 D
34 D
35 D
36 D
37 E
38 E
39 E
40 E
41 E
42 E
43 E
44 E
45 E
46 E
47 E
48 E
49 E
50 E
51 E
52 E
53 E
54 E
55 E
56 E
57 E
58 E
59 E
60 E
61 E
62 E
63 E
64 E
65 E
66 E
67 E
68 E
69 E
70 E
71 F
72 F
73 F
74 F
75 F
76 F
77 F
78 F
79 F
80 F
81 F
82 F
83 F
84 F
85 F
86 F
87 F
88 F
89 F
90 G
91 G
92 G
93 G
94 G
95 G
96 G
97 H
98 H
99 H
100 H
101 H
102 H
103 H
104 H
105 H
106 H
107 I
108 I
109 I
110 I
111 I
112 I
113 I
114 I
115 I
116 I
117 I
118 I
119 I
120 I
121 I
122 I
123 I
124 I
125 I
126 I
127 I
128 I
129 I
130 I
131 I
132 I
133 I
134 I
135 I
136 I
137 I
138 I
139 I
140 I
141 I
142 I
143 I
144 I
145 I
146 K
147 K
148 K
149 K
150 K
151 K
152 K
153 K
154 K
155 K
156 K
157 K
158 K
159 K
160 K
161 K
162 K
163 K
164 K
165 K
166 K
167 K
168 K
169 K
170 K
171 K
172 K
173 K
174 K
175 K
176 K
177 K
178 K
179 K
180 K
181 K
182 K
183 K
184 K
185 K
186 K
187 K
188 K
189 K
190 K
191 K
192 K
193 K
194 K
195 K
196 K
197 K
198 K
199 K
200 L
201 L
202 L
203 L
204 L
205 L
206 L
207 L
208 L
209 L
210 L
211 L
212 L
213 L
214 L
215 L
216 L
217 L
218 L
219 L
220 L
221 L
222 L
223 L
224 L
225 L
226 L
227 L
228 L
229 L
230 L
231 L
232 L
233 L
234 L
235 L
236 M
237 M
238 M
239 N
240 N
241 N
242 N
243 N
244 N
245 N
246 N
247 N
248 N
249 N
250 N
251 N
252 N
253 N
254 N
255 N
256 N
257 N
258 N
259 N
260 N
261 N
262 N
263 N
264 N
265 N
266 N
267 N
268 N
269 N
270 N
271 N
272 N
273 N
274 N
275 N
276 P
277 P
278 P
279 P
280 P
281 P
282 P
283 P
284 P
285 P
286 Q
287 Q
288 Q
289 Q
290 Q
291 Q
292 Q
293 Q
294 R
295 R
296 R
297 R
298 R
299 R
300 S
301 S
302 S
303 S
304 S
305 S
306 S
307 S
308 S
309 S
310 S
311 S
312 S
313 S
314 S
315 T
316 T
317 T
318 T
319 T
320 T
321 T
322 T
323 T
324 T
325 T
326 T
327 T
328 T
329 T
330 T
331 V
332 V
333 V
334 V
335 V
336 V
337 V
338 V
339 V
340 V
341 V
342 V
343 V
344 V
345 V
346 V
347 V
348 V
349 W
350 W
351 Y
352 Y
353 Y
354 Y
355 Y
356 Y
357 Y
358 Y
359 Y
360 Y
361 Y
362 Y
363 Y
364 Y
365 Y
366 Y
367 Y
368 Y
369 Y
370 Y
371 Y
372 Y
373 Y
374 Y
375 Y
376 Y
377 Y
378 Y
379 Y
380 Y
# node ID1, node ID2, number of bounds
12 11 1
18 5 1
21 19 1
26 0 1
35 10 1
41 2 1
44 4 1
45 3 1
47 46 1
48 18 1
49 19 1
50 20 1
52 22 1
53 23 1
53 24 1
53 52 1
56 28 1
56 29 1
58 57 1
60 59 1
61 59 1
61 60 1
62 7 1
64 32 1
65 33 1
66 34 1
72 71 1
73 71 1
73 72 1
74 71 1
74 72 1
74 73 1
75 1 1
75 74 1
76 71 1
77 3 1
77 5 1
78 5 1
78 42 1
78 77 1
79 42 1
79 78 1
80 43 1
81 3 1
81 5 1
81 18 1
81 45 1
81 77 1
82 5 1
82 18 1
82 77 1
82 78 1
83 46 1
83 47 1
84 18 1
84 48 1
84 49 1
85 21 1
85 47 1
85 83 1
86 25 1
88 7 1
88 8 1
89 32 1
89 64 1
89 65 1
90 15 1
90 40 1
90 41 1
91 15 1
91 40 1
91 90 1
92 16 1
93 55 1
95 11 1
95 12 1
97 1 1
97 74 1
97 75 1
100 43 1
100 80 1
100 81 1
101 43 1
101 80 1
101 100 1
102 22 1
102 52 1
103 7 1
103 62 1
103 87 1
103 88 1
104 63 1
105 13 1
106 11 1
106 14 1
106 95 1
108 37 1
109 37 1
109 108 1
110 71 1
111 74 1
111 98 1
111 110 1
112 98 1
112 111 1
113 111 1
113 112 1
114 2 1
114 15 1
114 41 1
114 90 1
114 91 1
115 3 1
115 5 1
115 18 1
115 45 1
115 77 1
115 81 1
115 82 1
116 18 1
116 48 1
116 49 1
116 84 1
116 115 1
117 18 1
117 19 1
117 48 1
117 49 1
117 84 1
117 116 1
118 3 1
118 19 1
118 21 1
118 85 1
119 50 1
120 23 1
120 24 1
120 86 1
121 55 1
121 93 1
121 98 1
121 111 1
121 113 1
122 54 1
122 55 1
122 93 1
123 0 1
123 27 1
123 55 1
123 93 1
123 122 1
124 27 1
124 55 1
124 93 1
124 121 1
124 122 1
124 123 1
126 58 1
126 59 1
127 7 1
127 62 1
127 87 1
127 88 1
127 103 1
128 87 1
129 128 1
130 128 1
130 129 1
131 32 1
131 64 1
131 65 1
131 89 1
132 33 1
132 64 1
132 65 1
132 89 1
132 131 1
134 11 1
134 12 1
134 95 1
135 11 1
135 12 1
135 14 1
135 68 1
135 95 1
135 106 1
135 134 1
136 11 1
136 12 1
136 14 1
136 95 1
136 134 1
136 135 1
137 11 1
137 12 1
137 134 1
138 11 1
138 12 1
138 95 1
138 134 1
138 136 1
138 137 1
139 96 1
139 128 1
139 130 1
140 69 1
140 96 1
141 96 1
141 139 1
141 140 1
142 68 1
143 140 1
143 141 1
143 142 1
144 143 1
145 11 1
145 12 1
145 14 1
145 95 1
145 106 1
145 134 1
145 135 1
145 136 1
145 137 1
145 138 1
146 37 1
146 109 1
146 110 1
147 71 1
147 72 1
147 73 1
147 74 1
147 110 1
147 111 1
147 146 1
148 72 1
148 73 1
148 74 1
149 73 1
149 74 1
149 148 1
150 74 1
150 111 1
150 113 1
150 148 1
150 149 1
151 98 1
151 110 1
151 111 1
151 112 1
151 113 1
151 121 1
151 150 1
152 74 1
152 75 1
152 97 1
152 113 1
152 150 1
153 16 1
153 92 1
155 154 1
156 0 1
156 17 1
157 3 1
157 45 1
157 49 1
157 81 1
157 115 1
158 5 1
158 42 1
158 78 1
158 79 1
158 82 1
159 42 1
159 78 1
159 79 1
159 158 1
160 42 1
160 43 1
160 78 1
160 79 1
161 43 1
161 80 1
161 100 1
161 160 1
162 43 1
162 80 1
162 100 1
162 101 1
163 4 1
163 45 1
163 157 1
164 18 1
164 48 1
164 84 1
165 5 1
165 18 1
165 164 1
166 48 1
166 82 1
166 116 1
167 20 1
167 50 1
168 20 1
168 50 1
168 119 1
168 167 1
169 119 1
169 168 1
170 22 1
170 52 1
170 102 1
171 22 1
171 52 1
171 102 1
171 170 1
172 23 1
172 24 1
172 53 1
172 120 1
173 23 1
174 6 1
174 55 1
174 93 1
174 124 1
175 93 1
175 121 1
175 124 1
175 174 1
176 93 1
176 174 1
176 175 1
177 57 1
177 58 1
178 87 1
178 128 1
179 87 1
179 127 1
179 128 1
179 130 1
180 128 1
180 129 1
180 130 1
180 139 1
180 179 1
181 87 1
181 103 1
181 127 1
181 130 1
181 179 1
182 8 1
184 183 1
185 31 1
186 63 1
186 66 1
187 63 1
187 104 1
187 186 1
188 63 1
188 104 1
189 32 1
189 64 1
189 89 1
190 64 1
190 131 1
191 94 1
191 105 1
192 11 1
192 14 1
192 136 1
192 138 1
193 67 1
194 69 1
194 96 1
194 140 1
195 96 1
195 139 1
195 141 1
195 194 1
196 68 1
196 141 1
196 142 1
196 143 1
197 96 1
197 106 1
197 195 1
198 14 1
198 70 1
198 106 1
198 145 1
199 70 1
199 198 1
200 0 1
200 26 1
200 113 1
200 121 1
200 123 1
201 98 1
201 112 1
201 113 1
201 121 1
201 151 1
201 200 1
202 37 1
202 38 1
202 108 1
202 109 1
203 37 1
203 109 1
203 110 1
203 112 1
203 146 1
203 147 1
204 1 1
204 72 1
204 74 1
204 75 1
204 97 1
204 152 1
205 98 1
205 111 1
205 112 1
205 113 1
205 121 1
205 151 1
205 201 1
206 111 1
206 113 1
206 121 1
206 150 1
206 151 1
206 152 1
206 201 1
207 1 1
207 75 1
207 97 1
208 15 1
208 90 1
208 91 1
208 114 1
209 2 1
209 15 1
209 41 1
209 90 1
209 91 1
209 114 1
209 208 1
210 71 1
210 76 1
210 110 1
211 42 1
211 43 1
211 78 1
211 79 1
211 80 1
211 100 1
211 160 1
211 161 1
212 43 1
212 80 1
212 100 1
212 101 1
212 119 1
212 160 1
212 161 1
212 162 1
212 211 1
213 3 1
213 5 1
213 18 1
213 45 1
213 49 1
213 77 1
213 81 1
213 84 1
213 115 1
213 117 1
213 157 1
213 165 1
214 5 1
214 77 1
214 78 1
214 82 1
214 83 1
214 158 1
214 166 1
215 46 1
215 47 1
215 83 1
215 85 1
216 3 1
216 19 1
216 21 1
216 49 1
216 85 1
216 116 1
216 117 1
216 118 1
217 22 1
217 52 1
217 102 1
217 170 1
217 171 1
218 6 1
220 6 1
220 125 1
220 174 1
220 176 1
220 219 1
221 56 1
222 178 1
223 87 1
223 127 1
223 178 1
223 222 1
224 7 1
224 62 1
224 87 1
224 88 1
224 103 1
224 127 1
224 181 1
225 128 1
225 130 1
225 139 1
225 179 1
225 180 1
225 181 1
226 7 1
226 88 1
226 103 1
228 63 1
228 66 1
228 104 1
228 186 1
228 187 1
229 9 1
229 133 1
229 199 1
230 68 1
230 142 1
230 196 1
231 13 1
231 143 1
231 144 1
232 13 1
232 143 1
232 144 1
232 197 1
232 231 1
233 106 1
233 144 1
233 145 1
233 197 1
233 231 1
233 232 1
234 11 1
234 12 1
234 95 1
234 106 1
234 134 1
234 135 1
234 136 1
234 145 1
234 198 1
234 232 1
234 233 1
235 70 1
235 199 1
235 229 1
236 23 1
236 52 1
236 53 1
236 172 1
237 28 1
237 56 1
237 221 1
238 9 1
238 94 1
238 191 1
238 229 1
239 0 1
239 17 1
239 26 1
239 156 1
239 200 1
240 113 1
240 121 1
240 200 1
240 201 1
240 205 1
240 206 1
242 73 1
242 74 1
242 110 1
242 111 1
242 147 1
242 148 1
242 149 1
242 150 1
242 151 1
243 71 1
243 72 1
243 73 1
243 74 1
243 75 1
243 111 1
243 113 1
243 147 1
243 148 1
243 149 1
243 150 1
243 151 1
243 152 1
243 206 1
243 242 1
244 27 1
244 98 1
244 112 1
244 205 1
246 245 1
248 43 1
248 80 1
248 100 1
248 101 1
248 161 1
248 162 1
248 211 1
248 212 1
249 46 1
249 47 1
249 83 1
249 166 1
249 214 1
250 48 1
250 84 1
250 116 1
250 166 1
251 21 1
251 48 1
251 49 1
251 84 1
251 116 1
251 117 1
251 250 1
252 3 1
252 19 1
252 49 1
252 117 1
252 118 1
252 157 1
252 216 1
253 21 1
253 47 1
253 83 1
253 85 1
253 215 1
254 19 1
254 21 1
254 49 1
254 85 1
254 116 1
254 117 1
254 118 1
254 216 1
254 251 1
254 252 1
255 52 1
255 170 1
255 171 1
255 217 1
256 23 1
256 52 1
256 53 1
256 172 1
256 173 1
256 217 1
256 236 1
256 255 1
258 86 1
258 120 1
259 25 1
259 86 1
259 258 1
260 55 1
260 93 1
260 98 1
260 111 1
260 112 1
260 113 1
260 121 1
260 150 1
260 151 1
260 174 1
260 175 1
260 201 1
260 205 1
260 206 1
260 240 1
261 26 1
261 93 1
261 113 1
261 121 1
261 124 1
261 175 1
261 200 1
261 201 1
261 206 1
261 240 1
261 260 1
262 93 1
262 99 1
262 175 1
263 130 1
263 139 1
263 225 1
263 227 1
264 28 1
264 29 1
264 56 1
264 237 1
265 29 1
267 227 1
269 63 1
269 104 1
269 187 1
269 188 1
269 228 1
270 64 1
270 89 1
270 131 1
270 190 1
271 64 1
271 65 1
271 89 1
271 131 1
271 132 1
271 190 1
271 270 1
272 137 1
272 231 1
272 232 1
273 67 1
273 193 1
274 36 1
275 96 1
275 128 1
275 129 1
275 130 1
275 139 1
275 179 1
275 180 1
275 195 1
275 225 1
275 263 1
276 74 1
276 75 1
276 111 1
276 113 1
276 150 1
276 152 1
276 154 1
276 155 1
276 204 1
276 206 1
276 240 1
276 243 1
276 261 1
277 20 1
277 46 1
277 47 1
277 83 1
277 214 1
277 215 1
277 249 1
278 46 1
278 47 1
278 83 1
278 85 1
278 215 1
278 253 1
278 277 1
279 21 1
279 85 1
279 116 1
279 118 1
279 215 1
279 216 1
279 250 1
279 251 1
279 253 1
279 254 1
280 119 1
280 169 1
281 54 1
281 93 1
281 122 1
281 124 1
281 175 1
281 176 1
281 220 1
282 125 1
282 176 1
282 218 1
282 219 1
282 220 1
283 87 1
283 128 1
283 130 1
283 179 1
283 181 1
283 183 1
283 184 1
283 224 1
283 225 1
283 263 1
283 275 1
284 69 1
284 96 1
284 140 1
284 141 1
284 194 1
284 195 1
284 197 1
284 233 1
285 11 1
285 12 1
285 95 1
285 106 1
285 134 1
285 135 1
285 136 1
285 137 1
285 138 1
285 145 1
285 232 1
285 233 1
285 234 1
286 245 1
286 246 1
287 20 1
287 42 1
287 78 1
287 79 1
287 158 1
287 159 1
288 42 1
288 43 1
288 78 1
288 79 1
288 80 1
288 158 1
288 159 1
288 160 1
288 161 1
288 211 1
288 212 1
288 287 1
289 19 1
289 48 1
289 49 1
289 84 1
289 116 1
289 117 1
289 251 1
289 254 1
290 26 1
290 54 1
290 93 1
290 175 1
290 261 1
290 262 1
290 281 1
291 219 1
291 282 1
292 33 1
292 64 1
292 65 1
292 89 1
292 131 1
292 132 1
292 271 1
293 143 1
293 144 1
293 231 1
293 232 1
293 272 1
294 16 1
294 92 1
294 153 1
295 4 1
295 44 1
295 101 1
295 162 1
296 3 1
296 5 1
296 18 1
296 45 1
296 77 1
296 81 1
296 82 1
296 84 1
296 115 1
296 164 1
296 165 1
296 213 1
297 21 1
297 83 1
297 85 1
297 215 1
297 253 1
297 278 1
297 279 1
298 22 1
298 52 1
298 102 1
298 170 1
298 217 1
299 10 1
299 35 1
299 273 1
300 98 1
300 111 1
300 112 1
300 113 1
300 121 1
300 150 1
300 151 1
300 200 1
300 201 1
300 205 1
300 206 1
300 240 1
300 260 1
300 261 1
301 42 1
301 78 1
301 79 1
301 82 1
301 158 1
301 159 1
301 214 1
301 249 1
301 277 1
301 287 1
302 42 1
302 43 1
302 80 1
302 100 1
302 119 1
302 160 1
302 161 1
302 211 1
302 212 1
302 288 1
303 43 1
303 80 1
303 100 1
303 101 1
303 161 1
303 162 1
303 212 1
303 248 1
303 295 1
304 18 1
304 48 1
304 84 1
304 164 1
304 165 1
304 213 1
304 296 1
305 5 1
305 18 1
305 77 1
305 81 1
305 82 1
305 115 1
305 164 1
305 165 1
305 213 1
305 296 1
305 304 1
306 3 1
306 5 1
306 18 1
306 77 1
306 81 1
306 82 1
306 115 1
306 165 1
306 213 1
306 296 1
306 304 1
306 305 1
307 257 1
307 259 1
308 25 1
308 86 1
308 120 1
308 258 1
308 259 1
309 0 1
309 26 1
309 113 1
309 121 1
309 175 1
309 200 1
309 201 1
309 206 1
309 240 1
309 260 1
309 261 1
309 276 1
309 290 1
310 29 1
310 265 1
311 34 1
311 63 1
311 66 1
311 104 1
311 186 1
311 187 1
311 228 1
312 63 1
312 104 1
312 188 1
312 269 1
313 32 1
313 64 1
313 89 1
313 131 1
313 189 1
314 13 1
314 105 1
314 191 1
315 37 1
315 108 1
315 109 1
315 110 1
315 146 1
315 147 1
315 203 1
316 1 1
316 72 1
316 73 1
316 74 1
316 75 1
316 97 1
316 148 1
316 150 1
316 152 1
316 204 1
316 206 1
316 243 1
316 276 1
317 16 1
317 153 1
317 294 1
318 5 1
318 18 1
318 164 1
318 165 1
318 296 1
318 304 1
318 305 1
318 306 1
319 46 1
319 47 1
319 83 1
319 85 1
319 166 1
319 214 1
319 215 1
319 249 1
319 250 1
319 253 1
319 277 1
319 278 1
319 279 1
319 297 1
320 18 1
320 48 1
320 84 1
320 116 1
320 164 1
320 166 1
320 250 1
320 251 1
320 289 1
321 22 1
321 52 1
321 102 1
321 170 1
321 171 1
321 217 1
321 255 1
321 256 1
321 298 1
322 25 1
322 86 1
322 259 1
322 307 1
322 308 1
323 7 1
323 62 1
323 87 1
323 88 1
323 103 1
323 127 1
323 128 1
323 179 1
323 181 1
323 224 1
323 225 1
323 283 1
324 227 1
324 267 1
325 32 1
325 189 1
325 313 1
326 32 1
326 64 1
326 89 1
326 131 1
326 190 1
326 270 1
326 271 1
326 292 1
327 10 1
327 35 1
327 299 1
328 69 1
328 194 1
328 195 1
328 197 1
328 284 1
329 105 1
329 197 1
329 314 1
329 328 1
330 14 1
330 70 1
330 198 1
330 199 1
331 39 1
331 98 1
331 112 1
331 146 1
331 203 1
331 244 1
331 315 1
332 2 1
332 41 1
332 114 1
332 209 1
332 246 1
332 286 1
333 2 1
333 41 1
333 114 1
333 209 1
333 332 1
334 1 1
334 75 1
334 92 1
334 99 1
334 317 1
335 42 1
335 50 1
335 78 1
335 79 1
335 158 1
335 159 1
335 160 1
335 161 1
335 211 1
335 287 1
335 288 1
335 302 1
336 4 1
336 43 1
336 80 1
336 101 1
336 162 1
336 212 1
336 248 1
336 280 1
336 295 1
336 303 1
337 3 1
337 4 1
337 45 1
337 81 1
337 157 1
337 162 1
337 163 1
337 213 1
338 47 1
338 82 1
338 83 1
338 85 1
338 116 1
338 166 1
338 214 1
338 249 1
338 250 1
338 253 1
338 277 1
338 279 1
338 319 1
338 320 1
339 3 1
339 19 1
339 45 1
339 49 1
339 81 1
339 115 1
339 117 1
339 118 1
339 157 1
339 213 1
339 216 1
339 252 1
339 254 1
340 6 1
340 55 1
340 124 1
340 174 1
340 218 1
340 220 1
340 282 1
341 55 1
341 93 1
341 121 1
341 122 1
341 124 1
341 174 1
341 175 1
341 176 1
341 220 1
341 260 1
341 281 1
341 290 1
341 340 1
342 7 1
342 8 1
342 88 1
343 9 1
343 133 1
343 229 1
344 68 1
344 95 1
344 142 1
344 143 1
344 144 1
344 196 1
344 230 1
345 68 1
345 95 1
345 141 1
345 142 1
345 144 1
345 196 1
345 233 1
345 234 1
345 344 1
346 96 1
346 139 1
346 140 1
346 141 1
346 195 1
346 197 1
346 233 1
346 275 1
346 284 1
346 345 1
347 13 1
347 105 1
347 231 1
347 232 1
347 272 1
348 11 1
348 14 1
348 70 1
348 106 1
348 136 1
348 138 1
348 145 1
348 192 1
348 198 1
348 199 1
348 234 1
348 330 1
349 54 1
349 93 1
349 122 1
349 123 1
349 124 1
349 281 1
350 14 1
350 70 1
350 145 1
350 198 1
350 199 1
350 235 1
350 330 1
350 348 1
351 110 1
351 111 1
351 112 1
351 146 1
351 147 1
351 151 1
351 203 1
351 242 1
351 315 1
351 331 1
352 37 1
352 71 1
352 109 1
352 110 1
352 146 1
352 147 1
352 203 1
352 315 1
352 331 1
352 351 1
353 71 1
353 72 1
353 73 1
353 74 1
353 147 1
353 148 1
353 243 1
353 316 1
354 72 1
354 74 1
354 75 1
354 97 1
354 111 1
354 113 1
354 150 1
354 152 1
354 204 1
354 206 1
354 242 1
354 243 1
354 276 1
354 300 1
354 316 1
355 98 1
355 107 1
355 112 1
355 201 1
355 205 1
355 244 1
355 331 1
356 98 1
356 112 1
356 113 1
356 151 1
356 201 1
356 205 1
356 240 1
356 244 1
356 300 1
356 355 1
357 2 1
357 41 1
357 114 1
357 209 1
357 333 1
358 16 1
358 92 1
358 153 1
358 294 1
359 75 1
359 99 1
359 152 1
359 262 1
359 276 1
359 334 1
360 4 1
360 44 1
360 80 1
360 100 1
360 101 1
360 162 1
360 163 1
360 212 1
360 248 1
360 295 1
360 303 1
360 336 1
360 337 1
361 46 1
361 47 1
361 82 1
361 83 1
361 85 1
361 158 1
361 166 1
361 214 1
361 249 1
361 277 1
361 301 1
361 319 1
361 338 1
362 25 1
362 86 1
362 258 1
362 259 1
362 308 1
362 322 1
363 0 1
363 26 1
363 154 1
363 200 1
363 206 1
363 240 1
363 261 1
363 276 1
363 290 1
363 309 1
364 27 1
364 55 1
364 93 1
364 122 1
364 123 1
364 124 1
364 340 1
364 341 1
365 54 1
365 55 1
365 93 1
365 122 1
365 123 1
365 124 1
365 174 1
365 175 1
365 176 1
365 281 1
365 341 1
365 349 1
365 364 1
366 54 1
366 55 1
366 93 1
366 122 1
366 123 1
366 124 1
366 175 1
366 176 1
366 261 1
366 281 1
366 290 1
366 341 1
366 349 1
366 365 1
367 176 1
367 220 1
367 281 1
367 282 1
368 28 1
368 29 1
368 56 1
368 237 1
368 264 1
368 310 1
369 128 1
369 129 1
369 178 1
369 180 1
369 222 1
370 87 1
370 103 1
370 127 1
370 128 1
370 130 1
370 179 1
370 181 1
370 224 1
370 225 1
370 283 1
370 323 1
371 11 1
371 12 1
371 95 1
371 134 1
371 137 1
371 144 1
371 232 1
371 234 1
371 272 1
371 285 1
371 293 1
372 10 1
372 35 1
372 299 1
372 327 1
373 11 1
373 12 1
373 134 1
373 136 1
373 137 1
373 138 1
374 183 1
374 225 1
374 263 1
374 283 1
375 96 1
375 140 1
375 141 1
375 142 1
375 143 1
375 196 1
375 345 1
375 346 1
376 69 1
376 96 1
376 140 1
376 141 1
376 143 1
376 144 1
376 194 1
376 195 1
376 197 1
376 284 1
376 346 1
376 375 1
377 69 1
377 140 1
377 141 1
377 143 1
377 144 1
377 197 1
377 231 1
377 232 1
377 233 1
377 284 1
377 293 1
377 346 1
377 347 1
377 376 1
378 13 1
378 105 1
378 106 1
378 197 1
378 232 1
378 233 1
378 284 1
378 314 1
378 328 1
378 329 1
378 347 1
379 11 1
379 12 1
379 13 1
379 95 1
379 105 1
379 106 1
379 134 1
379 137 1
379 144 1
379 145 1
379 197 1
379 231 1
379 232 1
379 233 1
379 234 1
379 285 1
379 347 1
379 371 1
379 377 1
379 378 1
380 70 1
380 145 1
380 191 1
380 198 1
380 199 1
380 229 1
380 235 1
380 314 1
380 348 1
380 350 1
