# minsup
1
# graph
G_./5ix1.pdb
# node ID, label
0 A
1 A
2 A
3 A
4 A
5 A
6 A
7 A
8 A
9 C
10 C
11 D
12 D
13 D
14 D
15 D
16 D
17 D
18 D
19 E
20 E
21 E
22 F
23 F
24 F
25 F
26 F
27 F
28 F
29 F
30 F
31 F
32 F
33 F
34 F
35 F
36 F
37 G
38 G
39 G
40 G
41 G
42 G
43 G
44 G
45 G
46 G
47 G
48 G
49 H
50 H
51 H
52 H
53 H
54 H
55 H
56 H
57 I
58 I
59 I
60 I
61 I
62 I
63 I
64 I
65 I
66 I
67 I
68 I
69 K
70 K
71 K
72 K
73 K
74 K
75 K
76 K
77 K
78 K
79 K
80 K
81 K
82 K
83 K
84 K
85 K
86 K
87 L
88 L
89 L
90 L
91 L
92 L
93 L
94 L
95 L
96 L
97 L
98 L
99 L
100 L
101 L
102 L
103 L
104 L
105 L
106 L
107 L
108 L
109 M
110 M
111 M
112 M
113 N
114 N
115 N
116 N
117 N
118 N
119 N
120 N
121 N
122 N
123 N
124 N
125 N
126 N
127 N
128 P
129 P
130 P
131 P
132 Q
133 Q
134 Q
135 R
136 R
137 R
138 R
139 R
140 R
141 R
142 S
143 S
144 S
145 S
146 S
147 S
148 S
149 S
150 S
151 S
152 S
153 S
154 S
155 S
156 S
157 S
158 S
159 S
160 T
161 T
162 T
163 T
164 T
165 T
166 T
167 T
168 T
169 T
170 T
171 V
172 V
173 V
174 V
175 V
176 W
177 W
178 W
179 W
180 Y
181 Y
182 Y
183 Y
# node ID1, node ID2, number of bounds
1 0 1
2 0 1
3 1 1
5 4 1
6 4 1
7 5 1
11 1 1
12 0 1
12 2 1
14 9 1
15 0 1
15 1 1
16 5 1
17 8 1
17 10 1
18 4 1
18 5 1
18 15 1
19 0 1
19 1 1
19 2 1
19 11 1
19 15 1
21 4 1
21 5 1
21 6 1
21 16 1
21 18 1
22 12 1
23 0 1
23 1 1
23 3 1
23 15 1
23 19 1
24 0 1
24 1 1
24 2 1
24 11 1
24 12 1
24 19 1
24 23 1
25 19 1
25 22 1
26 25 1
27 0 1
27 1 1
27 2 1
27 11 1
27 12 1
27 19 1
27 22 1
27 23 1
27 24 1
27 25 1
27 26 1
28 2 1
28 12 1
28 24 1
28 25 1
28 27 1
29 15 1
30 22 1
30 25 1
30 26 1
30 27 1
31 4 1
31 5 1
31 7 1
31 18 1
31 21 1
32 4 1
32 5 1
32 6 1
32 16 1
32 21 1
32 31 1
33 21 1
33 22 1
33 25 1
33 30 1
34 22 1
34 33 1
35 4 1
35 5 1
35 6 1
35 16 1
35 21 1
35 22 1
35 30 1
35 31 1
35 32 1
35 33 1
35 34 1
36 18 1
37 19 1
37 22 1
37 25 1
37 26 1
37 27 1
37 30 1
37 33 1
38 0 1
38 1 1
38 19 1
38 25 1
38 26 1
38 27 1
38 29 1
38 30 1
38 37 1
39 0 1
39 1 1
39 19 1
39 25 1
39 26 1
39 27 1
39 30 1
39 37 1
39 38 1
40 0 1
40 1 1
40 2 1
40 15 1
40 19 1
40 22 1
40 23 1
40 24 1
40 25 1
40 26 1
40 27 1
40 30 1
40 37 1
40 38 1
40 39 1
41 0 1
41 1 1
41 2 1
41 12 1
41 19 1
41 22 1
41 23 1
41 24 1
41 25 1
41 27 1
41 28 1
41 37 1
41 38 1
41 39 1
41 40 1
42 0 1
42 1 1
42 2 1
42 12 1
42 19 1
42 22 1
42 23 1
42 24 1
42 27 1
42 28 1
42 40 1
42 41 1
43 9 1
43 14 1
44 21 1
44 22 1
44 25 1
44 30 1
44 33 1
44 34 1
44 35 1
45 4 1
45 5 1
45 21 1
45 22 1
45 33 1
45 34 1
45 35 1
45 44 1
46 4 1
46 5 1
46 6 1
46 18 1
46 21 1
46 22 1
46 30 1
46 31 1
46 32 1
46 33 1
46 34 1
46 35 1
46 44 1
46 45 1
47 4 1
47 5 1
47 6 1
47 21 1
47 30 1
47 31 1
47 32 1
47 33 1
47 35 1
47 44 1
47 45 1
47 46 1
48 4 1
48 5 1
48 6 1
48 21 1
48 30 1
48 31 1
48 32 1
48 35 1
48 46 1
48 47 1
49 0 1
49 2 1
49 12 1
49 22 1
49 25 1
49 27 1
49 33 1
49 34 1
49 40 1
49 41 1
49 42 1
49 44 1
49 45 1
49 46 1
50 0 1
50 1 1
50 15 1
50 18 1
50 19 1
50 22 1
50 23 1
50 27 1
50 29 1
50 36 1
50 40 1
50 41 1
50 42 1
50 49 1
52 0 1
52 1 1
52 4 1
52 15 1
52 18 1
52 19 1
52 23 1
52 25 1
52 27 1
52 29 1
52 30 1
52 37 1
52 38 1
52 39 1
52 40 1
52 41 1
52 46 1
52 47 1
52 49 1
52 50 1
53 4 1
53 6 1
53 25 1
53 26 1
53 30 1
53 33 1
53 35 1
53 37 1
53 38 1
53 39 1
53 40 1
53 46 1
53 47 1
53 48 1
53 52 1
54 4 1
54 5 1
54 15 1
54 18 1
54 21 1
54 29 1
54 30 1
54 31 1
54 35 1
54 36 1
54 46 1
54 47 1
54 48 1
54 50 1
54 52 1
54 53 1
56 0 1
56 4 1
56 5 1
56 15 1
56 18 1
56 21 1
56 22 1
56 31 1
56 33 1
56 35 1
56 36 1
56 40 1
56 41 1
56 44 1
56 45 1
56 46 1
56 47 1
56 49 1
56 50 1
56 52 1
56 53 1
56 54 1
57 0 1
57 1 1
57 3 1
57 11 1
57 19 1
57 23 1
57 24 1
57 27 1
57 38 1
57 39 1
57 40 1
57 41 1
58 0 1
58 1 1
58 2 1
58 11 1
58 12 1
58 19 1
58 24 1
58 27 1
58 28 1
58 40 1
58 41 1
58 42 1
58 57 1
59 0 1
59 2 1
59 11 1
59 12 1
59 19 1
59 24 1
59 27 1
59 28 1
59 41 1
59 42 1
59 57 1
59 58 1
60 0 1
60 1 1
60 2 1
60 11 1
60 12 1
60 19 1
60 23 1
60 24 1
60 27 1
60 28 1
60 40 1
60 41 1
60 42 1
60 49 1
60 57 1
60 58 1
60 59 1
61 0 1
61 1 1
61 3 1
61 15 1
61 19 1
61 23 1
61 29 1
61 38 1
61 40 1
61 50 1
61 52 1
61 57 1
62 4 1
62 5 1
62 7 1
62 16 1
62 21 1
62 31 1
62 32 1
62 35 1
62 45 1
62 46 1
62 47 1
62 54 1
63 4 1
63 5 1
63 6 1
63 7 1
63 16 1
63 21 1
63 31 1
63 32 1
63 35 1
63 47 1
63 48 1
63 62 1
64 4 1
64 5 1
64 6 1
64 16 1
64 21 1
64 32 1
64 35 1
64 46 1
64 47 1
64 48 1
64 62 1
64 63 1
65 4 1
65 6 1
65 16 1
65 21 1
65 32 1
65 35 1
65 47 1
65 48 1
65 62 1
65 63 1
65 64 1
66 4 1
66 5 1
66 6 1
66 16 1
66 21 1
66 31 1
66 32 1
66 35 1
66 46 1
66 47 1
66 48 1
66 53 1
66 62 1
66 63 1
66 64 1
66 65 1
67 17 1
68 4 1
68 5 1
68 7 1
68 18 1
68 21 1
68 31 1
68 36 1
68 46 1
68 54 1
68 56 1
68 62 1
69 12 1
69 22 1
69 25 1
69 33 1
69 34 1
69 42 1
69 44 1
69 45 1
69 46 1
69 49 1
69 56 1
70 0 1
70 1 1
70 2 1
70 12 1
70 19 1
70 22 1
70 23 1
70 24 1
70 25 1
70 26 1
70 27 1
70 28 1
70 30 1
70 33 1
70 37 1
70 38 1
70 39 1
70 40 1
70 41 1
70 42 1
70 44 1
70 49 1
70 50 1
70 52 1
70 56 1
70 57 1
70 58 1
70 59 1
70 60 1
70 69 1
71 51 1
72 13 1
73 9 1
74 9 1
74 14 1
74 43 1
74 73 1
75 15 1
75 29 1
75 38 1
75 39 1
75 40 1
75 52 1
75 53 1
75 54 1
75 61 1
76 0 1
76 1 1
76 15 1
76 19 1
76 23 1
76 27 1
76 29 1
76 38 1
76 39 1
76 40 1
76 41 1
76 50 1
76 52 1
76 53 1
76 54 1
76 56 1
76 57 1
76 61 1
76 70 1
76 75 1
77 43 1
78 3 1
78 20 1
79 25 1
79 26 1
79 30 1
79 33 1
79 37 1
79 38 1
79 39 1
79 40 1
79 48 1
79 52 1
79 53 1
80 4 1
80 5 1
80 6 1
80 21 1
80 22 1
80 25 1
80 30 1
80 31 1
80 32 1
80 33 1
80 34 1
80 35 1
80 37 1
80 44 1
80 45 1
80 46 1
80 47 1
80 48 1
80 52 1
80 53 1
80 54 1
80 56 1
80 62 1
80 64 1
80 65 1
80 66 1
80 79 1
82 10 1
83 10 1
83 17 1
83 67 1
83 82 1
84 8 1
85 4 1
85 5 1
85 18 1
85 21 1
85 31 1
85 35 1
85 36 1
85 45 1
85 46 1
85 47 1
85 49 1
85 50 1
85 52 1
85 54 1
85 56 1
85 62 1
85 68 1
85 80 1
86 10 1
87 0 1
87 2 1
87 12 1
87 22 1
87 25 1
87 27 1
87 28 1
87 30 1
87 33 1
87 34 1
87 37 1
87 39 1
87 40 1
87 41 1
87 42 1
87 44 1
87 45 1
87 46 1
87 49 1
87 50 1
87 52 1
87 56 1
87 60 1
87 69 1
87 70 1
87 80 1
88 0 1
88 1 1
88 2 1
88 11 1
88 12 1
88 19 1
88 23 1
88 24 1
88 27 1
88 38 1
88 39 1
88 40 1
88 41 1
88 42 1
88 50 1
88 52 1
88 57 1
88 58 1
88 59 1
88 60 1
88 61 1
88 70 1
88 76 1
89 0 1
89 1 1
89 2 1
89 11 1
89 12 1
89 19 1
89 23 1
89 24 1
89 27 1
89 41 1
89 42 1
89 57 1
89 58 1
89 59 1
89 60 1
89 88 1
90 2 1
90 12 1
90 19 1
90 22 1
90 25 1
90 26 1
90 27 1
90 28 1
90 30 1
90 37 1
90 38 1
90 39 1
90 40 1
90 41 1
90 49 1
90 58 1
90 59 1
90 60 1
90 69 1
90 70 1
90 79 1
90 87 1
90 88 1
91 1 1
91 15 1
91 19 1
91 25 1
91 26 1
91 27 1
91 29 1
91 30 1
91 37 1
91 38 1
91 39 1
91 40 1
91 41 1
91 52 1
91 53 1
91 57 1
91 61 1
91 70 1
91 75 1
91 76 1
91 79 1
91 88 1
92 0 1
92 1 1
92 2 1
92 12 1
92 19 1
92 23 1
92 24 1
92 27 1
92 40 1
92 41 1
92 42 1
92 49 1
92 50 1
92 57 1
92 58 1
92 59 1
92 60 1
92 70 1
92 87 1
92 88 1
92 89 1
93 2 1
93 12 1
93 22 1
93 25 1
93 27 1
93 28 1
93 40 1
93 41 1
93 42 1
93 49 1
93 58 1
93 59 1
93 60 1
93 69 1
93 70 1
93 87 1
93 88 1
93 89 1
93 90 1
93 92 1
94 0 1
94 1 1
94 3 1
94 19 1
94 23 1
94 24 1
94 41 1
94 57 1
94 88 1
94 89 1
94 92 1
95 3 1
95 9 1
95 73 1
96 0 1
96 1 1
96 3 1
96 15 1
96 19 1
96 23 1
96 29 1
96 38 1
96 52 1
96 57 1
96 61 1
96 75 1
96 76 1
96 88 1
96 94 1
96 95 1
97 4 1
97 6 1
97 22 1
97 25 1
97 26 1
97 30 1
97 33 1
97 35 1
97 37 1
97 39 1
97 40 1
97 44 1
97 45 1
97 46 1
97 47 1
97 48 1
97 52 1
97 53 1
97 54 1
97 56 1
97 66 1
97 79 1
97 80 1
97 91 1
98 4 1
98 5 1
98 6 1
98 16 1
98 21 1
98 31 1
98 32 1
98 35 1
98 45 1
98 46 1
98 47 1
98 48 1
98 54 1
98 56 1
98 62 1
98 63 1
98 64 1
98 65 1
98 66 1
98 68 1
98 80 1
98 85 1
99 4 1
99 5 1
99 6 1
99 16 1
99 21 1
99 31 1
99 32 1
99 35 1
99 47 1
99 48 1
99 62 1
99 63 1
99 64 1
99 65 1
99 66 1
99 98 1
100 6 1
100 21 1
100 22 1
100 30 1
100 33 1
100 34 1
100 35 1
100 44 1
100 45 1
100 46 1
100 47 1
100 53 1
100 64 1
100 65 1
100 66 1
100 69 1
100 80 1
100 97 1
100 98 1
101 5 1
101 21 1
101 22 1
101 33 1
101 34 1
101 35 1
101 36 1
101 44 1
101 45 1
101 46 1
101 47 1
101 49 1
101 56 1
101 62 1
101 68 1
101 69 1
101 80 1
101 85 1
101 87 1
101 98 1
102 4 1
102 5 1
102 6 1
102 21 1
102 31 1
102 32 1
102 35 1
102 46 1
102 47 1
102 48 1
102 53 1
102 54 1
102 62 1
102 63 1
102 64 1
102 65 1
102 66 1
102 80 1
102 97 1
102 98 1
102 99 1
103 6 1
103 30 1
103 32 1
103 33 1
103 35 1
103 46 1
103 47 1
103 48 1
103 53 1
103 64 1
103 65 1
103 66 1
103 79 1
103 80 1
103 97 1
103 98 1
103 99 1
103 100 1
103 102 1
104 4 1
104 6 1
104 31 1
104 32 1
104 47 1
104 48 1
104 53 1
104 54 1
104 63 1
104 64 1
104 65 1
104 66 1
104 80 1
104 81 1
104 97 1
104 99 1
104 102 1
104 103 1
105 4 1
105 5 1
105 7 1
105 21 1
105 31 1
105 32 1
105 47 1
105 62 1
105 63 1
105 98 1
105 99 1
105 102 1
106 4 1
106 5 1
106 7 1
106 18 1
106 21 1
106 31 1
106 62 1
106 63 1
106 68 1
106 85 1
106 98 1
106 105 1
107 7 1
107 10 1
107 82 1
107 106 1
108 4 1
108 5 1
108 7 1
108 18 1
108 21 1
108 31 1
108 36 1
108 56 1
108 62 1
108 68 1
108 85 1
108 98 1
108 105 1
108 106 1
108 107 1
109 0 1
109 1 1
109 2 1
109 12 1
109 19 1
109 22 1
109 23 1
109 24 1
109 25 1
109 27 1
109 28 1
109 39 1
109 40 1
109 41 1
109 42 1
109 44 1
109 49 1
109 50 1
109 52 1
109 56 1
109 57 1
109 58 1
109 59 1
109 60 1
109 69 1
109 70 1
109 87 1
109 88 1
109 89 1
109 90 1
109 92 1
109 93 1
110 8 1
110 14 1
110 43 1
110 74 1
110 77 1
111 4 1
111 5 1
111 6 1
111 21 1
111 30 1
111 31 1
111 32 1
111 33 1
111 35 1
111 37 1
111 45 1
111 46 1
111 47 1
111 48 1
111 52 1
111 53 1
111 54 1
111 56 1
111 62 1
111 64 1
111 65 1
111 66 1
111 79 1
111 80 1
111 97 1
111 98 1
111 99 1
111 100 1
111 102 1
111 103 1
111 104 1
112 8 1
112 17 1
112 83 1
112 84 1
112 86 1
113 0 1
113 2 1
113 12 1
113 19 1
113 22 1
113 25 1
113 27 1
113 30 1
113 33 1
113 34 1
113 35 1
113 36 1
113 37 1
113 39 1
113 40 1
113 41 1
113 42 1
113 44 1
113 45 1
113 46 1
113 47 1
113 49 1
113 50 1
113 52 1
113 53 1
113 54 1
113 56 1
113 69 1
113 70 1
113 76 1
113 80 1
113 85 1
113 87 1
113 90 1
113 92 1
113 93 1
113 97 1
113 101 1
113 109 1
114 0 1
114 1 1
114 2 1
114 19 1
114 22 1
114 25 1
114 26 1
114 27 1
114 30 1
114 33 1
114 37 1
114 38 1
114 39 1
114 40 1
114 41 1
114 44 1
114 49 1
114 50 1
114 52 1
114 53 1
114 56 1
114 57 1
114 70 1
114 76 1
114 79 1
114 87 1
114 88 1
114 90 1
114 91 1
114 92 1
114 93 1
114 97 1
114 109 1
114 113 1
115 13 1
115 42 1
115 72 1
116 3 1
116 9 1
116 14 1
116 43 1
116 73 1
116 74 1
117 8 1
117 14 1
117 43 1
117 74 1
117 77 1
117 84 1
117 110 1
118 0 1
118 1 1
118 15 1
118 18 1
118 19 1
118 23 1
118 25 1
118 27 1
118 29 1
118 30 1
118 36 1
118 37 1
118 38 1
118 39 1
118 40 1
118 41 1
118 49 1
118 50 1
118 52 1
118 53 1
118 54 1
118 56 1
118 57 1
118 61 1
118 70 1
118 75 1
118 76 1
118 85 1
118 87 1
118 88 1
118 91 1
118 92 1
118 96 1
118 109 1
118 113 1
118 114 1
119 4 1
119 6 1
119 21 1
119 22 1
119 25 1
119 26 1
119 27 1
119 29 1
119 30 1
119 33 1
119 35 1
119 37 1
119 38 1
119 39 1
119 40 1
119 41 1
119 44 1
119 45 1
119 46 1
119 47 1
119 48 1
119 49 1
119 50 1
119 52 1
119 53 1
119 54 1
119 56 1
119 70 1
119 75 1
119 76 1
119 79 1
119 80 1
119 85 1
119 87 1
119 91 1
119 97 1
119 100 1
119 102 1
119 103 1
119 111 1
119 113 1
119 114 1
119 118 1
120 4 1
120 5 1
120 16 1
120 21 1
120 31 1
120 32 1
120 33 1
120 34 1
120 35 1
120 44 1
120 45 1
120 46 1
120 47 1
120 62 1
120 63 1
120 64 1
120 65 1
120 80 1
120 85 1
120 98 1
120 100 1
120 101 1
120 106 1
120 108 1
121 4 1
121 5 1
121 6 1
121 21 1
121 22 1
121 25 1
121 30 1
121 33 1
121 34 1
121 35 1
121 44 1
121 45 1
121 46 1
121 47 1
121 49 1
121 52 1
121 53 1
121 54 1
121 56 1
121 62 1
121 69 1
121 80 1
121 85 1
121 87 1
121 97 1
121 98 1
121 100 1
121 101 1
121 102 1
121 103 1
121 111 1
121 113 1
121 114 1
121 119 1
121 120 1
122 48 1
122 81 1
122 104 1
123 10 1
123 17 1
123 82 1
123 83 1
123 86 1
123 107 1
123 112 1
124 7 1
124 10 1
124 17 1
124 67 1
124 82 1
124 83 1
124 107 1
124 123 1
125 8 1
125 17 1
125 67 1
125 83 1
125 84 1
125 110 1
125 112 1
125 117 1
126 8 1
126 17 1
126 83 1
126 84 1
126 86 1
126 112 1
126 125 1
127 4 1
127 5 1
127 15 1
127 18 1
127 21 1
127 22 1
127 29 1
127 31 1
127 33 1
127 35 1
127 36 1
127 44 1
127 45 1
127 46 1
127 47 1
127 49 1
127 50 1
127 52 1
127 53 1
127 54 1
127 56 1
127 62 1
127 68 1
127 76 1
127 80 1
127 85 1
127 97 1
127 98 1
127 101 1
127 102 1
127 106 1
127 108 1
127 111 1
127 113 1
127 118 1
127 119 1
127 120 1
127 121 1
128 0 1
128 1 1
128 3 1
128 15 1
128 19 1
128 23 1
128 24 1
128 27 1
128 36 1
128 40 1
128 41 1
128 42 1
128 49 1
128 50 1
128 52 1
128 56 1
128 57 1
128 60 1
128 61 1
128 70 1
128 76 1
128 88 1
128 89 1
128 92 1
128 94 1
128 109 1
128 113 1
128 118 1
129 0 1
129 1 1
129 15 1
129 19 1
129 29 1
129 30 1
129 38 1
129 39 1
129 40 1
129 50 1
129 52 1
129 53 1
129 54 1
129 61 1
129 75 1
129 76 1
129 91 1
129 96 1
129 114 1
129 118 1
129 119 1
130 4 1
130 5 1
130 7 1
130 18 1
130 21 1
130 29 1
130 31 1
130 32 1
130 35 1
130 46 1
130 47 1
130 48 1
130 52 1
130 53 1
130 54 1
130 56 1
130 62 1
130 63 1
130 66 1
130 68 1
130 80 1
130 85 1
130 98 1
130 99 1
130 102 1
130 104 1
130 105 1
130 106 1
130 111 1
130 119 1
130 127 1
131 4 1
131 5 1
131 18 1
131 21 1
131 22 1
131 36 1
131 45 1
131 46 1
131 49 1
131 50 1
131 54 1
131 56 1
131 68 1
131 85 1
131 101 1
131 106 1
131 108 1
131 113 1
131 121 1
131 127 1
132 0 1
132 1 1
132 15 1
132 18 1
132 19 1
132 23 1
132 29 1
132 38 1
132 40 1
132 41 1
132 50 1
132 52 1
132 54 1
132 56 1
132 57 1
132 61 1
132 75 1
132 76 1
132 88 1
132 91 1
132 96 1
132 114 1
132 118 1
132 127 1
132 128 1
132 129 1
133 8 1
133 17 1
133 67 1
133 83 1
133 84 1
133 112 1
133 124 1
133 125 1
133 126 1
134 4 1
134 5 1
134 15 1
134 18 1
134 21 1
134 31 1
134 36 1
134 46 1
134 47 1
134 50 1
134 52 1
134 54 1
134 56 1
134 62 1
134 68 1
134 85 1
134 98 1
134 101 1
134 106 1
134 108 1
134 118 1
134 121 1
134 127 1
134 130 1
134 131 1
135 0 1
135 1 1
135 2 1
135 12 1
135 19 1
135 22 1
135 23 1
135 24 1
135 27 1
135 36 1
135 40 1
135 41 1
135 42 1
135 49 1
135 50 1
135 52 1
135 56 1
135 57 1
135 58 1
135 59 1
135 60 1
135 69 1
135 70 1
135 76 1
135 87 1
135 88 1
135 89 1
135 90 1
135 92 1
135 93 1
135 109 1
135 113 1
135 114 1
135 118 1
135 128 1
135 131 1
135 132 1
136 51 1
136 71 1
137 0 1
137 1 1
137 3 1
137 23 1
137 24 1
137 57 1
137 78 1
137 88 1
137 89 1
137 94 1
137 96 1
137 128 1
138 3 1
138 9 1
138 14 1
138 73 1
138 74 1
138 95 1
138 116 1
139 4 1
139 5 1
139 6 1
139 21 1
139 29 1
139 30 1
139 31 1
139 32 1
139 35 1
139 46 1
139 47 1
139 48 1
139 52 1
139 53 1
139 54 1
139 56 1
139 62 1
139 64 1
139 65 1
139 66 1
139 75 1
139 79 1
139 80 1
139 85 1
139 97 1
139 98 1
139 99 1
139 100 1
139 102 1
139 103 1
139 104 1
139 111 1
139 119 1
139 121 1
139 127 1
139 129 1
139 130 1
139 134 1
140 55 1
141 7 1
141 10 1
141 17 1
141 67 1
141 82 1
141 83 1
141 107 1
141 123 1
141 124 1
142 0 1
142 1 1
142 2 1
142 12 1
142 18 1
142 19 1
142 22 1
142 23 1
142 25 1
142 27 1
142 30 1
142 33 1
142 36 1
142 37 1
142 39 1
142 40 1
142 41 1
142 42 1
142 44 1
142 45 1
142 46 1
142 49 1
142 50 1
142 52 1
142 54 1
142 56 1
142 60 1
142 69 1
142 70 1
142 76 1
142 85 1
142 87 1
142 88 1
142 90 1
142 92 1
142 93 1
142 101 1
142 109 1
142 113 1
142 114 1
142 118 1
142 119 1
142 121 1
142 127 1
142 128 1
142 131 1
142 132 1
142 135 1
143 0 1
143 1 1
143 4 1
143 15 1
143 18 1
143 19 1
143 22 1
143 23 1
143 27 1
143 29 1
143 36 1
143 39 1
143 40 1
143 41 1
143 42 1
143 44 1
143 45 1
143 46 1
143 47 1
143 49 1
143 50 1
143 52 1
143 54 1
143 56 1
143 61 1
143 68 1
143 69 1
143 70 1
143 76 1
143 85 1
143 87 1
143 92 1
143 101 1
143 109 1
143 113 1
143 114 1
143 118 1
143 119 1
143 121 1
143 127 1
143 128 1
143 129 1
143 131 1
143 132 1
143 134 1
143 135 1
143 142 1
144 0 1
144 1 1
144 3 1
144 15 1
144 19 1
144 23 1
144 24 1
144 27 1
144 29 1
144 38 1
144 40 1
144 41 1
144 42 1
144 50 1
144 52 1
144 56 1
144 57 1
144 61 1
144 70 1
144 76 1
144 88 1
144 89 1
144 92 1
144 94 1
144 96 1
144 109 1
144 113 1
144 114 1
144 118 1
144 128 1
144 129 1
144 132 1
144 135 1
144 137 1
144 142 1
144 143 1
145 2 1
145 22 1
145 25 1
145 26 1
145 27 1
145 28 1
145 30 1
145 33 1
145 37 1
145 38 1
145 39 1
145 40 1
145 41 1
145 44 1
145 49 1
145 69 1
145 70 1
145 79 1
145 87 1
145 90 1
145 91 1
145 93 1
145 97 1
145 109 1
145 113 1
145 114 1
145 119 1
145 142 1
146 19 1
146 25 1
146 26 1
146 27 1
146 30 1
146 37 1
146 38 1
146 39 1
146 40 1
146 53 1
146 70 1
146 79 1
146 88 1
146 90 1
146 91 1
146 97 1
146 114 1
146 119 1
146 145 1
147 0 1
147 1 1
147 2 1
147 12 1
147 19 1
147 22 1
147 23 1
147 25 1
147 26 1
147 27 1
147 28 1
147 30 1
147 33 1
147 37 1
147 38 1
147 39 1
147 40 1
147 41 1
147 42 1
147 44 1
147 49 1
147 50 1
147 52 1
147 56 1
147 57 1
147 58 1
147 59 1
147 60 1
147 69 1
147 70 1
147 76 1
147 87 1
147 88 1
147 90 1
147 91 1
147 92 1
147 93 1
147 97 1
147 109 1
147 113 1
147 114 1
147 118 1
147 119 1
147 121 1
147 127 1
147 128 1
147 129 1
147 132 1
147 135 1
147 142 1
147 143 1
147 144 1
147 145 1
147 146 1
148 0 1
148 1 1
148 2 1
148 12 1
148 19 1
148 22 1
148 23 1
148 24 1
148 25 1
148 27 1
148 28 1
148 39 1
148 40 1
148 41 1
148 42 1
148 49 1
148 50 1
148 52 1
148 57 1
148 58 1
148 59 1
148 60 1
148 69 1
148 70 1
148 76 1
148 87 1
148 88 1
148 89 1
148 90 1
148 92 1
148 93 1
148 109 1
148 113 1
148 114 1
148 118 1
148 128 1
148 135 1
148 142 1
148 143 1
148 144 1
148 145 1
148 147 1
149 2 1
149 12 1
149 22 1
149 25 1
149 27 1
149 28 1
149 41 1
149 42 1
149 49 1
149 58 1
149 59 1
149 60 1
149 69 1
149 70 1
149 87 1
149 89 1
149 90 1
149 92 1
149 93 1
149 109 1
149 113 1
149 135 1
149 142 1
149 145 1
149 147 1
149 148 1
150 9 1
150 73 1
150 95 1
150 116 1
150 138 1
151 4 1
151 5 1
151 6 1
151 15 1
151 21 1
151 22 1
151 25 1
151 29 1
151 30 1
151 31 1
151 33 1
151 35 1
151 37 1
151 39 1
151 40 1
151 44 1
151 45 1
151 46 1
151 47 1
151 48 1
151 50 1
151 52 1
151 53 1
151 54 1
151 56 1
151 66 1
151 75 1
151 76 1
151 79 1
151 80 1
151 85 1
151 91 1
151 97 1
151 98 1
151 100 1
151 102 1
151 103 1
151 104 1
151 111 1
151 113 1
151 114 1
151 118 1
151 119 1
151 121 1
151 127 1
151 129 1
151 130 1
151 134 1
151 139 1
151 142 1
151 143 1
151 147 1
152 0 1
152 4 1
152 5 1
152 15 1
152 18 1
152 21 1
152 22 1
152 29 1
152 30 1
152 31 1
152 35 1
152 36 1
152 39 1
152 40 1
152 41 1
152 45 1
152 46 1
152 47 1
152 48 1
152 49 1
152 50 1
152 52 1
152 53 1
152 54 1
152 56 1
152 61 1
152 68 1
152 75 1
152 76 1
152 80 1
152 85 1
152 91 1
152 97 1
152 98 1
152 102 1
152 111 1
152 113 1
152 114 1
152 118 1
152 119 1
152 121 1
152 127 1
152 129 1
152 130 1
152 131 1
152 132 1
152 134 1
152 139 1
152 142 1
152 143 1
152 144 1
152 147 1
152 151 1
153 4 1
153 5 1
153 7 1
153 18 1
153 21 1
153 31 1
153 32 1
153 35 1
153 36 1
153 46 1
153 47 1
153 48 1
153 52 1
153 54 1
153 56 1
153 62 1
153 63 1
153 68 1
153 80 1
153 85 1
153 98 1
153 99 1
153 102 1
153 105 1
153 106 1
153 108 1
153 111 1
153 119 1
153 120 1
153 121 1
153 127 1
153 130 1
153 131 1
153 134 1
153 139 1
153 143 1
153 151 1
153 152 1
154 21 1
154 22 1
154 33 1
154 34 1
154 35 1
154 44 1
154 45 1
154 46 1
154 49 1
154 56 1
154 69 1
154 80 1
154 87 1
154 98 1
154 100 1
154 101 1
154 113 1
154 120 1
154 121 1
155 4 1
155 5 1
155 6 1
155 21 1
155 22 1
155 25 1
155 30 1
155 31 1
155 33 1
155 34 1
155 35 1
155 37 1
155 44 1
155 45 1
155 46 1
155 47 1
155 48 1
155 49 1
155 52 1
155 53 1
155 54 1
155 56 1
155 62 1
155 64 1
155 65 1
155 66 1
155 79 1
155 80 1
155 85 1
155 87 1
155 97 1
155 98 1
155 100 1
155 101 1
155 102 1
155 103 1
155 104 1
155 111 1
155 113 1
155 114 1
155 118 1
155 119 1
155 120 1
155 121 1
155 127 1
155 130 1
155 131 1
155 134 1
155 139 1
155 142 1
155 143 1
155 147 1
155 151 1
155 152 1
155 153 1
155 154 1
156 4 1
156 5 1
156 6 1
156 21 1
156 30 1
156 31 1
156 32 1
156 33 1
156 35 1
156 45 1
156 46 1
156 47 1
156 48 1
156 53 1
156 54 1
156 56 1
156 62 1
156 63 1
156 64 1
156 65 1
156 66 1
156 79 1
156 80 1
156 85 1
156 97 1
156 98 1
156 99 1
156 100 1
156 102 1
156 103 1
156 104 1
156 111 1
156 119 1
156 120 1
156 121 1
156 127 1
156 130 1
156 139 1
156 151 1
156 152 1
156 153 1
156 155 1
157 10 1
157 82 1
157 107 1
157 123 1
157 141 1
158 7 1
158 10 1
158 17 1
158 82 1
158 83 1
158 107 1
158 123 1
158 124 1
158 141 1
158 157 1
159 7 1
160 0 1
160 12 1
160 18 1
160 21 1
160 22 1
160 25 1
160 27 1
160 30 1
160 33 1
160 34 1
160 35 1
160 36 1
160 40 1
160 41 1
160 42 1
160 44 1
160 45 1
160 46 1
160 47 1
160 49 1
160 50 1
160 52 1
160 54 1
160 56 1
160 69 1
160 70 1
160 80 1
160 85 1
160 87 1
160 92 1
160 93 1
160 97 1
160 101 1
160 109 1
160 113 1
160 114 1
160 118 1
160 119 1
160 121 1
160 127 1
160 131 1
160 134 1
160 135 1
160 142 1
160 143 1
160 145 1
160 147 1
160 148 1
160 149 1
160 151 1
160 152 1
160 154 1
160 155 1
161 0 1
161 15 1
161 18 1
161 19 1
161 22 1
161 23 1
161 27 1
161 33 1
161 36 1
161 40 1
161 41 1
161 42 1
161 44 1
161 45 1
161 46 1
161 49 1
161 50 1
161 52 1
161 54 1
161 56 1
161 68 1
161 69 1
161 70 1
161 76 1
161 85 1
161 87 1
161 92 1
161 101 1
161 109 1
161 113 1
161 114 1
161 118 1
161 119 1
161 121 1
161 127 1
161 128 1
161 131 1
161 132 1
161 134 1
161 135 1
161 142 1
161 143 1
161 144 1
161 147 1
161 148 1
161 151 1
161 152 1
161 155 1
161 160 1
162 0 1
162 1 1
162 15 1
162 18 1
162 19 1
162 23 1
162 36 1
162 40 1
162 41 1
162 42 1
162 49 1
162 50 1
162 52 1
162 54 1
162 56 1
162 61 1
162 70 1
162 76 1
162 85 1
162 92 1
162 94 1
162 109 1
162 113 1
162 118 1
162 127 1
162 128 1
162 131 1
162 132 1
162 134 1
162 135 1
162 142 1
162 143 1
162 144 1
162 147 1
162 148 1
162 152 1
162 160 1
162 161 1
163 0 1
163 1 1
163 2 1
163 11 1
163 12 1
163 19 1
163 23 1
163 24 1
163 27 1
163 28 1
163 41 1
163 42 1
163 57 1
163 58 1
163 59 1
163 60 1
163 88 1
163 89 1
163 92 1
163 93 1
163 94 1
163 109 1
163 128 1
163 135 1
163 148 1
164 1 1
164 2 1
164 11 1
164 19 1
164 24 1
164 27 1
164 57 1
164 58 1
164 59 1
164 60 1
164 88 1
164 89 1
164 148 1
164 163 1
165 0 1
165 1 1
165 4 1
165 15 1
165 18 1
165 19 1
165 29 1
165 30 1
165 37 1
165 38 1
165 39 1
165 40 1
165 41 1
165 47 1
165 50 1
165 52 1
165 53 1
165 54 1
165 56 1
165 61 1
165 75 1
165 76 1
165 85 1
165 91 1
165 96 1
165 97 1
165 111 1
165 113 1
165 114 1
165 118 1
165 119 1
165 127 1
165 129 1
165 130 1
165 132 1
165 134 1
165 139 1
165 142 1
165 143 1
165 144 1
165 147 1
165 151 1
165 152 1
165 153 1
165 155 1
165 161 1
165 162 1
166 4 1
166 15 1
166 19 1
166 22 1
166 25 1
166 26 1
166 27 1
166 29 1
166 30 1
166 33 1
166 35 1
166 37 1
166 38 1
166 39 1
166 40 1
166 41 1
166 46 1
166 47 1
166 48 1
166 50 1
166 52 1
166 53 1
166 54 1
166 56 1
166 70 1
166 75 1
166 76 1
166 79 1
166 80 1
166 87 1
166 91 1
166 97 1
166 102 1
166 103 1
166 111 1
166 113 1
166 114 1
166 118 1
166 119 1
166 121 1
166 127 1
166 129 1
166 132 1
166 139 1
166 142 1
166 143 1
166 145 1
166 146 1
166 147 1
166 151 1
166 152 1
166 155 1
166 156 1
166 160 1
166 161 1
166 165 1
167 4 1
167 15 1
167 18 1
167 21 1
167 25 1
167 29 1
167 30 1
167 31 1
167 35 1
167 37 1
167 38 1
167 39 1
167 40 1
167 46 1
167 47 1
167 48 1
167 50 1
167 52 1
167 53 1
167 54 1
167 56 1
167 61 1
167 75 1
167 76 1
167 79 1
167 80 1
167 85 1
167 91 1
167 97 1
167 102 1
167 104 1
167 111 1
167 113 1
167 114 1
167 118 1
167 119 1
167 121 1
167 127 1
167 129 1
167 130 1
167 132 1
167 134 1
167 139 1
167 142 1
167 143 1
167 147 1
167 151 1
167 152 1
167 153 1
167 155 1
167 156 1
167 160 1
167 161 1
167 165 1
167 166 1
168 4 1
168 5 1
168 15 1
168 18 1
168 21 1
168 29 1
168 31 1
168 46 1
168 47 1
168 48 1
168 50 1
168 52 1
168 53 1
168 54 1
168 56 1
168 68 1
168 75 1
168 76 1
168 80 1
168 85 1
168 102 1
168 104 1
168 111 1
168 118 1
168 119 1
168 127 1
168 129 1
168 130 1
168 132 1
168 134 1
168 139 1
168 143 1
168 151 1
168 152 1
168 153 1
168 155 1
168 156 1
168 165 1
168 166 1
168 167 1
169 4 1
169 5 1
169 6 1
169 16 1
169 21 1
169 31 1
169 32 1
169 35 1
169 47 1
169 48 1
169 62 1
169 63 1
169 64 1
169 65 1
169 66 1
169 80 1
169 98 1
169 99 1
169 102 1
169 103 1
169 104 1
169 105 1
169 111 1
169 120 1
169 130 1
169 139 1
169 156 1
170 0 1
170 4 1
170 5 1
170 15 1
170 18 1
170 21 1
170 22 1
170 36 1
170 41 1
170 44 1
170 45 1
170 46 1
170 47 1
170 49 1
170 50 1
170 52 1
170 54 1
170 56 1
170 68 1
170 76 1
170 85 1
170 87 1
170 101 1
170 108 1
170 109 1
170 113 1
170 118 1
170 119 1
170 121 1
170 127 1
170 128 1
170 131 1
170 132 1
170 134 1
170 135 1
170 142 1
170 143 1
170 144 1
170 147 1
170 151 1
170 152 1
170 153 1
170 155 1
170 160 1
170 161 1
170 162 1
170 165 1
170 167 1
170 168 1
171 0 1
171 1 1
171 2 1
171 3 1
171 11 1
171 12 1
171 19 1
171 23 1
171 24 1
171 27 1
171 38 1
171 40 1
171 41 1
171 42 1
171 50 1
171 52 1
171 57 1
171 58 1
171 59 1
171 60 1
171 61 1
171 70 1
171 76 1
171 88 1
171 89 1
171 92 1
171 94 1
171 96 1
171 109 1
171 113 1
171 114 1
171 118 1
171 128 1
171 132 1
171 135 1
171 137 1
171 142 1
171 143 1
171 144 1
171 147 1
171 148 1
171 161 1
171 162 1
171 163 1
171 164 1
172 0 1
172 1 1
172 15 1
172 19 1
172 26 1
172 27 1
172 29 1
172 37 1
172 38 1
172 39 1
172 40 1
172 41 1
172 52 1
172 57 1
172 61 1
172 75 1
172 76 1
172 88 1
172 91 1
172 96 1
172 114 1
172 118 1
172 129 1
172 132 1
172 144 1
172 146 1
172 165 1
172 166 1
172 171 1
173 2 1
173 11 1
173 12 1
173 19 1
173 24 1
173 27 1
173 28 1
173 40 1
173 41 1
173 42 1
173 57 1
173 58 1
173 59 1
173 60 1
173 70 1
173 88 1
173 89 1
173 90 1
173 92 1
173 93 1
173 109 1
173 145 1
173 147 1
173 148 1
173 149 1
173 163 1
173 164 1
174 4 1
174 5 1
174 6 1
174 7 1
174 16 1
174 21 1
174 31 1
174 32 1
174 35 1
174 46 1
174 47 1
174 48 1
174 54 1
174 56 1
174 62 1
174 63 1
174 64 1
174 65 1
174 66 1
174 68 1
174 80 1
174 85 1
174 98 1
174 99 1
174 102 1
174 104 1
174 105 1
174 106 1
174 108 1
174 111 1
174 119 1
174 120 1
174 121 1
174 127 1
174 130 1
174 134 1
174 139 1
174 151 1
174 152 1
174 153 1
174 155 1
174 156 1
174 167 1
174 168 1
174 169 1
175 4 1
175 5 1
175 18 1
175 21 1
175 34 1
175 35 1
175 36 1
175 44 1
175 45 1
175 46 1
175 47 1
175 56 1
175 62 1
175 68 1
175 85 1
175 98 1
175 101 1
175 106 1
175 108 1
175 120 1
175 121 1
175 127 1
175 131 1
175 134 1
175 153 1
175 154 1
175 160 1
175 170 1
175 174 1
176 0 1
176 1 1
176 3 1
176 15 1
176 18 1
176 19 1
176 23 1
176 36 1
176 40 1
176 41 1
176 42 1
176 50 1
176 52 1
176 56 1
176 61 1
176 76 1
176 88 1
176 92 1
176 94 1
176 96 1
176 109 1
176 113 1
176 118 1
176 128 1
176 131 1
176 132 1
176 135 1
176 137 1
176 142 1
176 143 1
176 144 1
176 147 1
176 148 1
176 152 1
176 161 1
176 162 1
176 165 1
176 170 1
176 171 1
177 0 1
177 2 1
177 12 1
177 24 1
177 27 1
177 28 1
177 41 1
177 42 1
177 49 1
177 58 1
177 59 1
177 60 1
177 70 1
177 87 1
177 88 1
177 89 1
177 92 1
177 93 1
177 109 1
177 115 1
177 128 1
177 135 1
177 147 1
177 148 1
177 149 1
177 163 1
177 164 1
177 171 1
177 173 1
178 4 1
178 5 1
178 7 1
178 15 1
178 18 1
178 21 1
178 29 1
178 31 1
178 46 1
178 47 1
178 48 1
178 52 1
178 54 1
178 56 1
178 68 1
178 75 1
178 85 1
178 98 1
178 102 1
178 104 1
178 105 1
178 106 1
178 108 1
178 111 1
178 119 1
178 127 1
178 129 1
178 130 1
178 134 1
178 139 1
178 143 1
178 151 1
178 152 1
178 153 1
178 155 1
178 156 1
178 165 1
178 167 1
178 168 1
178 170 1
178 174 1
179 4 1
179 6 1
179 32 1
179 35 1
179 47 1
179 48 1
179 53 1
179 63 1
179 64 1
179 65 1
179 66 1
179 80 1
179 97 1
179 98 1
179 99 1
179 102 1
179 103 1
179 104 1
179 111 1
179 122 1
179 130 1
179 139 1
179 155 1
179 156 1
179 169 1
179 174 1
180 0 1
180 1 1
180 15 1
180 19 1
180 25 1
180 26 1
180 27 1
180 29 1
180 30 1
180 37 1
180 38 1
180 39 1
180 40 1
180 41 1
180 52 1
180 53 1
180 54 1
180 70 1
180 75 1
180 76 1
180 79 1
180 88 1
180 90 1
180 91 1
180 97 1
180 111 1
180 113 1
180 114 1
180 118 1
180 119 1
180 129 1
180 132 1
180 139 1
180 142 1
180 143 1
180 144 1
180 145 1
180 146 1
180 147 1
180 151 1
180 152 1
180 155 1
180 165 1
180 166 1
180 167 1
180 172 1
181 13 1
181 42 1
181 72 1
181 92 1
181 115 1
181 128 1
181 135 1
181 162 1
181 176 1
181 177 1
182 4 1
182 5 1
182 16 1
182 21 1
182 32 1
182 35 1
182 45 1
182 46 1
182 62 1
182 63 1
182 64 1
182 98 1
182 101 1
182 106 1
182 108 1
182 120 1
182 153 1
182 154 1
182 174 1
182 175 1
183 4 1
183 5 1
183 18 1
183 21 1
183 22 1
183 33 1
183 34 1
183 35 1
183 36 1
183 44 1
183 45 1
183 46 1
183 47 1
183 49 1
183 50 1
183 56 1
183 69 1
183 80 1
183 85 1
183 87 1
183 98 1
183 100 1
183 101 1
183 109 1
183 113 1
183 119 1
183 120 1
183 121 1
183 127 1
183 131 1
183 134 1
183 135 1
183 142 1
183 143 1
183 147 1
183 151 1
183 152 1
183 153 1
183 154 1
183 155 1
183 160 1
183 161 1
183 170 1
183 175 1
