# minsup
1
# graph
G_./5ix2.pdb
# node ID, label
0 A
1 A
2 A
3 A
4 A
5 A
6 A
7 A
8 A
9 A
10 A
11 A
12 A
13 C
14 C
15 C
16 C
17 D
18 D
19 D
20 D
21 D
22 D
23 D
24 D
25 D
26 D
27 E
28 E
29 E
30 E
31 E
32 E
33 E
34 F
35 F
36 F
37 F
38 F
39 F
40 F
41 G
42 G
43 G
44 G
45 G
46 G
47 G
48 G
49 G
50 G
51 G
52 H
53 H
54 H
55 H
56 H
57 H
58 H
59 H
60 H
61 H
62 I
63 I
64 I
65 I
66 I
67 I
68 I
69 I
70 I
71 K
72 K
73 K
74 K
75 K
76 K
77 K
78 K
79 K
80 K
81 K
82 K
83 K
84 K
85 K
86 K
87 K
88 K
89 K
90 K
91 K
92 K
93 K
94 K
95 K
96 K
97 L
98 L
99 L
100 L
101 L
102 L
103 L
104 L
105 L
106 L
107 L
108 L
109 L
110 L
111 L
112 L
113 L
114 L
115 M
116 M
117 M
118 M
119 M
120 M
121 N
122 N
123 N
124 N
125 N
126 N
127 N
128 N
129 N
130 N
131 N
132 N
133 N
134 N
135 N
136 N
137 N
138 N
139 N
140 P
141 P
142 P
143 P
144 P
145 P
146 P
147 Q
148 Q
149 Q
150 Q
151 Q
152 Q
153 Q
154 Q
155 R
156 R
157 R
158 R
159 R
160 R
161 R
162 R
163 R
164 R
165 S
166 S
167 S
168 S
169 S
170 S
171 S
172 S
173 S
174 S
175 S
176 S
177 S
178 S
179 S
180 S
181 S
182 T
183 T
184 T
185 T
186 T
187 T
188 T
189 T
190 V
191 V
192 V
193 V
194 V
195 V
196 V
197 V
198 W
199 W
200 W
201 Y
202 Y
203 Y
204 Y
205 Y
# node ID1, node ID2, number of bounds
1 0 1
2 0 1
3 1 1
5 4 1
7 6 1
13 0 1
13 1 1
13 3 1
14 4 1
15 9 1
16 10 1
18 4 1
18 14 1
19 0 1
19 1 1
20 11 1
22 6 1
22 7 1
23 9 1
23 10 1
23 15 1
24 6 1
24 7 1
24 19 1
25 0 1
25 24 1
27 0 1
27 1 1
27 2 1
27 13 1
27 19 1
28 4 1
28 5 1
29 11 1
29 20 1
30 21 1
31 6 1
31 7 1
31 22 1
31 24 1
32 9 1
32 16 1
33 12 1
34 0 1
34 1 1
34 3 1
34 13 1
34 19 1
34 25 1
34 27 1
35 0 1
35 1 1
35 2 1
35 27 1
35 34 1
36 4 1
36 5 1
36 14 1
36 18 1
36 28 1
37 35 1
38 6 1
38 7 1
38 22 1
38 24 1
38 31 1
39 6 1
39 7 1
39 22 1
39 31 1
39 37 1
39 38 1
40 9 1
40 15 1
40 23 1
40 32 1
41 27 1
41 35 1
41 37 1
42 0 1
42 1 1
42 27 1
42 35 1
42 37 1
42 41 1
43 0 1
43 1 1
43 2 1
43 19 1
43 27 1
43 34 1
43 35 1
43 37 1
43 41 1
43 42 1
44 0 1
44 1 1
44 2 1
44 25 1
44 27 1
44 34 1
44 35 1
44 41 1
44 42 1
44 43 1
45 0 1
45 1 1
45 2 1
45 27 1
45 34 1
45 35 1
45 43 1
45 44 1
46 14 1
46 18 1
46 28 1
46 36 1
47 31 1
47 37 1
47 39 1
48 6 1
48 7 1
48 22 1
48 31 1
48 39 1
48 47 1
49 6 1
49 7 1
49 22 1
49 24 1
49 31 1
49 37 1
49 38 1
49 39 1
49 47 1
49 48 1
50 6 1
50 7 1
50 22 1
50 31 1
50 37 1
50 38 1
50 39 1
50 47 1
50 48 1
50 49 1
51 9 1
51 10 1
51 15 1
51 16 1
51 23 1
51 32 1
51 40 1
52 0 1
52 2 1
52 25 1
52 35 1
52 43 1
52 44 1
52 45 1
52 47 1
52 48 1
52 49 1
53 0 1
53 1 1
53 19 1
53 24 1
53 25 1
53 27 1
53 34 1
53 35 1
53 43 1
53 44 1
53 45 1
53 52 1
55 3 1
55 4 1
55 14 1
55 18 1
55 36 1
55 46 1
56 0 1
56 1 1
56 6 1
56 19 1
56 24 1
56 25 1
56 27 1
56 34 1
56 35 1
56 37 1
56 41 1
56 42 1
56 43 1
56 44 1
56 49 1
56 50 1
56 52 1
56 53 1
57 6 1
57 37 1
57 39 1
57 41 1
57 42 1
57 43 1
57 49 1
57 50 1
57 56 1
58 6 1
58 7 1
58 19 1
58 24 1
58 31 1
58 37 1
58 38 1
58 39 1
58 49 1
58 50 1
58 53 1
58 56 1
58 57 1
60 9 1
60 15 1
60 23 1
60 40 1
60 51 1
61 0 1
61 6 1
61 7 1
61 19 1
61 22 1
61 24 1
61 25 1
61 31 1
61 38 1
61 39 1
61 43 1
61 44 1
61 47 1
61 48 1
61 49 1
61 50 1
61 52 1
61 53 1
61 56 1
61 57 1
61 58 1
62 0 1
62 1 1
62 3 1
62 13 1
62 27 1
62 34 1
62 35 1
62 42 1
62 43 1
62 44 1
63 0 1
63 2 1
63 27 1
63 35 1
63 44 1
63 45 1
63 62 1
64 0 1
64 1 1
64 2 1
64 27 1
64 34 1
64 35 1
64 43 1
64 44 1
64 45 1
64 52 1
64 62 1
64 63 1
65 0 1
65 1 1
65 3 1
65 13 1
65 19 1
65 27 1
65 34 1
65 43 1
65 53 1
65 56 1
65 62 1
66 6 1
66 7 1
66 22 1
66 31 1
66 38 1
66 39 1
66 48 1
66 49 1
66 50 1
66 58 1
67 6 1
67 7 1
67 22 1
67 31 1
67 39 1
67 49 1
67 50 1
67 66 1
68 6 1
68 7 1
68 31 1
68 38 1
68 39 1
68 49 1
68 50 1
68 57 1
68 66 1
68 67 1
69 23 1
69 60 1
70 6 1
70 7 1
70 22 1
70 24 1
70 25 1
70 31 1
70 38 1
70 49 1
70 58 1
70 61 1
70 66 1
71 0 1
71 1 1
71 2 1
71 27 1
71 34 1
71 35 1
71 37 1
71 41 1
71 42 1
71 43 1
71 44 1
71 45 1
71 47 1
71 52 1
71 53 1
71 56 1
71 61 1
71 62 1
71 63 1
71 64 1
72 54 1
73 17 1
74 4 1
74 14 1
74 36 1
76 4 1
76 14 1
76 18 1
76 36 1
76 46 1
76 55 1
76 74 1
77 0 1
77 1 1
77 13 1
77 19 1
77 27 1
77 34 1
77 35 1
77 42 1
77 43 1
77 44 1
77 53 1
77 56 1
77 57 1
77 58 1
77 61 1
77 62 1
77 65 1
77 71 1
78 4 1
78 5 1
78 14 1
78 28 1
78 36 1
78 46 1
78 76 1
79 4 1
79 5 1
79 14 1
79 28 1
79 36 1
79 46 1
79 78 1
80 4 1
80 5 1
80 14 1
80 28 1
80 36 1
80 46 1
80 76 1
80 78 1
80 79 1
81 3 1
81 21 1
82 11 1
82 20 1
82 29 1
83 6 1
83 7 1
83 22 1
83 31 1
83 37 1
83 38 1
83 39 1
83 41 1
83 47 1
83 48 1
83 49 1
83 50 1
83 56 1
83 57 1
83 58 1
83 61 1
83 66 1
83 67 1
83 68 1
84 59 1
85 8 1
85 75 1
86 9 1
86 15 1
86 40 1
87 9 1
87 15 1
87 23 1
87 40 1
87 51 1
87 60 1
87 69 1
87 86 1
88 10 1
88 16 1
88 51 1
89 6 1
89 7 1
89 22 1
89 24 1
89 25 1
89 31 1
89 38 1
89 39 1
89 48 1
89 49 1
89 50 1
89 52 1
89 53 1
89 56 1
89 58 1
89 61 1
89 66 1
89 70 1
89 83 1
90 9 1
90 15 1
90 16 1
90 32 1
90 40 1
90 51 1
90 87 1
91 9 1
91 15 1
91 32 1
91 40 1
91 51 1
91 90 1
92 9 1
92 15 1
92 32 1
92 40 1
92 51 1
92 87 1
92 90 1
92 91 1
93 26 1
94 12 1
94 33 1
95 21 1
95 30 1
95 81 1
96 26 1
96 93 1
97 0 1
97 2 1
97 35 1
97 37 1
97 41 1
97 42 1
97 43 1
97 44 1
97 45 1
97 47 1
97 48 1
97 49 1
97 52 1
97 53 1
97 56 1
97 61 1
97 64 1
97 71 1
97 83 1
98 0 1
98 1 1
98 2 1
98 13 1
98 27 1
98 34 1
98 35 1
98 42 1
98 43 1
98 44 1
98 45 1
98 53 1
98 56 1
98 62 1
98 63 1
98 64 1
98 65 1
98 71 1
98 77 1
99 0 1
99 1 1
99 2 1
99 25 1
99 27 1
99 34 1
99 35 1
99 43 1
99 44 1
99 45 1
99 52 1
99 53 1
99 62 1
99 63 1
99 64 1
99 71 1
99 97 1
99 98 1
100 54 1
101 0 1
101 1 1
101 3 1
101 13 1
101 27 1
101 34 1
101 62 1
101 65 1
101 98 1
101 99 1
102 0 1
102 1 1
102 3 1
102 13 1
102 19 1
102 27 1
102 34 1
102 62 1
102 65 1
102 77 1
102 98 1
102 101 1
103 3 1
103 4 1
103 13 1
103 14 1
103 36 1
103 74 1
103 102 1
104 4 1
104 14 1
104 18 1
104 36 1
104 55 1
104 74 1
104 76 1
104 78 1
104 79 1
104 80 1
104 103 1
105 11 1
105 20 1
105 29 1
105 82 1
106 35 1
106 37 1
106 41 1
106 42 1
106 43 1
106 47 1
106 57 1
106 71 1
106 83 1
106 97 1
107 6 1
107 37 1
107 39 1
107 41 1
107 42 1
107 43 1
107 47 1
107 48 1
107 49 1
107 50 1
107 56 1
107 57 1
107 58 1
107 61 1
107 68 1
107 83 1
107 106 1
108 6 1
108 7 1
108 22 1
108 31 1
108 38 1
108 39 1
108 48 1
108 49 1
108 50 1
108 58 1
108 61 1
108 66 1
108 67 1
108 68 1
108 70 1
108 83 1
108 89 1
109 7 1
109 22 1
109 31 1
109 39 1
109 47 1
109 48 1
109 49 1
109 50 1
109 52 1
109 61 1
109 66 1
109 70 1
109 83 1
109 89 1
109 97 1
109 108 1
110 6 1
110 7 1
110 8 1
110 31 1
110 37 1
110 38 1
110 39 1
110 49 1
110 50 1
110 57 1
110 58 1
110 66 1
110 67 1
110 68 1
110 83 1
110 107 1
110 108 1
111 6 1
111 7 1
111 22 1
111 24 1
111 31 1
111 38 1
111 66 1
111 70 1
111 89 1
111 108 1
112 9 1
112 15 1
112 40 1
112 86 1
112 111 1
113 6 1
113 7 1
113 22 1
113 24 1
113 25 1
113 31 1
113 38 1
113 61 1
113 66 1
113 70 1
113 89 1
113 108 1
113 111 1
113 112 1
114 12 1
114 33 1
114 94 1
115 0 1
115 1 1
115 2 1
115 25 1
115 27 1
115 34 1
115 35 1
115 42 1
115 43 1
115 44 1
115 45 1
115 47 1
115 52 1
115 53 1
115 56 1
115 61 1
115 62 1
115 63 1
115 64 1
115 71 1
115 97 1
115 98 1
115 99 1
116 10 1
116 18 1
116 28 1
116 36 1
116 46 1
116 55 1
116 76 1
116 78 1
116 80 1
117 4 1
117 5 1
117 14 1
117 28 1
117 36 1
117 46 1
117 78 1
117 79 1
117 80 1
117 104 1
117 116 1
118 6 1
118 7 1
118 31 1
118 37 1
118 38 1
118 39 1
118 41 1
118 48 1
118 49 1
118 50 1
118 56 1
118 57 1
118 58 1
118 61 1
118 66 1
118 67 1
118 68 1
118 83 1
118 106 1
118 107 1
118 108 1
118 110 1
119 10 1
119 16 1
119 23 1
119 32 1
119 40 1
119 51 1
119 60 1
119 87 1
119 88 1
119 90 1
119 92 1
120 9 1
120 15 1
120 16 1
120 32 1
120 40 1
120 51 1
120 90 1
120 91 1
120 92 1
120 119 1
121 0 1
121 2 1
121 25 1
121 27 1
121 35 1
121 37 1
121 39 1
121 41 1
121 42 1
121 43 1
121 44 1
121 45 1
121 47 1
121 48 1
121 49 1
121 50 1
121 52 1
121 53 1
121 56 1
121 57 1
121 58 1
121 61 1
121 71 1
121 77 1
121 83 1
121 89 1
121 97 1
121 98 1
121 99 1
121 106 1
121 107 1
121 109 1
121 115 1
122 0 1
122 1 1
122 27 1
122 35 1
122 37 1
122 41 1
122 42 1
122 43 1
122 44 1
122 52 1
122 53 1
122 56 1
122 57 1
122 61 1
122 62 1
122 71 1
122 77 1
122 97 1
122 98 1
122 99 1
122 106 1
122 107 1
122 115 1
122 121 1
123 54 1
123 72 1
123 100 1
124 17 1
124 45 1
124 73 1
125 4 1
125 14 1
125 18 1
125 36 1
125 46 1
125 55 1
125 74 1
125 76 1
125 78 1
125 79 1
125 80 1
125 103 1
125 104 1
125 117 1
126 3 1
126 4 1
126 14 1
126 18 1
126 36 1
126 55 1
126 74 1
126 76 1
126 104 1
126 125 1
127 10 1
127 18 1
127 46 1
127 55 1
127 76 1
127 78 1
127 88 1
127 116 1
128 0 1
128 1 1
128 19 1
128 24 1
128 25 1
128 27 1
128 34 1
128 35 1
128 37 1
128 41 1
128 42 1
128 43 1
128 44 1
128 52 1
128 53 1
128 56 1
128 57 1
128 58 1
128 61 1
128 62 1
128 65 1
128 71 1
128 77 1
128 89 1
128 97 1
128 98 1
128 99 1
128 102 1
128 115 1
128 121 1
128 122 1
129 5 1
129 28 1
129 36 1
129 46 1
129 78 1
129 79 1
129 80 1
129 116 1
129 117 1
129 127 1
130 4 1
130 5 1
130 14 1
130 28 1
130 36 1
130 46 1
130 76 1
130 78 1
130 79 1
130 80 1
130 116 1
130 117 1
130 125 1
130 127 1
130 129 1
131 6 1
131 31 1
131 35 1
131 37 1
131 39 1
131 41 1
131 42 1
131 43 1
131 44 1
131 47 1
131 48 1
131 49 1
131 50 1
131 52 1
131 53 1
131 56 1
131 57 1
131 58 1
131 61 1
131 71 1
131 77 1
131 83 1
131 89 1
131 97 1
131 106 1
131 107 1
131 108 1
131 110 1
131 118 1
131 121 1
131 122 1
131 128 1
132 6 1
132 7 1
132 22 1
132 31 1
132 37 1
132 39 1
132 47 1
132 48 1
132 49 1
132 50 1
132 52 1
132 56 1
132 57 1
132 58 1
132 61 1
132 66 1
132 83 1
132 89 1
132 97 1
132 106 1
132 107 1
132 108 1
132 109 1
132 110 1
132 118 1
132 121 1
132 122 1
132 131 1
133 8 1
133 85 1
134 9 1
134 15 1
134 23 1
134 40 1
134 51 1
134 60 1
134 86 1
134 87 1
134 90 1
134 91 1
134 92 1
134 112 1
134 119 1
134 120 1
135 9 1
135 15 1
135 23 1
135 40 1
135 51 1
135 60 1
135 69 1
135 86 1
135 87 1
135 112 1
135 134 1
136 10 1
136 16 1
136 23 1
136 51 1
136 60 1
136 69 1
136 87 1
136 88 1
136 119 1
136 127 1
137 10 1
137 16 1
137 23 1
137 51 1
137 60 1
137 87 1
137 88 1
137 90 1
137 119 1
137 127 1
137 136 1
138 6 1
138 7 1
138 19 1
138 22 1
138 24 1
138 25 1
138 31 1
138 38 1
138 39 1
138 47 1
138 48 1
138 49 1
138 50 1
138 52 1
138 53 1
138 56 1
138 57 1
138 58 1
138 61 1
138 66 1
138 70 1
138 77 1
138 83 1
138 89 1
138 107 1
138 108 1
138 109 1
138 110 1
138 111 1
138 113 1
138 118 1
138 121 1
138 128 1
138 131 1
138 132 1
139 10 1
139 16 1
139 32 1
139 40 1
139 51 1
139 88 1
139 90 1
139 91 1
139 92 1
139 119 1
139 120 1
139 137 1
140 0 1
140 1 1
140 3 1
140 13 1
140 19 1
140 25 1
140 27 1
140 34 1
140 35 1
140 43 1
140 44 1
140 45 1
140 52 1
140 53 1
140 56 1
140 61 1
140 62 1
140 64 1
140 65 1
140 71 1
140 77 1
140 98 1
140 99 1
140 101 1
140 102 1
140 115 1
140 121 1
140 128 1
141 0 1
141 1 1
141 19 1
141 27 1
141 37 1
141 42 1
141 43 1
141 53 1
141 56 1
141 57 1
141 58 1
141 65 1
141 77 1
141 122 1
141 128 1
141 131 1
142 11 1
142 20 1
142 29 1
142 82 1
142 105 1
143 6 1
143 7 1
143 22 1
143 24 1
143 31 1
143 38 1
143 39 1
143 49 1
143 50 1
143 56 1
143 57 1
143 58 1
143 61 1
143 66 1
143 68 1
143 70 1
143 83 1
143 89 1
143 108 1
143 110 1
143 111 1
143 118 1
143 131 1
143 138 1
144 6 1
144 7 1
144 22 1
144 24 1
144 25 1
144 31 1
144 48 1
144 49 1
144 52 1
144 53 1
144 58 1
144 61 1
144 70 1
144 89 1
144 109 1
144 111 1
144 113 1
144 121 1
144 132 1
144 138 1
145 12 1
145 33 1
145 94 1
145 114 1
146 26 1
146 96 1
147 54 1
147 72 1
147 100 1
147 123 1
148 0 1
148 1 1
148 13 1
148 19 1
148 24 1
148 25 1
148 27 1
148 34 1
148 43 1
148 44 1
148 53 1
148 56 1
148 58 1
148 61 1
148 62 1
148 65 1
148 77 1
148 98 1
148 102 1
148 122 1
148 128 1
148 138 1
148 140 1
148 141 1
149 11 1
149 20 1
149 29 1
149 82 1
149 105 1
149 142 1
150 59 1
150 84 1
151 10 1
151 23 1
151 60 1
151 69 1
151 87 1
151 135 1
151 136 1
151 137 1
152 9 1
152 15 1
152 40 1
152 60 1
152 86 1
152 93 1
152 111 1
152 112 1
152 113 1
152 134 1
152 135 1
153 6 1
153 7 1
153 19 1
153 22 1
153 24 1
153 25 1
153 31 1
153 38 1
153 49 1
153 50 1
153 53 1
153 56 1
153 58 1
153 61 1
153 66 1
153 70 1
153 89 1
153 108 1
153 109 1
153 111 1
153 113 1
153 128 1
153 132 1
153 138 1
153 143 1
153 144 1
154 12 1
154 33 1
154 94 1
154 114 1
154 145 1
155 0 1
155 1 1
155 2 1
155 25 1
155 27 1
155 34 1
155 35 1
155 43 1
155 44 1
155 45 1
155 52 1
155 53 1
155 56 1
155 61 1
155 62 1
155 63 1
155 64 1
155 71 1
155 77 1
155 97 1
155 98 1
155 99 1
155 115 1
155 121 1
155 122 1
155 128 1
155 140 1
155 144 1
155 148 1
156 54 1
156 72 1
156 100 1
156 123 1
156 147 1
157 75 1
158 3 1
158 4 1
158 14 1
158 18 1
158 36 1
158 55 1
158 74 1
158 76 1
158 80 1
158 103 1
158 104 1
158 125 1
158 126 1
159 6 1
159 7 1
159 31 1
159 37 1
159 38 1
159 39 1
159 49 1
159 50 1
159 56 1
159 57 1
159 58 1
159 61 1
159 66 1
159 67 1
159 68 1
159 83 1
159 89 1
159 107 1
159 108 1
159 110 1
159 118 1
159 131 1
159 132 1
159 138 1
159 141 1
159 143 1
159 153 1
160 59 1
160 84 1
160 150 1
161 9 1
161 15 1
161 23 1
161 40 1
161 60 1
161 69 1
161 86 1
161 87 1
161 112 1
161 134 1
161 135 1
161 152 1
162 26 1
162 93 1
162 96 1
162 152 1
163 11 1
163 20 1
163 29 1
163 82 1
163 105 1
163 142 1
163 149 1
164 12 1
164 33 1
164 94 1
164 114 1
164 145 1
164 154 1
165 0 1
165 1 1
165 2 1
165 24 1
165 25 1
165 27 1
165 34 1
165 35 1
165 37 1
165 41 1
165 42 1
165 43 1
165 44 1
165 45 1
165 47 1
165 48 1
165 49 1
165 52 1
165 53 1
165 56 1
165 58 1
165 61 1
165 64 1
165 71 1
165 77 1
165 89 1
165 97 1
165 98 1
165 99 1
165 109 1
165 115 1
165 121 1
165 122 1
165 128 1
165 131 1
165 132 1
165 138 1
165 140 1
165 144 1
165 148 1
165 155 1
166 0 1
166 1 1
166 6 1
166 19 1
166 24 1
166 25 1
166 27 1
166 34 1
166 35 1
166 43 1
166 44 1
166 45 1
166 48 1
166 49 1
166 50 1
166 52 1
166 53 1
166 56 1
166 58 1
166 61 1
166 65 1
166 70 1
166 71 1
166 77 1
166 89 1
166 97 1
166 98 1
166 99 1
166 115 1
166 121 1
166 122 1
166 128 1
166 131 1
166 132 1
166 138 1
166 140 1
166 141 1
166 144 1
166 148 1
166 153 1
166 155 1
166 165 1
167 0 1
167 1 1
167 3 1
167 13 1
167 19 1
167 25 1
167 27 1
167 34 1
167 35 1
167 43 1
167 44 1
167 45 1
167 53 1
167 56 1
167 61 1
167 62 1
167 65 1
167 71 1
167 77 1
167 98 1
167 99 1
167 101 1
167 102 1
167 115 1
167 121 1
167 122 1
167 128 1
167 140 1
167 141 1
167 148 1
167 155 1
167 165 1
167 166 1
168 0 1
168 1 1
168 2 1
168 25 1
168 27 1
168 34 1
168 35 1
168 37 1
168 41 1
168 42 1
168 43 1
168 44 1
168 45 1
168 47 1
168 52 1
168 53 1
168 56 1
168 61 1
168 62 1
168 63 1
168 64 1
168 71 1
168 77 1
168 97 1
168 98 1
168 99 1
168 106 1
168 107 1
168 115 1
168 121 1
168 122 1
168 128 1
168 131 1
168 132 1
168 138 1
168 140 1
168 141 1
168 148 1
168 155 1
168 165 1
168 166 1
168 167 1
169 0 1
169 1 1
169 2 1
169 27 1
169 34 1
169 35 1
169 42 1
169 43 1
169 44 1
169 45 1
169 52 1
169 53 1
169 56 1
169 62 1
169 63 1
169 64 1
169 71 1
169 77 1
169 97 1
169 98 1
169 99 1
169 115 1
169 121 1
169 122 1
169 128 1
169 140 1
169 155 1
169 165 1
169 166 1
169 167 1
169 168 1
170 4 1
170 14 1
170 36 1
170 74 1
170 103 1
170 104 1
170 125 1
170 158 1
171 3 1
171 4 1
171 14 1
171 18 1
171 36 1
171 55 1
171 74 1
171 76 1
171 102 1
171 103 1
171 104 1
171 125 1
171 126 1
171 158 1
171 170 1
172 6 1
172 7 1
172 19 1
172 31 1
172 37 1
172 38 1
172 39 1
172 41 1
172 42 1
172 43 1
172 47 1
172 48 1
172 49 1
172 50 1
172 53 1
172 56 1
172 57 1
172 58 1
172 61 1
172 68 1
172 77 1
172 83 1
172 89 1
172 106 1
172 107 1
172 108 1
172 110 1
172 118 1
172 121 1
172 122 1
172 128 1
172 131 1
172 132 1
172 138 1
172 141 1
172 143 1
172 153 1
172 159 1
172 165 1
172 166 1
172 168 1
173 0 1
173 6 1
173 7 1
173 19 1
173 24 1
173 25 1
173 31 1
173 37 1
173 38 1
173 39 1
173 42 1
173 43 1
173 44 1
173 48 1
173 49 1
173 50 1
173 52 1
173 53 1
173 56 1
173 57 1
173 58 1
173 61 1
173 65 1
173 70 1
173 77 1
173 83 1
173 89 1
173 107 1
173 108 1
173 110 1
173 118 1
173 121 1
173 122 1
173 128 1
173 131 1
173 132 1
173 138 1
173 141 1
173 143 1
173 144 1
173 148 1
173 153 1
173 159 1
173 165 1
173 166 1
173 167 1
173 168 1
173 172 1
174 6 1
174 7 1
174 22 1
174 24 1
174 31 1
174 38 1
174 39 1
174 49 1
174 50 1
174 56 1
174 58 1
174 61 1
174 66 1
174 70 1
174 83 1
174 89 1
174 108 1
174 110 1
174 111 1
174 113 1
174 118 1
174 131 1
174 132 1
174 138 1
174 143 1
174 144 1
174 153 1
174 159 1
174 166 1
174 172 1
174 173 1
175 37 1
175 39 1
175 41 1
175 47 1
175 48 1
175 49 1
175 50 1
175 57 1
175 83 1
175 97 1
175 106 1
175 107 1
175 109 1
175 118 1
175 121 1
175 131 1
175 132 1
175 172 1
176 6 1
176 7 1
176 22 1
176 31 1
176 37 1
176 38 1
176 39 1
176 41 1
176 47 1
176 48 1
176 49 1
176 50 1
176 52 1
176 56 1
176 57 1
176 58 1
176 61 1
176 66 1
176 67 1
176 68 1
176 83 1
176 89 1
176 97 1
176 106 1
176 107 1
176 108 1
176 109 1
176 110 1
176 118 1
176 121 1
176 122 1
176 128 1
176 131 1
176 132 1
176 138 1
176 143 1
176 144 1
176 153 1
176 159 1
176 165 1
176 166 1
176 168 1
176 172 1
176 173 1
176 174 1
176 175 1
177 6 1
177 7 1
177 22 1
177 31 1
177 37 1
177 38 1
177 39 1
177 48 1
177 49 1
177 50 1
177 57 1
177 58 1
177 61 1
177 66 1
177 67 1
177 68 1
177 83 1
177 89 1
177 107 1
177 108 1
177 110 1
177 118 1
177 131 1
177 132 1
177 138 1
177 143 1
177 159 1
177 172 1
177 173 1
177 174 1
177 175 1
177 176 1
178 9 1
178 15 1
178 40 1
178 86 1
178 112 1
178 134 1
178 135 1
178 152 1
178 161 1
179 9 1
179 15 1
179 23 1
179 40 1
179 60 1
179 86 1
179 87 1
179 111 1
179 112 1
179 134 1
179 135 1
179 152 1
179 161 1
179 178 1
180 3 1
180 21 1
180 30 1
180 81 1
180 95 1
181 26 1
181 93 1
181 96 1
181 162 1
182 0 1
182 24 1
182 25 1
182 31 1
182 35 1
182 37 1
182 39 1
182 43 1
182 44 1
182 45 1
182 47 1
182 48 1
182 49 1
182 50 1
182 52 1
182 53 1
182 56 1
182 58 1
182 61 1
182 71 1
182 83 1
182 89 1
182 97 1
182 99 1
182 106 1
182 107 1
182 109 1
182 115 1
182 121 1
182 122 1
182 128 1
182 131 1
182 132 1
182 138 1
182 140 1
182 144 1
182 153 1
182 155 1
182 165 1
182 166 1
182 168 1
182 169 1
182 172 1
182 173 1
182 175 1
182 176 1
183 0 1
183 19 1
183 24 1
183 25 1
183 27 1
183 34 1
183 35 1
183 43 1
183 44 1
183 45 1
183 47 1
183 48 1
183 49 1
183 52 1
183 53 1
183 56 1
183 58 1
183 61 1
183 70 1
183 71 1
183 77 1
183 89 1
183 97 1
183 99 1
183 109 1
183 115 1
183 121 1
183 122 1
183 128 1
183 131 1
183 132 1
183 138 1
183 140 1
183 144 1
183 148 1
183 153 1
183 155 1
183 165 1
183 166 1
183 167 1
183 168 1
183 169 1
183 172 1
183 173 1
183 176 1
183 182 1
184 0 1
184 1 1
184 19 1
184 24 1
184 25 1
184 27 1
184 34 1
184 43 1
184 44 1
184 45 1
184 52 1
184 53 1
184 56 1
184 58 1
184 61 1
184 65 1
184 71 1
184 77 1
184 89 1
184 99 1
184 115 1
184 121 1
184 128 1
184 138 1
184 140 1
184 144 1
184 148 1
184 153 1
184 155 1
184 165 1
184 166 1
184 167 1
184 168 1
184 169 1
184 173 1
184 182 1
184 183 1
185 75 1
185 157 1
186 6 1
186 19 1
186 27 1
186 35 1
186 37 1
186 39 1
186 41 1
186 42 1
186 43 1
186 44 1
186 47 1
186 49 1
186 50 1
186 53 1
186 56 1
186 57 1
186 58 1
186 61 1
186 71 1
186 77 1
186 83 1
186 97 1
186 106 1
186 107 1
186 110 1
186 118 1
186 121 1
186 122 1
186 128 1
186 131 1
186 132 1
186 138 1
186 141 1
186 148 1
186 159 1
186 165 1
186 166 1
186 168 1
186 172 1
186 173 1
186 175 1
186 176 1
186 177 1
186 182 1
186 183 1
187 6 1
187 19 1
187 24 1
187 31 1
187 37 1
187 38 1
187 39 1
187 41 1
187 42 1
187 43 1
187 49 1
187 50 1
187 53 1
187 56 1
187 57 1
187 58 1
187 61 1
187 65 1
187 77 1
187 83 1
187 89 1
187 107 1
187 110 1
187 118 1
187 121 1
187 122 1
187 128 1
187 131 1
187 132 1
187 138 1
187 141 1
187 143 1
187 148 1
187 153 1
187 159 1
187 165 1
187 166 1
187 168 1
187 172 1
187 173 1
187 174 1
187 176 1
187 177 1
187 182 1
187 183 1
187 184 1
187 186 1
188 6 1
188 7 1
188 19 1
188 24 1
188 31 1
188 38 1
188 49 1
188 50 1
188 53 1
188 56 1
188 57 1
188 58 1
188 61 1
188 70 1
188 77 1
188 89 1
188 110 1
188 118 1
188 128 1
188 131 1
188 138 1
188 141 1
188 143 1
188 148 1
188 153 1
188 159 1
188 166 1
188 172 1
188 173 1
188 174 1
188 176 1
188 177 1
188 183 1
188 186 1
188 187 1
189 0 1
189 6 1
189 7 1
189 19 1
189 22 1
189 24 1
189 25 1
189 31 1
189 44 1
189 47 1
189 48 1
189 49 1
189 50 1
189 52 1
189 53 1
189 56 1
189 58 1
189 61 1
189 70 1
189 77 1
189 89 1
189 97 1
189 109 1
189 113 1
189 115 1
189 121 1
189 128 1
189 131 1
189 132 1
189 138 1
189 140 1
189 144 1
189 148 1
189 153 1
189 155 1
189 165 1
189 166 1
189 167 1
189 168 1
189 172 1
189 173 1
189 174 1
189 176 1
189 182 1
189 183 1
189 184 1
189 187 1
189 188 1
190 0 1
190 1 1
190 2 1
190 3 1
190 13 1
190 27 1
190 34 1
190 35 1
190 43 1
190 44 1
190 45 1
190 53 1
190 56 1
190 62 1
190 63 1
190 64 1
190 65 1
190 71 1
190 77 1
190 98 1
190 99 1
190 101 1
190 102 1
190 115 1
190 121 1
190 122 1
190 128 1
190 140 1
190 148 1
190 155 1
190 165 1
190 166 1
190 167 1
190 168 1
190 169 1
190 183 1
190 184 1
191 3 1
191 4 1
191 13 1
191 14 1
191 36 1
191 55 1
191 74 1
191 76 1
191 102 1
191 103 1
191 104 1
191 125 1
191 126 1
191 158 1
191 170 1
191 171 1
192 4 1
192 14 1
192 18 1
192 28 1
192 36 1
192 46 1
192 55 1
192 76 1
192 78 1
192 79 1
192 80 1
192 104 1
192 116 1
192 117 1
192 125 1
192 126 1
192 127 1
192 129 1
192 130 1
192 158 1
193 4 1
193 5 1
193 28 1
193 36 1
193 46 1
193 78 1
193 79 1
193 80 1
193 116 1
193 117 1
193 129 1
193 130 1
193 192 1
194 6 1
194 7 1
194 22 1
194 31 1
194 38 1
194 39 1
194 49 1
194 50 1
194 58 1
194 61 1
194 66 1
194 67 1
194 68 1
194 70 1
194 83 1
194 89 1
194 108 1
194 110 1
194 111 1
194 113 1
194 118 1
194 131 1
194 132 1
194 138 1
194 143 1
194 153 1
194 159 1
194 172 1
194 173 1
194 174 1
194 176 1
194 177 1
194 187 1
194 188 1
195 9 1
195 15 1
195 40 1
195 60 1
195 86 1
195 111 1
195 112 1
195 113 1
195 134 1
195 135 1
195 152 1
195 161 1
195 178 1
195 179 1
196 9 1
196 10 1
196 15 1
196 16 1
196 23 1
196 32 1
196 40 1
196 51 1
196 60 1
196 69 1
196 87 1
196 88 1
196 90 1
196 91 1
196 92 1
196 119 1
196 120 1
196 134 1
196 135 1
196 136 1
196 137 1
196 139 1
196 151 1
196 161 1
197 9 1
197 32 1
197 40 1
197 51 1
197 90 1
197 91 1
197 92 1
197 119 1
197 120 1
197 139 1
197 196 1
198 0 1
198 1 1
198 3 1
198 13 1
198 19 1
198 24 1
198 25 1
198 27 1
198 34 1
198 43 1
198 44 1
198 45 1
198 53 1
198 56 1
198 61 1
198 65 1
198 77 1
198 98 1
198 99 1
198 101 1
198 102 1
198 115 1
198 121 1
198 128 1
198 140 1
198 144 1
198 148 1
198 155 1
198 165 1
198 166 1
198 167 1
198 168 1
198 169 1
198 173 1
198 183 1
198 184 1
198 189 1
198 190 1
199 4 1
199 5 1
199 28 1
199 36 1
199 46 1
199 76 1
199 78 1
199 79 1
199 80 1
199 104 1
199 116 1
199 117 1
199 125 1
199 127 1
199 129 1
199 130 1
199 192 1
199 193 1
200 6 1
200 7 1
200 19 1
200 24 1
200 31 1
200 38 1
200 49 1
200 50 1
200 56 1
200 58 1
200 61 1
200 70 1
200 89 1
200 108 1
200 110 1
200 111 1
200 113 1
200 118 1
200 131 1
200 138 1
200 141 1
200 143 1
200 153 1
200 159 1
200 166 1
200 172 1
200 173 1
200 174 1
200 176 1
200 177 1
200 187 1
200 188 1
200 189 1
200 194 1
201 0 1
201 1 1
201 3 1
201 13 1
201 27 1
201 34 1
201 55 1
201 62 1
201 65 1
201 77 1
201 98 1
201 101 1
201 102 1
201 103 1
201 140 1
201 148 1
201 167 1
201 190 1
201 198 1
202 4 1
202 5 1
202 14 1
202 28 1
202 36 1
202 74 1
202 76 1
202 78 1
202 79 1
202 80 1
202 103 1
202 104 1
202 117 1
202 125 1
202 129 1
202 130 1
202 158 1
202 170 1
202 171 1
202 191 1
202 192 1
202 193 1
202 199 1
203 6 1
203 7 1
203 22 1
203 24 1
203 25 1
203 31 1
203 39 1
203 47 1
203 48 1
203 49 1
203 50 1
203 52 1
203 53 1
203 61 1
203 70 1
203 83 1
203 89 1
203 97 1
203 108 1
203 109 1
203 115 1
203 121 1
203 131 1
203 132 1
203 138 1
203 144 1
203 153 1
203 155 1
203 165 1
203 166 1
203 168 1
203 172 1
203 173 1
203 174 1
203 175 1
203 176 1
203 182 1
203 183 1
203 189 1
204 8 1
204 75 1
204 85 1
204 110 1
204 133 1
204 143 1
204 159 1
204 188 1
204 200 1
205 9 1
205 15 1
205 32 1
205 40 1
205 51 1
205 86 1
205 87 1
205 90 1
205 91 1
205 92 1
205 112 1
205 120 1
205 134 1
205 139 1
205 161 1
205 178 1
205 179 1
205 195 1
205 196 1
205 197 1
